0 0.0578125 5.5491808086364435e-18 0.0328125 4.018372309702252e-18 0.0328125 0.03281250000000001 0.0578125 0.03281250000000001
4 0.025000000000000012 0.046875 0.0062500000000000056 0.046875 0.006250000000000007 0.0640625 0.025000000000000012 0.0640625
4 0.02812500000000001 0.0546875 0.007812500000000005 0.0546875 0.007812500000000007 0.071875 0.02812500000000001 0.071875
4 0.02812500000000001 0.065625 0.007812500000000009 0.065625 0.00781250000000001 0.0875 0.02812500000000001 0.0875
4 0.1015625 0.07031250000000001 0.0875 0.0703125 0.08750000000000001 0.09687500000000002 0.1015625 0.09687500000000002
4 0.1125 0.08750000000000002 0.0953125 0.08750000000000002 0.09531250000000001 0.1078125 0.1125 0.1078125
2 0.13125 0.10625 0.10625 0.10625 0.10625 0.1375 0.13125 0.1375
4 0.215625 0.14062500000000006 0.1984375 0.14062500000000006 0.1984375 0.16093750000000004 0.215625 0.16093750000000004
0 0.2125 0.15625000000000006 0.1890625 0.15625000000000006 0.1890625 0.17812500000000003 0.2125 0.17812500000000003
2 0.09375 0.03281250000000001 0.0734375 0.03281250000000001 0.0734375 0.07812500000000001 0.09375 0.07812500000000003
4 0.14062500000000006 0.34375 0.12812500000000004 0.34375 0.12812500000000004 0.3625 0.14062500000000006 0.3625
3 0.25312500000000004 0.3484375 0.2328125 0.3484375 0.23281250000000003 0.3734375 0.2531250000000001 0.3734375
6 0.3609375000000001 0.3921875 0.3359375000000001 0.3921875 0.3359375000000001 0.4296875 0.3609375000000001 0.4296875
0 0.440625 0.20468750000000008 0.4203125 0.20468750000000008 0.4203125 0.2328125000000001 0.440625 0.2328125000000001
4 0.4625 0.30156250000000007 0.45 0.30156250000000007 0.45 0.3281250000000001 0.4625 0.3281250000000001
4 0.50625 0.3046875000000001 0.490625 0.3046875000000001 0.490625 0.3296875000000001 0.50625 0.3296875000000001
0 0.51875 0.13281250000000006 0.4953125 0.13281250000000006 0.4953125 0.16093750000000004 0.51875 0.16093750000000004
4 0.578125 0.2609375000000001 0.5625 0.2609375000000001 0.5625 0.28593750000000007 0.578125 0.28593750000000007
4 0.5734375 0.1843750000000001 0.553125 0.1843750000000001 0.553125 0.20312500000000008 0.5734375 0.20312500000000008
4 0.6125 0.1687500000000001 0.59375 0.1687500000000001 0.59375 0.18750000000000008 0.6125 0.18750000000000008
4 0.565625 0.3156250000000001 0.55 0.3156250000000001 0.55 0.34062500000000007 0.565625 0.34062500000000007
4 0.5765625 0.3140625000000001 0.5625 0.3140625000000001 0.5625 0.3390625000000001 0.5765625 0.3390625000000001
2 0.5515625 0.3578125000000001 0.534375 0.3578125000000001 0.534375 0.4 0.5515625 0.4
4 0.565625 0.4421875 0.553125 0.4421875 0.553125 0.46875 0.565625 0.46875
0 0.5765625 0.5265625 0.559375 0.5265625 0.559375 0.5625 0.5765625 0.5625
4 0.5671875 0.5625 0.5546875 0.5625 0.5546875 0.5921875 0.5671875 0.5921875
4 0.5609375 0.640625 0.546875 0.640625 0.546875 0.6671875 0.5609375 0.6671875
2 0.54375 0.603125 0.5296875 0.603125 0.5296875 0.646875 0.54375 0.646875
2 0.546875 0.48125 0.53125 0.48125 0.53125 0.53125 0.546875 0.53125
4 0.48125 0.453125 0.4671875 0.453125 0.4671875 0.4765625 0.48125 0.4765625
4 0.4 0.3843750000000001 0.3828125000000001 0.3843750000000001 0.3828125000000001 0.4046875 0.4 0.4046875
4 0.4140625 0.40625 0.3984375000000001 0.40625 0.3984375000000001 0.4265625 0.4140625 0.4265625
4 0.4796875 0.4671875 0.46875 0.4671875 0.46875 0.496875 0.4796875 0.496875
4 0.4859375 0.4734375 0.4734375 0.4734375 0.4734375 0.4984375 0.4859375 0.4984375
4 0.4921875 0.478125 0.4796875 0.478125 0.4796875 0.5 0.4921875 0.5
4 0.496875 0.478125 0.4859375 0.478125 0.4859375 0.503125 0.496875 0.503125
4 0.5 0.48125 0.490625 0.48125 0.490625 0.50625 0.5 0.50625
4 0.484375 0.49375 0.4703125 0.49375 0.4703125 0.521875 0.484375 0.521875
4 0.4890625 0.49375 0.478125 0.49375 0.478125 0.51875 0.4890625 0.51875
4 0.5171875 0.51875 0.5046875 0.51875 0.5046875 0.5421875 0.5171875 0.5421875
4 0.5203125 0.496875 0.509375 0.496875 0.509375 0.5265625 0.5203125 0.5265625
4 0.4734375 0.546875 0.459375 0.546875 0.459375 0.578125 0.4734375 0.578125
4 0.4734375 0.5078125 0.4625 0.5078125 0.4625 0.5375 0.4734375 0.5375
4 0.478125 0.51875 0.46875 0.51875 0.46875 0.54375 0.478125 0.54375
4 0.48125 0.521875 0.471875 0.521875 0.471875 0.5484375 0.48125 0.5484375
4 0.4875 0.5140625 0.4765625 0.5140625 0.4765625 0.5390625 0.4875 0.5390625
0 0.5265625000000002 0.853125 0.5140625000000002 0.853125 0.5140625000000002 0.8859375 0.5265625000000002 0.8859375
2 0.5218750000000002 0.8140625 0.5062500000000002 0.8140625 0.5062500000000002 0.8578125 0.5218750000000002 0.8578125
4 0.46093750000000017 0.871875 0.4468750000000002 0.871875 0.4468750000000002 0.903125 0.46093750000000017 0.903125
2 0.47187500000000016 0.921875 0.4515625000000002 0.921875 0.4515625000000002 0.9703125 0.47187500000000016 0.9703125
2 0.4671875000000002 0.9734375 0.4515625000000002 0.9734375 0.4515625000000002 1 0.4671875000000002 1
2 0.4812500000000002 0.83125 0.4671875000000002 0.83125 0.4671875000000002 0.871875 0.4812500000000002 0.871875
2 0.4734375000000002 0.875 0.4578125000000002 0.875 0.4578125000000002 0.9171875 0.4734375000000002 0.9171875
2 0.4734375000000002 0.7640625 0.45625000000000016 0.7640625 0.45625000000000016 0.8046875 0.4734375000000002 0.8046875
2 0.4828125000000002 0.7765625 0.4671875000000002 0.7765625 0.4671875000000002 0.821875 0.4828125000000002 0.821875
4 0.45312500000000017 0.746875 0.43750000000000017 0.746875 0.43750000000000017 0.7765625 0.45312500000000017 0.7765625
2 0.4671875000000001 0.70625 0.45 0.70625 0.45000000000000007 0.746875 0.4671875000000002 0.746875
2 0.4781250000000001 0.71875 0.459375 0.71875 0.4593750000000001 0.7671875 0.4781250000000002 0.7671875
4 0.4546875 0.678125 0.44375 0.678125 0.44375 0.703125 0.4546875 0.703125
4 0.465625 0.66875 0.4515625 0.66875 0.4515625 0.69375 0.465625 0.69375
0 0.4703125 0.671875 0.4578125 0.671875 0.4578125 0.709375 0.4703125 0.709375
0 0.48125 0.640625 0.4640625 0.640625 0.4640625 0.675 0.48125 0.675
2 0.48125 0.66875 0.465625 0.66875 0.465625 0.71875 0.48125 0.71875
2 0.49375 0.675 0.475 0.675 0.475 0.725 0.49375 0.725
2 0.48750000000000016 0.7296875 0.4734375000000002 0.7296875 0.4734375000000002 0.771875 0.48750000000000016 0.771875
2 0.5 0.6328125 0.48125 0.6328125 0.48125 0.6828125 0.5 0.6828125
2 0.4890625 0.60625 0.4703125 0.60625 0.4703125 0.6515625 0.4890625 0.6515625
4 0.4828125 0.5796875 0.4703125 0.5796875 0.4703125 0.60625 0.4828125 0.60625
4 0.478125 0.596875 0.465625 0.596875 0.465625 0.625 0.478125 0.625
2 0.4734375 0.5828125 0.453125 0.5828125 0.453125 0.6296875 0.4734375 0.6296875
2 0.465625 0.6328125 0.446875 0.6328125 0.446875 0.6796875 0.465625 0.6796875
4 0.4703125 0.6203125 0.45625 0.6203125 0.45625 0.65 0.4703125 0.65
2 0.5078125 0.5375 0.49375 0.5375 0.49375 0.58125 0.5078125 0.58125
2 0.5015625 0.5109375 0.48125 0.5109375 0.48125 0.559375 0.5015625 0.559375
4 0.4984375 0.5484375 0.4875 0.5484375 0.4875 0.5796875 0.4984375 0.5796875
2 0.4921875 0.55625 0.478125 0.55625 0.478125 0.5984375 0.4921875 0.5984375
2 0.5109375 0.4890625 0.4953125 0.4890625 0.4953125 0.534375 0.5109375 0.534375
2 0.4828125 0.54375 0.46875 0.54375 0.46875 0.5875 0.4828125 0.5875
4 0.75625 0.2234375000000001 0.7390625 0.2234375000000001 0.7390625 0.2562500000000001 0.75625 0.2562500000000001
4 0.78125 0.2375000000000001 0.765625 0.2375000000000001 0.765625 0.2609375000000001 0.78125 0.2609375000000001
4 0.8015625 0.2140625000000001 0.7828125 0.2140625000000001 0.7828125 0.23437500000000008 0.8015625 0.23437500000000008
4 0.78125 0.17187500000000008 0.7609375 0.17187500000000008 0.7609375 0.19687500000000008 0.78125 0.19687500000000008
2 0.8546875 0.1984375000000001 0.8296875 0.1984375000000001 0.8296875 0.2250000000000001 0.8546875 0.2250000000000001
2 0.9125 0.2375000000000001 0.8859375 0.2375000000000001 0.8859375 0.26250000000000007 0.9125 0.26250000000000007
2 0.85625 0.1671875000000001 0.8296875 0.1671875000000001 0.8296875 0.19531250000000008 0.85625 0.19531250000000008
2 0.9734375 0.22031250000000008 0.946875 0.22031250000000008 0.946875 0.2468750000000001 0.9734375 0.2468750000000001
2 0.790625 0.13281250000000008 0.771875 0.13281250000000008 0.771875 0.1781250000000001 0.790625 0.1781250000000001
4 0.9640625 0.3968750000000001 0.9453125 0.3968750000000001 0.9453125 0.4187500000000002 0.9640625 0.4187500000000002
2 0.8484375 0.37968750000000007 0.8203125 0.37968750000000007 0.8203125 0.4109375000000002 0.8484375 0.4109375000000002
2 0.825 0.35625000000000007 0.796875 0.35625000000000007 0.796875 0.38750000000000007 0.825 0.38750000000000007
2 0.7890625 0.3937500000000001 0.7640625 0.3937500000000001 0.7640625 0.4187500000000002 0.7890625 0.4187500000000002
4 0.725 0.3531250000000001 0.7078125 0.3531250000000001 0.7078125 0.3750000000000001 0.725 0.3750000000000001
2 0.734375 0.3734375000000001 0.709375 0.3734375000000001 0.709375 0.4046875000000001 0.734375 0.4046875000000002
2 0.7484375 0.4046875000000001 0.721875 0.4046875 0.721875 0.4375000000000001 0.7484375 0.43750000000000017
2 0.68125 0.3468750000000001 0.653125 0.3468750000000001 0.653125 0.3765625000000001 0.68125 0.3765625000000001
4 0.6421875 0.3421875000000001 0.621875 0.3421875000000001 0.621875 0.3609375000000001 0.6421875 0.3609375000000001
4 0.653125 0.3421875000000001 0.6390625 0.3421875000000001 0.6390625 0.3609375000000001 0.653125 0.3609375000000001
4 0.6421875 0.4125 0.625 0.4125 0.625 0.4296875 0.6421875 0.4296875
4 0.6421875 0.4046875 0.628125 0.4046875 0.628125 0.4203125 0.6421875 0.4203125
4 0.640625 0.3890625000000001 0.621875 0.3890625000000001 0.621875 0.409375 0.640625 0.409375
2 0.653125 0.3515625000000001 0.628125 0.3515625000000001 0.628125 0.3781250000000001 0.653125 0.3781250000000001
3 0.65 0.3734375000000001 0.6234375 0.3734375000000001 0.6234375 0.4 0.65 0.4
4 0.659375 0.3812500000000001 0.6421875 0.3812500000000001 0.6421875 0.4015625 0.659375 0.4015625
4 0.6671875 0.3984375000000001 0.65 0.3984375000000001 0.65 0.4171875 0.6671875 0.4171875
4 0.715625 0.3984375000000001 0.6984375 0.3984375000000001 0.6984375 0.41875 0.715625 0.41875
4 0.68125 0.3921875000000001 0.6625 0.3921875000000001 0.6625 0.4140625 0.68125 0.4140625
0 0.675 0.403125 0.653125 0.403125 0.653125 0.428125 0.675 0.428125
2 0.6921875 0.4140625 0.6640625 0.4140625 0.6640625 0.446875 0.6921875 0.446875
0 0.7140625 0.409375 0.69375 0.409375 0.69375 0.440625 0.7140625 0.440625
2 0.7109375 0.3750000000000001 0.68125 0.3750000000000001 0.68125 0.4046875 0.7109375 0.4046875
2 0.6875 0.37187500000000007 0.6578125 0.37187500000000007 0.6578125 0.4046875 0.6875 0.4046875
0 0.6578125 0.3937500000000001 0.6375 0.3937500000000001 0.6375 0.415625 0.6578125 0.415625
4 0.6546875 0.4046875 0.640625 0.4046875 0.640625 0.425 0.6546875 0.425
4 0.3109375000000001 0.5734375 0.2953125000000001 0.5734375 0.2953125000000001 0.5875 0.3109375000000001 0.5875
4 0.30937500000000007 0.5796875 0.29375000000000007 0.5796875 0.29375000000000007 0.5984375 0.30937500000000007 0.5984375
4 0.3078125000000001 0.590625 0.2921875000000001 0.590625 0.2921875000000001 0.6046875 0.3078125000000001 0.6046875
2 0.10156250000000008 0.55 0.08125000000000007 0.55 0.08125000000000007 0.575 0.10156250000000008 0.575
2 0.06093750000000007 0.54375 0.03593750000000007 0.54375 0.03593750000000007 0.565625 0.06093750000000007 0.565625
2 0.056250000000000064 0.5703125 0.029687500000000068 0.5703125 0.02968750000000007 0.59375 0.056250000000000064 0.59375
2 0.050000000000000086 0.6578125 0.023437500000000083 0.6578125 0.023437500000000083 0.6828125 0.050000000000000086 0.6828125
2 0.5703125 0.06250000000000007 0.553125 0.06250000000000007 0.553125 0.10000000000000009 0.5703125 0.10000000000000009
2 0.5515625 6.659016970363734e-17 0.5359375 6.563341439180346e-17 0.5359375 0.018750000000000065 0.5515625 0.018750000000000065
2 0.634375 7.654042494670958e-17 0.615625 7.539231857250894e-17 0.615625 0.028125000000000077 0.634375 0.028125000000000077
2 0.646875 7.835826003919392e-17 0.6328125 7.749718025854345e-17 0.6328125 0.01875000000000008 0.646875 0.01875000000000008
4 0.6890625 0.11250000000000009 0.6796875 0.11250000000000009 0.6796875 0.14062500000000008 0.6890625 0.14062500000000008
4 0.7046875 0.11562500000000009 0.69375 0.11562500000000009 0.69375 0.1390625000000001 0.7046875 0.1390625000000001
4 0.71875 0.11562500000000009 0.7046875 0.11562500000000009 0.7046875 0.1437500000000001 0.71875 0.1437500000000001
4 0.86875 0.17343750000000008 0.8546875 0.17343750000000008 0.8546875 0.1984375000000001 0.86875 0.1984375000000001
2 0.8328125 0.009375000000000102 0.815625 0.0093750000000001 0.815625 0.0484375000000001 0.8328125 0.0484375000000001
2 0.50625 0.590625 0.4875 0.590625 0.4875 0.634375 0.50625 0.634375
3 0.940625 0.16718750000000013 0.91875 0.16718750000000013 0.91875 0.19218750000000012 0.940625 0.19218750000000012
0 0.478125 0.615625 0.4625 0.615625 0.4625 0.6484375 0.478125 0.6484375
4 0.7375 0.1546875000000001 0.721875 0.1546875000000001 0.721875 0.17968750000000008 0.7375 0.17968750000000008