4 0.4546875 0.43125 0.44375 0.43125 0.44375 0.4546875 0.4546875 0.4546875
4 0.50625 0.4015625 0.490625 0.4015625 0.490625 0.41875 0.50625 0.41875
4 0.5640625 0.4046875 0.55 0.4046875 0.55 0.425 0.5640625 0.425
4 0.575 0.3890625000000001 0.55625 0.3890625000000001 0.55625 0.4046875 0.575 0.4046875
4 0.4609375 0.3812500000000001 0.446875 0.3812500000000001 0.446875 0.3968750000000001 0.4609375 0.3968750000000001
4 0.4796875 0.3671875000000001 0.4609375 0.3671875000000001 0.4609375 0.3812500000000001 0.4796875 0.3812500000000001
4 0.515625 0.3609375000000001 0.5 0.3609375000000001 0.5 0.3765625000000001 0.515625 0.3765625000000001
4 0.540625 0.37187500000000007 0.5234375 0.37187500000000007 0.5234375 0.3906250000000001 0.540625 0.3906250000000001
4 0.609375 0.4 0.5921875 0.4 0.5921875 0.421875 0.609375 0.421875
0 0.5171875 0.3890625000000001 0.496875 0.3890625000000001 0.496875 0.4125 0.5171875 0.4125
0 0.5484375 0.3843750000000001 0.528125 0.3843750000000001 0.528125 0.4125 0.5484375 0.4125
0 0.459375 0.3578125000000001 0.4375 0.3578125000000001 0.4375 0.3812500000000001 0.459375 0.3812500000000001
0 0.5046875 0.5 0.490625 0.5 0.490625 0.5359375 0.5046875 0.5359375
3 0.4796875 0.3468750000000001 0.4578125 0.3468750000000001 0.4578125 0.3734375000000001 0.4796875 0.3734375000000001
2 0.575 0.3390625000000001 0.5484375 0.3390625000000001 0.5484375 0.37187500000000007 0.575 0.37187500000000007
2 0.60625 0.3687500000000001 0.575 0.3687500000000001 0.575 0.39531250000000007 0.60625 0.39531250000000007
2 0.6140625 0.3390625000000001 0.584375 0.3390625000000001 0.584375 0.3703125000000001 0.6140625 0.3703125000000001
4 0.675 0.4171875 0.659375 0.4171875 0.659375 0.4375 0.675 0.4375
4 0.6765625 0.4359375 0.659375 0.4359375 0.659375 0.4546875 0.6765625 0.4546875
4 0.65 0.434375 0.634375 0.434375 0.634375 0.4546875 0.65 0.4546875
4 0.6328125 0.428125 0.6171875 0.428125 0.6171875 0.4515625 0.6328125 0.4515625
4 0.6265625 0.446875 0.6078125 0.446875 0.6078125 0.46875 0.6265625 0.46875
4 0.690625 0.4125 0.675 0.4125 0.675 0.4375 0.690625 0.4375
4 0.7015625 0.434375 0.684375 0.434375 0.684375 0.4578125 0.7015625 0.4578125
4 0.734375 0.4156250000000001 0.71875 0.415625 0.71875 0.43437500000000007 0.734375 0.4343750000000002
4 0.71875 0.40625 0.7015625 0.40625 0.7015625 0.421875 0.71875 0.421875
4 0.7140625 0.4171875 0.6984375 0.4171875 0.6984375 0.434375 0.7140625 0.434375
4 0.703125 0.403125 0.684375 0.403125 0.684375 0.425 0.703125 0.425
0 0.6703125 0.3968750000000001 0.65 0.3968750000000001 0.65 0.4203125 0.6703125 0.4203125
0 0.784375 0.4109375000000002 0.7625 0.4109375000000002 0.7625 0.43750000000000017 0.784375 0.43750000000000017
2 0.6796875 0.3703125000000001 0.6546875 0.3703125000000001 0.6546875 0.3968750000000001 0.6796875 0.3968750000000001
2 0.6640625 0.3453125000000001 0.6328125 0.3453125000000001 0.6328125 0.3687500000000001 0.6640625 0.3687500000000001
2 0.7328125 0.35625000000000007 0.7078125 0.35625000000000007 0.7078125 0.37968750000000007 0.7328125 0.37968750000000007
2 0.771875 0.35625000000000007 0.74375 0.35625000000000007 0.74375 0.3812500000000001 0.771875 0.3812500000000001
2 0.753125 0.3781250000000001 0.7265625 0.3781250000000001 0.7265625 0.40625000000000017 0.753125 0.40625000000000017
2 0.6453125 0.3703125000000001 0.615625 0.3703125000000001 0.615625 0.3984375000000001 0.6453125 0.3984375000000001
2 0.64375 0.3937500000000001 0.615625 0.3937500000000001 0.615625 0.4171875 0.64375 0.4171875
2 0.765625 0.40156250000000016 0.7359375 0.40156250000000016 0.7359375 0.4265625000000002 0.765625 0.4265625000000002
2 0.6 0.4515625 0.571875 0.4515625 0.571875 0.49375 0.6 0.49375
4 0.6 0.5015625 0.584375 0.5015625 0.584375 0.5359375 0.6 0.5359375
2 0.55 0.6078125 0.53125 0.6078125 0.53125 0.6625 0.55 0.6625
2 0.47656250000000017 0.753125 0.4546875000000002 0.753125 0.4546875000000002 0.8109375 0.47656250000000017 0.8109375
4 0.4750000000000001 0.6984375 0.459375 0.6984375 0.4593750000000001 0.7328125 0.4750000000000002 0.7328125
4 0.4734375 0.6640625 0.4578125 0.6640625 0.4578125 0.6890625 0.4734375 0.6890625
2 0.49375 0.646875 0.475 0.646875 0.475 0.7015625 0.49375 0.7015625
2 0.515625 0.4875 0.4984375 0.4875 0.4984375 0.540625 0.515625 0.540625
2 0.4921875 0.49375 0.475 0.49375 0.475 0.55 0.4921875 0.55
4 0.44375 0.41875 0.4328125 0.41875 0.4328125 0.4390625 0.44375 0.4390625
4 0.43125 0.3984375000000001 0.4171875 0.3984375000000001 0.4171875 0.4234375 0.43125 0.4234375
4 0.43125 0.3515625000000001 0.4140625 0.3515625000000001 0.4140625 0.3765625000000001 0.43125 0.3765625000000001
2 0.39062500000000006 0.35625000000000007 0.36875 0.35625000000000007 0.36875 0.3781250000000001 0.3906250000000001 0.3781250000000001
2 0.421875 0.3187500000000001 0.4 0.3187500000000001 0.4 0.3453125000000001 0.421875 0.3453125000000001
4 0.56875 0.2921875000000001 0.55 0.2921875000000001 0.55 0.3218750000000001 0.56875 0.3218750000000001
4 0.578125 0.3156250000000001 0.559375 0.3156250000000001 0.559375 0.3421875000000001 0.578125 0.3421875000000001
4 0.5 0.3421875000000001 0.4828125 0.3421875000000001 0.4828125 0.3625000000000001 0.5 0.3625000000000001
4 0.4734375 0.3343750000000001 0.4578125 0.3343750000000001 0.4578125 0.3515625000000001 0.4734375 0.3515625000000001
4 0.4578125 0.3234375000000001 0.440625 0.3234375000000001 0.440625 0.3421875000000001 0.4578125 0.3421875000000001
4 0.4421875 0.3343750000000001 0.428125 0.3343750000000001 0.428125 0.3515625000000001 0.4421875 0.3515625000000001
4 0.40625 0.2921875000000001 0.3953125 0.2921875000000001 0.3953125 0.3062500000000001 0.40625 0.3062500000000001
4 0.4109375 0.4046875 0.3968750000000001 0.4046875 0.3968750000000001 0.4234375 0.4109375 0.4234375
6 0.3593750000000001 0.396875 0.3343750000000001 0.396875 0.3343750000000001 0.421875 0.3593750000000001 0.421875
4 0.31875 0.315625 0.3046875 0.315625 0.3046875 0.3359375 0.31875 0.3359375
4 0.296875 0.3328125 0.28125 0.3328125 0.28125 0.35 0.296875 0.35
4 0.253125 0.30625 0.2390625 0.30625 0.2390625 0.325 0.253125 0.325
4 0.2296875 0.321875 0.2140625 0.321875 0.2140625 0.3453125 0.2296875 0.3453125
4 0.2140625 0.309375 0.19843750000000004 0.309375 0.19843750000000004 0.328125 0.2140625 0.328125
4 0.18125000000000005 0.3078125 0.16718750000000004 0.3078125 0.16718750000000004 0.3265625 0.18125000000000005 0.3265625
4 0.14531250000000004 0.29375 0.12968750000000004 0.29375 0.12968750000000004 0.3125 0.14531250000000004 0.3125
4 0.13281250000000006 0.30625 0.11875000000000005 0.30625 0.11875000000000005 0.325 0.13281250000000006 0.325
4 0.10468750000000004 0.2703125 0.08906250000000002 0.2703125 0.08906250000000003 0.29375 0.10468750000000004 0.29375
4 0.02187500000000004 0.2953125 0.003125000000000036 0.2953125 0.0031250000000000375 0.3140625 0.02187500000000004 0.3140625
4 0.1046875 0.09375000000000001 0.08906250000000002 0.09375 0.08906250000000002 0.1171875 0.1046875 0.1171875
4 0.02812500000000001 0.0984375 0.009375000000000012 0.0984375 0.009375000000000012 0.11875 0.02812500000000001 0.11875
2 0.023437500000000014 0.1125 1.3777276490407724e-17 0.1125 1.607348923880901e-17 0.15 0.023437500000000017 0.15
0 0.1046875 0.01562500000000001 0.0890625 0.01562500000000001 0.0890625 0.06093750000000001 0.1046875 0.06093750000000002
0 0.04062500000000001 0.0484375 0.017187500000000005 0.0484375 0.01718750000000001 0.0796875 0.04062500000000001 0.0796875
4 0.021875000000000006 0.0453125 0.0062500000000000056 0.0453125 0.006250000000000007 0.0578125 0.021875000000000006 0.0578125
4 0.025000000000000012 0.0515625 0.0062500000000000056 0.0515625 0.006250000000000007 0.0703125 0.025000000000000012 0.0703125
0 0.05625 5.453505277453057e-18 0.0328125 4.018372309702252e-18 0.0328125 0.026562500000000006 0.05625 0.02656250000000001
4 0.3046875 0.15312500000000004 0.2890625 0.15312500000000004 0.2890625 0.17343750000000005 0.3046875 0.17343750000000005
4 0.396875 0.12500000000000006 0.3828125 0.12500000000000006 0.3828125 0.14375000000000004 0.396875 0.14375000000000004
3 0.4015625 0.13750000000000004 0.3765625 0.13750000000000004 0.3765625 0.16562500000000005 0.4015625 0.16562500000000005
2 0.3578125 0.17500000000000004 0.328125 0.17500000000000004 0.328125 0.2046875 0.3578125 0.2046875
2 0.3765625 0.16406250000000006 0.353125 0.16406250000000006 0.353125 0.19531250000000006 0.3765625 0.19531250000000006
2 0.403125 0.18750000000000006 0.3734375 0.18750000000000006 0.3734375 0.21250000000000008 0.403125 0.21250000000000008
2 0.3546875 0.2015625 0.328125 0.2015625 0.328125 0.228125 0.3546875 0.228125
4 0.4265625 0.13281250000000006 0.4125 0.13281250000000006 0.4125 0.15156250000000004 0.4265625 0.15156250000000004
4 0.4359375 0.14218750000000005 0.421875 0.14218750000000005 0.421875 0.16093750000000004 0.4359375 0.16093750000000004
4 0.4359375 0.15312500000000004 0.421875 0.15312500000000004 0.421875 0.16875000000000004 0.4359375 0.16875000000000004
4 0.4296875 0.15781250000000005 0.415625 0.15781250000000005 0.415625 0.17343750000000005 0.4296875 0.17343750000000005
4 0.4328125 0.16875000000000004 0.4171875 0.16875000000000004 0.4171875 0.18281250000000004 0.4328125 0.18281250000000004
4 0.4078125 0.22656250000000008 0.396875 0.22656250000000008 0.396875 0.24375000000000008 0.4078125 0.24375000000000008
4 0.4171875 0.22656250000000008 0.4046875 0.22656250000000008 0.4046875 0.2406250000000001 0.4171875 0.2406250000000001
4 0.4296875 0.2234375000000001 0.4140625 0.2234375000000001 0.4140625 0.24375000000000008 0.4296875 0.24375000000000008
4 0.421875 0.21875000000000008 0.4109375 0.21875000000000008 0.4109375 0.2328125000000001 0.421875 0.2328125000000001
4 0.4203125 0.2078125000000001 0.40625 0.2078125000000001 0.40625 0.2234375000000001 0.4203125 0.2234375000000001
4 0.43125 0.21250000000000008 0.4171875 0.21250000000000008 0.4171875 0.2312500000000001 0.43125 0.2312500000000001
4 0.4234375 0.17968750000000006 0.409375 0.17968750000000006 0.409375 0.19843750000000004 0.4234375 0.19843750000000004
4 0.4328125 0.17812500000000003 0.415625 0.17812500000000003 0.415625 0.19375000000000003 0.4328125 0.19375000000000003
2 0.4328125 0.19062500000000004 0.4046875 0.19062500000000004 0.4046875 0.21875000000000008 0.4328125 0.21875000000000008
2 0.384375 0.20468750000000005 0.35625 0.2046875 0.35625 0.23125000000000004 0.384375 0.2312500000000001
0 0.5171875 0.13593750000000004 0.4953125 0.13593750000000004 0.4953125 0.16406250000000006 0.5171875 0.16406250000000006
2 0.571875 0.06406250000000006 0.5515625 0.06406250000000006 0.5515625 0.10468750000000009 0.571875 0.10468750000000009
2 0.5515625 6.649449417245395e-17 0.534375 6.544206332943669e-17 0.534375 0.026562500000000065 0.5515625 0.026562500000000065
2 0.634375 7.682745154025974e-17 0.6203125 7.596637175960925e-17 0.6203125 0.031250000000000076 0.634375 0.031250000000000076
2 0.6484375 7.845393557037732e-17 0.6328125 7.749718025854345e-17 0.6328125 0.02187500000000008 0.6484375 0.02187500000000008
4 0.690625 0.1937500000000001 0.6734375 0.1937500000000001 0.6734375 0.2140625000000001 0.690625 0.2140625000000001
4 0.7046875 0.11718750000000008 0.6953125 0.11718750000000008 0.6953125 0.14062500000000008 0.7046875 0.14062500000000008
4 0.7140625 0.1218750000000001 0.703125 0.1218750000000001 0.703125 0.1453125000000001 0.7140625 0.1453125000000001
2 0.7890625 0.14062500000000008 0.7734375 0.14062500000000008 0.7734375 0.18125000000000008 0.7890625 0.18125000000000008
2 0.8328125 0.009375000000000102 0.8140625 0.0093750000000001 0.8140625 0.0546875000000001 0.8328125 0.05468750000000011
2 0.8546875 0.1703125000000001 0.8296875 0.1703125000000001 0.8296875 0.19687500000000008 0.8546875 0.19687500000000008
4 0.8671875 0.1781250000000001 0.8546875 0.1781250000000001 0.8546875 0.20468750000000008 0.8671875 0.20468750000000008
3 0.9390625 0.17343750000000013 0.9171875 0.17343750000000013 0.9171875 0.19375000000000014 0.9390625 0.19375000000000014
4 0.9984375 0.2515625000000001 0.98125 0.2515625000000001 0.98125 0.2750000000000001 0.9984375 0.2750000000000001
4 0.9875 0.44531250000000017 0.971875 0.44531250000000017 0.971875 0.4656250000000002 0.9875 0.4656250000000002
4 0.9390625 0.4390625000000002 0.9234375 0.4390625000000002 0.9234375 0.4593750000000002 0.9390625 0.4593750000000002
2 0.975 0.42500000000000016 0.94375 0.42500000000000016 0.94375 0.4515625000000002 0.975 0.4515625000000002
2 0.9828125 0.39531250000000007 0.9515625 0.39531250000000007 0.9515625 0.4265625000000002 0.9828125 0.4265625000000002
0 0.946875 0.4000000000000002 0.925 0.4000000000000002 0.925 0.4265625000000002 0.946875 0.4265625000000002
3 0.925 0.3609375000000001 0.8953125 0.3609375000000001 0.8953125 0.3921875000000001 0.925 0.3921875000000001
2 0.9296875 0.3906250000000001 0.9015625 0.3906250000000001 0.9015625 0.4203125000000002 0.9296875 0.4203125000000002
0 0.91875 0.4390625000000002 0.8921875 0.4390625000000002 0.8921875 0.46875000000000017 0.91875 0.46875000000000017
3 0.940625 0.42187500000000017 0.9171875 0.42187500000000017 0.9171875 0.44843750000000016 0.940625 0.44843750000000016
2 0.9203125 0.4203125000000002 0.8921875 0.4203125000000002 0.8921875 0.44531250000000017 0.9203125 0.44531250000000017
4 0.8546875 0.4578125000000002 0.8390625 0.4578125000000002 0.8390625 0.4781250000000002 0.8546875 0.4781250000000002
4 0.825 0.4421875000000002 0.8046875 0.4421875000000002 0.8046875 0.46093750000000017 0.825 0.46093750000000017
4 0.8171875 0.42968750000000017 0.8015625 0.42968750000000017 0.8015625 0.44531250000000017 0.8171875 0.44531250000000017
4 0.8359375 0.4031250000000002 0.821875 0.4031250000000002 0.821875 0.4234375000000002 0.8359375 0.4234375000000002
0 0.8296875 0.4125000000000002 0.809375 0.4125000000000002 0.809375 0.4312500000000002 0.8296875 0.4312500000000002
2 0.8578125 0.3890625000000001 0.83125 0.3890625000000001 0.83125 0.41406250000000017 0.8578125 0.41406250000000017
2 0.8828125 0.3921875000000001 0.853125 0.3921875000000001 0.853125 0.4187500000000002 0.8828125 0.4187500000000002
2 0.90625 0.39531250000000007 0.8765625 0.39531250000000007 0.8765625 0.4234375000000002 0.90625 0.4234375000000002
2 0.8671875 0.4078125000000002 0.8390625 0.4078125000000002 0.8390625 0.43750000000000017 0.8671875 0.43750000000000017
2 0.8953125 0.4109375000000002 0.865625 0.4109375000000002 0.865625 0.44062500000000016 0.8953125 0.44062500000000016
4 0.8125 0.40625000000000017 0.7984375 0.40625000000000017 0.7984375 0.4203125000000002 0.8125 0.4203125000000002
4 0.7984375 0.4125000000000002 0.784375 0.4125000000000002 0.784375 0.4312500000000002 0.7984375 0.4312500000000002
4 0.7765625 0.44531250000000017 0.7625 0.44531250000000017 0.7625 0.46093750000000017 0.7765625 0.46093750000000017
4 0.778125 0.4546875000000002 0.7609375 0.4546875000000002 0.7609375 0.4734375000000002 0.778125 0.4734375000000002
2 0.8046875 0.4312500000000002 0.778125 0.4312500000000002 0.778125 0.45625000000000016 0.8046875 0.45625000000000016
2 0.7984375 0.3859375000000001 0.771875 0.3859375000000001 0.771875 0.4125000000000002 0.7984375 0.4125000000000002
2 0.809375 0.3609375000000001 0.78125 0.3609375000000001 0.78125 0.3890625000000001 0.809375 0.3890625000000001
1 0.86875 0.3531250000000001 0.8046875 0.3531250000000001 0.8046875 0.3968750000000001 0.86875 0.3968750000000001
2 0.89375 0.36406250000000007 0.859375 0.36406250000000007 0.859375 0.3968750000000001 0.89375 0.3968750000000001
2 0.8359375 0.3890625000000001 0.8046875 0.3890625000000001 0.8046875 0.4125000000000002 0.8359375 0.4125000000000002
2 0.7390625 0.4281250000000001 0.7140625 0.428125 0.7140625 0.45781250000000007 0.7390625 0.4578125000000002
4 0.7484375 0.4421875000000002 0.7328125 0.4421875000000002 0.7328125 0.46093750000000017 0.7484375 0.46093750000000017
2 0.7171875 0.3828125000000001 0.690625 0.3828125000000001 0.690625 0.4109375 0.7171875 0.4109375
2 0.5328125000000001 0.9671875 0.5140625000000002 0.9671875 0.5140625000000002 1 0.5328125000000001 1
4 0.30937500000000007 0.56875 0.29375000000000007 0.56875 0.29375000000000007 0.5875 0.30937500000000007 0.5875
4 0.3062500000000001 0.578125 0.2906250000000001 0.578125 0.2906250000000001 0.59375 0.3062500000000001 0.59375
4 0.3046875000000001 0.5875 0.2890625000000001 0.5875 0.2890625000000001 0.603125 0.3046875000000001 0.603125
4 0.6890625 0.1140625000000001 0.6765625 0.1140625000000001 0.6765625 0.1437500000000001 0.6890625 0.1437500000000001
4 0.8015625 0.4000000000000002 0.784375 0.4000000000000002 0.784375 0.4187500000000002 0.8015625 0.4187500000000002
4 0.7796875 0.40156250000000016 0.7625 0.40156250000000016 0.7625 0.42187500000000017 0.7796875 0.42187500000000017
2 0.7703125 0.4281250000000002 0.740625 0.4281250000000002 0.740625 0.4593750000000002 0.7703125 0.4593750000000002
2 0.10156250000000008 0.5453125 0.07812500000000007 0.5453125 0.07812500000000007 0.571875 0.10156250000000008 0.571875
2 0.056250000000000064 0.5375 0.032812500000000064 0.5375 0.032812500000000064 0.5640625 0.056250000000000064 0.5640625
2 0.05312500000000007 0.5640625 0.025000000000000067 0.5640625 0.02500000000000007 0.590625 0.05312500000000007 0.590625
2 0.046875000000000076 0.653125 0.023437500000000076 0.653125 0.02343750000000008 0.6796875 0.046875000000000076 0.6796875
2 0.409375 0.2062500000000001 0.3859375 0.2062500000000001 0.3859375 0.23437500000000008 0.409375 0.23437500000000008