6 0.8421875 0.11250000000000009 0.8171875 0.11250000000000009 0.8171875 0.15000000000000008 0.8421875 0.15000000000000008
4 0.84375 0.05156250000000011 0.834375 0.05156250000000011 0.834375 0.06562500000000011 0.84375 0.06562500000000011
4 0.8171875 0.0875000000000001 0.809375 0.08750000000000009 0.809375 0.10468750000000009 0.8171875 0.10468750000000009
2 0.790625 0.07031250000000008 0.7734375 0.07031250000000008 0.7734375 0.0984375000000001 0.790625 0.0984375000000001
6 0.778125 0.09531250000000009 0.7390625 0.09531250000000009 0.7390625 0.1593750000000001 0.778125 0.1593750000000001
2 0.725 0.17187500000000008 0.70625 0.17187500000000008 0.70625 0.20312500000000008 0.725 0.20312500000000008
2 0.7453125 0.19531250000000008 0.728125 0.19531250000000008 0.728125 0.2234375000000001 0.7453125 0.2234375000000001
2 0.7015625 0.2140625000000001 0.6828125 0.2140625000000001 0.6828125 0.2468750000000001 0.7015625 0.2468750000000001
2 0.7203125 0.2406250000000001 0.7 0.2406250000000001 0.7 0.27812500000000007 0.7203125 0.27812500000000007
2 0.7015625 0.2468750000000001 0.68125 0.2468750000000001 0.68125 0.27812500000000007 0.7015625 0.27812500000000007
0 0.68125 0.2562500000000001 0.665625 0.2562500000000001 0.665625 0.27812500000000007 0.68125 0.27812500000000007
3 0.6921875 0.14062500000000008 0.678125 0.14062500000000008 0.678125 0.16406250000000008 0.6921875 0.16406250000000008
2 0.6765625 0.28593750000000007 0.6609375 0.28593750000000007 0.6609375 0.3156250000000001 0.6765625 0.3156250000000001
2 0.6546875 0.30156250000000007 0.6359375 0.30156250000000007 0.6359375 0.3343750000000001 0.6546875 0.3343750000000001
0 0.65 0.3453125000000001 0.6390625 0.3453125000000001 0.6390625 0.36406250000000007 0.65 0.36406250000000007
2 0.6375 0.3625000000000001 0.6234375 0.3625000000000001 0.6234375 0.3921875000000001 0.6375 0.3921875000000001
3 0.625 0.3656250000000001 0.6109375 0.3656250000000001 0.6109375 0.3921875000000001 0.625 0.3921875000000001
0 0.6328125 0.4015625 0.621875 0.4015625 0.621875 0.4234375 0.6328125 0.4234375
0 0.61875 0.4140625 0.6078125 0.4140625 0.6078125 0.4375 0.61875 0.4375
0 0.5984375 0.4234375 0.5859375 0.4234375 0.5859375 0.44375 0.5984375 0.44375
0 0.6109375 0.4390625 0.6 0.4390625 0.6 0.459375 0.6109375 0.459375
4 0.6234375 0.44375 0.615625 0.44375 0.615625 0.459375 0.6234375 0.459375
4 0.5921875 0.459375 0.5828125 0.459375 0.5828125 0.46875 0.5921875 0.46875
4 0.6046875 0.4640625 0.59375 0.4640625 0.59375 0.4734375 0.6046875 0.4734375
4 0.609375 0.4046875 0.603125 0.4046875 0.603125 0.415625 0.609375 0.415625
4 0.64375 0.3937500000000001 0.6375 0.3937500000000001 0.6375 0.40625 0.64375 0.40625
4 0.646875 0.3734375000000001 0.6390625 0.3734375000000001 0.6390625 0.38750000000000007 0.646875 0.38750000000000007
4 0.634375 0.3500000000000001 0.628125 0.3500000000000001 0.628125 0.36406250000000007 0.634375 0.36406250000000007
4 0.665625 0.3468750000000001 0.6609375 0.3468750000000001 0.6609375 0.3578125000000001 0.665625 0.3578125000000001
4 0.678125 0.33281250000000007 0.66875 0.33281250000000007 0.66875 0.3453125000000001 0.678125 0.3453125000000001
4 0.659375 0.3500000000000001 0.653125 0.3500000000000001 0.653125 0.36406250000000007 0.659375 0.36406250000000007
4 0.6890625 0.30937500000000007 0.68125 0.30937500000000007 0.68125 0.3218750000000001 0.6890625 0.3218750000000001
4 0.7015625 0.2968750000000001 0.6921875 0.2968750000000001 0.6921875 0.30937500000000007 0.7015625 0.30937500000000007
4 0.7375 0.22656250000000008 0.728125 0.22656250000000008 0.728125 0.24218750000000008 0.7375 0.24218750000000008
2 0.734375 0.009375000000000088 0.7140625 0.009375000000000088 0.7140625 0.03906250000000009 0.734375 0.03906250000000009
0 0.6859375 0.0671875000000001 0.6703125 0.0671875000000001 0.6703125 0.08750000000000009 0.6859375 0.08750000000000009
0 0.66875 0.07656250000000009 0.6578125 0.07656250000000009 0.6578125 0.10000000000000009 0.66875 0.10000000000000009
0 0.628125 0.07656250000000006 0.615625 0.07656250000000006 0.615625 0.09062500000000007 0.628125 0.09062500000000007
2 0.2875 0.048437500000000036 0.2703125 0.048437500000000036 0.2703125 0.07812500000000003 0.2875 0.07812500000000004
0 0.26875 0.06562500000000002 0.2546875 0.06562500000000002 0.2546875 0.08593750000000003 0.26875 0.08593750000000003
4 0.265625 0.04218750000000003 0.25625 0.04218750000000003 0.25625 0.057812500000000024 0.265625 0.057812500000000024
4 0.2671875 0.012500000000000034 0.2609375 0.012500000000000034 0.2609375 0.026562500000000034 0.2671875 0.026562500000000034
4 0.2796875 0.023437500000000035 0.271875 0.023437500000000035 0.271875 0.03750000000000003 0.2796875 0.03750000000000003
4 0.2953125 0.048437500000000036 0.2859375 0.048437500000000036 0.2859375 0.06562500000000004 0.2953125 0.06562500000000004
4 0.346875 0.05468750000000004 0.3421875 0.05468750000000004 0.3421875 0.07031250000000004 0.346875 0.07031250000000004
4 0.3546875 0.06250000000000004 0.3484375 0.06250000000000004 0.3484375 0.07656250000000005 0.3546875 0.07656250000000005
4 0.371875 0.05468750000000004 0.3625 0.05468750000000004 0.3625 0.06875000000000005 0.371875 0.06875000000000005
4 0.359375 0.07968750000000005 0.3546875 0.07968750000000005 0.3546875 0.09531250000000005 0.359375 0.09531250000000005
4 0.359375 0.09687500000000004 0.3515625 0.09687500000000004 0.3515625 0.11093750000000005 0.359375 0.11093750000000005
4 0.3609375 0.10937500000000004 0.3515625 0.10937500000000004 0.3515625 0.12343750000000005 0.3609375 0.12343750000000005
4 0.41875 0.16093750000000004 0.409375 0.16093750000000004 0.409375 0.17656250000000004 0.41875 0.17656250000000004
4 0.4234375 0.16718750000000004 0.41875 0.16718750000000004 0.41875 0.18437500000000004 0.4234375 0.18437500000000004
4 0.409375 0.19218750000000004 0.4015625 0.19218750000000004 0.4015625 0.2062500000000001 0.409375 0.2062500000000001
4 0.4109375 0.2156250000000001 0.4046875 0.2156250000000001 0.4046875 0.2312500000000001 0.4109375 0.2312500000000001
4 0.4328125 0.18906250000000005 0.4265625 0.18906250000000005 0.4265625 0.20468750000000008 0.4328125 0.20468750000000008
2 0.4015625 0.19687500000000005 0.3859375 0.19687500000000005 0.3859375 0.22812500000000008 0.4015625 0.22812500000000008
2 0.4 0.15937500000000004 0.3796875 0.15937500000000004 0.3796875 0.19531250000000006 0.4 0.19531250000000006
2 0.346875 0.010937500000000041 0.328125 0.01093750000000004 0.328125 0.050000000000000044 0.346875 0.050000000000000044
2 0.325 0.02968750000000004 0.3046875 0.029687500000000033 0.3046875 0.07031250000000004 0.325 0.07031250000000004
2 0.3078125 3.645237738087043e-17 0.2875 3.5208595475486407e-17 0.2875 0.028125000000000032 0.3078125 0.028125000000000032
2 0.3421875 0.07812500000000004 0.325 0.07812500000000004 0.325 0.10937500000000004 0.3421875 0.10937500000000004
2 0.38125 0.08750000000000005 0.3625 0.08750000000000005 0.3625 0.12343750000000005 0.38125 0.12343750000000005
2 0.38125 0.11718750000000004 0.3625 0.11718750000000004 0.3625 0.15312500000000004 0.38125 0.15312500000000004
3 0.396875 0.12187500000000004 0.3796875 0.12187500000000004 0.3796875 0.15468750000000003 0.396875 0.15468750000000003
2 0.3796875 0.15156250000000004 0.3640625 0.15156250000000004 0.3640625 0.18593750000000003 0.3796875 0.18593750000000003
6 0.440625 0.18906250000000005 0.4140625 0.18906250000000005 0.4140625 0.2453125000000001 0.440625 0.2453125000000001
2 0.3328125 0.14687500000000003 0.315625 0.14687500000000003 0.315625 0.18125000000000005 0.3328125 0.18125000000000005
2 0.375 0.18750000000000006 0.3578125 0.18750000000000006 0.3578125 0.21875000000000006 0.375 0.21875000000000008
2 0.378125 0.275 0.3625 0.275 0.3625 0.31250000000000006 0.378125 0.3125000000000001
0 0.453125 0.2562500000000001 0.440625 0.2562500000000001 0.440625 0.2812500000000001 0.453125 0.2812500000000001
4 0.4328125 0.2578125000000001 0.425 0.2578125000000001 0.425 0.27031250000000007 0.4328125 0.27031250000000007
1 0.434375 0.2671875000000001 0.3921875 0.2671875000000001 0.3921875 0.35625000000000007 0.434375 0.35625000000000007
2 0.39687500000000003 0.3453125000000001 0.3828125 0.3453125000000001 0.38281250000000006 0.3812500000000001 0.3968750000000001 0.3812500000000001
2 0.415625 0.4359375 0.4015625 0.4359375 0.4015625 0.478125 0.415625 0.478125
2 0.478125 0.37968750000000007 0.459375 0.37968750000000007 0.459375 0.4015625 0.478125 0.4015625
2 0.4859375 0.4125 0.4671875 0.4125 0.4671875 0.4359375 0.4859375 0.4359375
2 0.553125 0.4359375 0.534375 0.4359375 0.534375 0.45625 0.553125 0.45625
2 0.571875 0.46875 0.5515625 0.46875 0.5515625 0.484375 0.571875 0.484375
4 0.5609375 0.4265625 0.55 0.4265625 0.55 0.4359375 0.5609375 0.4359375
4 0.5703125 0.50625 0.5609375 0.50625 0.5609375 0.5171875 0.5703125 0.5171875
4 0.51875 0.4671875 0.509375 0.4671875 0.509375 0.4765625 0.51875 0.4765625
4 0.5046875 0.434375 0.49375 0.434375 0.49375 0.4453125 0.5046875 0.4453125
4 0.484375 0.434375 0.4734375 0.434375 0.4734375 0.4453125 0.484375 0.4453125
4 0.4609375 0.3656250000000001 0.4515625 0.3656250000000001 0.4515625 0.3765625000000001 0.4609375 0.3765625000000001
4 0.4484375 0.3500000000000001 0.440625 0.3500000000000001 0.440625 0.3625000000000001 0.4484375 0.3625000000000001
4 0.45 0.37187500000000007 0.440625 0.37187500000000007 0.440625 0.38750000000000007 0.45 0.38750000000000007
4 0.434375 0.3671875000000001 0.4265625 0.3671875000000001 0.4265625 0.3828125000000001 0.434375 0.3828125000000001
0 0.45 0.3890625000000001 0.4375 0.3890625000000001 0.4375 0.4109375 0.45 0.4109375
0 0.425 0.3734375000000001 0.4125 0.3734375000000001 0.4125 0.3937500000000001 0.425 0.3937500000000001
0 0.4984375 0.4 0.4828125 0.4 0.4828125 0.41875 0.4984375 0.41875
0 0.5203125 0.44375 0.50625 0.44375 0.50625 0.45625 0.5203125 0.45625
2 0.39531250000000007 0.540625 0.3750000000000001 0.540625 0.3750000000000001 0.5703125 0.39531250000000007 0.5703125
2 0.4734375 0.5671875 0.453125 0.5671875 0.453125 0.596875 0.4734375 0.596875
2 0.3703125000000001 0.5828125 0.3531250000000001 0.5828125 0.3531250000000001 0.609375 0.3703125000000001 0.609375
2 0.39531250000000007 0.5859375 0.37968750000000007 0.5859375 0.37968750000000007 0.6140625 0.39531250000000007 0.6140625
4 0.44375 0.584375 0.4359375 0.584375 0.4359375 0.596875 0.44375 0.596875
0 0.3437500000000001 0.5140625 0.3281250000000001 0.5140625 0.3281250000000001 0.5328125 0.3437500000000001 0.5328125
4 0.415625 0.628125 0.40625 0.628125 0.40625 0.640625 0.415625 0.640625
2 0.3359375000000001 0.634375 0.3156250000000001 0.634375 0.3156250000000001 0.6703125 0.3359375000000001 0.6703125
2 0.3531250000000001 0.665625 0.33281250000000007 0.665625 0.33281250000000007 0.696875 0.3531250000000001 0.696875
2 0.37187500000000007 0.7046875 0.35625000000000007 0.7046875 0.35625000000000007 0.7359375 0.37187500000000007 0.7359375
2 0.3656250000000001 0.6328125 0.3500000000000001 0.6328125 0.3500000000000001 0.6609375 0.3656250000000001 0.6609375
2 0.3234375000000001 0.696875 0.3078125000000001 0.696875 0.3078125000000001 0.7265625 0.3234375000000001 0.7265625
6 0.3078125000000001 0.725 0.2750000000000001 0.725 0.2750000000000001 0.7765625 0.3078125000000001 0.7765625
2 0.2812500000000001 0.76875 0.2593750000000001 0.76875 0.2593750000000001 0.803125 0.2812500000000001 0.803125
2 0.26250000000000007 0.796875 0.2406250000000001 0.796875 0.2406250000000001 0.83125 0.26250000000000007 0.83125
2 0.20468750000000008 0.6671875 0.1859375000000001 0.6671875 0.1859375000000001 0.7015625 0.20468750000000008 0.7015625
2 0.1781250000000001 0.7140625 0.15781250000000008 0.7140625 0.15781250000000008 0.75 0.1781250000000001 0.75
0 0.23437500000000008 0.68125 0.2218750000000001 0.68125 0.2218750000000001 0.7015625 0.23437500000000008 0.7015625
2 0.1906250000000001 0.7765625 0.1750000000000001 0.7765625 0.1750000000000001 0.80625 0.1906250000000001 0.80625
2 0.2390625000000001 0.8359375 0.22031250000000008 0.8359375 0.22031250000000008 0.8703125 0.2390625000000001 0.8703125
2 0.2234375000000001 0.865625 0.20312500000000008 0.865625 0.20312500000000008 0.8953125 0.2234375000000001 0.8953125
2 0.2062500000000001 0.890625 0.18750000000000008 0.890625 0.1875000000000001 0.9203125 0.2062500000000001 0.9203125
2 0.18593750000000012 0.8875 0.16562500000000008 0.8875 0.1656250000000001 0.9203125 0.18593750000000014 0.9203125
2 0.18437500000000012 0.921875 0.16562500000000013 0.921875 0.16562500000000013 0.9515625 0.18437500000000012 0.9515625
2 0.16718750000000013 0.946875 0.14687500000000014 0.946875 0.14687500000000014 0.98125 0.16718750000000013 0.98125
2 0.14375000000000013 0.9484375 0.12656250000000013 0.9484375 0.12656250000000013 0.98125 0.14375000000000013 0.98125
2 0.15000000000000013 0.9796875 0.13125000000000014 0.9796875 0.13125000000000014 1 0.15000000000000013 1
4 0.16406250000000014 0.934375 0.15468750000000014 0.934375 0.15468750000000014 0.95 0.16406250000000014 0.95
4 0.19687500000000008 0.8546875 0.18750000000000008 0.8546875 0.18750000000000008 0.86875 0.19687500000000008 0.86875
4 0.2140625000000001 0.83125 0.20468750000000008 0.83125 0.20468750000000008 0.846875 0.2140625000000001 0.846875
4 0.23437500000000008 0.7984375 0.2250000000000001 0.7984375 0.2250000000000001 0.815625 0.23437500000000008 0.815625
4 0.2843750000000001 0.7046875 0.2765625000000001 0.7046875 0.2765625000000001 0.7203125 0.2843750000000001 0.7203125
4 0.2953125000000001 0.7046875 0.28593750000000007 0.7046875 0.28593750000000007 0.7203125 0.2953125000000001 0.7203125
4 0.2953125000000001 0.6671875 0.28593750000000007 0.6671875 0.28593750000000007 0.678125 0.2953125000000001 0.678125
4 0.2984375000000001 0.684375 0.2890625000000001 0.684375 0.2890625000000001 0.6984375 0.2984375000000001 0.6984375
4 0.3125000000000001 0.6625 0.30156250000000007 0.6625 0.30156250000000007 0.6765625 0.3125000000000001 0.6765625
4 0.3125000000000001 0.675 0.30156250000000007 0.675 0.30156250000000007 0.6890625 0.3125000000000001 0.6890625
4 0.3296875000000001 0.678125 0.3218750000000001 0.678125 0.3218750000000001 0.6890625 0.3296875000000001 0.6890625
4 0.34843750000000007 0.6515625 0.34062500000000007 0.6515625 0.34062500000000007 0.6625 0.34843750000000007 0.6625
0 0.7890625000000002 0.9734375 0.7750000000000001 0.9734375 0.7750000000000001 0.996875 0.7890625000000002 0.996875
2 0.7562500000000002 0.9234375 0.7359375000000001 0.9234375 0.7359375000000001 0.9625 0.7562500000000002 0.9625
6 0.7265625000000002 0.896875 0.7000000000000002 0.896875 0.7000000000000002 0.9484375 0.7265625000000002 0.9484375
6 0.6093750000000001 0.684375 0.571875 0.684375 0.5718750000000001 0.7640625 0.6093750000000002 0.7640625
2 0.5640625 0.65625 0.546875 0.65625 0.546875 0.69375 0.5640625 0.69375
0 0.571875 0.6390625 0.5609375 0.6390625 0.5609375 0.6625 0.571875 0.6625
4 0.540625 0.6640625 0.5328125 0.6640625 0.5328125 0.6796875 0.540625 0.6796875
4 0.5484375 0.640625 0.5421875 0.640625 0.5421875 0.65625 0.5484375 0.65625
4 0.5703125 0.665625 0.5640625 0.665625 0.5640625 0.6875 0.5703125 0.6875
4 0.571875 0.7015625 0.565625 0.7015625 0.565625 0.715625 0.571875 0.715625
4 0.5796875 0.6609375 0.571875 0.6609375 0.571875 0.6765625 0.5796875 0.6765625
4 0.5484375 0.56875 0.5375 0.56875 0.5375 0.578125 0.5484375 0.578125
4 0.4984375 0.578125 0.4890625 0.578125 0.4890625 0.5890625 0.4984375 0.5890625
2 0.6296875000000002 0.928125 0.6093750000000002 0.928125 0.6093750000000002 0.9546875 0.6296875000000002 0.9546875
2 0.703125 0.646875 0.6859375 0.646875 0.6859375 0.6828125 0.703125 0.6828125
2 0.7140625 0.684375 0.7 0.684375 0.7 0.7140625 0.7140625 0.7140625
4 0.675 0.621875 0.66875 0.621875 0.66875 0.634375 0.675 0.634375
4 0.6875000000000002 0.7671875 0.6812500000000001 0.7671875 0.6812500000000001 0.784375 0.6875000000000002 0.784375
4 0.6046875 0.5359375 0.596875 0.5359375 0.596875 0.5421875 0.6046875 0.5421875
4 0.6578125 0.5109375 0.6546875 0.5109375 0.6546875 0.5296875 0.6578125 0.5296875
4 0.6625 0.4859375 0.6578125 0.4859375 0.6578125 0.5 0.6625 0.5
2 0.878125 0.1703125000000001 0.8625 0.1703125000000001 0.8625 0.2000000000000001 0.878125 0.2000000000000001
2 0.9328125 0.29375000000000007 0.9171875 0.29375000000000007 0.9171875 0.3296875000000001 0.9328125 0.3296875000000001
2 0.99375 0.39531250000000007 0.978125 0.39531250000000007 0.978125 0.4312500000000002 0.99375 0.4312500000000002
2 0.978125 0.3625000000000001 0.9640625 0.3625000000000001 0.9640625 0.3921875000000001 0.978125 0.3921875000000001
2 0.9484375 0.36406250000000007 0.93125 0.36406250000000007 0.93125 0.38750000000000007 0.9484375 0.38750000000000007
2 0.24375000000000008 0.5 0.22656250000000008 0.5 0.22656250000000008 0.5359375 0.24375000000000008 0.5359375
4 0.33281250000000007 0.5296875 0.3234375000000001 0.5296875 0.3234375000000001 0.5453125 0.33281250000000007 0.5453125