2 0.6421875000000001 0.7515625 0.6062500000000002 0.7515625 0.6062500000000002 0.775 0.6421875000000001 0.775
2 0.7015625 0.6890625 0.6875 0.6890625 0.6875 0.725 0.7015625 0.725
4 0.7703125 0.5890625000000002 0.7546875 0.5890625000000002 0.7546875 0.6031250000000001 0.7703125 0.6031250000000001
4 0.984375 0.4515625000000002 0.96875 0.4515625000000002 0.96875 0.4656250000000002 0.984375 0.4656250000000002
4 0.9703125 0.4437500000000002 0.95625 0.4437500000000002 0.95625 0.4546875000000002 0.9703125 0.4546875000000002
4 0.971875 0.45312500000000017 0.9578125 0.45312500000000017 0.9578125 0.4703125000000002 0.971875 0.4703125000000002
4 0.9484375 0.4546875000000002 0.934375 0.4546875000000002 0.934375 0.46875000000000017 0.9484375 0.46875000000000017
2 0.890625 0.4625000000000002 0.8625 0.4625000000000002 0.8625 0.4906250000000002 0.890625 0.4906250000000002
4 0.859375 0.4468750000000002 0.84375 0.4468750000000002 0.84375 0.46093750000000017 0.859375 0.46093750000000017
2 0.715625 0.459375 0.690625 0.459375 0.690625 0.4828125 0.715625 0.4828125
4 0.75625 0.44062500000000016 0.7421875 0.44062500000000016 0.7421875 0.4593750000000002 0.75625 0.4593750000000002
1 0.3734375000000001 0.584375 0.32500000000000007 0.584375 0.32500000000000007 0.6171875 0.3734375000000001 0.6171875
1 0.32500000000000007 0.5859375 0.27812500000000007 0.5859375 0.27812500000000007 0.609375 0.32500000000000007 0.609375
1 0.2750000000000001 0.5859375 0.22656250000000008 0.5859375 0.22656250000000008 0.6125 0.2750000000000001 0.6125
4 0.29375000000000007 0.6265625 0.2828125000000001 0.6265625 0.2828125000000001 0.6359375 0.29375000000000007 0.6359375
1 0.2250000000000001 0.5859375 0.1765625000000001 0.5859375 0.1765625000000001 0.615625 0.2250000000000001 0.615625
2 0.2171875000000001 0.6140625 0.1937500000000001 0.6140625 0.1937500000000001 0.6328125 0.2171875000000001 0.6328125
2 0.1859375000000001 0.6125 0.16562500000000008 0.6125 0.16562500000000008 0.63125 0.1859375000000001 0.63125
2 0.16562500000000008 0.5859375 0.1437500000000001 0.5859375 0.1437500000000001 0.6046875 0.16562500000000008 0.6046875
2 0.16406250000000008 0.6109375 0.14218750000000008 0.6109375 0.14218750000000008 0.6296875 0.16406250000000008 0.6296875
2 0.16406250000000008 0.6296875 0.14062500000000008 0.6296875 0.14062500000000008 0.646875 0.16406250000000008 0.646875
4 0.1937500000000001 0.628125 0.18750000000000008 0.628125 0.18750000000000008 0.6375 0.1937500000000001 0.6375
4 0.1859375000000001 0.6296875 0.1750000000000001 0.6296875 0.1750000000000001 0.6390625 0.1859375000000001 0.6390625
4 0.17343750000000008 0.628125 0.16406250000000008 0.628125 0.16406250000000008 0.6359375 0.17343750000000008 0.6359375
4 0.1750000000000001 0.6375 0.16406250000000008 0.6375 0.16406250000000008 0.64375 0.1750000000000001 0.64375
2 0.14218750000000008 0.5875 0.12031250000000009 0.5875 0.12031250000000009 0.60625 0.14218750000000008 0.60625
2 0.1375000000000001 0.609375 0.11562500000000009 0.609375 0.11562500000000009 0.6265625 0.1375000000000001 0.6265625
2 0.1375000000000001 0.628125 0.11875000000000009 0.628125 0.11875000000000009 0.6484375 0.1375000000000001 0.6484375
0 0.11718750000000008 0.6296875 0.10156250000000008 0.6296875 0.10156250000000008 0.64375 0.11718750000000008 0.64375
3 0.11718750000000008 0.59375 0.09062500000000007 0.59375 0.09062500000000007 0.6140625 0.11718750000000008 0.6140625
0 0.10156250000000008 0.6328125 0.08593750000000007 0.6328125 0.08593750000000008 0.6484375 0.10156250000000008 0.6484375
2 0.10781250000000009 0.646875 0.08593750000000008 0.646875 0.08593750000000008 0.665625 0.10781250000000009 0.665625
4 0.1062500000000001 0.665625 0.09218750000000009 0.665625 0.09218750000000009 0.6734375 0.1062500000000001 0.6734375
2 0.08125000000000009 0.65625 0.05937500000000009 0.65625 0.05937500000000009 0.6765625 0.08125000000000009 0.6765625
2 0.10000000000000009 0.6140625 0.07812500000000007 0.6140625 0.07812500000000007 0.6328125 0.10000000000000009 0.6328125
4 0.08593750000000008 0.6328125 0.07656250000000006 0.6328125 0.07656250000000007 0.640625 0.08593750000000008 0.640625
2 0.09062500000000007 0.5828125 0.07031250000000007 0.5828125 0.07031250000000007 0.603125 0.09062500000000007 0.603125
2 0.050000000000000065 0.584375 0.028125000000000067 0.584375 0.028125000000000074 0.6015625 0.050000000000000065 0.6015625
2 0.07031250000000007 0.6 0.046875000000000076 0.6 0.046875000000000076 0.6171875 0.07031250000000007 0.6171875
2 0.07656250000000007 0.6171875 0.056250000000000064 0.6171875 0.05625000000000008 0.6359375 0.07656250000000009 0.6359375
0 0.07656250000000009 0.6359375 0.05937500000000009 0.6359375 0.05937500000000009 0.65 0.07656250000000009 0.65
4 0.06406250000000008 0.634375 0.05468750000000007 0.634375 0.054687500000000076 0.640625 0.06406250000000009 0.640625
4 0.056250000000000064 0.6203125 0.045312500000000075 0.6203125 0.045312500000000075 0.63125 0.056250000000000064 0.63125
4 0.05468750000000009 0.6515625 0.04375000000000008 0.6515625 0.04375000000000008 0.6609375 0.05468750000000009 0.6609375
0 0.05312500000000009 0.6359375 0.039062500000000076 0.6359375 0.039062500000000076 0.65 0.05312500000000009 0.65
4 0.046875000000000076 0.6640625 0.037500000000000075 0.6640625 0.037500000000000075 0.6734375 0.046875000000000076 0.6734375
4 0.039062500000000076 0.6578125 0.02968750000000008 0.6578125 0.02968750000000008 0.665625 0.039062500000000076 0.665625
2 0.029687500000000082 0.6609375 0.0046875000000000805 0.6609375 0.004687500000000082 0.6828125 0.02968750000000009 0.6828125
0 0.04375000000000008 0.6484375 0.028125000000000077 0.6484375 0.028125000000000077 0.659375 0.04375000000000008 0.659375
4 0.03593750000000008 0.6375 0.02656250000000008 0.6375 0.02656250000000008 0.6453125 0.03593750000000008 0.6453125
2 0.045312500000000075 0.6203125 0.025000000000000078 0.6203125 0.025000000000000078 0.6359375 0.045312500000000075 0.6359375
2 0.04062500000000008 0.6015625 0.018750000000000072 0.6015625 0.018750000000000076 0.6171875 0.04062500000000008 0.6171875
2 0.02500000000000007 0.5859375 0.004687500000000072 0.5859375 0.004687500000000073 0.6 0.025000000000000078 0.6
2 0.023437500000000076 0.61875 0.0031250000000000765 0.61875 0.003125000000000077 0.634375 0.023437500000000076 0.634375
4 0.025000000000000078 0.6359375 0.015625000000000076 0.6359375 0.015625000000000076 0.6453125 0.025000000000000078 0.6453125
4 0.014062500000000078 0.634375 0.003125000000000078 0.634375 0.0031250000000000782 0.6421875 0.014062500000000078 0.6421875
4 0.02968750000000008 0.646875 0.02187500000000008 0.646875 0.02187500000000008 0.653125 0.02968750000000008 0.653125
4 0.025000000000000078 0.6515625 0.014062500000000078 0.6515625 0.01406250000000008 0.6625 0.025000000000000078 0.6625
4 0.020312500000000077 0.6421875 0.010937500000000077 0.6421875 0.010937500000000079 0.65 0.020312500000000077 0.65
4 0.01562500000000008 0.653125 0.00625000000000008 0.653125 0.00625000000000008 0.659375 0.015625000000000083 0.659375
4 0.010937500000000079 0.6453125 0.001562500000000079 0.6453125 0.0015625000000000795 0.653125 0.01093750000000008 0.653125
4 0.006250000000000079 0.6390625 7.826258450801054e-17 0.6390625 7.883663769511086e-17 0.6484375 0.00625000000000008 0.6484375
2 0.029687500000000054 0.434375 0.0031250000000000526 0.434375 0.003125000000000054 0.4546875 0.029687500000000054 0.4546875
2 0.039062500000000056 0.4609375 0.014062500000000056 0.4609375 0.014062500000000058 0.48125 0.039062500000000056 0.48125
2 0.05937500000000007 0.48125 0.037500000000000054 0.48125 0.03750000000000006 0.5 0.05937500000000007 0.5
2 0.08125000000000007 0.459375 0.056250000000000064 0.459375 0.056250000000000064 0.4796875 0.08125000000000007 0.4796875
0 0.11093750000000005 0.446875 0.09531250000000005 0.446875 0.09531250000000005 0.4609375 0.11093750000000005 0.4609375
2 0.10312500000000005 0.4 0.07812500000000004 0.4 0.07812500000000004 0.4203125 0.10312500000000005 0.4203125
2 0.10000000000000005 0.4203125 0.07656250000000005 0.4203125 0.07656250000000005 0.4453125 0.10000000000000005 0.4453125
2 0.18437500000000004 0.403125 0.16093750000000004 0.403125 0.16093750000000004 0.4234375 0.18437500000000004 0.4234375
4 0.15468750000000003 0.4359375 0.14218750000000005 0.4359375 0.14218750000000005 0.4453125 0.15468750000000003 0.4453125
4 0.15468750000000003 0.446875 0.14218750000000005 0.446875 0.14218750000000005 0.45625 0.15468750000000003 0.45625
2 0.17031250000000003 0.45625 0.14531250000000004 0.45625 0.14531250000000004 0.475 0.17031250000000003 0.475
2 0.19218750000000004 0.484375 0.16562500000000005 0.484375 0.16562500000000005 0.5046875 0.19218750000000004 0.5046875
0 0.19843750000000004 0.428125 0.18281250000000004 0.428125 0.18281250000000004 0.44375 0.19843750000000004 0.44375
0 0.2171875000000001 0.4375 0.2015625000000001 0.4375 0.2015625000000001 0.453125 0.2171875000000001 0.453125
0 0.2218750000000001 0.453125 0.2062500000000001 0.453125 0.2062500000000001 0.465625 0.2218750000000001 0.465625
4 0.20468750000000008 0.4703125 0.19218750000000004 0.4703125 0.19218750000000004 0.4796875 0.20468750000000008 0.4796875
4 0.23437500000000008 0.475 0.2234375000000001 0.475 0.2234375000000001 0.4828125 0.23437500000000008 0.4828125
2 0.2468750000000001 0.4859375 0.2234375000000001 0.4859375 0.2234375000000001 0.503125 0.2468750000000001 0.503125
2 0.12187500000000004 0.3765625 0.10937500000000004 0.3765625 0.10937500000000004 0.4109375 0.12187500000000004 0.4109375
3 0.12343750000000005 0.2921875 0.10937500000000004 0.2921875 0.10937500000000004 0.3203125 0.12343750000000005 0.3203125
4 0.1375 0.109375 0.128125 0.109375 0.128125 0.1171875 0.1375 0.1171875
4 0.134375 0.13125 0.121875 0.13125 0.121875 0.1421875 0.134375 0.1421875
4 0.134375 0.1375 0.1234375 0.1375 0.1234375 0.146875 0.134375 0.146875
4 0.1375 0.1453125 0.1234375 0.1453125 0.1234375 0.1546875 0.1375 0.1546875
4 0.1390625 0.1515625 0.1234375 0.1515625 0.1234375 0.1625 0.1390625 0.1625
4 0.140625 0.051562500000000025 0.13125 0.051562500000000025 0.13125 0.057812500000000024 0.140625 0.057812500000000024
4 0.140625 0.03750000000000002 0.1296875 0.03750000000000001 0.1296875 0.048437500000000015 0.140625 0.04843750000000002
4 0.1515625 0.009375000000000019 0.1421875 0.009375000000000017 0.1421875 0.017187500000000015 0.1515625 0.017187500000000015
4 0.15 0.014062500000000016 0.140625 0.014062500000000016 0.140625 0.023437500000000017 0.15 0.023437500000000017
4 0.1421875 0.0015625000000000166 0.1328125 0.001562500000000016 0.1328125 0.012500000000000016 0.1421875 0.012500000000000016
4 0.140625 0.010937500000000017 0.1296875 0.010937500000000017 0.1296875 0.021875000000000016 0.140625 0.021875000000000016
0 0.2734375000000001 0.4859375 0.2578125000000001 0.4859375 0.2578125000000001 0.496875 0.2734375000000001 0.496875
2 0.2953125000000001 0.4625 0.27031250000000007 0.4625 0.27031250000000007 0.4796875 0.2953125000000001 0.4796875
2 0.3296875000000001 0.4453125 0.3078125000000001 0.4453125 0.3078125000000001 0.465625 0.3296875000000001 0.465625
4 0.3265625000000001 0.4234375 0.3156250000000001 0.4234375 0.3156250000000001 0.434375 0.3265625000000001 0.434375
4 0.3593750000000001 0.45 0.3500000000000001 0.45 0.3500000000000001 0.4609375 0.3593750000000001 0.4609375
2 0.3546875000000001 0.4796875 0.33281250000000007 0.4796875 0.33281250000000007 0.496875 0.3546875000000001 0.496875
4 0.4015625 0.4625 0.3921875000000001 0.4625 0.3921875000000001 0.471875 0.4015625 0.471875
4 0.428125 0.459375 0.41875 0.459375 0.41875 0.4703125 0.428125 0.4703125
4 0.4421875 0.471875 0.43125 0.471875 0.43125 0.48125 0.4421875 0.48125
4 0.4546875 0.45625 0.4453125 0.45625 0.4453125 0.4640625 0.4546875 0.4640625
4 0.4734375 0.4203125 0.4640625 0.4203125 0.4640625 0.428125 0.4734375 0.428125
0 0.496875 0.4171875 0.48125 0.4171875 0.48125 0.43125 0.496875 0.43125
4 0.5359375 0.40625 0.5234375 0.40625 0.5234375 0.4125 0.5359375 0.4125
3 0.5875 0.4484375 0.5703125 0.4484375 0.5703125 0.4640625 0.5875 0.4640625
2 0.5765625 0.4734375 0.553125 0.4734375 0.553125 0.490625 0.5765625 0.490625
4 0.5890625 0.3984375000000001 0.578125 0.3984375000000001 0.578125 0.409375 0.5890625 0.409375
3 0.7125 0.3890625000000001 0.696875 0.3890625000000001 0.696875 0.4078125 0.7125 0.4078125
4 0.725 0.3843750000000001 0.7140625 0.3843750000000001 0.7140625 0.39531250000000007 0.725 0.39531250000000007
4 0.74375 0.3890625000000001 0.7328125 0.3890625000000001 0.7328125 0.3984375000000001 0.74375 0.3984375000000001
4 0.3906250000000001 0.9484375 0.3859375000000001 0.9484375 0.3859375000000001 0.9609375 0.3906250000000001 0.9609375
2 0.5656250000000002 0.803125 0.5500000000000002 0.803125 0.5500000000000002 0.825 0.5656250000000002 0.825
3 0.37968750000000007 0.678125 0.3687500000000001 0.678125 0.3687500000000001 0.6859375 0.37968750000000007 0.6859375