2 0.034375000000000065 0.5203125 0.023437500000000062 0.5203125 0.023437500000000066 0.5703125 0.034375000000000065 0.5703125
2 0.21406250000000004 0.3609375 0.2015625 0.3609375 0.20156250000000003 0.4125 0.2140625000000001 0.4125
2 0.2250000000000001 0.4625 0.21093750000000008 0.4625 0.21093750000000008 0.5015625 0.2250000000000001 0.5015625
2 0.22031250000000008 0.4984375 0.21093750000000008 0.4984375 0.21093750000000008 0.540625 0.22031250000000008 0.540625
2 0.215625 0.284375 0.2046875 0.284375 0.2046875 0.31875 0.215625 0.31875
2 0.2015625000000001 0.7078125 0.1828125000000001 0.7078125 0.1828125000000001 0.73125 0.2015625000000001 0.73125
2 0.2687500000000001 0.6640625 0.2453125000000001 0.6640625 0.2453125000000001 0.6890625 0.2687500000000001 0.6890625
2 0.4234375 0.6109375 0.4 0.6109375 0.4 0.6390625 0.4234375 0.6390625
2 0.425 0.496875 0.409375 0.496875 0.409375 0.5359375 0.425 0.5359375
2 0.421875 0.446875 0.4125 0.446875 0.4125 0.484375 0.421875 0.484375
2 0.43125 0.39531250000000007 0.4203125 0.39531250000000007 0.4203125 0.425 0.43125 0.425
2 0.5265625 0.3468750000000001 0.5125 0.3468750000000001 0.5125 0.3937500000000001 0.5265625 0.3937500000000001
2 0.525 0.45625 0.5109375 0.45625 0.5109375 0.5015625 0.525 0.5015625
2 0.4000000000000002 0.7515625 0.3859375000000001 0.7515625 0.3859375000000001 0.796875 0.4000000000000002 0.796875
2 0.39531250000000007 0.8265625 0.3812500000000001 0.8265625 0.3812500000000001 0.85625 0.39531250000000007 0.85625
2 0.39531250000000007 0.8515625 0.3781250000000001 0.8515625 0.3781250000000001 0.86875 0.39531250000000007 0.86875
2 0.3984375000000001 0.8703125 0.37968750000000007 0.8703125 0.37968750000000007 0.89375 0.3984375000000001 0.89375
2 0.3921875000000001 0.9359375 0.3765625000000001 0.9359375 0.3765625000000001 0.959375 0.3921875000000001 0.959375
2 0.46093750000000017 0.7375 0.4500000000000002 0.7375 0.4500000000000002 0.7765625 0.46093750000000017 0.7765625
2 0.4593750000000002 0.8015625 0.4468750000000002 0.8015625 0.4468750000000002 0.8375 0.4593750000000002 0.8375
2 0.6921875 0.4609375 0.675 0.4609375 0.675 0.4828125 0.6921875 0.4828125
2 0.6921875 0.5015625 0.6765625 0.5015625 0.6765625 0.5265625 0.6921875 0.5265625
2 0.690625 0.51875 0.6765625 0.51875 0.6765625 0.559375 0.690625 0.559375
2 0.6546875 0.5015625 0.63125 0.5015625 0.63125 0.51875 0.6546875 0.51875
2 0.621875 0.503125 0.6 0.503125 0.6 0.5234375 0.621875 0.5234375
2 0.5468750000000001 0.71875 0.53125 0.71875 0.5312500000000001 0.75 0.5468750000000002 0.75
2 0.5453125000000002 0.753125 0.5312500000000002 0.753125 0.5312500000000002 0.7828125 0.5453125000000002 0.7828125
2 0.534375 0.7234375 0.521875 0.7234375 0.5218750000000001 0.759375 0.5343750000000002 0.759375
2 0.5296875000000002 0.828125 0.5218750000000002 0.828125 0.5218750000000002 0.86875 0.5296875000000002 0.86875
2 0.05937500000000008 0.628125 0.037500000000000075 0.628125 0.037500000000000075 0.6484375 0.05937500000000009 0.6484375
2 0.7140625 0.2640625000000001 0.6984375 0.2640625000000001 0.6984375 0.2984375000000001 0.7140625 0.2984375000000001
2 0.7515625 0.3031250000000001 0.73125 0.3031250000000001 0.73125 0.3390625000000001 0.7515625 0.3390625000000001
2 0.815625 0.8671875 0.803125 0.8671875 0.803125 0.8984375 0.815625 0.8984375
2 0.84375 0.878125 0.8296875 0.878125 0.8296875 0.9203125 0.84375 0.9203125
2 0.8515625 0.8765625 0.8421875 0.8765625 0.8421875 0.925 0.8515625 0.925
2 0.8109375 0.928125 0.7921875000000002 0.928125 0.7921875000000002 0.953125 0.8109375 0.953125
2 0.809375 0.95625 0.7890625000000002 0.95625 0.7890625000000002 0.9765625 0.809375 0.9765625
2 0.8046875 0.975 0.7859375000000002 0.975 0.7859375000000002 0.9921875 0.8046875 0.9921875
4 0.021875000000000085 0.6984375 0.009375000000000086 0.6984375 0.009375000000000086 0.7125 0.02187500000000009 0.7125
4 0.05156250000000009 0.6796875 0.04062500000000008 0.6796875 0.040625000000000085 0.7015625 0.05156250000000009 0.7015625
4 0.07343750000000009 0.6953125 0.05937500000000009 0.6953125 0.05937500000000009 0.7140625 0.07343750000000009 0.7140625
4 0.08593750000000008 0.6796875 0.07187500000000009 0.6796875 0.07187500000000009 0.6953125 0.08593750000000008 0.6953125
4 0.09531250000000009 0.6875 0.07656250000000009 0.6875 0.07656250000000009 0.7 0.09531250000000009 0.7
4 0.1140625000000001 0.65 0.10312500000000009 0.65 0.10312500000000009 0.6734375 0.1140625000000001 0.6734375
4 0.14062500000000008 0.6796875 0.12500000000000008 0.6796875 0.12500000000000008 0.7 0.14062500000000008 0.7
4 0.2875000000000001 0.6625 0.2734375000000001 0.6625 0.2734375000000001 0.6828125 0.2875000000000001 0.6828125
4 0.3031250000000001 0.6703125 0.2906250000000001 0.6703125 0.2906250000000001 0.6875 0.3031250000000001 0.6875
4 0.3421875000000001 0.659375 0.3312500000000001 0.659375 0.3312500000000001 0.6828125 0.3421875000000001 0.6828125
4 0.3703125000000001 0.6640625 0.3578125000000001 0.6640625 0.3578125000000001 0.678125 0.3703125000000001 0.678125
4 0.3781250000000001 0.6609375 0.3656250000000001 0.6609375 0.3656250000000001 0.678125 0.3781250000000001 0.678125
4 0.3546875000000001 0.5953125 0.3437500000000001 0.5953125 0.3437500000000001 0.609375 0.3546875000000001 0.609375
4 0.3671875000000001 0.6 0.35625000000000007 0.6 0.35625000000000007 0.6109375 0.3671875000000001 0.6109375
4 0.3781250000000001 0.59375 0.3671875000000001 0.59375 0.3671875000000001 0.615625 0.3781250000000001 0.615625
4 0.3859375000000001 0.6 0.3750000000000001 0.6 0.3750000000000001 0.61875 0.3859375000000001 0.61875
4 0.44062500000000016 0.75 0.43281250000000016 0.75 0.43281250000000016 0.7765625 0.44062500000000016 0.7765625
4 0.4609375000000001 0.7078125 0.446875 0.7078125 0.4468750000000001 0.7375 0.46093750000000017 0.7375
4 0.453125 0.4828125 0.44375 0.4828125 0.44375 0.509375 0.453125 0.509375
4 0.434375 0.590625 0.4234375 0.590625 0.4234375 0.609375 0.434375 0.609375
4 0.4421875 0.6046875 0.4296875 0.6046875 0.4296875 0.61875 0.4421875 0.61875
4 0.440625 0.615625 0.43125 0.615625 0.43125 0.6390625 0.440625 0.6390625
4 0.44375 0.3265625000000001 0.4328125 0.3265625000000001 0.4328125 0.3546875000000001 0.44375 0.3546875000000001
4 0.5765625 0.3515625000000001 0.5625 0.3515625000000001 0.5625 0.3765625000000001 0.5765625 0.3765625000000001
4 0.5234375 0.4203125 0.5140625 0.4203125 0.5140625 0.440625 0.5234375 0.440625
4 0.5203125 0.3828125000000001 0.5125 0.3828125000000001 0.5125 0.40625 0.5203125 0.40625
4 0.6921875 0.3359375000000001 0.6796875 0.3359375000000001 0.6796875 0.3468750000000001 0.6921875 0.3468750000000001
4 0.696875 0.3453125000000001 0.684375 0.3453125000000001 0.684375 0.3625000000000001 0.696875 0.3625000000000001
4 0.6296875 0.45625 0.61875 0.45625 0.61875 0.4734375 0.6296875 0.4734375
4 0.5953125 0.4859375 0.5828125 0.4859375 0.5828125 0.5015625 0.5953125 0.5015625
4 0.5796875 0.503125 0.5625 0.503125 0.5625 0.5140625 0.5796875 0.5140625
4 0.5609375 0.465625 0.5484375 0.465625 0.5484375 0.4875 0.5609375 0.4875
4 0.5375 0.4765625 0.5265625 0.4765625 0.5265625 0.49375 0.5375 0.49375
4 0.53125 0.521875 0.5203125 0.521875 0.5203125 0.5484375 0.53125 0.5484375
4 0.521875 0.584375 0.5125 0.584375 0.5125 0.6046875 0.521875 0.6046875
4 0.53125 0.5921875 0.521875 0.5921875 0.521875 0.6171875 0.53125 0.6171875
4 0.540625 0.56875 0.53125 0.56875 0.53125 0.5984375 0.540625 0.5984375
4 0.728125 0.3281250000000001 0.7140625 0.3281250000000001 0.7140625 0.3500000000000001 0.728125 0.3500000000000001
0 0.5234375000000002 0.7359375 0.5140625000000002 0.7359375 0.5140625000000002 0.7671875 0.5234375000000002 0.7671875
0 0.5359375000000002 0.775 0.5265625000000002 0.775 0.5265625000000002 0.8078125 0.5359375000000002 0.8078125
0 0.5421875000000002 0.8015625 0.5312500000000002 0.8015625 0.5312500000000002 0.825 0.5421875000000002 0.825
0 0.5453125000000002 0.825 0.5328125000000001 0.825 0.5328125000000001 0.8484375 0.5453125000000002 0.8484375
0 0.5453125000000002 0.8421875 0.5343750000000002 0.8421875 0.5343750000000002 0.8703125 0.5453125000000002 0.8703125
0 0.5437500000000002 0.8703125 0.5343750000000002 0.8703125 0.5343750000000002 0.8953125 0.5437500000000002 0.8953125
0 0.5453125000000002 0.8890625 0.5359375000000002 0.8890625 0.5359375000000002 0.9234375 0.5453125000000002 0.9234375
0 0.5296875000000002 0.8703125 0.5203125000000002 0.8703125 0.5203125000000002 0.896875 0.5296875000000002 0.896875
0 0.5312500000000002 0.94375 0.5218750000000002 0.94375 0.5218750000000002 0.96875 0.5312500000000002 0.96875
0 0.5390625000000002 0.9484375 0.5296875000000002 0.9484375 0.5296875000000002 0.9734375 0.5390625000000002 0.9734375
0 0.5296875000000002 0.9671875 0.5218750000000002 0.9671875 0.5218750000000002 0.9890625 0.5296875000000002 0.9890625
2 0.5703125000000002 0.9640625 0.5531250000000002 0.9640625 0.5531250000000002 0.984375 0.5703125000000002 0.984375
2 0.5703125000000002 0.9765625 0.5546875000000002 0.9765625 0.5546875000000002 0.99375 0.5703125000000002 0.99375
4 0.5125000000000002 0.8328125 0.5062500000000002 0.8328125 0.5062500000000002 0.8671875 0.5125000000000002 0.8671875
4 0.5093750000000001 0.878125 0.5015625000000001 0.878125 0.5015625000000001 0.9 0.5093750000000001 0.9
4 0.5187500000000002 0.8671875 0.5062500000000002 0.8671875 0.5062500000000002 0.8890625 0.5187500000000002 0.8890625
4 0.5156250000000002 0.9640625 0.5046875000000002 0.9640625 0.5046875000000002 0.9984375 0.5156250000000002 0.9984375
1 0.44843750000000016 0.8625 0.43281250000000016 0.8625 0.43281250000000016 0.9546875 0.44843750000000016 0.9546875
1 0.4546875 0.6 0.4421875 0.6 0.4421875 0.6890625 0.4546875 0.6890625
1 0.4671875 0.475 0.4515625 0.475 0.4515625 0.5484375 0.4671875 0.5484375
0 0.4 0.5921875 0.38750000000000007 0.5921875 0.38750000000000007 0.6109375 0.4 0.6109375
0 0.4640625 0.5875 0.45625 0.5875 0.45625 0.6125 0.4640625 0.6125
0 0.39531250000000007 0.6953125 0.3828125000000001 0.6953125 0.3828125000000001 0.7203125 0.39531250000000007 0.7203125
0 0.4500000000000002 0.75 0.44062500000000016 0.75 0.44062500000000016 0.778125 0.4500000000000002 0.778125
0 0.540625 0.63125 0.528125 0.63125 0.528125 0.6625 0.540625 0.6625
0 0.525 0.2953125000000001 0.5109375 0.2953125000000001 0.5109375 0.3203125000000001 0.525 0.3203125000000001
0 0.6515625 0.2968750000000001 0.6328125 0.2968750000000001 0.6328125 0.3218750000000001 0.6515625 0.3218750000000001
0 0.6953125 0.30156250000000007 0.6765625 0.30156250000000007 0.6765625 0.3265625000000001 0.6953125 0.3265625000000001
0 0.68125 0.3156250000000001 0.6625 0.3156250000000001 0.6625 0.3375000000000001 0.68125 0.3375000000000001
0 0.8625 0.2734375000000001 0.846875 0.2734375000000001 0.846875 0.3000000000000001 0.8625 0.3000000000000001
0 0.7890625 0.4593750000000002 0.76875 0.4593750000000002 0.76875 0.4890625000000002 0.7890625 0.4890625000000002
0 0.8078125 0.4781250000000002 0.7890625 0.4781250000000002 0.7890625 0.4984375000000002 0.8078125 0.4984375000000002
0 0.553125 0.10312500000000006 0.540625 0.10312500000000005 0.540625 0.14218750000000008 0.553125 0.14218750000000008
2 0.7921875 0.1625000000000001 0.7765625 0.1625000000000001 0.7765625 0.2015625000000001 0.7921875 0.2015625000000001
2 0.5859375 0.08750000000000006 0.5671875 0.08750000000000006 0.5671875 0.11875000000000009 0.5859375 0.11875000000000009
2 0.5734375 0.10156250000000008 0.5546875 0.10156250000000008 0.5546875 0.1218750000000001 0.5734375 0.1218750000000001
2 0.571875 0.11562500000000009 0.5484375 0.11562500000000009 0.5484375 0.1390625000000001 0.571875 0.1390625000000001
2 0.5734375 0.13281250000000008 0.55 0.13281250000000008 0.55 0.15000000000000008 0.5734375 0.15000000000000008
2 0.5765625 0.1515625000000001 0.553125 0.1515625000000001 0.553125 0.17343750000000008 0.5765625 0.17343750000000008
2 0.571875 0.17187500000000008 0.553125 0.17187500000000008 0.553125 0.19531250000000008 0.571875 0.19531250000000008
2 0.571875 0.1906250000000001 0.5515625 0.1906250000000001 0.5515625 0.2171875000000001 0.571875 0.2171875000000001
3 0.5828125 0.23593750000000008 0.565625 0.23593750000000008 0.565625 0.2796875000000001 0.5828125 0.2796875000000001
2 0.7703125 0.2406250000000001 0.7578125 0.2406250000000001 0.7578125 0.2812500000000001 0.7703125 0.2812500000000001
2 0.86875 0.11562500000000009 0.8578125 0.11562500000000009 0.8578125 0.15781250000000008 0.86875 0.15781250000000008
2 0.86875 0.1609375000000001 0.8578125 0.1609375000000001 0.8578125 0.19687500000000008 0.86875 0.19687500000000008
2 0.865625 0.1921875000000001 0.85625 0.1921875000000001 0.85625 0.22656250000000008 0.865625 0.22656250000000008
2 0.925 0.3156250000000001 0.9015625 0.3156250000000001 0.9015625 0.3421875000000001 0.925 0.3421875000000001
2 0.9640625 0.2531250000000001 0.953125 0.2531250000000001 0.953125 0.2796875000000001 0.9640625 0.2796875000000001
2 0.9859375 0.28593750000000007 0.9625 0.28593750000000007 0.9625 0.30156250000000007 0.9859375 0.30156250000000007
2 1 0.4781250000000002 0.98125 0.4781250000000002 0.98125 0.5000000000000002 1 0.5000000000000002
2 0.8359375 0.5062500000000002 0.815625 0.5062500000000002 0.815625 0.5250000000000001 0.8359375 0.5250000000000001
2 0.9046875 0.5171875000000001 0.8796875 0.5171875000000001 0.8796875 0.5375000000000002 0.9046875 0.5375000000000002
2 0.51875 0.14218750000000005 0.509375 0.14218750000000005 0.509375 0.18437500000000004 0.51875 0.18437500000000004
3 0.871875 0.3421875000000001 0.8515625 0.3421875000000001 0.8515625 0.3671875000000001 0.871875 0.3671875000000001
3 0.9390625 0.3546875000000001 0.91875 0.3546875000000001 0.91875 0.3812500000000001 0.9390625 0.3812500000000001
0 0.9421875 0.3468750000000001 0.925 0.3468750000000001 0.925 0.36406250000000007 0.9421875 0.36406250000000007
4 0.53125 0.10937500000000004 0.5171875 0.10937500000000004 0.5171875 0.12968750000000004 0.53125 0.12968750000000004
4 0.5375 0.19687500000000005 0.521875 0.19687500000000005 0.521875 0.2250000000000001 0.5375 0.2250000000000001
4 0.521875 0.2140625000000001 0.5109375 0.2140625000000001 0.5109375 0.23437500000000008 0.521875 0.23437500000000008
4 0.546875 0.2375000000000001 0.5359375 0.2375000000000001 0.5359375 0.2640625000000001 0.546875 0.2640625000000001
4 0.5578125 0.2500000000000001 0.5484375 0.2500000000000001 0.5484375 0.2718750000000001 0.5578125 0.2718750000000001
4 0.578125 0.3234375000000001 0.5640625 0.3234375000000001 0.5640625 0.34843750000000007 0.578125 0.34843750000000007
4 0.60625 0.2796875000000001 0.5875 0.2796875000000001 0.5875 0.3156250000000001 0.60625 0.3156250000000001
4 0.740625 0.3437500000000001 0.7265625 0.3437500000000001 0.7265625 0.3593750000000001 0.740625 0.3593750000000001
4 0.8 0.3437500000000001 0.7875 0.3437500000000001 0.7875 0.3546875000000001 0.8 0.3546875000000001
4 0.8234375 0.34062500000000007 0.809375 0.34062500000000007 0.809375 0.36406250000000007 0.8234375 0.36406250000000007
4 0.7234375 0.45625 0.7140625 0.45625 0.7140625 0.48125 0.7234375 0.48125
2 0.8125 0.2000000000000001 0.7984375 0.2000000000000001 0.7984375 0.2328125000000001 0.8125 0.2328125000000001
4 0.55 0.3906250000000001 0.5359375 0.3906250000000001 0.5359375 0.4203125 0.55 0.4203125
4 0.45 0.023437500000000056 0.4390625 0.023437500000000056 0.4390625 0.051562500000000046 0.45 0.051562500000000046
0 0.521875 0.03593750000000007 0.5109375 0.03593750000000007 0.5109375 0.06562500000000007 0.521875 0.06562500000000007
0 0.5546875 0.021875000000000068 0.540625 0.021875000000000068 0.540625 0.05156250000000007 0.5546875 0.05156250000000007
0 0.571875 0.01250000000000007 0.5609375 0.012500000000000067 0.5609375 0.04375000000000007 0.571875 0.04375000000000007
2 0.5921875 0.037500000000000075 0.565625 0.03750000000000007 0.565625 0.07187500000000006 0.5921875 0.07187500000000006
2 0.6171875 0.037500000000000075 0.5984375 0.037500000000000075 0.5984375 0.06250000000000007 0.6171875 0.06250000000000007
2 0.621875 0.012500000000000075 0.60625 0.012500000000000072 0.60625 0.037500000000000075 0.621875 0.037500000000000075
2 0.621875 7.48182653854086e-17 0.6 7.347880794884119e-17 0.6 0.012500000000000075 0.621875 0.012500000000000077
4 0.4578125 0.18906250000000005 0.440625 0.18906250000000005 0.440625 0.2171875000000001 0.4578125 0.2171875000000001
0 0.4703125 0.3890625000000001 0.4546875 0.3890625000000001 0.4546875 0.4203125 0.4703125 0.4203125
0 0.4640625 0.22812500000000008 0.45625 0.22812500000000008 0.45625 0.2578125000000001 0.4640625 0.2578125000000001
2 0.043750000000000025 0.19375 0.03281250000000002 0.19375 0.03281250000000003 0.240625 0.04375000000000003 0.240625
2 0.04375000000000001 0.059375 0.03281250000000001 0.059375 0.03281250000000001 0.1015625 0.04375000000000001 0.1015625
2 0.04218750000000002 0.1015625 0.031250000000000014 0.1015625 0.031250000000000014 0.140625 0.042187500000000024 0.140625
2 0.096875 0.021875000000000012 0.0765625 0.021875000000000012 0.0765625 0.046875000000000014 0.096875 0.046875000000000014
2 0.196875 0.050000000000000024 0.175 0.050000000000000024 0.175 0.06562500000000002 0.196875 0.06562500000000002
2 0.190625 0.07187500000000002 0.171875 0.07187500000000002 0.171875 0.09375000000000003 0.190625 0.09375000000000003
2 0.2125 0.051562500000000025 0.19375 0.051562500000000025 0.19375 0.07500000000000002 0.2125 0.07500000000000002
2 0.228125 0.057812500000000024 0.2125 0.057812500000000024 0.2125 0.08125000000000002 0.228125 0.08125000000000002
2 0.2984375 0.08125000000000004 0.2796875 0.08125000000000004 0.2796875 0.10312500000000005 0.2984375 0.10312500000000005
2 0.3140625 0.08750000000000005 0.296875 0.08750000000000005 0.296875 0.10468750000000004 0.3140625 0.10468750000000004
2 0.340625 0.09062500000000004 0.321875 0.09062500000000004 0.321875 0.11093750000000005 0.340625 0.11093750000000005
2 0.4109375 0.14531250000000004 0.3953125 0.14531250000000004 0.3953125 0.18750000000000006 0.4109375 0.18750000000000006
2 0.415625 0.15781250000000005 0.40625 0.15781250000000005 0.40625 0.2015625000000001 0.415625 0.2015625000000001
2 0.4328125 0.16093750000000004 0.4140625 0.16093750000000004 0.4140625 0.19218750000000004 0.4328125 0.19218750000000004
4 0.459375 0.09062500000000005 0.45 0.09062500000000004 0.45 0.11250000000000004 0.459375 0.11250000000000004
4 0.43125 0.10937500000000004 0.4203125 0.10937500000000004 0.4203125 0.13281250000000006 0.43125 0.13281250000000006
4 0.4609375 0.11875000000000005 0.45 0.11875000000000005 0.45 0.14531250000000004 0.4609375 0.14531250000000004
2 0.3375 0.03281250000000004 0.3296875 0.03281250000000004 0.3296875 0.07343750000000004 0.3375 0.07343750000000004
2 0.3625 0.034375000000000044 0.3484375 0.034375000000000044 0.3484375 0.07656250000000005 0.3625 0.07656250000000005
2 0.2296875 0.2375 0.21875 0.2375 0.21875 0.2671875 0.2296875 0.2671875