2 0.346875 0.2703125 0.3296875 0.2703125 0.3296875 0.2859375 0.346875 0.2859375
2 0.4046875 0.2328125000000001 0.39375 0.2328125000000001 0.39375 0.25468750000000007 0.4046875 0.25468750000000007
2 0.396875 0.19687500000000005 0.38125 0.19687500000000005 0.38125 0.2156250000000001 0.396875 0.2156250000000001
2 0.5078125 0.3078125000000001 0.5015625 0.3078125000000001 0.5015625 0.3359375000000001 0.5078125 0.3359375000000001
2 0.51875 0.3062500000000001 0.5109375 0.3062500000000001 0.5109375 0.3359375000000001 0.51875 0.3359375000000001
2 0.559375 0.2984375000000001 0.553125 0.2984375000000001 0.553125 0.3234375000000001 0.559375 0.3234375000000001
2 0.5703125 0.3000000000000001 0.5609375 0.3000000000000001 0.5609375 0.32500000000000007 0.5703125 0.32500000000000007
2 0.9640625 0.8609375 0.953125 0.8609375 0.953125 0.8875 0.9640625 0.8875
2 0.946875 0.896875 0.9390625 0.896875 0.9390625 0.9234375 0.946875 0.9234375
2 0.7203125 0.640625 0.7125 0.640625 0.7125 0.6640625 0.7203125 0.6640625
6 0.903125 0.6296875000000002 0.8640625 0.6296875000000002 0.8640625 0.6500000000000001 0.903125 0.6500000000000001
5 0.740625 0.3703125000000001 0.6953125 0.3703125000000001 0.6953125 0.3906250000000001 0.740625 0.3906250000000001
6 0.6828125 0.3703125000000001 0.640625 0.3703125000000001 0.640625 0.3906250000000001 0.6828125 0.3906250000000001
6 0.2875000000000001 0.61875 0.2562500000000001 0.61875 0.2562500000000001 0.6390625 0.2875000000000001 0.6390625
6 0.1546875000000001 0.6265625 0.11718750000000008 0.6265625 0.11718750000000008 0.6453125 0.1546875000000001 0.6453125
6 0.1312500000000001 0.653125 0.09218750000000009 0.653125 0.09218750000000009 0.678125 0.1312500000000001 0.678125
4 0.5484375 0.2656250000000001 0.54375 0.2656250000000001 0.54375 0.2796875000000001 0.5484375 0.2796875000000001
3 0.7656250000000002 0.846875 0.7437500000000001 0.846875 0.7437500000000001 0.8640625 0.7656250000000002 0.8640625
3 0.7156250000000002 0.88125 0.7062500000000002 0.88125 0.7062500000000002 0.915625 0.7156250000000002 0.915625
4 0.525 0.2656250000000001 0.521875 0.2656250000000001 0.521875 0.2796875000000001 0.525 0.2796875000000001
4 0.5421875 0.2796875000000001 0.5390625 0.2796875000000001 0.5390625 0.29375000000000007 0.5421875 0.29375000000000007
4 0.56875 0.2687500000000001 0.5640625 0.2687500000000001 0.5640625 0.2828125000000001 0.56875 0.2828125000000001
4 0.5796875 0.2921875000000001 0.5765625 0.2921875000000001 0.5765625 0.3062500000000001 0.5796875 0.3062500000000001
4 0.565625 0.22656250000000008 0.5625 0.22656250000000008 0.5625 0.24218750000000008 0.565625 0.24218750000000008
4 0.5328125 0.2156250000000001 0.5296875 0.2156250000000001 0.5296875 0.2250000000000001 0.5328125 0.2250000000000001
4 0.5421875 0.2156250000000001 0.5375 0.2156250000000001 0.5375 0.22656250000000008 0.5421875 0.22656250000000008
4 0.5828125 0.22812500000000008 0.5796875 0.22812500000000008 0.5796875 0.2406250000000001 0.5828125 0.2406250000000001
4 0.51875 0.2656250000000001 0.5140625 0.2656250000000001 0.5140625 0.27812500000000007 0.51875 0.27812500000000007
4 0.4125 0.2562500000000001 0.409375 0.2562500000000001 0.409375 0.27031250000000007 0.4125 0.27031250000000007
4 0.575 0.22812500000000008 0.5703125 0.22812500000000008 0.5703125 0.24218750000000008 0.575 0.24218750000000008
4 0.53125 0.2656250000000001 0.528125 0.2656250000000001 0.528125 0.2796875000000001 0.53125 0.2796875000000001
4 0.5375 0.2828125000000001 0.534375 0.2828125000000001 0.534375 0.29375000000000007 0.5375 0.29375000000000007
4 0.546875 0.2843750000000001 0.54375 0.2843750000000001 0.54375 0.2953125000000001 0.546875 0.2953125000000001
0 0.828125 0.6390625000000002 0.8125 0.6390625000000002 0.8125 0.6546875000000002 0.828125 0.6546875000000002
2 0.68125 0.634375 0.675 0.634375 0.675 0.659375 0.68125 0.659375
2 0.675 0.6171875 0.66875 0.6171875 0.66875 0.640625 0.675 0.640625
2 0.6671875 0.621875 0.6609375 0.621875 0.6609375 0.64375 0.6671875 0.64375
2 0.6734375 0.6453125 0.6671875 0.6453125 0.6671875 0.6640625 0.6734375 0.6640625
0 0.8234375 0.5984375000000002 0.8125 0.5984375000000002 0.8125 0.6078125000000002 0.8234375 0.6078125000000002
5 1 0.5484375000000001 0.928125 0.5484375000000001 0.928125 0.5718750000000001 1 0.5718750000000001
0 0.1609375000000001 0.6046875 0.1515625000000001 0.6046875 0.1515625000000001 0.615625 0.1609375000000001 0.615625
2 0.5796875 0.615625 0.56875 0.615625 0.56875 0.6265625 0.5796875 0.6265625
6 0.5015625 0.4765625 0.4625 0.4765625 0.4625 0.49375 0.5015625 0.49375
6 0.975 0.5828125000000002 0.946875 0.5828125000000002 0.946875 0.6062500000000002 0.975 0.6062500000000002
2 0.859375 0.5906250000000002 0.8484375 0.5906250000000002 0.8484375 0.6078125000000002 0.859375 0.6078125000000002
0 0.7625 0.3890625000000001 0.7546875 0.3890625000000001 0.7546875 0.3984375000000001 0.7625 0.3984375000000001
6 0.15781250000000005 0.45 0.11562500000000005 0.45 0.11562500000000005 0.46875 0.15781250000000005 0.46875
6 0.7015625 0.484375 0.6703125 0.484375 0.6703125 0.5015625 0.7015625 0.5015625
4 0.3000000000000001 0.5515625 0.2906250000000001 0.5515625 0.2906250000000001 0.5609375 0.3000000000000001 0.5609375
2 0.8140625 0.3765625000000001 0.7984375 0.3765625000000001 0.7984375 0.3921875000000001 0.8140625 0.3921875000000001
2 0.5734375 0.575 0.5578125 0.575 0.5578125 0.5890625 0.5734375 0.5890625
6 0.34062500000000007 0.3921875 0.3156250000000001 0.3921875 0.3156250000000001 0.409375 0.34062500000000007 0.409375
4 0.1281250000000001 0.6015625 0.11875000000000009 0.6015625 0.11875000000000009 0.6125 0.1281250000000001 0.6125
4 0.5703125 0.3906250000000001 0.5640625 0.3906250000000001 0.5640625 0.4015625 0.5703125 0.4015625
6 0.6671875 0.453125 0.6265625 0.453125 0.6265625 0.4734375 0.6671875 0.4734375
2 0.36406250000000007 0.5796875 0.3500000000000001 0.5796875 0.3500000000000001 0.59375 0.36406250000000007 0.59375
6 0.5953125 0.459375 0.565625 0.459375 0.565625 0.475 0.5953125 0.475
5 0.3156250000000001 0.4640625 0.27031250000000007 0.4640625 0.27031250000000007 0.484375 0.3156250000000001 0.484375
0 0.026562500000000065 0.5578125 0.00781250000000007 0.5578125 0.00781250000000007 0.5703125 0.026562500000000065 0.5703125
6 0.6921875 0.434375 0.6609375 0.434375 0.6609375 0.4546875 0.6921875 0.4546875
6 0.753125 0.4218750000000001 0.7234375 0.421875 0.7234375 0.4453125000000001 0.753125 0.44531250000000017
6 0.803125 0.41718750000000016 0.7625 0.41718750000000016 0.7625 0.4468750000000002 0.803125 0.4468750000000002
6 0.8125 0.46406250000000016 0.78125 0.46406250000000016 0.78125 0.48437500000000017 0.8125 0.48437500000000017
6 0.8640625 0.4046875000000002 0.8296875 0.4046875000000002 0.8296875 0.42500000000000016 0.8640625 0.42500000000000016
3 0.8546875 0.35625000000000007 0.84375 0.35625000000000007 0.84375 0.3843750000000001 0.8546875 0.3843750000000001
2 0.9171875 0.3812500000000001 0.9015625 0.3812500000000001 0.9015625 0.39531250000000007 0.9171875 0.39531250000000007
5 0.978125 0.3734375000000001 0.93125 0.3734375000000001 0.93125 0.3937500000000001 0.978125 0.3937500000000001
2 0.99375 0.8015625 0.9765625 0.8015625 0.9765625 0.828125 0.99375 0.828125
2 0.9796875 0.85625 0.96875 0.85625 0.96875 0.8765625 0.9796875 0.8765625
2 0.9734375 0.9125 0.9640625 0.9125 0.9640625 0.9359375 0.9734375 0.9359375
2 0.996875 0.871875 0.984375 0.871875 0.984375 0.9 0.996875 0.9
2 1 0.903125 0.9953125 0.903125 0.9953125 0.928125 1 0.928125
0 0.796875 0.5984375000000002 0.7859375 0.5984375000000002 0.7859375 0.6093750000000002 0.796875 0.6093750000000002
2 0.83125 0.5625000000000002 0.8171875 0.5625000000000002 0.8171875 0.5812500000000002 0.83125 0.5812500000000002
3 0.76875 0.5593750000000002 0.7546875 0.5593750000000002 0.7546875 0.5734375000000002 0.76875 0.5734375000000002
3 0.7578125 0.5921875000000002 0.7375 0.5921875000000002 0.7375 0.6093750000000002 0.7578125 0.6093750000000002
6 0.734375 0.5937500000000001 0.7046875 0.59375 0.7046875 0.6156250000000001 0.734375 0.6156250000000002
6 0.778125 0.5218750000000002 0.7375 0.5218750000000002 0.7375 0.5468750000000002 0.778125 0.5468750000000002
4 0.7921875 0.5546875000000002 0.784375 0.5546875000000002 0.784375 0.5687500000000002 0.7921875 0.5687500000000002
4 0.775 0.5796875000000001 0.765625 0.5796875000000001 0.765625 0.5890625000000002 0.775 0.5890625000000002
4 0.6640625 0.540625 0.65 0.540625 0.65 0.55625 0.6640625 0.55625
2 0.6046875 0.55625 0.590625 0.55625 0.590625 0.5703125 0.6046875 0.5703125
6 0.63125 0.528125 0.6078125 0.528125 0.6078125 0.5515625 0.63125 0.5515625
6 0.8375 0.5093750000000001 0.8109375 0.5093750000000001 0.8109375 0.5328125000000001 0.8375 0.5328125000000001
5 0.98125 0.5109375000000002 0.9203125 0.5109375000000002 0.9203125 0.5359375000000002 0.98125 0.5359375000000002