2 0.040625000000000064 0.5265625 0.028125000000000067 0.5265625 0.028125000000000067 0.5671875 0.040625000000000064 0.5671875
2 0.21875000000000008 0.3703125 0.2078125000000001 0.3703125 0.2078125000000001 0.4125 0.21875000000000008 0.4125
2 0.22656250000000008 0.4640625 0.2156250000000001 0.4640625 0.2156250000000001 0.5046875 0.22656250000000008 0.5046875
2 0.2250000000000001 0.50625 0.2140625000000001 0.50625 0.2140625000000001 0.5359375 0.2250000000000001 0.5359375
2 0.06718750000000008 0.628125 0.04218750000000008 0.628125 0.04218750000000008 0.6484375 0.0671875000000001 0.6484375
2 0.2062500000000001 0.7171875 0.18750000000000008 0.7171875 0.18750000000000008 0.7359375 0.2062500000000001 0.7359375
2 0.3546875000000001 0.6375 0.3296875000000001 0.6375 0.3296875000000001 0.6546875 0.3546875000000001 0.6546875
2 0.425 0.4609375 0.4171875 0.4609375 0.4171875 0.4890625 0.425 0.4890625
2 0.421875 0.49375 0.415625 0.49375 0.415625 0.534375 0.421875 0.534375
2 0.4578125 0.525 0.4484375 0.525 0.4484375 0.559375 0.4578125 0.559375
2 0.465625 0.5828125 0.453125 0.5828125 0.453125 0.6109375 0.465625 0.6109375
2 0.446875 0.596875 0.4375 0.596875 0.4375 0.6328125 0.446875 0.6328125
2 0.4671875 0.646875 0.45625 0.646875 0.45625 0.690625 0.4671875 0.690625
2 0.4546875 0.6859375 0.44375 0.6859375 0.44375 0.725 0.4546875 0.725
2 0.46875 0.6140625 0.459375 0.6140625 0.459375 0.6484375 0.46875 0.6484375
2 0.471875 0.3234375000000001 0.4625 0.3234375000000001 0.4625 0.35625000000000007 0.471875 0.35625000000000007
2 0.559375 0.3578125000000001 0.5390625 0.3578125000000001 0.5390625 0.3812500000000001 0.559375 0.3812500000000001
2 0.528125 0.3187500000000001 0.5140625 0.3187500000000001 0.5140625 0.3593750000000001 0.528125 0.3593750000000001
2 0.5578125 0.4296875 0.540625 0.4296875 0.540625 0.45625 0.5578125 0.45625
2 0.5453125 0.4375 0.528125 0.4375 0.528125 0.465625 0.5453125 0.465625
2 0.546875 0.45625 0.521875 0.45625 0.521875 0.4828125 0.546875 0.4828125
2 0.5578125 0.4859375 0.5421875 0.4859375 0.5421875 0.509375 0.5578125 0.509375
2 0.525 0.5203125 0.5140625 0.5203125 0.5140625 0.55625 0.525 0.55625
2 0.55 0.725 0.5359375 0.725 0.5359375000000001 0.7546875 0.5500000000000002 0.7546875
2 0.5359375000000002 0.73125 0.5281250000000002 0.73125 0.5281250000000002 0.7625 0.5359375000000002 0.7625
2 0.5500000000000002 0.7609375 0.5359375000000002 0.7609375 0.5359375000000002 0.7859375 0.5500000000000002 0.7859375
2 0.5375000000000002 0.83125 0.5265625000000002 0.83125 0.5265625000000002 0.8671875 0.5375000000000002 0.8671875
2 0.5250000000000001 0.890625 0.5156250000000002 0.890625 0.5156250000000002 0.9265625 0.5250000000000001 0.9265625
2 0.6453125 0.490625 0.621875 0.490625 0.621875 0.51875 0.6453125 0.51875
2 0.4375 0.4 0.428125 0.4 0.428125 0.4234375 0.4375 0.4234375
2 0.5718750000000001 0.959375 0.5546875000000002 0.959375 0.5546875000000002 0.98125 0.5718750000000001 0.98125
2 0.5718750000000001 0.9796875 0.5546875000000002 0.9796875 0.5546875000000002 1 0.5718750000000001 1
2 0.821875 0.8734375 0.809375 0.8734375 0.809375 0.909375 0.821875 0.909375
2 0.8453125 0.8875 0.8328125 0.8875 0.8328125 0.925 0.8453125 0.925
2 0.8546875 0.8859375 0.84375 0.8859375 0.84375 0.9234375 0.8546875 0.9234375
2 0.815625 0.9421875 0.7984375000000001 0.9421875 0.7984375000000001 0.9640625 0.815625 0.9640625
2 0.8140625 0.959375 0.7984375000000001 0.959375 0.7984375000000001 0.9796875 0.8140625 0.9796875
2 0.809375 0.98125 0.7968750000000002 0.98125 0.7968750000000002 1 0.809375 1
2 0.8390625 0.5109375000000002 0.81875 0.5109375000000002 0.81875 0.5359375000000002 0.8390625 0.5359375000000002
2 0.85 0.4671875000000002 0.825 0.4671875000000002 0.825 0.4859375000000002 0.85 0.4859375000000002
2 0.9265625 0.3203125000000001 0.909375 0.3203125000000001 0.909375 0.3437500000000001 0.9265625 0.3437500000000001
2 0.68125 0.4953125 0.665625 0.4953125 0.665625 0.521875 0.68125 0.521875
2 0.6984375 0.50625 0.68125 0.50625 0.68125 0.534375 0.6984375 0.534375
2 0.6984375 0.525 0.6828125 0.525 0.6828125 0.5640625 0.6984375 0.5640625
2 0.975 0.3625000000000001 0.9515625 0.3625000000000001 0.9515625 0.3812500000000001 0.975 0.3812500000000001
2 0.7171875 0.2671875000000001 0.7046875 0.2671875000000001 0.7046875 0.2968750000000001 0.7171875 0.2968750000000001
2 0.5296875 0.2296875000000001 0.5140625 0.2296875000000001 0.5140625 0.2656250000000001 0.5296875 0.2656250000000001
2 0.453125 0.27031250000000007 0.440625 0.27031250000000007 0.440625 0.3109375000000001 0.453125 0.3109375000000001
2 0.7875 0.2406250000000001 0.76875 0.2406250000000001 0.76875 0.2718750000000001 0.7875 0.2718750000000001
2 0.8765625 0.12343750000000009 0.8625 0.12343750000000009 0.8625 0.15781250000000008 0.8765625 0.15781250000000008
2 0.8734375 0.1671875000000001 0.8609375 0.1671875000000001 0.8609375 0.1984375000000001 0.8734375 0.1984375000000001
2 0.8703125 0.1937500000000001 0.8609375 0.1937500000000001 0.8609375 0.23437500000000008 0.8703125 0.23437500000000008
2 0.8125 0.2093750000000001 0.803125 0.2093750000000001 0.803125 0.2312500000000001 0.8125 0.2312500000000001
3 0.5890625 0.2406250000000001 0.571875 0.2406250000000001 0.571875 0.2828125000000001 0.5890625 0.2828125000000001
2 0.6234375 7.539231857250894e-17 0.6078125 7.443556326067507e-17 0.6078125 0.018750000000000076 0.6234375 0.01875000000000008
2 0.628125 0.014062500000000075 0.6078125 0.014062500000000071 0.6078125 0.04062500000000008 0.628125 0.04062500000000008
2 0.621875 0.04062500000000008 0.6 0.04062500000000008 0.6 0.06093750000000007 0.621875 0.06093750000000007
2 0.596875 0.045312500000000075 0.571875 0.04531250000000007 0.571875 0.06875000000000006 0.596875 0.06875000000000006
2 0.5875 0.08906250000000007 0.56875 0.08906250000000007 0.56875 0.11562500000000009 0.5875 0.11562500000000009
2 0.578125 0.10312500000000009 0.559375 0.10312500000000009 0.559375 0.12500000000000008 0.578125 0.12500000000000008
2 0.5734375 0.11875000000000009 0.553125 0.11875000000000009 0.553125 0.1390625000000001 0.5734375 0.1390625000000001
2 0.5765625 0.1375000000000001 0.55625 0.1375000000000001 0.55625 0.1609375000000001 0.5765625 0.1609375000000001
2 0.5796875 0.1531250000000001 0.553125 0.1531250000000001 0.553125 0.17343750000000008 0.5796875 0.17343750000000008
2 0.575 0.1703125000000001 0.5578125 0.1703125000000001 0.5578125 0.2000000000000001 0.575 0.2000000000000001
2 0.5734375 0.1921875000000001 0.5546875 0.1921875000000001 0.5546875 0.21875000000000008 0.5734375 0.21875000000000008
2 0.534375 0.03750000000000007 0.5234375 0.03750000000000007 0.5234375 0.06875000000000006 0.534375 0.06875000000000006
2 0.4375 0.17187500000000006 0.4203125 0.17187500000000006 0.4203125 0.19062500000000004 0.4375 0.19062500000000004
2 0.4171875 0.16250000000000003 0.409375 0.16250000000000003 0.409375 0.2015625000000001 0.4171875 0.2015625000000001
2 0.4109375 0.15156250000000004 0.4015625 0.15156250000000004 0.4015625 0.18281250000000004 0.4109375 0.18281250000000004
2 0.36875 0.03906250000000004 0.3546875 0.03906250000000004 0.3546875 0.08437500000000005 0.36875 0.08437500000000005
2 0.346875 0.09843750000000004 0.328125 0.09843750000000004 0.328125 0.11406250000000004 0.346875 0.11406250000000004
2 0.3015625 0.08906250000000004 0.284375 0.08906250000000004 0.284375 0.11093750000000005 0.3015625 0.11093750000000005
2 0.3171875 0.08906250000000004 0.2984375 0.08906250000000004 0.2984375 0.10781250000000005 0.3171875 0.10781250000000005
2 0.2375 0.059375000000000025 0.21875 0.059375000000000025 0.21875 0.08750000000000002 0.2375 0.08750000000000002
2 0.1984375 0.059375000000000025 0.184375 0.059375000000000025 0.184375 0.07500000000000002 0.1984375 0.07500000000000002
2 0.1046875 0.02656250000000001 0.0796875 0.02656250000000001 0.0796875 0.04531250000000001 0.1046875 0.04531250000000001
2 0.04843750000000003 0.1984375 0.03750000000000002 0.1984375 0.037500000000000026 0.2421875 0.048437500000000036 0.2421875
2 0.050000000000000024 0.1046875 0.04218750000000001 0.1046875 0.04218750000000002 0.146875 0.050000000000000024 0.146875
2 0.05156250000000001 0.065625 0.04062500000000001 0.065625 0.04062500000000001 0.10625 0.051562500000000025 0.10625
2 0.2375 0.240625 0.225 0.240625 0.225 0.271875 0.2375 0.271875
2 0.2203125 0.2859375 0.2109375 0.2859375 0.2109375 0.3203125 0.2203125 0.3203125
0 0.578125 0.01718750000000007 0.5640625 0.017187500000000067 0.5640625 0.04375000000000007 0.578125 0.04375000000000007
0 0.5578125 0.034375000000000065 0.546875 0.034375000000000065 0.546875 0.06250000000000007 0.5578125 0.06250000000000007
0 0.5578125 0.11562500000000009 0.5484375 0.11562500000000009 0.5484375 0.14218750000000008 0.5578125 0.14218750000000008
0 0.6546875 0.3062500000000001 0.6390625 0.3062500000000001 0.6390625 0.32500000000000007 0.6546875 0.32500000000000007
0 0.6984375 0.30937500000000007 0.6828125 0.30937500000000007 0.6828125 0.32500000000000007 0.6984375 0.32500000000000007
3 0.7140625 0.29375000000000007 0.696875 0.29375000000000007 0.696875 0.3203125000000001 0.7140625 0.3203125000000001
0 0.8640625 0.3421875000000001 0.84375 0.3421875000000001 0.84375 0.3671875000000001 0.8640625 0.3671875000000001
0 0.7296875 0.5093750000000001 0.7140625 0.509375 0.7140625 0.5296875000000001 0.7296875 0.5296875000000002
0 0.559375 0.5109375 0.5484375 0.5109375 0.5484375 0.5296875 0.559375 0.5296875
0 0.5265625 0.490625 0.5171875 0.490625 0.5171875 0.5203125 0.5265625 0.5203125
0 0.5453125 0.6390625 0.5328125 0.6390625 0.5328125 0.6671875 0.5453125 0.6671875
0 0.5234375000000002 0.7984375 0.5156250000000002 0.7984375 0.5156250000000002 0.825 0.5234375000000002 0.825
0 0.5406250000000001 0.7875 0.5281250000000002 0.7875 0.5281250000000002 0.809375 0.5406250000000001 0.809375
0 0.5437500000000002 0.803125 0.5359375000000002 0.803125 0.5359375000000002 0.8296875 0.5437500000000002 0.8296875
0 0.5468750000000002 0.828125 0.5375000000000002 0.828125 0.5375000000000002 0.853125 0.5468750000000002 0.853125
0 0.5468750000000002 0.8515625 0.5359375000000002 0.8515625 0.5359375000000002 0.871875 0.5468750000000002 0.871875
0 0.5515625000000002 0.86875 0.5359375000000002 0.86875 0.5359375000000002 0.9046875 0.5515625000000002 0.9046875
0 0.4437500000000001 0.7109375 0.434375 0.7109375 0.43437500000000007 0.7453125 0.4437500000000002 0.7453125
0 0.4453125 0.66875 0.434375 0.66875 0.434375 0.6890625 0.4453125 0.6890625
0 0.440625 0.5203125 0.43125 0.5203125 0.43125 0.5515625 0.440625 0.5515625
0 0.4203125 0.5890625 0.4078125 0.5890625 0.4078125 0.609375 0.4203125 0.609375
0 0.4015625 0.6015625 0.3906250000000001 0.6015625 0.3906250000000001 0.615625 0.4015625 0.615625
0 0.409375 0.6234375 0.39531250000000007 0.6234375 0.39531250000000007 0.64375 0.409375 0.64375
0 0.45 0.39531250000000007 0.440625 0.39531250000000007 0.440625 0.4203125 0.45 0.4203125
0 0.45625 0.4125 0.446875 0.4125 0.446875 0.4453125 0.45625 0.4453125
0 0.4015625 0.696875 0.38750000000000007 0.696875 0.38750000000000007 0.7203125 0.4015625 0.7203125
0 0.5312500000000002 0.95 0.5250000000000001 0.95 0.5250000000000001 0.9796875 0.5312500000000002 0.9796875
0 0.5437500000000002 0.9484375 0.5343750000000002 0.9484375 0.5343750000000002 0.978125 0.5437500000000002 0.978125
0 0.5328125000000001 0.9734375 0.5250000000000001 0.9734375 0.5250000000000001 0.9984375 0.5328125000000001 0.9984375
2 0.40156250000000016 0.7609375 0.3906250000000001 0.7609375 0.3906250000000001 0.796875 0.40156250000000016 0.796875
2 0.3984375000000001 0.8359375 0.3843750000000001 0.8359375 0.3843750000000001 0.8640625 0.3984375000000001 0.8640625
2 0.4000000000000002 0.85625 0.3843750000000001 0.85625 0.3843750000000001 0.875 0.4000000000000002 0.875
2 0.3968750000000001 0.8734375 0.3843750000000001 0.8734375 0.3843750000000001 0.9046875 0.3968750000000001 0.9046875
2 0.3937500000000001 0.9421875 0.3828125000000001 0.9421875 0.3828125000000001 0.965625 0.3937500000000001 0.965625
0 0.2953125000000001 0.7 0.2812500000000001 0.7 0.2812500000000001 0.7203125 0.2953125000000001 0.7203125
4 0.0984375000000001 0.653125 0.08906250000000009 0.653125 0.08906250000000009 0.671875 0.0984375000000001 0.671875
4 0.1390625000000001 0.6515625 0.12656250000000008 0.6515625 0.12656250000000008 0.6703125 0.1390625000000001 0.6703125
4 0.1515625000000001 0.6609375 0.1359375000000001 0.6609375 0.1359375000000001 0.68125 0.1515625000000001 0.68125
4 0.1781250000000001 0.6484375 0.16562500000000008 0.6484375 0.16562500000000008 0.659375 0.1781250000000001 0.659375
4 0.3453125000000001 0.6140625 0.33281250000000007 0.6140625 0.33281250000000007 0.6390625 0.3453125000000001 0.6390625
4 0.3703125000000001 0.625 0.3609375000000001 0.625 0.3609375000000001 0.6390625 0.3703125000000001 0.6390625
4 0.3609375000000001 0.5984375 0.3453125000000001 0.5984375 0.3453125000000001 0.61875 0.3609375000000001 0.61875
4 0.37968750000000007 0.675 0.3687500000000001 0.675 0.3687500000000001 0.69375 0.37968750000000007 0.69375
4 0.43750000000000017 0.803125 0.4265625000000002 0.803125 0.4265625000000002 0.825 0.43750000000000017 0.825
4 0.4437500000000002 0.825 0.4343750000000002 0.825 0.4343750000000002 0.853125 0.4437500000000002 0.853125
4 0.44843750000000016 0.8484375 0.4390625000000002 0.8484375 0.4390625000000002 0.8703125 0.44843750000000016 0.8703125
4 0.45312500000000017 0.865625 0.44531250000000017 0.865625 0.44531250000000017 0.884375 0.45312500000000017 0.884375
4 0.5125000000000002 0.94375 0.5046875000000002 0.94375 0.5046875000000002 0.971875 0.5125000000000002 0.971875
4 0.5109375000000002 0.890625 0.5046875000000002 0.890625 0.5046875000000002 0.9171875 0.5109375000000002 0.9171875
4 0.5171875000000001 0.8921875 0.5109375000000002 0.8921875 0.5109375000000002 0.915625 0.5171875000000001 0.915625
4 0.5140625000000002 0.7984375 0.5062500000000002 0.7984375 0.5062500000000002 0.825 0.5140625000000002 0.825
4 0.5296875000000002 0.8078125 0.5234375000000002 0.8078125 0.5234375000000002 0.83125 0.5296875000000002 0.83125
4 0.5281250000000001 0.721875 0.5203125 0.721875 0.5203125000000001 0.7453125 0.5281250000000002 0.7453125
4 0.528125 0.6609375 0.51875 0.6609375 0.51875 0.690625 0.528125 0.690625
4 0.5375 0.5921875 0.5265625 0.5921875 0.5265625 0.6140625 0.5375 0.6140625
4 0.440625 0.646875 0.4296875 0.646875 0.4296875 0.6671875 0.440625 0.6671875
4 0.4484375 0.646875 0.4421875 0.646875 0.4421875 0.6625 0.4484375 0.6625
4 0.4421875 0.4875 0.43125 0.4875 0.43125 0.5109375 0.4421875 0.5109375
4 0.4390625 0.4328125 0.434375 0.4328125 0.434375 0.4546875 0.4390625 0.4546875
4 0.471875 0.4125 0.465625 0.4125 0.465625 0.4296875 0.471875 0.4296875
4 0.465625 0.409375 0.4578125 0.409375 0.4578125 0.43125 0.465625 0.43125
4 0.5921875 0.4578125 0.5859375 0.4578125 0.5859375 0.4796875 0.5921875 0.4796875
4 0.6421875 0.4609375 0.6328125 0.4609375 0.6328125 0.4765625 0.6421875 0.4765625
4 0.6328125 0.4765625 0.6234375 0.4765625 0.6234375 0.4890625 0.6328125 0.4890625
4 0.61875 0.471875 0.6125 0.471875 0.6125 0.490625 0.61875 0.490625
4 0.609375 0.4796875 0.5984375 0.4796875 0.5984375 0.4953125 0.609375 0.4953125
4 0.5734375 0.484375 0.5609375 0.484375 0.5609375 0.4984375 0.5734375 0.4984375
4 0.584375 0.5 0.5734375 0.5 0.5734375 0.5125 0.584375 0.5125
4 0.59375 0.475 0.5828125 0.475 0.5828125 0.49375 0.59375 0.49375
2 0.621875 0.50625 0.6046875 0.50625 0.6046875 0.53125 0.621875 0.53125
4 0.4375 0.565625 0.4296875 0.565625 0.4296875 0.5875 0.4375 0.5875
4 0.440625 0.5703125 0.4359375 0.5703125 0.4359375 0.5875 0.440625 0.5875
4 0.446875 0.5546875 0.4421875 0.5546875 0.4421875 0.5734375 0.446875 0.5734375
4 0.4546875 0.5671875 0.4453125 0.5671875 0.4453125 0.5859375 0.4546875 0.5859375
4 0.4578125 0.659375 0.4484375 0.659375 0.4484375 0.6828125 0.4578125 0.6828125
2 0.5171875000000001 0.7078125 0.50625 0.7078125 0.5062500000000001 0.7484375 0.5171875000000001 0.7484375
3 0.53125 0.55625 0.5171875 0.55625 0.5171875 0.5765625 0.53125 0.5765625
4 0.878125 0.4859375000000002 0.8640625 0.4859375000000002 0.8640625 0.5078125000000002 0.878125 0.5078125000000002
4 0.825 0.4890625000000002 0.8125 0.4890625000000002 0.8125 0.5031250000000002 0.825 0.5031250000000002
4 0.765625 0.4812500000000002 0.75 0.4812500000000002 0.75 0.49531250000000016 0.765625 0.49531250000000016
4 0.7078125 0.4640625 0.6890625 0.4640625 0.6890625 0.475 0.7078125 0.475
4 0.6703125 0.484375 0.6546875 0.484375 0.6546875 0.4984375 0.6703125 0.4984375
4 0.703125 0.33281250000000007 0.690625 0.33281250000000007 0.690625 0.3609375000000001 0.703125 0.3609375000000001
4 0.6890625 0.31718750000000007 0.678125 0.31718750000000007 0.678125 0.3437500000000001 0.6890625 0.3437500000000001
4 0.7796875 0.3156250000000001 0.7671875 0.3156250000000001 0.7671875 0.3375000000000001 0.7796875 0.3375000000000001
4 0.8140625 0.3437500000000001 0.8015625 0.3437500000000001 0.8015625 0.3687500000000001 0.8140625 0.3687500000000001
4 0.54375 0.2640625000000001 0.5296875 0.2640625000000001 0.5296875 0.2828125000000001 0.54375 0.2828125000000001
4 0.540625 0.14062500000000006 0.53125 0.14062500000000006 0.53125 0.16875000000000004 0.540625 0.16875000000000004
2 0.5265625 0.12187500000000004 0.5125 0.12187500000000004 0.5125 0.15312500000000004 0.5265625 0.15312500000000004
6 0.528125 0.37968750000000007 0.5140625 0.37968750000000007 0.5140625 0.4390625 0.528125 0.4390625
4 0.528125 0.10000000000000005 0.515625 0.10000000000000005 0.515625 0.12343750000000005 0.528125 0.12343750000000005
4 0.521875 0.07187500000000006 0.5140625 0.07187500000000006 0.5140625 0.09531250000000006 0.521875 0.09531250000000006
4 0.5359375 0.06875000000000006 0.5265625 0.06875000000000006 0.5265625 0.09375000000000007 0.5359375 0.09375000000000007
4 0.5390625 6.544206332943669e-17 0.5296875 6.486801014233636e-17 0.5296875 0.018750000000000065 0.5390625 0.018750000000000065
4 0.5203125 6.285882398748523e-17 0.50625 6.199774420683476e-17 0.50625 0.023437500000000062 0.5203125 0.023437500000000062
4 0.521875 0.03750000000000007 0.5125 0.03750000000000007 0.5125 0.05937500000000007 0.521875 0.05937500000000007
4 0.5390625 0.028125000000000067 0.5296875 0.028125000000000067 0.5296875 0.04687500000000007 0.5390625 0.04687500000000007
4 0.4609375 0.16250000000000003 0.4515625 0.16250000000000003 0.4515625 0.18125000000000005 0.4609375 0.18125000000000005
4 0.4640625 0.17812500000000003 0.4546875 0.17812500000000003 0.4546875 0.20312500000000008 0.4640625 0.20312500000000008
4 0.46875 0.21093750000000008 0.459375 0.21093750000000008 0.459375 0.22656250000000008 0.46875 0.22656250000000008
4 0.4578125 0.22812500000000008 0.453125 0.22812500000000008 0.453125 0.2593750000000001 0.4578125 0.2593750000000001
4 0.4609375 0.026562500000000055 0.4515625 0.026562500000000055 0.4515625 0.045312500000000054 0.4609375 0.045312500000000054
4 0.4703125 0.05312500000000007 0.4609375 0.05312500000000007 0.4609375 0.07812500000000007 0.4703125 0.07812500000000007