1 0.2562500000000001 0.634375 0.2000000000000001 0.634375 0.2000000000000001 0.665625 0.2562500000000001 0.665625
1 0.3125000000000001 0.628125 0.2562500000000001 0.628125 0.2562500000000001 0.659375 0.3125000000000001 0.659375
3 0.5921875000000002 0.8453125 0.5625000000000002 0.8453125 0.5625000000000002 0.8734375 0.5921875000000002 0.8734375
3 0.5109375000000002 0.8625 0.4906250000000002 0.8625 0.4906250000000002 0.8890625 0.5109375000000002 0.8890625
3 0.865625 0.8484375 0.8359375 0.8484375 0.8359375 0.875 0.865625 0.875
1 0.0562500000000001 0.8125 0.0015625000000000992 0.8125 0.0015625000000001014 0.846875 0.05625000000000011 0.846875
2 0.06406250000000009 0.696875 0.042187500000000086 0.696875 0.042187500000000086 0.7125 0.06406250000000009 0.7125
2 0.1140625000000001 0.6875 0.09218750000000009 0.6875 0.09218750000000009 0.7078125 0.1140625000000001 0.7078125
2 0.1296875000000001 0.8390625 0.10312500000000009 0.8390625 0.10312500000000009 0.8671875 0.1296875000000001 0.8671875
2 0.2812500000000001 0.746875 0.2609375000000001 0.746875 0.2609375000000001 0.7671875 0.2812500000000001 0.7671875
2 0.39531250000000007 0.7796875 0.3734375000000001 0.7796875 0.3734375000000001 0.8015625 0.39531250000000007 0.8015625
2 0.44843750000000016 0.8875 0.4281250000000002 0.8875 0.4281250000000002 0.9140625 0.44843750000000016 0.9140625
2 0.4578125000000002 0.853125 0.4343750000000002 0.853125 0.4343750000000002 0.8796875 0.4578125000000002 0.8796875
2 0.5281250000000002 0.728125 0.5093750000000001 0.728125 0.5093750000000001 0.765625 0.5281250000000002 0.765625
2 0.534375 0.6296875 0.51875 0.6296875 0.51875 0.6734375 0.534375 0.6734375
2 0.5234375000000002 0.796875 0.5109375000000002 0.796875 0.5109375000000002 0.8421875 0.5234375000000002 0.8421875
2 0.7375000000000002 0.8671875 0.7140625000000002 0.8671875 0.7140625000000002 0.89375 0.7375000000000002 0.89375
2 0.8171875 0.871875 0.7937500000000002 0.871875 0.7937500000000002 0.8953125 0.8171875 0.8953125
2 0.9171875 0.8453125 0.8921875 0.8453125 0.8921875 0.8671875 0.9171875 0.8671875
2 0.9578125 0.7875000000000002 0.928125 0.7875000000000002 0.928125 0.8109375 0.9578125 0.8109375
2 0.5296875 0.2093750000000001 0.51875 0.2093750000000001 0.51875 0.25468750000000007 0.5296875 0.25468750000000007
2 0.528125 0.3625000000000001 0.515625 0.3625000000000001 0.515625 0.4078125 0.528125 0.4078125
0 0.1593750000000001 0.6796875 0.1437500000000001 0.6796875 0.1437500000000001 0.69375 0.1593750000000001 0.69375
0 0.0906250000000001 0.75 0.0750000000000001 0.75 0.0750000000000001 0.7640625 0.0906250000000001 0.7640625
0 0.15625000000000014 0.921875 0.13906250000000014 0.921875 0.13906250000000014 0.940625 0.15625000000000014 0.940625
0 0.5140625000000002 0.921875 0.5015625000000001 0.921875 0.5015625000000001 0.9359375 0.5140625000000002 0.9359375
0 0.6343750000000001 0.8859375 0.6187500000000001 0.8859375 0.6187500000000001 0.9046875 0.6343750000000001 0.9046875
0 0.84375 0.6984375000000002 0.8296875 0.6984375000000002 0.8296875 0.7156250000000002 0.84375 0.7156250000000002
4 0.04687500000000011 0.8828125 0.03593750000000011 0.8828125 0.03593750000000011 0.8953125 0.04687500000000011 0.8953125
4 0.0296875000000001 0.78125 0.017187500000000095 0.78125 0.017187500000000095 0.7921875 0.0296875000000001 0.7921875
4 0.0984375000000001 0.7734375 0.08437500000000009 0.7734375 0.08437500000000009 0.7875 0.0984375000000001 0.7875
4 0.4390625 0.6515625 0.4265625 0.6515625 0.4265625 0.6625 0.4390625 0.6625
4 0.47656250000000017 0.7421875 0.4703125000000002 0.7421875 0.4703125000000002 0.7640625 0.47656250000000017 0.7640625
4 0.31718750000000007 0.7671875 0.3046875000000001 0.7671875 0.3046875000000001 0.78125 0.31718750000000007 0.78125
4 0.12031250000000013 0.921875 0.10937500000000014 0.921875 0.10937500000000014 0.9328125 0.12031250000000013 0.9328125
4 0.2796875000000001 0.85625 0.2671875000000001 0.85625 0.2671875000000001 0.8671875 0.2796875000000001 0.8671875
4 0.5640625 0.7015625 0.553125 0.7015625 0.553125 0.725 0.5640625 0.725
4 0.6031250000000001 0.7625 0.5906250000000002 0.7625 0.5906250000000002 0.7734375 0.6031250000000001 0.7734375
4 0.6281250000000002 0.75 0.6140625000000002 0.75 0.6140625000000002 0.7640625 0.6281250000000002 0.7640625
4 0.6859375000000002 0.8375 0.6718750000000002 0.8375 0.6718750000000002 0.8515625 0.6859375000000002 0.8515625
4 0.7515625000000001 0.84375 0.7375000000000002 0.84375 0.7375000000000002 0.8546875 0.7515625000000001 0.8546875
4 0.8015625 0.84375 0.7875000000000002 0.84375 0.7875000000000002 0.8578125 0.8015625 0.8578125
4 0.9625 0.7093750000000002 0.9484375 0.7093750000000002 0.9484375 0.7218750000000002 0.9625 0.7218750000000002
4 0.8390625 0.7296875000000002 0.828125 0.7296875000000002 0.828125 0.7390625000000002 0.8390625 0.7390625000000002
4 0.828125 0.7156250000000002 0.815625 0.7156250000000002 0.815625 0.7265625000000002 0.828125 0.7265625000000002
4 0.7875 0.7046875000000001 0.775 0.7046875000000001 0.775 0.7140625000000002 0.7875 0.7140625000000002
4 0.7640625 0.6765625000000002 0.753125 0.6765625000000002 0.753125 0.6875000000000002 0.7640625 0.6875000000000002
4 0.7453125 0.6734375000000001 0.7359375 0.6734375000000001 0.7359375 0.6843750000000002 0.7453125 0.6843750000000002
4 0.6796875 0.6828125 0.6671875 0.6828125 0.6671875 0.6921875 0.6796875 0.6921875
4 0.609375 0.6546875 0.5984375 0.6546875 0.5984375 0.6640625 0.609375 0.6640625
4 0.5828125 0.665625 0.571875 0.665625 0.571875 0.6765625 0.5828125 0.6765625
4 0.5359375 0.2968750000000001 0.528125 0.2968750000000001 0.528125 0.3265625000000001 0.5359375 0.3265625000000001
4 0.4859375 0.039062500000000056 0.478125 0.039062500000000056 0.478125 0.06406250000000006 0.4859375 0.06406250000000006
4 0.484375 0.5125 0.478125 0.5125 0.478125 0.5375 0.484375 0.5375
4 0.53125 0.534375 0.525 0.534375 0.525 0.55625 0.53125 0.55625