2 0.22812500000000008 0.5125 0.2078125000000001 0.5125 0.2078125000000001 0.5265625 0.22812500000000008 0.5265625
2 0.2687500000000001 0.4890625 0.2515625000000001 0.4890625 0.2515625000000001 0.509375 0.2687500000000001 0.509375
2 0.3078125000000001 0.4875 0.2890625000000001 0.4875 0.2890625000000001 0.49375 0.3078125000000001 0.49375
2 0.3031250000000001 0.5078125 0.27812500000000007 0.5078125 0.27812500000000007 0.5234375 0.3031250000000001 0.5234375
2 0.3359375000000001 0.4953125 0.3218750000000001 0.4953125 0.3218750000000001 0.5328125 0.3359375000000001 0.5328125
2 0.3656250000000001 0.575 0.3500000000000001 0.575 0.3500000000000001 0.603125 0.3656250000000001 0.603125
2 0.3500000000000001 0.6125 0.3437500000000001 0.6125 0.3437500000000001 0.64375 0.3500000000000001 0.64375
2 0.3453125000000001 0.65 0.3343750000000001 0.65 0.3343750000000001 0.6875 0.3453125000000001 0.6875
2 0.3625000000000001 0.703125 0.3390625000000001 0.703125 0.3390625000000001 0.725 0.3625000000000001 0.725
2 0.3421875000000001 0.7015625 0.3218750000000001 0.7015625 0.3218750000000001 0.7359375 0.3421875000000001 0.7359375
2 0.3453125000000001 0.771875 0.3234375000000001 0.771875 0.3234375000000001 0.79375 0.3453125000000001 0.79375
2 0.34062500000000007 0.7875 0.32500000000000007 0.7875 0.32500000000000007 0.79375 0.34062500000000007 0.79375
2 0.3546875000000001 0.7578125 0.3359375000000001 0.7578125 0.3359375000000001 0.7859375 0.3546875000000001 0.7859375
2 0.35625000000000007 0.7328125 0.3359375000000001 0.7328125 0.3359375000000001 0.75625 0.35625000000000007 0.75625
2 0.3687500000000001 0.6234375 0.3546875000000001 0.6234375 0.3546875000000001 0.6578125 0.3687500000000001 0.6578125
2 0.3812500000000001 0.678125 0.35625000000000007 0.678125 0.35625000000000007 0.7015625 0.3812500000000001 0.7015625
2 0.3781250000000001 0.6671875 0.3593750000000001 0.6671875 0.3593750000000001 0.684375 0.3781250000000001 0.684375
2 0.3812500000000001 0.65 0.3593750000000001 0.65 0.3593750000000001 0.675 0.3812500000000001 0.675
0 0.3390625000000001 0.615625 0.3296875000000001 0.615625 0.3296875000000001 0.640625 0.3390625000000001 0.640625
2 0.13593750000000004 0.49375 0.11093750000000005 0.49375 0.11093750000000005 0.5140625 0.13593750000000004 0.5140625
2 0.18906250000000005 0.490625 0.16250000000000003 0.490625 0.16250000000000003 0.50625 0.18906250000000005 0.50625
0 0.15625000000000006 0.4953125 0.14218750000000005 0.4953125 0.14218750000000005 0.515625 0.15625000000000006 0.515625
4 0.17500000000000004 0.5078125 0.16562500000000005 0.5078125 0.16562500000000005 0.5125 0.17500000000000004 0.5125
0 0.2234375000000001 0.4859375 0.2093750000000001 0.4859375 0.2093750000000001 0.50625 0.2234375000000001 0.50625
2 0.475 0.4828125 0.453125 0.4828125 0.453125 0.5125 0.475 0.5125
2 0.5015625 0.5296875 0.48125 0.5296875 0.48125 0.540625 0.5015625 0.540625
2 0.553125 0.490625 0.5328125 0.490625 0.5328125 0.5109375 0.553125 0.5109375
2 0.6125 0.490625 0.59375 0.490625 0.59375 0.509375 0.6125 0.509375
2 0.6484375 0.4671875 0.625 0.4671875 0.625 0.4875 0.6484375 0.4875
2 0.63125 0.43125 0.60625 0.43125 0.60625 0.4515625 0.63125 0.4515625
2 0.7125 0.4859375 0.690625 0.4859375 0.690625 0.5015625 0.7125 0.5015625
2 0.646875 0.4890625 0.6265625 0.4890625 0.6265625 0.509375 0.646875 0.509375
0 0.6703125 0.4671875 0.65625 0.4671875 0.65625 0.4828125 0.6703125 0.4828125
2 0.38593750000000004 0.3500000000000001 0.365625 0.3500000000000001 0.36562500000000003 0.3890625000000001 0.3859375000000001 0.3890625000000001
0 0.3765625000000001 0.51875 0.3625000000000001 0.51875 0.3625000000000001 0.54375 0.3765625000000001 0.54375
2 0.3218750000000001 0.5296875 0.3078125000000001 0.5296875 0.3078125000000001 0.55625 0.3218750000000001 0.55625
2 0.3296875000000001 0.5453125 0.30937500000000007 0.5453125 0.30937500000000007 0.58125 0.3296875000000001 0.58125
5 0.4078125 0.4734375 0.3781250000000001 0.4734375 0.3781250000000001 0.509375 0.4078125 0.509375
4 0.3625000000000001 0.46875 0.3515625000000001 0.46875 0.3515625000000001 0.4875 0.3625000000000001 0.4875
4 0.3750000000000001 0.4875 0.3625000000000001 0.4875 0.3625000000000001 0.503125 0.3750000000000001 0.503125
4 0.3859375000000001 0.55625 0.3781250000000001 0.55625 0.3781250000000001 0.5859375 0.3859375000000001 0.5859375
4 0.44375 0.475 0.4234375 0.475 0.4234375 0.4953125 0.44375 0.4953125
4 0.4640625 0.553125 0.4421875 0.553125 0.4421875 0.5671875 0.4640625 0.5671875
0 0.503125 0.55 0.4875 0.55 0.4875 0.56875 0.503125 0.56875
2 0.5265625 0.3734375000000001 0.5125 0.3734375000000001 0.5125 0.415625 0.5265625 0.415625
2 0.5890625 0.3687500000000001 0.575 0.3687500000000001 0.575 0.409375 0.5890625 0.409375
2 0.7328125 0.4453125000000001 0.7140625 0.4453125 0.7140625 0.4703125000000001 0.7328125 0.4703125000000002
2 0.8078125 0.4750000000000002 0.7875 0.4750000000000002 0.7875 0.49531250000000016 0.8078125 0.49531250000000016
2 0.784375 0.5281250000000002 0.7609375 0.5281250000000002 0.7609375 0.5500000000000002 0.784375 0.5500000000000002
2 0.8625 0.45312500000000017 0.8421875 0.45312500000000017 0.8421875 0.4750000000000002 0.8625 0.4750000000000002
2 0.909375 0.47187500000000016 0.8890625 0.47187500000000016 0.8890625 0.49218750000000017 0.909375 0.49218750000000017
4 0.9421875 0.4421875000000002 0.93125 0.4421875000000002 0.93125 0.4593750000000002 0.9421875 0.4593750000000002
2 0.6875 0.3828125000000001 0.6765625 0.3828125000000001 0.6765625 0.41875 0.6875 0.41875
2 0.6703125 0.3828125000000001 0.6625 0.3828125000000001 0.6625 0.40625 0.6703125 0.40625
5 0.796875 0.4187500000000002 0.7796875 0.4187500000000002 0.7796875 0.4390625000000002 0.796875 0.4390625000000002
2 0.035937500000000046 0.3375 0.018750000000000037 0.3375 0.01875000000000004 0.3796875 0.035937500000000046 0.3796875
2 0.06093750000000005 0.334375 0.04843750000000004 0.334375 0.04843750000000004 0.36875 0.06093750000000005 0.36875
2 0.07187500000000005 0.33125 0.05468750000000004 0.33125 0.05468750000000004 0.375 0.07187500000000005 0.375
2 0.05156250000000007 0.4546875 0.028125000000000056 0.4546875 0.028125000000000056 0.4703125 0.05156250000000007 0.4703125
4 0.04687500000000006 0.478125 0.026562500000000055 0.478125 0.026562500000000062 0.503125 0.04687500000000007 0.503125
2 0.6 0.53125 0.5796875 0.53125 0.5796875 0.55625 0.6 0.55625
4 0.675 0.54375 0.6625 0.54375 0.6625 0.553125 0.675 0.553125
4 0.4421875 0.40625 0.4359375 0.40625 0.4359375 0.4234375 0.4421875 0.4234375
4 0.553125 0.41875 0.5484375 0.41875 0.5484375 0.434375 0.553125 0.434375
4 0.5421875 0.37187500000000007 0.5390625 0.37187500000000007 0.5390625 0.3906250000000001 0.5421875 0.3906250000000001
4 0.546875 0.3734375000000001 0.5421875 0.3734375000000001 0.5421875 0.3890625000000001 0.546875 0.3890625000000001
4 0.3203125000000001 0.4625 0.3109375000000001 0.4625 0.3109375000000001 0.4671875 0.3203125000000001 0.4671875
0 0.3203125000000001 0.465625 0.3078125000000001 0.465625 0.3078125000000001 0.478125 0.3203125000000001 0.478125
0 0.18906250000000008 0.6078125 0.1750000000000001 0.6078125 0.1750000000000001 0.61875 0.18906250000000008 0.61875
0 0.27812500000000007 0.6671875 0.2718750000000001 0.6671875 0.2718750000000001 0.6875 0.27812500000000007 0.6875
4 0.2828125000000001 0.6046875 0.2734375000000001 0.6046875 0.2734375000000001 0.6234375 0.2828125000000001 0.6234375
5 0.2390625000000001 0.9640625 0.2250000000000001 0.9640625 0.2250000000000001 1 0.2390625000000001 1
4 0.25468750000000007 0.89375 0.2484375000000001 0.89375 0.2484375000000001 0.9125 0.25468750000000007 0.9125
2 0.3437500000000001 0.7796875 0.3218750000000001 0.7796875 0.3218750000000001 0.815625 0.3437500000000001 0.815625
2 0.3453125 0.10937500000000004 0.3328125 0.10937500000000004 0.3328125 0.15156250000000004 0.3453125 0.15156250000000004
2 0.459375 0.06406250000000005 0.43125 0.06406250000000005 0.43125 0.10625000000000004 0.459375 0.10625000000000004