0 0.04687500000000007 0.5578125 0.023437500000000066 0.5578125 0.02343750000000007 0.584375 0.04687500000000007 0.584375
0 0.06562500000000004 0.4328125 0.045312500000000054 0.4328125 0.045312500000000054 0.4515625 0.06562500000000004 0.4515625
0 0.1843750000000001 0.546875 0.16406250000000008 0.546875 0.16406250000000008 0.5765625 0.1843750000000001 0.5765625
0 0.2296875000000001 0.5359375 0.21093750000000008 0.5359375 0.21093750000000008 0.5578125 0.2296875000000001 0.5578125
0 0.2734375000000001 0.4296875 0.2578125000000001 0.4296875 0.2578125000000001 0.4484375 0.2734375000000001 0.4484375
0 0.2953125000000001 0.525 0.2796875000000001 0.525 0.2796875000000001 0.553125 0.2953125000000001 0.553125
4 0.021875000000000058 0.45625 0.006250000000000056 0.45625 0.006250000000000057 0.4765625 0.02187500000000006 0.4765625
4 0.06406250000000005 0.4515625 0.04375000000000005 0.4515625 0.04375000000000005 0.471875 0.06406250000000006 0.471875
4 0.10000000000000005 0.5203125 0.08750000000000006 0.5203125 0.08750000000000006 0.5390625 0.10000000000000005 0.5390625
4 0.09062500000000007 0.5421875 0.07812500000000007 0.5421875 0.07812500000000007 0.55625 0.09062500000000007 0.55625
4 0.10468750000000009 0.5578125 0.09218750000000006 0.5578125 0.09218750000000006 0.5671875 0.10468750000000009 0.5671875
4 0.12812500000000004 0.5234375 0.11406250000000004 0.5234375 0.11406250000000004 0.5375 0.12812500000000004 0.5375
4 0.12031250000000007 0.5359375 0.11093750000000005 0.5359375 0.11093750000000006 0.5546875 0.12031250000000009 0.5546875
4 0.14843750000000006 0.53125 0.13281250000000006 0.53125 0.13281250000000006 0.5453125 0.14843750000000008 0.5453125
4 0.1359375000000001 0.55 0.1218750000000001 0.55 0.1218750000000001 0.571875 0.1359375000000001 0.571875
4 0.2156250000000001 0.5265625 0.20468750000000008 0.5265625 0.20468750000000008 0.5375 0.2156250000000001 0.5375
4 0.2062500000000001 0.5390625 0.19218750000000004 0.5390625 0.19218750000000007 0.5609375 0.2062500000000001 0.5609375
4 0.22812500000000008 0.5625 0.21093750000000008 0.5625 0.21093750000000008 0.578125 0.22812500000000008 0.578125
4 0.2312500000000001 0.4546875 0.2171875000000001 0.4546875 0.2171875000000001 0.478125 0.2312500000000001 0.478125
4 0.24218750000000008 0.4390625 0.2328125000000001 0.4390625 0.2328125000000001 0.459375 0.24218750000000008 0.459375
4 0.2562500000000001 0.4546875 0.24218750000000008 0.4546875 0.24218750000000008 0.46875 0.2562500000000001 0.46875
4 0.2609375000000001 0.5515625 0.24375000000000008 0.5515625 0.24375000000000008 0.571875 0.2609375000000001 0.571875
2 0.2531250000000001 0.5234375 0.2328125000000001 0.5234375 0.2328125000000001 0.540625 0.2531250000000001 0.540625
2 0.3296875000000001 0.4484375 0.3046875000000001 0.4484375 0.3046875000000001 0.4734375 0.3296875000000001 0.4734375
2 0.43125 0.45625 0.40625 0.45625 0.40625 0.471875 0.43125 0.471875
2 0.4015625 0.5234375 0.3812500000000001 0.5234375 0.3812500000000001 0.5453125 0.4015625 0.5453125
2 0.3531250000000001 0.5203125 0.32500000000000007 0.5203125 0.32500000000000007 0.54375 0.3531250000000001 0.54375
2 0.5375 0.515625 0.515625 0.515625 0.515625 0.534375 0.5375 0.534375
4 0.2890625000000001 0.453125 0.2750000000000001 0.453125 0.2750000000000001 0.4765625 0.2890625000000001 0.4765625
4 0.29375000000000007 0.4390625 0.2828125000000001 0.4390625 0.2828125000000001 0.459375 0.29375000000000007 0.459375
4 0.3234375000000001 0.4140625 0.3140625000000001 0.4140625 0.3140625000000001 0.4296875 0.3234375000000001 0.4296875
4 0.3453125000000001 0.41875 0.3359375000000001 0.41875 0.3359375000000001 0.4375 0.3453125000000001 0.4375
4 0.3390625000000001 0.4296875 0.3234375000000001 0.4296875 0.3234375000000001 0.45 0.3390625000000001 0.45
4 0.37187500000000007 0.4296875 0.3578125000000001 0.4296875 0.3578125000000001 0.4484375 0.37187500000000007 0.4484375
4 0.3546875000000001 0.425 0.3437500000000001 0.425 0.3437500000000001 0.4453125 0.3546875000000001 0.4453125
4 0.3781250000000001 0.4140625 0.3656250000000001 0.4140625 0.3656250000000001 0.4296875 0.3781250000000001 0.4296875
4 0.3984375000000001 0.425 0.3843750000000001 0.425 0.3843750000000001 0.4390625 0.3984375000000001 0.4390625
4 0.38750000000000007 0.4328125 0.3750000000000001 0.4328125 0.3750000000000001 0.4546875 0.38750000000000007 0.4546875
4 0.41875 0.4109375 0.4078125 0.4109375 0.4078125 0.4265625 0.41875 0.4265625
4 0.440625 0.4296875 0.4265625 0.4296875 0.4265625 0.44375 0.440625 0.44375
4 0.4703125 0.43125 0.459375 0.43125 0.459375 0.45 0.4703125 0.45
4 0.478125 0.41875 0.4671875 0.41875 0.4671875 0.4296875 0.478125 0.4296875
4 0.4828125 0.421875 0.4734375 0.421875 0.4734375 0.4390625 0.4828125 0.4390625
0 0.4109375 0.4265625 0.3968750000000001 0.4265625 0.3968750000000001 0.4453125 0.4109375 0.4453125
0 0.4140625 0.5546875 0.3968750000000001 0.5546875 0.3968750000000001 0.575 0.4140625 0.575
0 0.4859375 0.5203125 0.4703125 0.5203125 0.4703125 0.5359375 0.4859375 0.5359375
0 0.571875 0.5265625 0.55625 0.5265625 0.55625 0.54375 0.571875 0.54375
0 0.6046875 0.528125 0.5875 0.528125 0.5875 0.55 0.6046875 0.55
0 0.5921875 0.55 0.575 0.55 0.575 0.5703125 0.5921875 0.5703125
4 0.565625 0.54375 0.559375 0.54375 0.559375 0.5640625 0.565625 0.5640625
4 0.5265625 0.5453125 0.5125 0.5453125 0.5125 0.5609375 0.5265625 0.5609375
4 0.4859375 0.5515625 0.4703125 0.5515625 0.4703125 0.565625 0.4859375 0.565625
4 0.5484375 0.525 0.5375 0.525 0.5375 0.54375 0.5484375 0.54375
4 0.5859375 0.4359375 0.575 0.4359375 0.575 0.4546875 0.5859375 0.4546875
4 0.6359375 0.4375 0.6203125 0.4375 0.6203125 0.4484375 0.6359375 0.4484375
4 0.634375 0.446875 0.6171875 0.446875 0.6171875 0.4578125 0.634375 0.4578125
4 0.6578125 0.4046875 0.6484375 0.4046875 0.6484375 0.41875 0.6578125 0.41875
4 0.634375 0.5390625 0.6234375 0.5390625 0.6234375 0.5578125 0.634375 0.5578125
4 0.6765625 0.5265625 0.659375 0.5265625 0.659375 0.5453125 0.6765625 0.5453125
4 0.678125 0.55 0.665625 0.55 0.665625 0.56875 0.678125 0.56875
4 0.7265625 0.5531250000000001 0.7125 0.553125 0.7125 0.5734375 0.7265625 0.5734375000000002
4 0.740625 0.4375000000000001 0.721875 0.4375 0.721875 0.4640625000000001 0.740625 0.46406250000000016
4 0.7515625 0.4078125000000002 0.7328125 0.4078125000000002 0.7328125 0.43281250000000016 0.7515625 0.43281250000000016
4 0.775 0.4187500000000002 0.7578125 0.4187500000000002 0.7578125 0.43281250000000016 0.775 0.43281250000000016
4 0.7953125 0.4109375000000002 0.78125 0.4109375000000002 0.78125 0.42500000000000016 0.7953125 0.42500000000000016
4 0.8171875 0.40625000000000017 0.803125 0.40625000000000017 0.803125 0.42500000000000016 0.8171875 0.42500000000000016
4 0.803125 0.4421875000000002 0.784375 0.4421875000000002 0.784375 0.4578125000000002 0.803125 0.4578125000000002
4 0.83125 0.4359375000000002 0.815625 0.4359375000000002 0.815625 0.4546875000000002 0.83125 0.4546875000000002
4 0.8296875 0.41718750000000016 0.81875 0.41718750000000016 0.81875 0.4359375000000002 0.8296875 0.4359375000000002
4 0.8640625 0.4000000000000002 0.853125 0.4000000000000002 0.853125 0.41718750000000016 0.8640625 0.41718750000000016
4 0.915625 0.4109375000000002 0.896875 0.4109375000000002 0.896875 0.4265625000000002 0.915625 0.4265625000000002
4 0.834375 0.5296875000000002 0.8171875 0.5296875000000002 0.8171875 0.5531250000000002 0.834375 0.5531250000000002
4 0.884375 0.5234375000000002 0.8671875 0.5234375000000002 0.8671875 0.5437500000000002 0.884375 0.5437500000000002
4 0.965625 0.5421875000000002 0.953125 0.5421875000000002 0.953125 0.5593750000000002 0.965625 0.5593750000000002
4 0.9859375 0.5437500000000002 0.965625 0.5437500000000002 0.965625 0.5593750000000002 0.9859375 0.5593750000000002
4 0.9765625 0.4046875000000002 0.959375 0.4046875000000002 0.959375 0.4203125000000002 0.9765625 0.4203125000000002
0 0.7203125 0.4296875 0.7015625 0.4296875 0.7015625 0.45 0.7203125 0.45
1 0.975 0.5031250000000002 0.9140625 0.5031250000000002 0.9140625 0.5343750000000002 0.975 0.5343750000000002
6 0.9203125 0.43281250000000016 0.878125 0.43281250000000016 0.878125 0.46406250000000016 0.9203125 0.46406250000000016
4 0.5875 0.5359375 0.5734375 0.5359375 0.5734375 0.5546875 0.5875 0.5546875
4 1 0.4890625000000002 0.9859375 0.4890625000000002 0.9859375 0.5140625000000002 1 0.5140625000000002