1 0.10312500000000005 0.1828125 0.04843750000000002 0.1828125 0.04843750000000002 0.2109375 0.10312500000000005 0.2109375
1 0.11093750000000005 0.203125 0.051562500000000025 0.203125 0.051562500000000025 0.2359375 0.11093750000000005 0.2359375
1 0.08125000000000002 0.225 0.051562500000000025 0.225 0.051562500000000025 0.2515625 0.08125000000000002 0.2515625
1 0.09843750000000002 0.2421875 0.046875000000000035 0.2421875 0.046875000000000035 0.271875 0.09843750000000002 0.271875
1 0.10468750000000004 0.2703125 0.04531250000000003 0.2703125 0.04531250000000003 0.2984375 0.10468750000000004 0.2984375
1 0.10000000000000005 0.290625 0.048437500000000036 0.290625 0.048437500000000036 0.3078125 0.10000000000000005 0.3078125
1 0.10000000000000005 0.3140625 0.048437500000000036 0.3140625 0.048437500000000036 0.3390625 0.10000000000000005 0.3390625
1 0.10468750000000004 0.3390625 0.050000000000000044 0.3390625 0.050000000000000044 0.3578125 0.10468750000000004 0.3578125
1 0.10312500000000005 0.35625 0.042187500000000044 0.35625 0.042187500000000044 0.3828125 0.10312500000000005 0.3828125
2 0.13906250000000003 0.4796875 0.11875000000000005 0.4796875 0.11875000000000005 0.5 0.13906250000000003 0.5
2 0.06718750000000007 0.4828125 0.039062500000000056 0.4828125 0.03906250000000006 0.50625 0.06718750000000007 0.50625
2 0.05156250000000007 0.4546875 0.029687500000000054 0.4546875 0.029687500000000054 0.475 0.05156250000000007 0.475
2 0.2406250000000001 0.475 0.2156250000000001 0.475 0.2156250000000001 0.496875 0.2406250000000001 0.496875
2 0.16562500000000005 0.5015625 0.14687500000000003 0.5015625 0.14687500000000003 0.525 0.16562500000000005 0.525
0 0.17343750000000005 0.4828125 0.15625000000000006 0.4828125 0.15625000000000006 0.5015625 0.17343750000000005 0.5015625
2 0.21093750000000008 0.4203125 0.19218750000000004 0.4203125 0.19218750000000004 0.446875 0.21093750000000008 0.446875
2 0.22656250000000008 0.4140625 0.21250000000000008 0.4140625 0.21250000000000008 0.4421875 0.22656250000000008 0.4421875
2 0.2156250000000001 0.41875 0.20468750000000008 0.41875 0.20468750000000008 0.45 0.2156250000000001 0.45
2 0.2609375000000001 0.4015625 0.2515625000000001 0.4015625 0.2515625000000001 0.4421875 0.2609375000000001 0.4421875
2 0.2671875000000001 0.4046875 0.2578125000000001 0.4046875 0.2578125000000001 0.4390625 0.2671875000000001 0.4390625
2 0.27812500000000007 0.396875 0.2640625000000001 0.396875 0.2640625000000001 0.4359375 0.27812500000000007 0.4359375
2 0.2921875000000001 0.4078125 0.27812500000000007 0.4078125 0.27812500000000007 0.4453125 0.2921875000000001 0.4453125
3 0.30937500000000007 0.40625 0.3000000000000001 0.40625 0.3000000000000001 0.4265625 0.30937500000000007 0.4265625
0 0.3140625000000001 0.434375 0.3031250000000001 0.434375 0.3031250000000001 0.453125 0.3140625000000001 0.453125
2 0.3218750000000001 0.4046875 0.30937500000000007 0.4046875 0.30937500000000007 0.4359375 0.3218750000000001 0.4359375
2 0.3296875000000001 0.4 0.3187500000000001 0.4 0.3187500000000001 0.4359375 0.3296875000000001 0.4359375
2 0.3390625000000001 0.40625 0.3296875000000001 0.40625 0.3296875000000001 0.434375 0.3390625000000001 0.434375
4 0.2921875000000001 0.371875 0.28593750000000007 0.371875 0.28593750000000007 0.3921875 0.2921875000000001 0.3921875
4 0.3125000000000001 0.3640625 0.2984375000000001 0.3640625 0.2984375000000001 0.384375 0.3125000000000001 0.384375
4 0.3546875000000001 0.3734375 0.34843750000000007 0.3734375 0.34843750000000007 0.38125 0.3546875000000001 0.38125
0 0.37968750000000007 0.459375 0.3656250000000001 0.459375 0.3656250000000001 0.4734375 0.37968750000000007 0.4734375
5 0.3625000000000001 0.49375 0.3468750000000001 0.49375 0.3468750000000001 0.5078125 0.3625000000000001 0.5078125
0 0.3312500000000001 0.490625 0.3156250000000001 0.490625 0.3156250000000001 0.503125 0.3312500000000001 0.503125
2 0.3078125000000001 0.4640625 0.2843750000000001 0.4640625 0.2843750000000001 0.4828125 0.3078125000000001 0.4828125
2 0.2953125000000001 0.5109375 0.2734375000000001 0.5109375 0.2734375000000001 0.528125 0.2953125000000001 0.528125
2 0.2375000000000001 0.496875 0.2140625000000001 0.496875 0.2140625000000001 0.509375 0.2375000000000001 0.509375
4 0.3500000000000001 0.484375 0.3375000000000001 0.484375 0.3375000000000001 0.49375 0.3500000000000001 0.49375
4 0.3234375000000001 0.4765625 0.3125000000000001 0.4765625 0.3125000000000001 0.4859375 0.3234375000000001 0.4859375
4 0.2875000000000001 0.45625 0.2765625000000001 0.45625 0.2765625000000001 0.4609375 0.2875000000000001 0.4609375
4 0.2078125000000001 0.484375 0.19843750000000004 0.484375 0.19843750000000004 0.4953125 0.2078125000000001 0.4953125
4 0.24375000000000008 0.578125 0.2296875000000001 0.578125 0.2296875000000001 0.590625 0.24375000000000008 0.590625
2 0.19531250000000008 0.553125 0.17343750000000008 0.553125 0.17343750000000008 0.5703125 0.19531250000000008 0.5703125
2 0.1625000000000001 0.5640625 0.14218750000000008 0.5640625 0.14218750000000008 0.5796875 0.1625000000000001 0.5796875
2 0.10781250000000005 0.50625 0.08906250000000007 0.50625 0.08906250000000007 0.5234375 0.10781250000000005 0.5234375
2 0.14375000000000004 0.5109375 0.12500000000000006 0.5109375 0.12500000000000006 0.528125 0.14375000000000004 0.528125
2 0.13125000000000006 0.5265625 0.11718750000000004 0.5265625 0.11718750000000007 0.559375 0.1312500000000001 0.559375
4 0.08125000000000007 0.5203125 0.07031250000000007 0.5203125 0.07031250000000007 0.528125 0.08125000000000007 0.528125
2 0.5109375 0.5109375 0.490625 0.5109375 0.490625 0.53125 0.5109375 0.53125
2 0.4203125 0.5078125 0.3984375000000001 0.5078125 0.3984375000000001 0.528125 0.4203125 0.528125
2 0.409375 0.5890625 0.3968750000000001 0.5890625 0.3968750000000001 0.621875 0.409375 0.621875
2 0.5015625 0.59375 0.484375 0.59375 0.484375 0.609375 0.5015625 0.609375
2 0.60625 0.553125 0.58125 0.553125 0.58125 0.575 0.60625 0.575
2 0.5703125 0.5046875 0.5515625 0.5046875 0.5515625 0.5234375 0.5703125 0.5234375
0 0.5484375 0.4890625 0.5328125 0.4890625 0.5328125 0.5078125 0.5484375 0.5078125
0 0.5625 0.4640625 0.55 0.4640625 0.55 0.478125 0.5625 0.478125
0 0.596875 0.4828125 0.584375 0.4828125 0.584375 0.5125 0.596875 0.5125
4 0.6265625 0.4734375 0.6140625 0.4734375 0.6140625 0.4890625 0.6265625 0.4890625
4 0.709375 0.490625 0.6984375 0.490625 0.6984375 0.5015625 0.709375 0.5015625
4 0.78125 0.47968750000000016 0.7671875 0.47968750000000016 0.7671875 0.49218750000000017 0.78125 0.49218750000000017
2 0.76875 0.49218750000000017 0.746875 0.49218750000000017 0.746875 0.5093750000000001 0.76875 0.5093750000000001
2 0.7515625 0.5625000000000002 0.7296875 0.5625000000000002 0.7296875 0.5750000000000002 0.7515625 0.5750000000000002
0 0.86875 0.5515625000000002 0.8421875 0.5515625000000002 0.8421875 0.5656250000000002 0.86875 0.5656250000000002
2 0.9265625 0.5000000000000002 0.9015625 0.5000000000000002 0.9015625 0.5203125000000002 0.9265625 0.5203125000000002
2 0.865625 0.49218750000000017 0.84375 0.49218750000000017 0.84375 0.5125000000000002 0.865625 0.5125000000000002
2 0.840625 0.4937500000000002 0.8171875 0.4937500000000002 0.8171875 0.5187500000000002 0.840625 0.5187500000000002
2 0.8265625 0.47187500000000016 0.803125 0.47187500000000016 0.803125 0.48750000000000016 0.8265625 0.48750000000000016
2 0.8015625 0.4968750000000002 0.7796875 0.4968750000000002 0.7796875 0.5156250000000002 0.8015625 0.5156250000000002
2 0.625 0.2500000000000001 0.60625 0.2500000000000001 0.60625 0.28593750000000007 0.625 0.28593750000000007
2 0.603125 0.21250000000000008 0.5828125 0.21250000000000008 0.5828125 0.2296875000000001 0.603125 0.2296875000000001
2 0.9796875 0.4437500000000002 0.959375 0.4437500000000002 0.959375 0.4734375000000002 0.9796875 0.4734375000000002
2 0.9609375 0.49531250000000016 0.940625 0.49531250000000016 0.940625 0.5187500000000002 0.9609375 0.5187500000000002
2 0.990625 0.4984375000000002 0.971875 0.4984375000000002 0.971875 0.5140625000000002 0.990625 0.5140625000000002
0 0.965625 0.4828125000000002 0.95 0.4828125000000002 0.95 0.4968750000000002 0.965625 0.4968750000000002
2 0.940625 0.4390625000000002 0.9203125 0.4390625000000002 0.9203125 0.4578125000000002 0.940625 0.4578125000000002
2 0.896875 0.47656250000000017 0.871875 0.47656250000000017 0.871875 0.49531250000000016 0.896875 0.49531250000000016
0 0.884375 0.5000000000000002 0.86875 0.5000000000000002 0.86875 0.5156250000000002 0.884375 0.5156250000000002
2 0.99375 0.43750000000000017 0.975 0.43750000000000017 0.975 0.4593750000000002 0.99375 0.4593750000000002
2 1 0.43281250000000016 0.9890625 0.43281250000000016 0.9890625 0.4546875000000002 1 0.4546875000000002
4 0.940625 0.3656250000000001 0.9296875 0.3656250000000001 0.9296875 0.3843750000000001 0.940625 0.3843750000000001
4 0.9515625 0.3828125000000001 0.946875 0.3828125000000001 0.946875 0.4000000000000002 0.9515625 0.4000000000000002
4 0.959375 0.3812500000000001 0.953125 0.3812500000000001 0.953125 0.40625000000000017 0.959375 0.40625000000000017
4 0.96875 0.37187500000000007 0.9578125 0.37187500000000007 0.9578125 0.3890625000000001 0.96875 0.3890625000000001
4 0.9125 0.3593750000000001 0.9015625 0.3593750000000001 0.9015625 0.37968750000000007 0.9125 0.37968750000000007
4 0.9203125 0.3703125000000001 0.9140625 0.3703125000000001 0.9140625 0.3906250000000001 0.9203125 0.3906250000000001
4 0.928125 0.3687500000000001 0.9203125 0.3687500000000001 0.9203125 0.38750000000000007 0.928125 0.38750000000000007
4 0.9796875 0.3578125000000001 0.971875 0.3578125000000001 0.971875 0.3765625000000001 0.9796875 0.3765625000000001
4 0.9890625 0.3546875000000001 0.98125 0.3546875000000001 0.98125 0.3750000000000001 0.9890625 0.3750000000000001
4 0.9125 0.4656250000000002 0.8984375 0.4656250000000002 0.8984375 0.49218750000000017 0.9125 0.49218750000000017
2 0.6375000000000002 0.8546875 0.6140625000000002 0.8546875 0.6140625000000002 0.8796875 0.6375000000000002 0.8796875
2 0.6390625000000002 0.8265625 0.6125000000000002 0.8265625 0.6125000000000002 0.85 0.6390625000000002 0.85
2 0.6343750000000001 0.88125 0.6125000000000002 0.88125 0.6125000000000002 0.8953125 0.6343750000000001 0.8953125
2 0.6359375000000002 0.8984375 0.6140625000000002 0.8984375 0.6140625000000002 0.915625 0.6359375000000002 0.915625
2 0.6343750000000001 0.9109375 0.6171875000000002 0.9109375 0.6171875000000002 0.940625 0.6343750000000001 0.940625
4 0.6437500000000002 0.853125 0.6359375000000002 0.853125 0.6359375000000002 0.8625 0.6437500000000002 0.8625
4 0.6453125000000002 0.8734375 0.6359375000000002 0.8734375 0.6359375000000002 0.8875 0.6453125000000002 0.8875
4 0.6437500000000002 0.896875 0.6328125000000002 0.896875 0.6328125000000002 0.90625 0.6437500000000002 0.90625
4 0.6468750000000002 0.903125 0.6328125000000002 0.903125 0.6328125000000002 0.9140625 0.6468750000000002 0.9140625
4 0.6437500000000002 0.925 0.6343750000000001 0.925 0.6343750000000001 0.934375 0.6437500000000002 0.934375
4 0.6468750000000002 0.86875 0.6375000000000002 0.86875 0.6375000000000002 0.878125 0.6468750000000002 0.878125
4 0.6453125000000002 0.8328125 0.6375000000000002 0.8328125 0.6375000000000002 0.8484375 0.6453125000000002 0.8484375
0 0.5984375 0.590625 0.5875 0.590625 0.5875 0.63125 0.5984375 0.63125