2 0.3515625 0.28125 0.334375 0.28125 0.334375 0.2953125 0.3515625 0.2953125
2 0.4015625 0.21250000000000008 0.3875 0.21250000000000008 0.3875 0.2234375000000001 0.4015625 0.2234375000000001
2 0.409375 0.2453125000000001 0.3984375 0.2453125000000001 0.3984375 0.26250000000000007 0.409375 0.26250000000000007
2 0.5109375 0.3156250000000001 0.50625 0.3156250000000001 0.50625 0.3421875000000001 0.5109375 0.3421875000000001
2 0.521875 0.3156250000000001 0.5171875 0.3156250000000001 0.5171875 0.3421875000000001 0.521875 0.3421875000000001
2 0.5625 0.3062500000000001 0.55625 0.3062500000000001 0.55625 0.3312500000000001 0.5625 0.3312500000000001
2 0.571875 0.3078125000000001 0.565625 0.3078125000000001 0.565625 0.33281250000000007 0.571875 0.33281250000000007
4 0.5875 0.2968750000000001 0.584375 0.2968750000000001 0.584375 0.30937500000000007 0.5875 0.30937500000000007
4 0.5828125 0.30156250000000007 0.58125 0.30156250000000007 0.58125 0.3125000000000001 0.5828125 0.3125000000000001
4 0.578125 0.2921875000000001 0.5765625 0.2921875000000001 0.5765625 0.30156250000000007 0.578125 0.30156250000000007
4 0.575 0.2906250000000001 0.5734375 0.2906250000000001 0.5734375 0.2984375000000001 0.575 0.2984375000000001
4 0.571875 0.2921875000000001 0.56875 0.2921875000000001 0.56875 0.3062500000000001 0.571875 0.3062500000000001
4 0.571875 0.27812500000000007 0.56875 0.27812500000000007 0.56875 0.2890625000000001 0.571875 0.2890625000000001
4 0.5859375 0.2375000000000001 0.5828125 0.2375000000000001 0.5828125 0.2484375000000001 0.5859375 0.2484375000000001
4 0.584375 0.22656250000000008 0.5828125 0.22656250000000008 0.5828125 0.23593750000000008 0.584375 0.23593750000000008
4 0.58125 0.2375000000000001 0.5796875 0.2375000000000001 0.5796875 0.2484375000000001 0.58125 0.2484375000000001
4 0.578125 0.22812500000000008 0.578125 0.22812500000000008 0.578125 0.2375000000000001 0.578125 0.2375000000000001
4 0.5765625 0.22656250000000008 0.5734375 0.22656250000000008 0.5734375 0.2375000000000001 0.5765625 0.2375000000000001
4 0.5765625 0.2390625000000001 0.575 0.2390625000000001 0.575 0.2500000000000001 0.5765625 0.2500000000000001
4 0.571875 0.23437500000000008 0.56875 0.23437500000000008 0.56875 0.2484375000000001 0.571875 0.2484375000000001
4 0.56875 0.2328125000000001 0.565625 0.2328125000000001 0.565625 0.2484375000000001 0.56875 0.2484375000000001
4 0.5484375 0.2250000000000001 0.546875 0.2250000000000001 0.546875 0.23593750000000008 0.5484375 0.23593750000000008
4 0.5375 0.22656250000000008 0.534375 0.22656250000000008 0.534375 0.23437500000000008 0.5375 0.23437500000000008
4 0.5515625 0.2750000000000001 0.5484375 0.2750000000000001 0.5484375 0.28593750000000007 0.5515625 0.28593750000000007
4 0.55 0.2875000000000001 0.546875 0.2875000000000001 0.546875 0.30156250000000007 0.55 0.30156250000000007
4 0.546875 0.2875000000000001 0.54375 0.2875000000000001 0.54375 0.3000000000000001 0.546875 0.3000000000000001
4 0.5421875 0.2906250000000001 0.5390625 0.2906250000000001 0.5390625 0.30156250000000007 0.5421875 0.30156250000000007
4 0.5296875 0.2734375000000001 0.5265625 0.2734375000000001 0.5265625 0.2875000000000001 0.5296875 0.2875000000000001
4 0.5328125 0.2734375000000001 0.5296875 0.2734375000000001 0.5296875 0.28593750000000007 0.5328125 0.28593750000000007
4 0.521875 0.2718750000000001 0.51875 0.2718750000000001 0.51875 0.28593750000000007 0.521875 0.28593750000000007
4 0.4140625 0.2656250000000001 0.4109375 0.2656250000000001 0.4109375 0.2750000000000001 0.4140625 0.2750000000000001
4 0.4171875 0.2656250000000001 0.415625 0.2656250000000001 0.415625 0.2765625000000001 0.4171875 0.2765625000000001
4 0.4390625 0.2000000000000001 0.434375 0.2000000000000001 0.434375 0.21093750000000008 0.4390625 0.21093750000000008
5 0.6828125 0.3765625000000001 0.64375 0.3765625000000001 0.64375 0.3968750000000001 0.6828125 0.3968750000000001
5 0.740625 0.37968750000000007 0.696875 0.37968750000000007 0.696875 0.39531250000000007 0.740625 0.39531250000000007
4 0.709375 0.4 0.703125 0.4 0.703125 0.40625 0.709375 0.40625
4 0.6875 0.4484375 0.68125 0.4484375 0.68125 0.4546875 0.6875 0.4546875
4 0.7703125 0.42500000000000016 0.7640625 0.42500000000000016 0.7640625 0.43281250000000016 0.7703125 0.43281250000000016
2 0.740625 0.4390625000000001 0.725 0.4390625 0.725 0.4546875000000001 0.740625 0.4546875000000002
2 0.9609375 0.4515625000000002 0.9484375 0.4515625000000002 0.9484375 0.4625000000000002 0.9609375 0.4625000000000002
6 0.8375 0.41718750000000016 0.80625 0.41718750000000016 0.80625 0.4437500000000002 0.8375 0.4437500000000002
4 0.971875 0.2390625000000001 0.965625 0.2390625000000001 0.965625 0.2484375000000001 0.971875 0.2484375000000001
4 1 0.3906250000000001 0.99375 0.3906250000000001 0.99375 0.4000000000000002 1 0.4000000000000002
3 1 0.2843750000000001 0.990625 0.2843750000000001 0.990625 0.3109375000000001 1 0.3109375000000001
6 0.06250000000000007 0.5453125 0.03125000000000007 0.5453125 0.03125000000000007 0.5640625 0.06250000000000007 0.5640625
5 0.1359375000000001 0.5484375 0.08437500000000006 0.5484375 0.08437500000000006 0.5640625 0.1359375000000001 0.5640625
2 0.10937500000000004 0.478125 0.09531250000000006 0.478125 0.09531250000000006 0.4890625 0.10937500000000004 0.4890625
2 0.17343750000000005 0.525 0.15781250000000005 0.525 0.15781250000000005 0.5359375 0.17343750000000005 0.5359375
2 0.2140625000000001 0.525 0.2000000000000001 0.525 0.2000000000000001 0.5375 0.2140625000000001 0.5375
6 0.2078125000000001 0.5609375 0.1687500000000001 0.5609375 0.1687500000000001 0.5765625 0.2078125000000001 0.5765625
3 0.3343750000000001 0.5265625 0.3187500000000001 0.5265625 0.3187500000000001 0.5375 0.3343750000000001 0.5375
6 0.4515625 0.48125 0.4203125 0.48125 0.4203125 0.496875 0.4515625 0.496875
6 0.4765625 0.4578125 0.4546875 0.4578125 0.4546875 0.4734375 0.4765625 0.4734375
3 0.5234375 0.540625 0.50625 0.540625 0.50625 0.553125 0.5234375 0.553125
3 0.490625 0.5859375 0.4765625 0.5859375 0.4765625 0.596875 0.490625 0.596875
4 0.528125 0.559375 0.521875 0.559375 0.521875 0.565625 0.528125 0.565625
2 0.58125 0.5375 0.5671875 0.5375 0.5671875 0.55 0.58125 0.55
2 0.6078125 0.5640625 0.59375 0.5640625 0.59375 0.5734375 0.6078125 0.5734375
0 0.625 0.4484375 0.6140625 0.4484375 0.6140625 0.459375 0.625 0.459375
6 0.6796875 0.515625 0.65 0.515625 0.65 0.53125 0.6796875 0.53125
6 0.734375 0.5984375000000001 0.709375 0.5984375 0.709375 0.6156250000000001 0.734375 0.6156250000000002
2 0.740625 0.5250000000000001 0.728125 0.5250000000000001 0.728125 0.5375000000000002 0.740625 0.5375000000000002
3 0.759375 0.5953125000000001 0.740625 0.5953125000000001 0.740625 0.6093750000000002 0.759375 0.6093750000000002
0 0.8 0.6015625000000002 0.7890625 0.6015625000000002 0.7890625 0.6125000000000002 0.8 0.6125000000000002
0 0.825 0.6015625000000002 0.8140625 0.6015625000000002 0.8140625 0.6093750000000002 0.825 0.6093750000000002
5 0.909375 0.5796875000000001 0.875 0.5796875000000001 0.875 0.5984375000000002 0.909375 0.5984375000000002
5 1 0.5562500000000001 0.9296875 0.5562500000000001 0.9296875 0.5750000000000002 1 0.5750000000000002
6 0.95 0.5359375000000002 0.91875 0.5359375000000002 0.91875 0.5515625000000002 0.95 0.5515625000000002
6 0.9015625 0.6328125000000002 0.865625 0.6328125000000002 0.865625 0.6500000000000001 0.9015625 0.6500000000000001
2 0.940625 0.7953125000000002 0.93125 0.7953125000000002 0.93125 0.80625 0.940625 0.80625
2 0.9421875 0.8109375 0.93125 0.8109375 0.93125 0.8203125 0.9421875 0.8203125
2 0.9484375 0.896875 0.940625 0.896875 0.940625 0.91875 0.9484375 0.91875
2 0.9546875 0.890625 0.9484375 0.890625 0.9484375 0.9109375 0.9546875 0.9109375
2 0.975 0.9125 0.9671875 0.9125 0.9671875 0.934375 0.975 0.934375
2 0.98125 0.8546875 0.9703125 0.8546875 0.9703125 0.8734375 0.98125 0.8734375
2 1 0.9046875 0.996875 0.9046875 0.996875 0.925 1 0.925
2 0.9921875 0.80625 0.9796875 0.80625 0.9796875 0.8265625 0.9921875 0.8265625
2 0.721875 0.6453125 0.715625 0.6453125 0.715625 0.665625 0.721875 0.665625
2 0.684375 0.6390625 0.6765625 0.6390625 0.6765625 0.659375 0.684375 0.659375
2 0.6828125 0.659375 0.675 0.659375 0.675 0.6859375 0.6828125 0.6859375
2 0.6703125 0.625 0.6640625 0.625 0.6640625 0.6453125 0.6703125 0.6453125
0 0.8265625 0.6453125000000002 0.8171875 0.6453125000000002 0.8171875 0.6546875000000002 0.8265625 0.6546875000000002
0 0.7640625 0.6656250000000001 0.7484375 0.6656250000000001 0.7484375 0.6765625000000002 0.7640625 0.6765625000000002
3 0.6859375 0.6140625 0.6796875 0.6140625 0.6796875 0.6375 0.6859375 0.6375
3 0.7203125000000001 0.884375 0.7125000000000001 0.884375 0.7125000000000001 0.9125 0.7203125000000001 0.9125
3 0.7656250000000002 0.85 0.7468750000000002 0.85 0.7468750000000002 0.8625 0.7656250000000002 0.8625
4 0.85 0.7187500000000002 0.8453125 0.7187500000000002 0.8453125 0.7281250000000001 0.85 0.7281250000000001
4 0.8453125 0.7953125000000002 0.840625 0.7953125000000002 0.840625 0.8078125 0.8453125 0.8078125
2 0.58125 0.621875 0.571875 0.621875 0.571875 0.6296875 0.58125 0.6296875
5 0.2953125000000001 0.628125 0.2656250000000001 0.628125 0.2656250000000001 0.64375 0.2953125000000001 0.64375
5 0.16406250000000008 0.6359375 0.1281250000000001 0.6359375 0.1281250000000001 0.6515625 0.16406250000000008 0.6515625
5 0.1390625000000001 0.6671875 0.10312500000000009 0.6671875 0.10312500000000009 0.6875 0.1390625000000001 0.6875
4 0.07812500000000007 0.6125 0.07031250000000007 0.6125 0.07031250000000007 0.6203125 0.07812500000000007 0.6203125
4 0.10468750000000009 0.6171875 0.09687500000000007 0.6171875 0.09687500000000007 0.625 0.10468750000000009 0.625
5 0.04062500000000009 0.721875 0.02968750000000009 0.721875 0.02968750000000009 0.7703125 0.04062500000000009 0.7703125
5 0.07343750000000009 0.7078125 0.057812500000000086 0.7078125 0.057812500000000086 0.75625 0.07343750000000009 0.75625
5 0.03750000000000012 0.909375 0.025000000000000112 0.909375 0.025000000000000116 0.9546875 0.037500000000000124 0.9546875
2 0.0078125000000001 0.81875 1.0026795668018954e-16 0.81875 1.0141606305439018e-16 0.8375 0.007812500000000102 0.8375