1 0.2515625000000001 0.646875 0.1921875000000001 0.646875 0.1921875000000001 0.6765625 0.2515625000000001 0.6765625
1 0.30937500000000007 0.640625 0.2531250000000001 0.640625 0.2531250000000001 0.671875 0.30937500000000007 0.671875
6 0.2890625000000001 0.8640625 0.2484375000000001 0.8640625 0.2484375000000001 0.903125 0.2890625000000001 0.903125
3 0.4703125000000002 0.78125 0.4468750000000002 0.78125 0.4468750000000002 0.8359375 0.4703125000000002 0.8359375
0 0.9953125 0.7343750000000002 0.978125 0.7343750000000002 0.978125 0.7531250000000002 0.9953125 0.7531250000000002
0 0.7421875 0.6843750000000002 0.7265625 0.6843750000000002 0.7265625 0.7046875000000001 0.7421875 0.7046875000000001
0 0.7171875000000002 0.7765625 0.7031250000000002 0.7765625 0.7031250000000002 0.8 0.7171875000000002 0.8
0 0.15000000000000013 0.9453125 0.12968750000000012 0.9453125 0.12968750000000012 0.9703125 0.15000000000000013 0.9703125
0 0.5203125000000002 0.9390625 0.5046875000000002 0.9390625 0.5046875000000002 0.953125 0.5203125000000002 0.953125
0 0.4890625 0.08593750000000007 0.4796875 0.08593750000000007 0.4796875 0.11562500000000005 0.4890625 0.11562500000000005
0 0.484375 0.16250000000000003 0.4765625 0.16250000000000003 0.4765625 0.18906250000000005 0.484375 0.18906250000000005
2 0.4875 0.3203125000000001 0.4734375 0.3203125000000001 0.4734375 0.3609375000000001 0.4875 0.3609375000000001
2 0.5 0.4828125 0.4890625 0.4828125 0.4890625 0.5234375 0.5 0.5234375
2 0.528125 0.5875 0.515625 0.5875 0.515625 0.63125 0.528125 0.63125
2 0.5156250000000001 0.696875 0.5 0.696875 0.5000000000000001 0.7359375 0.5156250000000002 0.7359375
2 0.5921875000000002 0.803125 0.5734375000000002 0.803125 0.5734375000000002 0.8265625 0.5921875000000002 0.8265625
2 0.815625 0.8109375 0.7921875000000002 0.8109375 0.7921875000000002 0.834375 0.815625 0.834375
2 0.050000000000000086 0.790625 0.0281250000000001 0.790625 0.0281250000000001 0.8125 0.050000000000000086 0.8125
4 0.3265625000000001 0.6671875 0.3156250000000001 0.6671875 0.3156250000000001 0.68125 0.3265625000000001 0.68125
4 0.27812500000000007 0.675 0.2687500000000001 0.675 0.2687500000000001 0.6828125 0.27812500000000007 0.6828125
4 0.11250000000000013 0.9484375 0.10156250000000014 0.9484375 0.10156250000000014 0.9578125 0.11250000000000013 0.9578125
4 0.4031250000000002 0.7484375 0.3890625000000001 0.7484375 0.3890625000000001 0.759375 0.4031250000000002 0.759375
4 0.5359375000000002 0.771875 0.5234375000000002 0.771875 0.5234375000000002 0.7875 0.5359375000000002 0.7875
4 0.5687500000000002 0.8390625 0.5578125000000002 0.8390625 0.5578125000000002 0.8546875 0.5687500000000002 0.8546875
4 0.6421875 0.659375 0.63125 0.659375 0.63125 0.66875 0.6421875 0.66875
4 0.7125000000000001 0.8515625 0.6984375000000002 0.8515625 0.6984375000000002 0.86875 0.7125000000000001 0.86875
4 0.7390625000000002 0.7750000000000001 0.7265625000000002 0.7750000000000001 0.7265625000000002 0.7890625000000002 0.7390625000000002 0.7890625000000002
4 0.8484375 0.7343750000000002 0.8375 0.7343750000000002 0.8375 0.7468750000000002 0.8484375 0.7468750000000002
4 0.9046875 0.7843750000000002 0.89375 0.7843750000000002 0.89375 0.7984375000000001 0.9046875 0.7984375000000001
4 0.909375 0.803125 0.8984375 0.803125 0.8984375 0.8125 0.909375 0.8125
4 0.909375 0.89375 0.89375 0.89375 0.89375 0.9078125 0.909375 0.9078125
4 0.9578125 0.8203125 0.94375 0.8203125 0.94375 0.8359375 0.9578125 0.8359375
4 0.5375 0.609375 0.53125 0.609375 0.53125 0.6296875 0.5375 0.6296875
4 0.5390625 0.55 0.5328125 0.55 0.5328125 0.56875 0.5390625 0.56875
4 0.49375 0.5703125 0.4875 0.5703125 0.4875 0.590625 0.49375 0.590625
4 0.484375 0.5484375 0.4765625 0.5484375 0.4765625 0.56875 0.484375 0.56875
4 0.4796875 0.465625 0.4734375 0.465625 0.4734375 0.4890625 0.4796875 0.4890625
4 0.490625 0.2015625000000001 0.4859375 0.2015625000000001 0.4859375 0.22656250000000008 0.490625 0.22656250000000008