2 0.346875 0.2859375 0.33125 0.2859375 0.33125 0.3 0.346875 0.3
2 0.396875 0.2156250000000001 0.38125 0.2156250000000001 0.38125 0.22656250000000008 0.396875 0.22656250000000008
2 0.4046875 0.2468750000000001 0.3921875 0.2468750000000001 0.3921875 0.2656250000000001 0.4046875 0.2656250000000001
2 0.5078125 0.31718750000000007 0.5015625 0.31718750000000007 0.5015625 0.3453125000000001 0.5078125 0.3453125000000001
2 0.5171875 0.3156250000000001 0.5109375 0.3156250000000001 0.5109375 0.34062500000000007 0.5171875 0.34062500000000007
2 0.559375 0.3062500000000001 0.553125 0.3062500000000001 0.553125 0.3312500000000001 0.559375 0.3312500000000001
2 0.56875 0.3078125000000001 0.5625 0.3078125000000001 0.5625 0.33281250000000007 0.56875 0.33281250000000007
4 0.5828125 0.2984375000000001 0.5796875 0.2984375000000001 0.5796875 0.30937500000000007 0.5828125 0.30937500000000007
4 0.578125 0.2984375000000001 0.575 0.2984375000000001 0.575 0.3156250000000001 0.578125 0.3156250000000001
4 0.5734375 0.2921875000000001 0.571875 0.2921875000000001 0.571875 0.30156250000000007 0.5734375 0.30156250000000007
4 0.5703125 0.28593750000000007 0.5671875 0.28593750000000007 0.5671875 0.2984375000000001 0.5703125 0.2984375000000001
4 0.5671875 0.2796875000000001 0.5640625 0.2796875000000001 0.5640625 0.29375000000000007 0.5671875 0.29375000000000007
4 0.5671875 0.2953125000000001 0.5640625 0.2953125000000001 0.5640625 0.3062500000000001 0.5671875 0.3062500000000001
4 0.5796875 0.2375000000000001 0.5765625 0.2375000000000001 0.5765625 0.2484375000000001 0.5796875 0.2484375000000001
4 0.5765625 0.2375000000000001 0.575 0.2375000000000001 0.575 0.2500000000000001 0.5765625 0.2500000000000001
4 0.575 0.22656250000000008 0.571875 0.22656250000000008 0.571875 0.2375000000000001 0.575 0.2375000000000001
4 0.571875 0.2406250000000001 0.5703125 0.2406250000000001 0.5703125 0.2515625000000001 0.571875 0.2515625000000001
4 0.565625 0.23593750000000008 0.5625 0.23593750000000008 0.5625 0.2500000000000001 0.565625 0.2500000000000001
4 0.5625 0.23593750000000008 0.559375 0.23593750000000008 0.559375 0.2500000000000001 0.5625 0.2500000000000001
4 0.5453125 0.2250000000000001 0.5421875 0.2250000000000001 0.5421875 0.23593750000000008 0.5453125 0.23593750000000008
4 0.5390625 0.2250000000000001 0.5375 0.2250000000000001 0.5375 0.23593750000000008 0.5390625 0.23593750000000008
4 0.53125 0.22656250000000008 0.5296875 0.22656250000000008 0.5296875 0.23593750000000008 0.53125 0.23593750000000008
4 0.525 0.2250000000000001 0.521875 0.2250000000000001 0.521875 0.23593750000000008 0.525 0.23593750000000008
4 0.546875 0.2750000000000001 0.54375 0.2750000000000001 0.54375 0.28593750000000007 0.546875 0.28593750000000007
4 0.5453125 0.2890625000000001 0.5421875 0.2890625000000001 0.5421875 0.30156250000000007 0.5453125 0.30156250000000007
4 0.540625 0.2890625000000001 0.5390625 0.2890625000000001 0.5390625 0.30156250000000007 0.540625 0.30156250000000007
4 0.5375 0.2906250000000001 0.534375 0.2906250000000001 0.534375 0.3046875000000001 0.5375 0.3046875000000001
4 0.528125 0.2750000000000001 0.525 0.2750000000000001 0.525 0.2875000000000001 0.528125 0.2875000000000001
4 0.5234375 0.2734375000000001 0.5203125 0.2734375000000001 0.5203125 0.2875000000000001 0.5234375 0.2875000000000001
4 0.5171875 0.2734375000000001 0.5140625 0.2734375000000001 0.5140625 0.2875000000000001 0.5171875 0.2875000000000001
4 0.4078125 0.2671875000000001 0.40625 0.2671875000000001 0.40625 0.2796875000000001 0.4078125 0.2796875000000001
4 0.4125 0.2671875000000001 0.409375 0.2671875000000001 0.409375 0.2796875000000001 0.4125 0.2796875000000001
4 0.4328125 0.20468750000000008 0.428125 0.20468750000000008 0.428125 0.2140625000000001 0.4328125 0.2140625000000001
5 0.678125 0.3765625000000001 0.6390625 0.3765625000000001 0.6390625 0.3937500000000001 0.678125 0.3937500000000001
5 0.7375 0.3765625000000001 0.69375 0.3765625000000001 0.69375 0.3921875000000001 0.7375 0.3921875000000001
5 0.746875 0.4046875000000001 0.7109375 0.4046875 0.7109375 0.4218750000000001 0.746875 0.42187500000000017
3 0.690625 0.3984375000000001 0.6765625 0.3984375000000001 0.6765625 0.409375 0.690625 0.409375
4 0.84375 0.25468750000000007 0.840625 0.25468750000000007 0.840625 0.2687500000000001 0.84375 0.2687500000000001
4 0.9671875 0.2312500000000001 0.9609375 0.2312500000000001 0.9609375 0.2453125000000001 0.9671875 0.2453125000000001
3 0.99375 0.2812500000000001 0.984375 0.2812500000000001 0.984375 0.3062500000000001 0.99375 0.3062500000000001
2 0.946875 0.4656250000000002 0.9328125 0.4656250000000002 0.9328125 0.47968750000000016 0.946875 0.47968750000000016
6 0.984375 0.48437500000000017 0.9546875 0.48437500000000017 0.9546875 0.5031250000000002 0.984375 0.5031250000000002
5 0.825 0.45312500000000017 0.7859375 0.45312500000000017 0.7859375 0.4734375000000002 0.825 0.4734375000000002
4 0.7015625 0.4453125 0.6953125 0.4453125 0.6953125 0.45 0.7015625 0.45
6 0.696875 0.465625 0.6671875 0.465625 0.6671875 0.48125 0.696875 0.48125
6 0.6296875 0.4828125 0.6 0.4828125 0.6 0.5015625 0.6296875 0.5015625
6 0.678125 0.5515625 0.6484375 0.5515625 0.6484375 0.5765625 0.678125 0.5765625
5 0.7046875 0.484375 0.665625 0.484375 0.665625 0.5015625 0.7046875 0.5015625
4 0.5328125 0.446875 0.5234375 0.446875 0.5234375 0.45625 0.5328125 0.45625
4 0.5734375 0.55625 0.565625 0.55625 0.565625 0.5625 0.5734375 0.5625
2 0.5203125 0.4625 0.5078125 0.4625 0.5078125 0.475 0.5203125 0.475
2 0.4828125 0.478125 0.4671875 0.478125 0.4671875 0.490625 0.4828125 0.490625
4 0.4453125 0.4625 0.4375 0.4625 0.4375 0.46875 0.4453125 0.46875
3 0.3968750000000001 0.4703125 0.3781250000000001 0.4703125 0.3781250000000001 0.48125 0.3968750000000001 0.48125
2 0.3859375000000001 0.54375 0.3703125000000001 0.54375 0.3703125000000001 0.55625 0.3859375000000001 0.55625
2 0.2984375000000001 0.559375 0.28593750000000007 0.559375 0.28593750000000007 0.56875 0.2984375000000001 0.56875
2 0.23437500000000008 0.559375 0.21875000000000008 0.559375 0.21875000000000008 0.575 0.23437500000000008 0.575
3 0.2312500000000001 0.5296875 0.21250000000000008 0.5296875 0.21250000000000008 0.54375 0.2312500000000001 0.54375
2 0.16875000000000004 0.4671875 0.15468750000000003 0.4671875 0.15468750000000003 0.4796875 0.16875000000000004 0.4796875
5 0.1937500000000001 0.5515625 0.1531250000000001 0.5515625 0.1531250000000001 0.5703125 0.1937500000000001 0.5703125
2 0.025000000000000057 0.4828125 0.009375000000000059 0.4828125 0.00937500000000006 0.49375 0.025000000000000057 0.49375
2 0.03750000000000007 0.5484375 0.023437500000000066 0.5484375 0.023437500000000066 0.5609375 0.03750000000000007 0.5609375
2 0.06718750000000007 0.56875 0.05468750000000007 0.56875 0.05468750000000007 0.5796875 0.06718750000000007 0.5796875
5 0.034375000000000114 0.921875 0.02187500000000011 0.921875 0.021875000000000113 0.965625 0.03437500000000012 0.965625
5 0.035937500000000094 0.7296875 0.025000000000000088 0.7296875 0.025000000000000095 0.778125 0.0359375000000001 0.778125
5 0.07031250000000008 0.715625 0.05312500000000009 0.715625 0.05312500000000009 0.771875 0.07031250000000008 0.771875
5 0.13437500000000008 0.675 0.10000000000000009 0.675 0.10000000000000009 0.6953125 0.13437500000000008 0.6953125
5 0.1609375000000001 0.640625 0.12500000000000008 0.640625 0.12500000000000008 0.65625 0.1609375000000001 0.65625
5 0.2906250000000001 0.6328125 0.2609375000000001 0.6328125 0.2609375000000001 0.6484375 0.2906250000000001 0.6484375
6 0.2375000000000001 0.6109375 0.2015625000000001 0.6109375 0.2015625000000001 0.6265625 0.2375000000000001 0.6265625
4 0.3078125000000001 0.590625 0.30156250000000007 0.590625 0.30156250000000007 0.596875 0.3078125000000001 0.596875
4 0.3625000000000001 0.5890625 0.3531250000000001 0.5890625 0.3531250000000001 0.596875 0.3625000000000001 0.596875
4 0.4375 0.5859375 0.43125 0.5859375 0.43125 0.5953125 0.4375 0.5953125
4 0.484375 0.6046875 0.4765625 0.6046875 0.4765625 0.6140625 0.484375 0.6140625
6 0.50625 0.615625 0.4796875 0.615625 0.4796875 0.6328125 0.50625 0.6328125
2 0.58125 0.6203125 0.56875 0.6203125 0.56875 0.63125 0.58125 0.63125
4 0.659375 0.584375 0.653125 0.584375 0.653125 0.590625 0.659375 0.590625
2 0.6671875 0.6265625 0.6609375 0.6265625 0.6609375 0.646875 0.6671875 0.646875
2 0.6734375 0.621875 0.66875 0.621875 0.66875 0.646875 0.6734375 0.646875
2 0.6796875 0.65625 0.6734375 0.65625 0.6734375 0.6828125 0.6796875 0.6828125
2 0.71875 0.6421875 0.7125 0.6421875 0.7125 0.665625 0.71875 0.665625
3 0.684375 0.609375 0.675 0.609375 0.675 0.63125 0.684375 0.63125
3 0.7187500000000002 0.88125 0.7093750000000002 0.88125 0.7093750000000002 0.9109375 0.7187500000000002 0.9109375
3 0.7656250000000002 0.8453125 0.7453125000000002 0.8453125 0.7453125000000002 0.859375 0.7656250000000002 0.859375
6 0.7328125 0.5984375000000001 0.70625 0.5984375 0.70625 0.6125 0.7328125 0.6125000000000002
3 0.75625 0.5937500000000002 0.7375 0.5937500000000002 0.7375 0.6046875000000002 0.75625 0.6046875000000002
3 0.7875 0.5750000000000002 0.778125 0.5750000000000002 0.778125 0.5843750000000002 0.7875 0.5843750000000002
0 0.759375 0.6593750000000002 0.74375 0.6593750000000002 0.74375 0.6750000000000002 0.759375 0.6750000000000002
0 0.796875 0.5984375000000002 0.7859375 0.5984375000000002 0.7859375 0.6093750000000002 0.796875 0.6093750000000002
0 0.8203125 0.5953125000000001 0.8125 0.5953125000000001 0.8125 0.6062500000000002 0.8203125 0.6062500000000002
0 0.8234375 0.6406250000000002 0.8125 0.6406250000000002 0.8125 0.6500000000000001 0.8234375 0.6500000000000001
2 0.8203125 0.5640625000000001 0.80625 0.5640625000000001 0.80625 0.5796875000000001 0.8203125 0.5796875000000001
6 0.8984375 0.6281250000000002 0.8625 0.6281250000000002 0.8625 0.6468750000000002 0.8984375 0.6468750000000002
4 0.896875 0.5828125000000002 0.8875 0.5828125000000002 0.8875 0.5937500000000002 0.896875 0.5937500000000002
4 0.9203125 0.5781250000000002 0.9125 0.5781250000000002 0.9125 0.5859375000000002 0.9203125 0.5859375000000002
5 0.9953125 0.5500000000000002 0.925 0.5500000000000002 0.925 0.5703125000000002 0.9953125 0.5703125000000002
2 0.9375 0.7875000000000002 0.928125 0.7875000000000002 0.928125 0.8015625 0.9375 0.8015625
2 0.9390625 0.8046875 0.9265625 0.8046875 0.9265625 0.815625 0.9390625 0.815625
2 0.990625 0.7968750000000002 0.9765625 0.7968750000000002 0.9765625 0.8203125 0.990625 0.8203125
2 0.978125 0.846875 0.9671875 0.846875 0.9671875 0.865625 0.978125 0.865625
2 0.9609375 0.853125 0.953125 0.853125 0.953125 0.88125 0.9609375 0.88125
2 0.9515625 0.884375 0.9453125 0.884375 0.9453125 0.90625 0.9515625 0.90625
2 0.94375 0.8875 0.9375 0.8875 0.9375 0.9140625 0.94375 0.9140625
2 0.971875 0.9046875 0.9640625 0.9046875 0.9640625 0.928125 0.971875 0.928125
2 1 0.896875 0.99375 0.896875 0.99375 0.9171875 1 0.9171875