2 0.025000000000000095 0.765625 0.006250000000000094 0.765625 0.006250000000000094 0.78125 0.0250000000000001 0.78125
2 0.2484375000000001 0.771875 0.2328125000000001 0.771875 0.2328125000000001 0.7859375 0.2484375000000001 0.7859375
2 0.2734375000000001 0.7734375 0.2593750000000001 0.7734375 0.2593750000000001 0.7859375 0.2734375000000001 0.7859375
2 0.3203125000000001 0.7734375 0.30156250000000007 0.7734375 0.30156250000000007 0.7890625 0.3203125000000001 0.7890625
2 0.3625000000000001 0.815625 0.3437500000000001 0.815625 0.3437500000000001 0.8296875 0.3625000000000001 0.8296875
2 0.40937500000000016 0.815625 0.3937500000000001 0.815625 0.3937500000000001 0.8328125 0.40937500000000016 0.8328125
2 0.2562500000000001 0.6953125 0.2375000000000001 0.6953125 0.2375000000000001 0.709375 0.2562500000000001 0.709375
2 0.057812500000000086 0.784375 0.0406250000000001 0.784375 0.0406250000000001 0.8015625 0.057812500000000086 0.8015625
3 0.0671875000000001 0.7640625 0.04687500000000009 0.7640625 0.0468750000000001 0.7828125 0.0671875000000001 0.7828125
6 0.0656250000000001 0.8140625 0.0250000000000001 0.8140625 0.0250000000000001 0.834375 0.06562500000000011 0.834375
6 0.1781250000000001 0.6609375 0.1359375000000001 0.6609375 0.1359375000000001 0.68125 0.1781250000000001 0.68125
6 0.3375000000000001 0.659375 0.30156250000000007 0.659375 0.30156250000000007 0.6796875 0.3375000000000001 0.6796875
6 0.2656250000000001 0.7125 0.2312500000000001 0.7125 0.2312500000000001 0.7328125 0.2656250000000001 0.7328125
1 0.1984375000000001 0.76875 0.1531250000000001 0.76875 0.1531250000000001 0.79375 0.1984375000000001 0.79375
6 0.3375000000000001 0.79375 0.3062500000000001 0.79375 0.3062500000000001 0.815625 0.3375000000000001 0.815625
6 0.2578125000000001 0.8 0.2312500000000001 0.8 0.2312500000000001 0.8265625 0.2578125000000001 0.8265625
3 0.03281250000000008 0.65625 0.00781250000000008 0.65625 0.007812500000000082 0.671875 0.03281250000000008 0.671875
6 0.10781250000000009 0.584375 0.06562500000000007 0.584375 0.06562500000000007 0.60625 0.10781250000000009 0.60625
3 0.2828125000000001 0.821875 0.2609375000000001 0.821875 0.2609375000000001 0.840625 0.2828125000000001 0.840625
4 0.12656250000000008 0.790625 0.12031250000000009 0.790625 0.12031250000000009 0.796875 0.12656250000000008 0.796875
4 0.1218750000000001 0.8046875 0.11250000000000009 0.8046875 0.11250000000000009 0.8109375 0.1218750000000001 0.8109375
4 0.08906250000000009 0.8015625 0.07968750000000009 0.8015625 0.07968750000000009 0.8078125 0.08906250000000009 0.8078125
4 0.12656250000000008 0.8203125 0.11718750000000008 0.8203125 0.11718750000000008 0.8265625 0.12656250000000008 0.8265625
4 0.1390625000000001 0.83125 0.1296875000000001 0.83125 0.1296875000000001 0.8375 0.1390625000000001 0.8375
4 0.21093750000000008 0.8234375 0.2015625000000001 0.8234375 0.2015625000000001 0.8296875 0.21093750000000008 0.8296875
4 0.08750000000000009 0.6671875 0.07656250000000009 0.6671875 0.07656250000000009 0.6734375 0.08750000000000009 0.6734375
4 0.1390625000000001 0.68125 0.1296875000000001 0.68125 0.1296875000000001 0.6875 0.1390625000000001 0.6875
4 0.3359375000000001 0.69375 0.3265625000000001 0.69375 0.3265625000000001 0.7 0.3359375000000001 0.7
4 0.30937500000000007 0.8140625 0.30156250000000007 0.8140625 0.30156250000000007 0.8203125 0.30937500000000007 0.8203125
0 0.3703125000000001 0.6546875 0.3578125000000001 0.6546875 0.3578125000000001 0.6671875 0.3703125000000001 0.6671875
2 0.2968750000000001 0.584375 0.27812500000000007 0.584375 0.27812500000000007 0.6015625 0.2968750000000001 0.6015625
2 0.3187500000000001 0.5859375 0.3000000000000001 0.5859375 0.3000000000000001 0.603125 0.3187500000000001 0.603125
2 0.22812500000000008 0.459375 0.21875000000000008 0.459375 0.21875000000000008 0.4890625 0.22812500000000008 0.4890625
2 0.2531250000000001 0.4 0.2406250000000001 0.4 0.2406250000000001 0.4234375 0.2531250000000001 0.4234375
2 0.26250000000000007 0.4671875 0.24375000000000008 0.4671875 0.24375000000000008 0.484375 0.26250000000000007 0.484375
3 0.2828125000000001 0.50625 0.2609375000000001 0.50625 0.2609375000000001 0.5203125 0.2828125000000001 0.5203125
3 0.34843750000000007 0.415625 0.3343750000000001 0.415625 0.3343750000000001 0.428125 0.34843750000000007 0.428125
3 0.3468750000000001 0.434375 0.3343750000000001 0.434375 0.3343750000000001 0.4453125 0.3468750000000001 0.4453125
2 0.98125 0.6000000000000002 0.9609375 0.6000000000000002 0.9609375 0.6156250000000002 0.98125 0.6156250000000002
2 0.915625 0.5656250000000002 0.8984375 0.5656250000000002 0.8984375 0.5796875000000001 0.915625 0.5796875000000001
2 0.915625 0.47656250000000017 0.90625 0.47656250000000017 0.90625 0.5031250000000002 0.915625 0.5031250000000002
2 0.8703125 0.5140625000000002 0.8609375 0.5140625000000002 0.8609375 0.5437500000000002 0.8703125 0.5437500000000002
2 0.8546875 0.6031250000000001 0.8390625 0.6031250000000001 0.8390625 0.6156250000000002 0.8546875 0.6156250000000002
3 0.7953125 0.5984375000000002 0.775 0.5984375000000002 0.775 0.6140625000000002 0.7953125 0.6140625000000002
2 0.8296875 0.7250000000000002 0.8140625 0.7250000000000002 0.8140625 0.7390625000000002 0.8296875 0.7390625000000002
2 0.7625 0.6921875000000002 0.746875 0.6921875000000002 0.746875 0.7031250000000002 0.7625 0.7031250000000002
3 0.7390625000000002 0.7265625000000001 0.7187500000000002 0.7265625 0.7187500000000002 0.7406250000000001 0.7390625000000002 0.7406250000000002
2 0.7921875000000002 0.7843750000000002 0.7718750000000002 0.7843750000000002 0.7718750000000002 0.7984375000000001 0.7921875000000002 0.7984375000000001
2 0.7109375000000002 0.784375 0.6921875000000002 0.784375 0.6921875000000002 0.8 0.7109375000000002 0.8
6 0.821875 0.80625 0.7812500000000002 0.80625 0.7812500000000002 0.83125 0.821875 0.83125
4 0.8875 0.7187500000000002 0.8796875 0.7187500000000002 0.8796875 0.7250000000000002 0.8875 0.7250000000000002
4 0.7390625 0.6859375000000002 0.7328125 0.6859375000000002 0.7328125 0.6921875000000002 0.7390625 0.6921875000000002
1 0.8359375 0.6921875000000002 0.7796875 0.6921875000000002 0.7796875 0.7156250000000002 0.8359375 0.7156250000000002
1 0.775 0.6609375000000001 0.7203125 0.6609375 0.7203125 0.6828125 0.775 0.6828125000000002
6 0.884375 0.6046875000000002 0.859375 0.6046875000000002 0.859375 0.6218750000000002 0.884375 0.6218750000000002
2 0.7000000000000002 0.859375 0.6828125000000002 0.859375 0.6828125000000002 0.875 0.7000000000000002 0.875
2 0.6265625000000001 0.78125 0.6093750000000002 0.78125 0.6093750000000002 0.796875 0.6265625000000001 0.796875
2 0.5843750000000002 0.8234375 0.5687500000000002 0.8234375 0.5687500000000002 0.8375 0.5843750000000002 0.8375
0 0.5312500000000002 0.778125 0.5156250000000002 0.778125 0.5156250000000002 0.7890625 0.5312500000000002 0.7890625
4 0.6875000000000002 0.84375 0.6781250000000002 0.84375 0.6781250000000002 0.85 0.6875000000000002 0.85
6 0.55 0.71875 0.5140625 0.71875 0.5140625000000001 0.740625 0.5500000000000002 0.740625
6 0.6171875 0.678125 0.58125 0.678125 0.58125 0.7046875 0.6171875 0.7046875
6 0.5593750000000002 0.7984375 0.5125000000000002 0.7984375 0.5125000000000002 0.825 0.5593750000000002 0.825
4 0.6312500000000002 0.8546875 0.6250000000000002 0.8546875 0.6250000000000002 0.8703125 0.6312500000000002 0.8703125
0 0.028125000000000087 0.68125 0.012500000000000084 0.68125 0.012500000000000084 0.6921875 0.028125000000000087 0.6921875
5 0.434375 0.665625 0.3703125000000001 0.665625 0.3703125000000001 0.6890625 0.434375 0.6890625
6 0.478125 0.6 0.440625 0.6 0.440625 0.6609375 0.478125 0.6609375
1 0.4796875 0.4859375 0.4625 0.4859375 0.4625 0.5640625 0.4796875 0.5640625
6 0.49375 0.496875 0.48125 0.496875 0.48125 0.5609375 0.49375 0.5609375
6 0.5171875 0.3859375000000001 0.503125 0.3859375000000001 0.503125 0.4515625 0.5171875 0.4515625
6 0.484375 0.19687500000000005 0.4734375 0.19687500000000005 0.4734375 0.2671875000000001 0.484375 0.2671875000000001
6 0.5421875 0.11406250000000004 0.5265625 0.11406250000000004 0.5265625 0.18750000000000006 0.5421875 0.18750000000000006
2 0.453125 0.03437500000000006 0.44375 0.03437500000000006 0.44375 0.06250000000000004 0.453125 0.06250000000000004
2 0.459375 0.11875000000000005 0.446875 0.11875000000000005 0.446875 0.14375000000000004 0.459375 0.14375000000000004
2 0.446875 0.15156250000000004 0.43125 0.15156250000000004 0.43125 0.16250000000000003 0.446875 0.16250000000000003
2 0.45625 0.17187500000000006 0.4375 0.17187500000000006 0.4375 0.19062500000000004 0.45625 0.19062500000000004
2 0.4421875 0.18437500000000004 0.425 0.18437500000000004 0.425 0.20312500000000008 0.4421875 0.20312500000000008
2 0.45625 0.2375000000000001 0.440625 0.2375000000000001 0.440625 0.2562500000000001 0.45625 0.2562500000000001
2 0.4671875 0.2375000000000001 0.4578125 0.2375000000000001 0.4578125 0.26250000000000007 0.4671875 0.26250000000000007
2 0.5234375 0.2796875000000001 0.5140625 0.2796875000000001 0.5140625 0.3140625000000001 0.5234375 0.3140625000000001
2 0.5375 0.3656250000000001 0.53125 0.3656250000000001 0.53125 0.39531250000000007 0.5375 0.39531250000000007
2 0.5484375 0.3468750000000001 0.5359375 0.3468750000000001 0.5359375 0.3703125000000001 0.5484375 0.3703125000000001
2 0.5546875 0.446875 0.546875 0.446875 0.546875 0.471875 0.5546875 0.471875
2 0.55 0.5234375 0.5359375 0.5234375 0.5359375 0.5546875 0.55 0.5546875
2 0.55625 0.603125 0.5375 0.603125 0.5375 0.6234375 0.55625 0.6234375
2 0.621875 0.584375 0.60625 0.584375 0.60625 0.603125 0.621875 0.603125
3 0.528125 0.5734375 0.509375 0.5734375 0.509375 0.6 0.528125 0.6
3 0.6 0.596875 0.5796875 0.596875 0.5796875 0.621875 0.6 0.621875
3 0.6609375 0.6296875 0.646875 0.6296875 0.646875 0.640625 0.6609375 0.640625
2 0.684375 0.5953125 0.66875 0.5953125 0.66875 0.6078125 0.684375 0.6078125
2 0.45625 0.26250000000000007 0.440625 0.26250000000000007 0.440625 0.2828125000000001 0.45625 0.2828125000000001
2 0.4515625 0.2812500000000001 0.4359375 0.2812500000000001 0.4359375 0.3000000000000001 0.4515625 0.3000000000000001
2 0.459375 0.3109375000000001 0.4515625 0.3109375000000001 0.4515625 0.3343750000000001 0.459375 0.3343750000000001
2 0.4765625 0.3437500000000001 0.4671875 0.3437500000000001 0.4671875 0.3765625000000001 0.4765625 0.3765625000000001
2 0.4890625 0.3578125000000001 0.48125 0.3578125000000001 0.48125 0.3859375000000001 0.4890625 0.3859375000000001
4 0.4765625 0.3203125000000001 0.471875 0.3203125000000001 0.471875 0.3343750000000001 0.4765625 0.3343750000000001
4 0.484375 0.2796875000000001 0.4796875 0.2796875000000001 0.4796875 0.2921875000000001 0.484375 0.2921875000000001
4 0.471875 0.3921875000000001 0.4671875 0.3921875000000001 0.4671875 0.40625 0.471875 0.40625
4 0.4796875 0.4109375 0.4765625 0.4109375 0.4765625 0.425 0.4796875 0.425
4 0.4703125 0.18750000000000006 0.4671875 0.18750000000000006 0.4671875 0.2015625000000001 0.4703125 0.2015625000000001
3 0.4421875 0.031250000000000056 0.434375 0.031250000000000056 0.434375 0.06093750000000005 0.4421875 0.06093750000000005
3 0.434375 0.11093750000000005 0.4171875 0.11093750000000005 0.4171875 0.12656250000000005 0.434375 0.12656250000000005
3 0.4640625 0.3453125000000001 0.4546875 0.3453125000000001 0.4546875 0.3812500000000001 0.4640625 0.3812500000000001
0 0.4484375 0.4859375 0.434375 0.4859375 0.434375 0.496875 0.4484375 0.496875
0 0.453125 0.5359375 0.4484375 0.5359375 0.4484375 0.5546875 0.453125 0.5546875
0 0.4578125 0.484375 0.4484375 0.484375 0.4484375 0.4984375 0.4578125 0.4984375
0 0.4578125 0.4953125 0.4515625 0.4953125 0.4515625 0.5171875 0.4578125 0.5171875