3 0.1843750000000001 0.6265625 0.16406250000000008 0.6265625 0.16406250000000008 0.646875 0.1843750000000001 0.646875
0 0.06250000000000008 0.7546875 0.04531250000000009 0.7546875 0.04531250000000009 0.76875 0.06250000000000008 0.76875
0 0.1375000000000001 0.7421875 0.12500000000000008 0.7421875 0.12500000000000008 0.7546875 0.1375000000000001 0.7546875
0 0.08750000000000009 0.6625 0.07187500000000009 0.6625 0.07187500000000009 0.678125 0.08750000000000009 0.678125
0 0.028125000000000087 0.6984375 0.014062500000000084 0.6984375 0.014062500000000085 0.7140625 0.028125000000000087 0.7140625
0 0.26250000000000007 0.73125 0.2468750000000001 0.73125 0.2468750000000001 0.7453125 0.26250000000000007 0.7453125
0 0.3187500000000001 0.54375 0.3046875000000001 0.54375 0.3046875000000001 0.559375 0.3187500000000001 0.559375
4 0.2609375000000001 0.5609375 0.2468750000000001 0.5609375 0.2468750000000001 0.575 0.2609375000000001 0.575
4 0.2796875 0.28125 0.26875 0.28125 0.26875 0.2921875 0.2796875 0.2921875
0 0.4390625 0.3343750000000001 0.4234375 0.3343750000000001 0.4234375 0.34843750000000007 0.4390625 0.34843750000000007
0 0.2984375000000001 0.6875 0.2828125000000001 0.6875 0.2828125000000001 0.7 0.2984375000000001 0.7
4 0.3890625000000001 0.5015625 0.37968750000000007 0.5015625 0.37968750000000007 0.5125 0.3890625000000001 0.5125
0 0.4296875 0.3812500000000001 0.4171875 0.3812500000000001 0.4171875 0.4015625 0.4296875 0.4015625
0 0.56875 0.49375 0.5546875 0.49375 0.5546875 0.5125 0.56875 0.5125
0 0.421875 0.6 0.409375 0.6 0.409375 0.615625 0.421875 0.615625
4 0.5359375 0.6265625 0.5265625 0.6265625 0.5265625 0.6421875 0.5359375 0.6421875
4 0.628125 0.3218750000000001 0.615625 0.3218750000000001 0.615625 0.3359375000000001 0.628125 0.3359375000000001
4 0.725 0.3687500000000001 0.7140625 0.3687500000000001 0.7140625 0.3890625000000001 0.725 0.3890625000000001
0 0.825 0.1437500000000001 0.809375 0.1437500000000001 0.809375 0.1625000000000001 0.825 0.1625000000000001
4 0.6203125 0.28593750000000007 0.609375 0.28593750000000007 0.609375 0.30156250000000007 0.6203125 0.30156250000000007
0 0.6984375 0.4671875 0.6875 0.4671875 0.6875 0.4890625 0.6984375 0.4890625
0 0.7625 0.020312500000000094 0.7515625 0.020312500000000094 0.7515625 0.042187500000000086 0.7625 0.042187500000000086
0 0.7109375 0.1515625000000001 0.696875 0.1515625000000001 0.696875 0.1671875000000001 0.7109375 0.1671875000000001
4 0.853125 0.1687500000000001 0.84375 0.1687500000000001 0.84375 0.1921875000000001 0.853125 0.1921875000000001
4 0.042187500000000086 0.759375 0.02968750000000009 0.759375 0.02968750000000009 0.76875 0.042187500000000086 0.76875
4 0.5171875 0.61875 0.5078125 0.61875 0.5078125 0.628125 0.5171875 0.628125
4 0.3906250000000001 0.6 0.37968750000000007 0.6 0.37968750000000007 0.6125 0.3906250000000001 0.6125
4 0.4046875 0.6046875 0.39531250000000007 0.6046875 0.39531250000000007 0.6171875 0.4046875 0.6171875
0 0.2250000000000001 0.6203125 0.2140625000000001 0.6203125 0.2140625000000001 0.634375 0.2250000000000001 0.634375
4 0.2609375000000001 0.59375 0.2500000000000001 0.59375 0.2500000000000001 0.603125 0.2609375000000001 0.603125
4 0.4328125 0.5859375 0.421875 0.5859375 0.421875 0.6 0.4328125 0.6
4 0.3015625 0.2640625 0.2921875 0.2640625 0.2921875 0.278125 0.3015625 0.278125
4 0.4484375 0.3703125000000001 0.4375 0.3703125000000001 0.4375 0.3843750000000001 0.4484375 0.3843750000000001
2 0.3296875 0.2890625 0.3078125 0.2890625 0.3078125 0.3171875 0.3296875 0.3171875
0 0.4796875 0.3375000000000001 0.4640625 0.3375000000000001 0.4640625 0.3515625000000001 0.4796875 0.3515625000000001
4 0.5234375 0.640625 0.5109375 0.640625 0.5109375 0.6546875 0.5234375 0.6546875
4 0.453125 0.4484375 0.44375 0.4484375 0.44375 0.465625 0.453125 0.465625
4 0.259375 0.25 0.2515625 0.25 0.2515625 0.265625 0.259375 0.265625
2 0.2890625 0.21875 0.26875 0.21875 0.26875 0.246875 0.2890625 0.246875
4 0.16093750000000004 0.3 0.15000000000000005 0.3 0.15000000000000005 0.3171875 0.16093750000000004 0.3171875
0 0.2984375000000001 0.4796875 0.2875000000000001 0.4796875 0.2875000000000001 0.49375 0.2984375000000001 0.49375
0 0.16250000000000003 0.3484375 0.15156250000000004 0.3484375 0.15156250000000004 0.3640625 0.16250000000000003 0.3640625
4 0.16875 0.1625 0.1578125 0.1625 0.1578125 0.1765625 0.16875 0.1765625
2 0.2078125000000001 0.3765625 0.18906250000000005 0.3765625 0.18906250000000005 0.40625 0.2078125000000001 0.40625
4 0.6046875 0.7 0.59375 0.7 0.59375 0.71875 0.6046875 0.71875
4 0.6296875 0.5734375 0.61875 0.5734375 0.61875 0.5890625 0.6296875 0.5890625
4 0.5703125 0.63125 0.559375 0.63125 0.559375 0.646875 0.5703125 0.646875
4 0.675 0.403125 0.6625 0.403125 0.6625 0.4171875 0.675 0.4171875
4 0.5625 0.415625 0.55 0.415625 0.55 0.428125 0.5625 0.428125
4 0.625 0.6921875 0.6171875 0.6921875 0.6171875 0.7078125 0.625 0.7078125
0 0.6234375 0.49375 0.6125 0.49375 0.6125 0.509375 0.6234375 0.509375
4 0.5640625 0.3984375000000001 0.5546875 0.3984375000000001 0.5546875 0.409375 0.5640625 0.409375
4 0.7234375 0.6421875 0.7125 0.6421875 0.7125 0.6609375 0.7234375 0.6609375
4 0.815625 0.7437500000000001 0.8078125 0.7437500000000001 0.8078125 0.7625000000000002 0.815625 0.7625000000000002
2 0.696875 0.58125 0.6765625 0.58125 0.6765625 0.6109375 0.696875 0.6109375
4 0.741069960694114 0.8328820567141552 0.7318407078125001 0.8224481125 0.7269650397236658 0.8267608414963485 0.7361942926052796 0.8371947857105037
0 0.8359375 0.7250000000000002 0.8171875 0.7250000000000002 0.8171875 0.7515625000000001 0.8359375 0.7515625000000001
4 0.88125 0.8203125 0.8703125 0.8203125 0.8703125 0.840625 0.88125 0.840625
4 0.828125 0.7640625000000002 0.81875 0.7640625000000002 0.81875 0.7781250000000002 0.828125 0.7781250000000002
4 0.865625 0.8234375 0.8546875 0.8234375 0.8546875 0.8375 0.865625 0.8375
4 0.9 0.8421875 0.8890625 0.8421875 0.8890625 0.859375 0.9 0.859375
4 0.8265625 0.7890625000000002 0.815625 0.7890625000000002 0.815625 0.8078125 0.8265625 0.8078125
4 0.834375 0.7812500000000002 0.825 0.7812500000000002 0.825 0.8 0.834375 0.8
3 0.5640625 0.684375 0.5453125 0.684375 0.5453125 0.7046875 0.5640625 0.7046875
4 0.8796875 0.9578125 0.8671875 0.9578125 0.8671875 0.971875 0.8796875 0.971875
0 0.7156250000000002 0.73125 0.7015625000000002 0.73125 0.7015625000000002 0.75 0.7156250000000002 0.75
0 0.6828125 0.503125 0.6734375 0.503125 0.6734375 0.525 0.6828125 0.525
0 0.6703125 0.4953125 0.6609375 0.4953125 0.6609375 0.515625 0.6703125 0.515625
0 0.740625 0.4625000000000002 0.73125 0.4625000000000002 0.73125 0.4812500000000002 0.740625 0.4812500000000002
4 0.7609375 0.3109375000000001 0.753125 0.3109375000000001 0.753125 0.3265625000000001 0.7609375 0.3265625000000001
4 0.8015625 0.14843750000000008 0.790625 0.14843750000000008 0.790625 0.1593750000000001 0.8015625 0.1593750000000001
0 0.7328125 0.6656250000000001 0.721875 0.665625 0.721875 0.6859375000000001 0.7328125 0.6859375000000002
4 0.4203125 0.4921875 0.4078125 0.4921875 0.4078125 0.503125 0.4203125 0.503125
0 0.68125 0.45 0.6703125 0.45 0.6703125 0.4734375 0.68125 0.4734375
0 0.18437500000000004 0.321875 0.16875000000000004 0.321875 0.16875000000000004 0.34375 0.18437500000000004 0.34375
2 0.4734375 0.55 0.453125 0.55 0.453125 0.575 0.4734375 0.575
0 0.509375 0.6515625 0.5 0.6515625 0.5 0.66875 0.509375 0.66875
4 0.5203125 0.4609375 0.5109375 0.4609375 0.5109375 0.48125 0.5203125 0.48125
4 0.584375 0.68125 0.5734375 0.68125 0.5734375 0.7 0.584375 0.7
4 0.440625 0.6109375 0.4296875 0.6109375 0.4296875 0.621875 0.440625 0.621875
4 0.45625 0.56875 0.446875 0.56875 0.446875 0.584375 0.45625 0.584375
4 0.55625 0.6359375 0.5453125 0.6359375 0.5453125 0.646875 0.55625 0.646875
4 0.5359375 0.4609375 0.528125 0.4609375 0.528125 0.475 0.5359375 0.475
4 0.5421875 0.403125 0.5359375 0.403125 0.5359375 0.41875 0.5421875 0.41875
4 0.5484375 0.3968750000000001 0.540625 0.3968750000000001 0.540625 0.415625 0.5484375 0.415625
4 0.6578125 0.2390625000000001 0.6484375 0.2390625000000001 0.6484375 0.2500000000000001 0.6578125 0.2500000000000001
4 0.621875 0.3546875000000001 0.6109375 0.3546875000000001 0.6109375 0.3656250000000001 0.621875 0.3656250000000001
2 0.5234375 0.4875 0.5046875 0.4875 0.5046875 0.509375 0.5234375 0.509375
2 0.5546129648568617 0.47860707961023524 0.53744129375 0.47567977812500006 0.5335620460806384 0.49843560476476495 0.5507337171875 0.5013629062500001
2 0.6268499287226067 0.5966791813837005 0.6080568343749999 0.5728174484375 0.5982236550220283 0.5805618929727726 0.6170167493696352 0.604423625918973
4 0.8453125 0.7671875000000001 0.8328125 0.7671875000000001 0.8328125 0.7812500000000002 0.8453125 0.7812500000000002
3 0.6859375000000002 0.7984375 0.6671875000000002 0.7984375 0.6671875000000002 0.8171875 0.6859375000000002 0.8171875
0 0.8078125 0.7531250000000002 0.7937500000000002 0.7531250000000002 0.7937500000000002 0.7671875000000001 0.8078125 0.7671875000000001
4 0.590625 0.6640625 0.58125 0.6640625 0.58125 0.6796875 0.590625 0.6796875
2 0.71875 0.675 0.7 0.675 0.7 0.696875 0.71875 0.696875
4 0.5718750000000001 0.71875 0.559375 0.71875 0.5593750000000001 0.73125 0.5718750000000001 0.73125
0 0.5015625 0.5046875 0.4890625 0.5046875 0.4890625 0.5203125 0.5015625 0.5203125
4 0.6078125 0.6828125 0.5984375 0.6828125 0.5984375 0.6984375 0.6078125 0.6984375
4 0.76875 0.7109375000000002 0.7609375 0.7109375000000002 0.7609375 0.7250000000000002 0.76875 0.7250000000000002
4 0.709375 0.6578125 0.7015625 0.6578125 0.7015625 0.6734375 0.709375 0.6734375
4 0.7015625 0.653125 0.6875 0.653125 0.6875 0.665625 0.7015625 0.665625
4 0.3468750000000001 0.5421875 0.34062500000000007 0.5421875 0.34062500000000007 0.5546875 0.3468750000000001 0.5546875
4 0.3375000000000001 0.5234375 0.3296875000000001 0.5234375 0.3296875000000001 0.5375 0.3375000000000001 0.5375
0 0.2093750000000001 0.59375 0.1937500000000001 0.59375 0.1937500000000001 0.6125 0.2093750000000001 0.6125
2 0.5015625 0.4 0.48125 0.4 0.48125 0.4234375 0.5015625 0.4234375
2 0.14531250000000004 0.3203125 0.12343750000000005 0.3203125 0.12343750000000005 0.34375 0.14531250000000004 0.34375
2 0.2890625000000001 0.515625 0.2640625000000001 0.515625 0.2640625000000001 0.5328125 0.2890625000000001 0.5328125
0 0.2250000000000001 0.540625 0.2140625000000001 0.540625 0.2140625000000001 0.5609375 0.2250000000000001 0.5609375
3 0.18906250000000008 0.7453125 0.1750000000000001 0.7453125 0.1750000000000001 0.7671875 0.18906250000000008 0.7671875
4 0.27812500000000007 0.5921875 0.2656250000000001 0.5921875 0.2656250000000001 0.6078125 0.27812500000000007 0.6078125
3 0.5890625 0.53125 0.571875 0.53125 0.571875 0.5546875 0.5890625 0.5546875
2 0.421875 0.625 0.4046875 0.625 0.4046875 0.646875 0.421875 0.646875
4 0.5078125 0.634375 0.4984375 0.634375 0.4984375 0.6453125 0.5078125 0.6453125
4 0.6296875 0.24218750000000008 0.621875 0.24218750000000008 0.621875 0.2593750000000001 0.6296875 0.2593750000000001
4 0.5546875 0.459375 0.54375 0.459375 0.54375 0.475 0.5546875 0.475
4 0.471875 0.37968750000000007 0.4609375 0.37968750000000007 0.4609375 0.3906250000000001 0.471875 0.3906250000000001
4 0.575 0.415625 0.5640625 0.415625 0.5640625 0.43125 0.575 0.43125
0 0.525 0.3859375000000001 0.5109375 0.3859375000000001 0.5109375 0.4015625 0.525 0.4015625
0 0.6875 0.425 0.6765625 0.425 0.6765625 0.446875 0.6875 0.446875
2 0.59375 0.45 0.584375 0.45 0.584375 0.48125 0.59375 0.48125
4 0.64375 0.2812500000000001 0.6328125 0.2812500000000001 0.6328125 0.2968750000000001 0.64375 0.2968750000000001
4 0.7890625000000002 0.8625 0.7750000000000001 0.8625 0.7750000000000001 0.8828125 0.7890625000000002 0.8828125
5 0.4698232420480696 0.4336925252283921 0.4363416937500001 0.4212618812500001 0.42952789156311627 0.4396146429741881 0.4630094398611857 0.4520452869525801
3 0.6484375 0.59375 0.6328125 0.59375 0.6328125 0.6109375 0.6484375 0.6109375
4 0.6625 0.590625 0.6453125 0.590625 0.6453125 0.6109375 0.6625 0.6109375
0 0.51875 0.409375 0.5046875 0.409375 0.5046875 0.428125 0.51875 0.428125
0 0.596875 0.3609375000000001 0.5859375 0.3609375000000001 0.5859375 0.3765625000000001 0.596875 0.3765625000000001
2 0.5046875 0.4265625 0.4828125 0.4265625 0.4828125 0.4421875 0.5046875 0.4421875
4 0.9171875 0.8765625 0.9078125 0.8765625 0.9078125 0.8921875 0.9171875 0.8921875
4 0.928125 0.8734375 0.91875 0.8734375 0.91875 0.8921875 0.928125 0.8921875
4 0.9421875 0.903125 0.9296875 0.903125 0.9296875 0.9234375 0.9421875 0.9234375
4 0.9515625 0.928125 0.9421875 0.928125 0.9421875 0.9453125 0.9515625 0.9453125
4 0.9796875 0.9640625 0.9671875 0.9640625 0.9671875 0.984375 0.9796875 0.984375
4 0.9921875 0.9546875 0.9796875 0.9546875 0.9796875 0.9765625 0.9921875 0.9765625
4 0.8859375 0.803125 0.871875 0.803125 0.871875 0.81875 0.8859375 0.81875
4 0.7109375000000002 0.7921875 0.7000000000000002 0.7921875 0.7000000000000002 0.809375 0.7109375000000002 0.809375
4 0.7234375000000002 0.828125 0.7156250000000002 0.828125 0.7156250000000002 0.84375 0.7234375000000002 0.84375
4 0.6687500000000002 0.7734375 0.6578125000000001 0.7734375 0.6578125000000001 0.7890625 0.6687500000000002 0.7890625
4 0.6593750000000002 0.75 0.6500000000000001 0.75 0.6500000000000001 0.7640625 0.6593750000000002 0.7640625
4 0.659375 0.725 0.6515625 0.725 0.6515625 0.74375 0.6593750000000002 0.74375
4 0.6718750000000002 0.740625 0.6625000000000002 0.740625 0.6625000000000002 0.7625 0.6718750000000002 0.7625
4 0.5984375000000002 0.728125 0.5875000000000001 0.728125 0.5875000000000001 0.7453125 0.5984375000000002 0.7453125
4 0.58125 0.7140625 0.571875 0.7140625 0.5718750000000001 0.7296875 0.5812500000000002 0.7296875
4 0.575 0.6703125 0.5640625 0.6703125 0.5640625 0.68125 0.575 0.68125
4 0.5734375 0.6578125 0.5625 0.6578125 0.5625 0.66875 0.5734375 0.66875
4 0.571875 0.6484375 0.5609375 0.6484375 0.5609375 0.659375 0.571875 0.659375
4 0.3500000000000001 0.565625 0.3390625000000001 0.565625 0.3390625000000001 0.5796875 0.3500000000000001 0.5796875
4 0.36406250000000007 0.51875 0.34843750000000007 0.51875 0.34843750000000007 0.5328125 0.36406250000000007 0.5328125
4 0.3515625000000001 0.484375 0.3421875000000001 0.484375 0.3421875000000001 0.5 0.3515625000000001 0.5
4 0.3468750000000001 0.465625 0.3343750000000001 0.465625 0.3343750000000001 0.48125 0.3468750000000001 0.48125
4 0.3343750000000001 0.4765625 0.32500000000000007 0.4765625 0.32500000000000007 0.490625 0.3343750000000001 0.490625
4 0.478125 0.4421875 0.46875 0.4421875 0.46875 0.45625 0.478125 0.45625
4 0.484375 0.44375 0.4796875 0.44375 0.4796875 0.4578125 0.484375 0.4578125
4 0.403125 0.37968750000000007 0.3937500000000001 0.37968750000000007 0.3937500000000001 0.3984375000000001 0.403125 0.3984375000000001
4 0.36875 0.3453125 0.359375 0.3453125 0.359375 0.36250000000000004 0.36875 0.3625000000000001
4 0.3796875 0.3312500000000001 0.3671875 0.3312500000000001 0.3671875 0.3468750000000001 0.3796875 0.3468750000000001
4 0.2953125 0.2796875 0.2859375 0.2796875 0.2859375 0.2921875 0.2953125 0.2921875
4 0.2640625 0.240625 0.2546875 0.240625 0.2546875 0.2546875 0.2640625 0.2546875
4 0.1859375 0.16562500000000002 0.175 0.165625 0.175 0.17968750000000003 0.1859375 0.17968750000000006
4 0.13125 0.121875 0.11875 0.121875 0.11875 0.140625 0.13125 0.140625
4 0.06250000000000008 0.66875 0.04375000000000008 0.66875 0.04375000000000008 0.684375 0.06250000000000008 0.684375
4 0.590625 0.4921875 0.58125 0.4921875 0.58125 0.509375 0.590625 0.509375
4 0.596875 0.496875 0.5921875 0.496875 0.5921875 0.515625 0.596875 0.515625
4 0.6125 0.4859375 0.6046875 0.4859375 0.6046875 0.496875 0.6125 0.496875
4 0.615625 0.5015625 0.609375 0.5015625 0.609375 0.515625 0.615625 0.515625
4 0.6109375 0.503125 0.6046875 0.503125 0.6046875 0.51875 0.6109375 0.51875
4 0.6046875 0.5171875 0.5984375 0.5171875 0.5984375 0.5296875 0.6046875 0.5296875
4 0.7640625 0.27031250000000007 0.75625 0.27031250000000007 0.75625 0.2828125000000001 0.7640625 0.2828125000000001
4 0.834375 0.17343750000000008 0.821875 0.17343750000000008 0.821875 0.1921875000000001 0.834375 0.1921875000000001
4 0.7640625 0.1593750000000001 0.753125 0.1593750000000001 0.753125 0.17343750000000008 0.7640625 0.17343750000000008
4 0.7578125 0.11875000000000009 0.7453125 0.11875000000000009 0.7453125 0.13437500000000008 0.7578125 0.13437500000000008
4 0.85 0.11093750000000009 0.8328125 0.11093750000000009 0.8328125 0.12656250000000008 0.85 0.12656250000000008
4 0.8 0.0296875000000001 0.790625 0.0296875000000001 0.790625 0.0453125000000001 0.8 0.0453125000000001
4 0.8578125 0.9734375 0.8453125 0.9734375 0.8453125 0.990625 0.8578125 0.990625
0 0.7734375000000002 0.86875 0.7578125000000002 0.86875 0.7578125000000002 0.89375 0.7734375000000002 0.89375
0 0.7718750000000001 0.7250000000000002 0.7578125 0.7250000000000002 0.7578125000000001 0.7437500000000001 0.7718750000000002 0.7437500000000001
0 0.4203125 0.5421875 0.409375 0.5421875 0.409375 0.5609375 0.4203125 0.5609375
0 0.3859375000000001 0.5609375 0.3687500000000001 0.5609375 0.3687500000000001 0.5796875 0.3859375000000001 0.5796875
0 0.3703125000000001 0.475 0.3546875000000001 0.475 0.3546875000000001 0.49375 0.3703125000000001 0.49375
0 0.39531250000000007 0.4421875 0.3812500000000001 0.4421875 0.3812500000000001 0.45625 0.39531250000000007 0.45625
0 0.425 0.4421875 0.409375 0.4421875 0.409375 0.4578125 0.425 0.4578125
0 0.09375000000000008 0.6765625 0.07812500000000008 0.6765625 0.07812500000000008 0.6921875 0.09375000000000008 0.6921875
0 0.06406250000000002 0.16875 0.04843750000000002 0.16875 0.04843750000000002 0.19375 0.06406250000000002 0.19375
2 0.039062500000000014 0.05625 0.017187500000000005 0.05625 0.01718750000000001 0.084375 0.039062500000000014 0.084375
2 0.159375 0.09375000000000003 0.1375 0.09375000000000003 0.1375 0.1234375 0.159375 0.1234375
2 0.08281250000000004 0.253125 0.06093750000000002 0.253125 0.06093750000000003 0.28125 0.08281250000000004 0.28125
0 0.12343750000000005 0.2546875 0.10468750000000004 0.2546875 0.10468750000000004 0.2796875 0.12343750000000005 0.2796875
2 0.17187500000000003 0.1734375 0.146875 0.1734375 0.14687500000000003 0.203125 0.17187500000000006 0.203125
2 0.2171875 0.19062500000000004 0.19375000000000003 0.19062500000000004 0.19375000000000003 0.221875 0.2171875 0.221875
2 0.2609375 0.2625 0.2375 0.2625 0.2375 0.284375 0.2609375 0.284375
0 0.4515625 0.38750000000000007 0.4375 0.38750000000000007 0.4375 0.4015625 0.4515625 0.4015625
2 0.475 0.3937500000000001 0.453125 0.3937500000000001 0.453125 0.4140625 0.475 0.4140625
0 0.5546875 0.3343750000000001 0.5421875 0.3343750000000001 0.5421875 0.3609375000000001 0.5546875 0.3609375000000001
0 0.590625 0.3281250000000001 0.571875 0.3281250000000001 0.571875 0.34843750000000007 0.590625 0.34843750000000007
0 0.7453125 0.3000000000000001 0.73125 0.3000000000000001 0.73125 0.3218750000000001 0.7453125 0.3218750000000001
0 0.7046875 0.3828125000000001 0.6921875 0.3828125000000001 0.6921875 0.4 0.7046875 0.4
0 0.69375 0.3968750000000001 0.6828125 0.3968750000000001 0.6828125 0.4171875 0.69375 0.4171875
2 0.740625 0.3671875000000001 0.7296875 0.3671875000000001 0.7296875 0.4031250000000002 0.740625 0.4031250000000002
2 0.7015625 0.4234375 0.6875 0.4234375 0.6875 0.4515625 0.7015625 0.4515625
4 0.6671875 0.4625 0.6609375 0.4625 0.6609375 0.4734375 0.6671875 0.4734375
4 0.665625 0.4828125 0.6578125 0.4828125 0.6578125 0.49375 0.665625 0.49375
4 0.675 0.478125 0.6671875 0.478125 0.6671875 0.4921875 0.675 0.4921875
0 0.678125 0.61875 0.6640625 0.61875 0.6640625 0.6421875 0.678125 0.6421875
0 0.6765625 0.5859375 0.6640625 0.5859375 0.6640625 0.609375 0.6765625 0.609375
3 0.8015625 0.7203125000000001 0.7859375 0.7203125000000001 0.7859375000000001 0.7437500000000001 0.8015625 0.7437500000000001
3 0.7734375 0.6562500000000002 0.759375 0.6562500000000002 0.759375 0.6859375000000002 0.7734375 0.6859375000000002
2 0.37968750000000007 0.5 0.3625000000000001 0.5 0.3625000000000001 0.5265625 0.37968750000000007 0.5265625
2 0.3968750000000001 0.465625 0.3765625000000001 0.465625 0.3765625000000001 0.49375 0.3968750000000001 0.49375
2 0.528125 0.4296875 0.5078125 0.4296875 0.5078125 0.4515625 0.528125 0.4515625
3 0.1265625 0.1265625 0.1078125 0.1265625 0.1078125 0.159375 0.1265625 0.159375
3 0.346875 0.3359375 0.328125 0.3359375 0.328125 0.3625 0.346875 0.3625
2 0.496875 0.4578125 0.4734375 0.4578125 0.4734375 0.4765625 0.496875 0.4765625
2 0.6328125 0.446875 0.615625 0.446875 0.615625 0.471875 0.6328125 0.471875
1 0.25468750000000007 0.6484375 0.19531250000000008 0.6484375 0.19531250000000008 0.7125 0.25468750000000007 0.7125
1 0.575 0.5734375 0.5203125 0.5734375 0.5203125 0.6265625 0.575 0.6265625
1 0.6234375 0.61875 0.578125 0.61875 0.578125 0.6828125 0.6234375 0.6828125
1 0.65625 0.4703125 0.634375 0.4703125 0.634375 0.5765625 0.65625 0.5765625
2 0.6109375 0.528125 0.5921875 0.528125 0.5921875 0.5640625 0.6109375 0.5640625
3 0.4296875 0.5015625 0.3968750000000001 0.5015625 0.3968750000000001 0.546875 0.4296875 0.546875
0 0.609375 0.28593750000000007 0.59375 0.28593750000000007 0.59375 0.3156250000000001 0.609375 0.3156250000000001
6 0.49375 0.6015625 0.4640625 0.6015625 0.4640625 0.6578125 0.49375 0.6578125
3 0.6578125 0.6046875 0.63125 0.6046875 0.63125 0.6515625 0.6578125 0.6515625
2 0.715625 0.596875 0.696875 0.596875 0.696875 0.6375 0.715625 0.6375
2 0.690625 0.65 0.6734375 0.65 0.6734375 0.68125 0.690625 0.68125
2 0.5484375 0.40625 0.521875 0.40625 0.521875 0.4453125 0.5484375 0.4453125