2 0.08437500000000009 0.7609375 0.05625000000000009 0.7609375 0.05625000000000009 0.784375 0.08437500000000009 0.784375
2 0.2062500000000001 0.6328125 0.17968750000000008 0.6328125 0.17968750000000008 0.6578125 0.2062500000000001 0.6578125
0 0.26250000000000007 0.6640625 0.2406250000000001 0.6640625 0.2406250000000001 0.678125 0.26250000000000007 0.678125
0 0.36406250000000007 0.634375 0.3437500000000001 0.634375 0.3437500000000001 0.6546875 0.36406250000000007 0.6546875
4 0.1546875000000001 0.85 0.1375000000000001 0.85 0.1375000000000001 0.875 0.1546875000000001 0.875
4 0.18437500000000012 0.8953125 0.1687500000000001 0.8953125 0.16875000000000012 0.915625 0.18437500000000012 0.915625
4 0.2875000000000001 0.828125 0.2734375000000001 0.828125 0.2734375000000001 0.8484375 0.2875000000000001 0.8484375
4 0.2812500000000001 0.88125 0.2656250000000001 0.88125 0.2656250000000001 0.9015625 0.2812500000000001 0.9015625
4 0.3156250000000001 0.86875 0.30156250000000007 0.86875 0.30156250000000007 0.8921875 0.3156250000000001 0.8921875
4 0.3468750000000001 0.884375 0.33281250000000007 0.884375 0.33281250000000007 0.9078125 0.3468750000000001 0.9078125
2 0.13437500000000008 0.6859375 0.11250000000000009 0.6859375 0.11250000000000009 0.709375 0.13437500000000008 0.709375
2 0.3500000000000001 0.85 0.32500000000000007 0.85 0.32500000000000007 0.8765625 0.3500000000000001 0.8765625
2 0.3937500000000001 0.778125 0.3703125000000001 0.778125 0.3703125000000001 0.803125 0.3937500000000001 0.803125
2 0.4203125000000001 0.721875 0.3937500000000001 0.721875 0.3937500000000001 0.7546875 0.4203125000000002 0.7546875
2 0.4687500000000001 0.6765625 0.45 0.6765625 0.45000000000000007 0.7265625 0.46875000000000017 0.7265625
2 0.521875 0.6640625 0.5 0.6640625 0.5 0.7109375 0.521875 0.7109375
2 0.5031250000000002 0.85 0.4734375000000002 0.85 0.4734375000000002 0.884375 0.5031250000000002 0.884375
0 0.3968750000000001 0.834375 0.3750000000000001 0.834375 0.3750000000000001 0.8546875 0.3968750000000001 0.8546875
4 0.44062500000000016 0.7453125 0.42187500000000017 0.7453125 0.42187500000000017 0.7640625 0.44062500000000016 0.7640625
4 0.490625 0.6828125 0.4765625 0.6828125 0.4765625 0.709375 0.490625 0.709375
4 0.5203125000000002 0.7421875 0.5125000000000002 0.7421875 0.5125000000000002 0.7671875 0.5203125000000002 0.7671875
4 0.5015625000000001 0.715625 0.4875 0.715625 0.4875000000000001 0.740625 0.5015625000000001 0.740625
4 0.5046875 0.6890625 0.49375 0.6890625 0.49375 0.7125 0.5046875 0.7125
4 0.4828125000000001 0.703125 0.4703125 0.703125 0.4703125000000001 0.7265625 0.4828125000000002 0.7265625
2 0.46406250000000016 0.76875 0.44531250000000017 0.76875 0.44531250000000017 0.8125 0.46406250000000016 0.8125
4 0.47656250000000017 0.8203125 0.4593750000000002 0.8203125 0.4593750000000002 0.84375 0.47656250000000017 0.84375
4 0.6046875000000002 0.8375 0.5859375000000002 0.8375 0.5859375000000002 0.853125 0.6046875000000002 0.853125
4 0.6125000000000002 0.8953125 0.5968750000000002 0.8953125 0.5968750000000002 0.91875 0.6125000000000002 0.91875
4 0.521875 0.16250000000000003 0.5109375 0.16250000000000003 0.5109375 0.19687500000000005 0.521875 0.19687500000000005
2 0.5171875 0.33281250000000007 0.5015625 0.33281250000000007 0.5015625 0.3734375000000001 0.5171875 0.3734375000000001
4 0.5171875 0.5265625 0.5046875 0.5265625 0.5046875 0.5578125 0.5171875 0.5578125
2 0.7093750000000002 0.7875 0.6796875000000002 0.7875 0.6796875000000002 0.8140625 0.7093750000000002 0.8140625
2 0.8125 0.7734375000000002 0.7828125000000001 0.7734375000000002 0.7828125000000001 0.8 0.8125 0.8
2 0.8859375 0.8015625 0.8609375 0.8015625 0.8609375 0.828125 0.8859375 0.828125
2 0.9046875 0.7687500000000002 0.8796875 0.7687500000000002 0.8796875 0.7984375000000001 0.9046875 0.7984375000000001
4 0.9375 0.7578125000000002 0.91875 0.7578125000000002 0.91875 0.7781250000000002 0.9375 0.7781250000000002
4 0.9671875 0.878125 0.946875 0.878125 0.946875 0.9 0.9671875 0.9
4 0.8765625 0.9 0.8625 0.9 0.8625 0.9234375 0.8765625 0.9234375
4 0.7781250000000002 0.884375 0.7609375000000002 0.884375 0.7609375000000002 0.9046875 0.7781250000000002 0.9046875
4 0.7140625000000002 0.89375 0.6968750000000001 0.89375 0.6968750000000001 0.9171875 0.7140625000000002 0.9171875
2 0.6890625000000001 0.85625 0.6640625000000002 0.85625 0.6640625000000002 0.8828125 0.6890625000000001 0.8828125
4 0.6828125000000002 0.8828125 0.6609375000000002 0.8828125 0.6609375000000002 0.909375 0.6828125000000002 0.909375
4 0.5390625 0.029687500000000068 0.525 0.029687500000000068 0.525 0.06406250000000006 0.5390625 0.06406250000000006
3 0.0265625000000001 0.78125 9.567553118338697e-17 0.78125 9.720633968232116e-17 0.80625 0.0265625000000001 0.80625
2 0.02031250000000011 0.8921875 1.0926145661142792e-16 0.8921875 1.1127064276627905e-16 0.925 0.02031250000000011 0.925
4 0.3734375000000001 0.659375 0.3593750000000001 0.659375 0.3593750000000001 0.675 0.3734375000000001 0.675