2 0.6234375000000002 0.875 0.6125000000000002 0.875 0.6125000000000002 0.90625 0.6234375000000002 0.90625
2 0.5953125 0.678125 0.584375 0.678125 0.584375 0.7125 0.5953125 0.7125
4 0.5765625000000002 0.740625 0.5671875000000002 0.740625 0.5671875000000002 0.75625 0.5765625000000002 0.75625
4 0.6234375 0.621875 0.6171875 0.621875 0.6171875 0.640625 0.6234375 0.640625
4 0.66875 0.3890625000000001 0.659375 0.3890625000000001 0.659375 0.4 0.66875 0.4
4 0.709375 0.3890625000000001 0.6984375 0.3890625000000001 0.6984375 0.3984375000000001 0.709375 0.3984375000000001
4 0.778125 0.3859375000000001 0.76875 0.3859375000000001 0.76875 0.39531250000000007 0.778125 0.39531250000000007
4 0.9484375 0.4984375000000002 0.9390625 0.4984375000000002 0.9390625 0.5062500000000002 0.9484375 0.5062500000000002
4 0.9921875 0.4812500000000002 0.98125 0.4812500000000002 0.98125 0.48750000000000016 0.9921875 0.48750000000000016
4 0.9625 0.5359375000000002 0.953125 0.5359375000000002 0.953125 0.5453125000000002 0.9625 0.5453125000000002
4 0.9125 0.5468750000000002 0.9015625 0.5468750000000002 0.9015625 0.5562500000000001 0.9125 0.5562500000000001
4 0.8859375 0.5015625000000001 0.8765625 0.5015625000000001 0.8765625 0.5109375000000002 0.8859375 0.5109375000000002
4 0.871875 0.5156250000000002 0.8625 0.5156250000000002 0.8625 0.5265625000000002 0.871875 0.5265625000000002
4 0.8546875 0.5578125000000002 0.84375 0.5578125000000002 0.84375 0.5687500000000002 0.8546875 0.5687500000000002
4 0.8125 0.5265625000000002 0.803125 0.5265625000000002 0.803125 0.5343750000000002 0.8125 0.5343750000000002
4 0.8109375 0.5375000000000002 0.8015625 0.5375000000000002 0.8015625 0.5437500000000002 0.8109375 0.5437500000000002
4 0.8109375 0.5453125000000002 0.8015625 0.5453125000000002 0.8015625 0.5546875000000002 0.8109375 0.5546875000000002
4 0.8234375 0.5562500000000001 0.8140625 0.5562500000000001 0.8140625 0.5625000000000002 0.8234375 0.5625000000000002
4 0.834375 0.5625000000000002 0.825 0.5625000000000002 0.825 0.5703125000000002 0.834375 0.5703125000000002
4 0.8203125 0.5656250000000002 0.809375 0.5656250000000002 0.809375 0.5734375000000002 0.8203125 0.5734375000000002
4 0.809375 0.5671875000000002 0.8015625 0.5671875000000002 0.8015625 0.5734375000000002 0.809375 0.5734375000000002
4 0.7484375 0.5156250000000002 0.740625 0.5156250000000002 0.740625 0.5234375000000002 0.7484375 0.5234375000000002
4 0.740625 0.5187500000000002 0.73125 0.5187500000000002 0.73125 0.5281250000000002 0.740625 0.5281250000000002
4 0.734375 0.5406250000000001 0.725 0.540625 0.725 0.5468750000000001 0.734375 0.5468750000000002
4 0.7328125 0.5515625000000001 0.725 0.5515625 0.725 0.5593750000000001 0.7328125 0.5593750000000002
4 0.728125 0.5484375000000001 0.721875 0.5484375 0.721875 0.5546875000000001 0.728125 0.5546875000000002
4 0.725 0.540625 0.7171875 0.540625 0.7171875 0.546875 0.725 0.546875
4 0.71875 0.5375 0.709375 0.5375 0.709375 0.54375 0.71875 0.54375
4 0.7109375 0.5359375 0.703125 0.5359375 0.703125 0.5421875 0.7109375 0.5421875
4 0.7125 0.54375 0.7046875 0.54375 0.7046875 0.55 0.7125 0.55
4 0.7140625 0.5609375 0.7046875 0.5609375 0.7046875 0.5671875 0.7140625 0.5671875
4 0.7234375 0.553125 0.715625 0.553125 0.715625 0.5609375 0.7234375 0.5609375
4 0.7203125 0.55 0.7109375 0.55 0.7109375 0.5546875 0.7203125 0.5546875
4 0.7109375 0.55 0.703125 0.55 0.703125 0.55625 0.7109375 0.55625
4 0.7015625 0.559375 0.6921875 0.559375 0.6921875 0.565625 0.7015625 0.565625
4 0.7015625 0.553125 0.6921875 0.553125 0.6921875 0.559375 0.7015625 0.559375
4 0.6953125 0.5640625 0.6859375 0.5640625 0.6859375 0.571875 0.6953125 0.571875
4 0.6921875 0.5515625 0.684375 0.5515625 0.684375 0.5609375 0.6921875 0.5609375
4 0.684375 0.5359375 0.6765625 0.5359375 0.6765625 0.54375 0.684375 0.54375
4 0.6828125 0.5265625 0.6765625 0.5265625 0.6765625 0.5359375 0.6828125 0.5359375
4 0.6859375 0.5046875 0.6765625 0.5046875 0.6765625 0.5109375 0.6859375 0.5109375
4 0.684375 0.5484375 0.6765625 0.5484375 0.6765625 0.5578125 0.684375 0.5578125
4 0.66875 0.56875 0.659375 0.56875 0.659375 0.578125 0.66875 0.578125
4 0.4390625 0.4609375 0.4296875 0.4609375 0.4296875 0.4703125 0.4390625 0.4703125
4 0.4484375 0.43125 0.4390625 0.43125 0.4390625 0.4390625 0.4484375 0.4390625
4 0.4625 0.3890625000000001 0.453125 0.3890625000000001 0.453125 0.3968750000000001 0.4625 0.3968750000000001
4 0.4703125 0.3859375000000001 0.4625 0.3859375000000001 0.4625 0.3921875000000001 0.4703125 0.3921875000000001
4 0.4765625 0.3781250000000001 0.465625 0.3781250000000001 0.465625 0.3859375000000001 0.4765625 0.3859375000000001
4 0.4828125 0.38750000000000007 0.4734375 0.38750000000000007 0.4734375 0.39531250000000007 0.4828125 0.39531250000000007
4 0.4828125 0.3968750000000001 0.4734375 0.3968750000000001 0.4734375 0.4046875 0.4828125 0.4046875
4 0.496875 0.3781250000000001 0.4875 0.3781250000000001 0.4875 0.3843750000000001 0.496875 0.3843750000000001
4 0.49375 0.3843750000000001 0.484375 0.3843750000000001 0.484375 0.3906250000000001 0.49375 0.3906250000000001
4 0.5078125 0.3984375000000001 0.4984375 0.3984375000000001 0.4984375 0.4046875 0.5078125 0.4046875
4 0.490625 0.434375 0.48125 0.434375 0.48125 0.4390625 0.490625 0.4390625
4 0.5 0.4578125 0.490625 0.4578125 0.490625 0.4640625 0.5 0.4640625
4 0.4671875 0.44375 0.459375 0.44375 0.459375 0.4515625 0.4671875 0.4515625
4 0.5390625 0.3828125000000001 0.53125 0.3828125000000001 0.53125 0.3890625000000001 0.5390625 0.3890625000000001
4 0.5734375 0.3937500000000001 0.5640625 0.3937500000000001 0.5640625 0.4046875 0.5734375 0.4046875
4 0.534375 0.5609375 0.5234375 0.5609375 0.5234375 0.5703125 0.534375 0.5703125
4 0.12656250000000005 0.44375 0.11250000000000004 0.44375 0.11250000000000004 0.4546875 0.12656250000000005 0.4546875
4 0.04062500000000006 0.43125 0.029687500000000054 0.43125 0.029687500000000054 0.4421875 0.04062500000000006 0.4421875
4 0.03281250000000006 0.4515625 0.023437500000000056 0.4515625 0.023437500000000056 0.4609375 0.03281250000000006 0.4609375
4 0.06875000000000005 0.4296875 0.059375000000000046 0.4296875 0.059375000000000046 0.4390625 0.06875000000000005 0.4390625
4 0.010937500000000055 0.4375 5.357829746269671e-17 0.4375 5.405667511861364e-17 0.4453125 0.010937500000000055 0.4453125
4 0.012500000000000056 0.446875 5.472640383689735e-17 0.446875 5.5300457023997667e-17 0.45625 0.012500000000000056 0.45625
4 0.19375000000000003 0.4 0.18437500000000004 0.4 0.18437500000000004 0.4140625 0.19375000000000003 0.4140625
4 0.19062500000000004 0.384375 0.18125000000000005 0.384375 0.18125000000000005 0.3984375 0.19062500000000004 0.3984375
4 0.22812500000000008 0.40625 0.21875000000000008 0.40625 0.21875000000000008 0.421875 0.22812500000000008 0.421875
4 0.2562500000000001 0.4171875 0.2468750000000001 0.4171875 0.2468750000000001 0.4296875 0.2562500000000001 0.4296875
4 0.2328125 0.275 0.225 0.275 0.225 0.2921875 0.2328125 0.2921875
0 0.2453125 0.2921875 0.234375 0.2921875 0.234375 0.3109375 0.2453125 0.3109375
0 0.20000000000000004 0.35 0.18906250000000005 0.35 0.18906250000000005 0.36875 0.2000000000000001 0.36875
2 0.203125 0.3 0.19062500000000004 0.3 0.19062500000000004 0.3296875 0.203125 0.3296875
0 0.16093750000000004 0.40625 0.14687500000000003 0.40625 0.14687500000000003 0.421875 0.16093750000000004 0.421875
2 0.17812500000000003 0.425 0.15625000000000006 0.425 0.15625000000000006 0.446875 0.17812500000000003 0.446875
2 0.19062500000000004 0.465625 0.16875000000000004 0.465625 0.16875000000000004 0.484375 0.19062500000000004 0.484375
2 0.2218750000000001 0.453125 0.2015625000000001 0.453125 0.2015625000000001 0.4703125 0.2218750000000001 0.4703125
2 0.26250000000000007 0.46875 0.24375000000000008 0.46875 0.24375000000000008 0.4828125 0.26250000000000007 0.4828125
2 0.3046875000000001 0.4421875 0.28593750000000007 0.4421875 0.28593750000000007 0.45625 0.3046875000000001 0.45625
2 0.3281250000000001 0.4421875 0.3109375000000001 0.4421875 0.3109375000000001 0.4609375 0.3281250000000001 0.4609375
1 0.31718750000000007 0.503125 0.2640625000000001 0.503125 0.2640625000000001 0.5296875 0.31718750000000007 0.5296875
2 0.478125 0.4046875 0.4625 0.4046875 0.4625 0.415625 0.478125 0.415625
2 0.4578125 0.4015625 0.440625 0.4015625 0.440625 0.415625 0.4578125 0.415625
2 0.459375 0.41875 0.440625 0.41875 0.440625 0.43125 0.459375 0.43125
2 0.4671875 0.4296875 0.45 0.4296875 0.45 0.446875 0.4671875 0.446875
2 0.4609375 0.4546875 0.4453125 0.4546875 0.4453125 0.46875 0.4609375 0.46875
2 0.5125 0.4421875 0.49375 0.4421875 0.49375 0.45625 0.5125 0.45625
2 0.5078125 0.40625 0.4890625 0.40625 0.4890625 0.4203125 0.5078125 0.4203125
2 0.4875 0.41875 0.4703125 0.41875 0.4703125 0.4328125 0.4875 0.4328125
0 0.4203125 0.4015625 0.409375 0.4015625 0.409375 0.4171875 0.4203125 0.4171875
2 0.43125 0.4203125 0.4109375 0.4203125 0.4109375 0.4375 0.43125 0.4375
2 0.45 0.440625 0.4296875 0.440625 0.4296875 0.4515625 0.45 0.4515625
0 0.4953125 0.3921875000000001 0.48125 0.3921875000000001 0.48125 0.403125 0.4953125 0.403125
0 0.4796875 0.440625 0.46875 0.440625 0.46875 0.45 0.4796875 0.45
0 0.4875 0.4515625 0.4765625 0.4515625 0.4765625 0.4625 0.4875 0.4625
0 0.475 0.4515625 0.4625 0.4515625 0.4625 0.4625 0.475 0.4625
0 0.50625 0.4296875 0.49375 0.4296875 0.49375 0.4421875 0.50625 0.4421875
0 0.5734375 0.3703125000000001 0.5609375 0.3703125000000001 0.5609375 0.3812500000000001 0.5734375 0.3812500000000001
0 0.6625 0.36406250000000007 0.6515625 0.36406250000000007 0.6515625 0.37968750000000007 0.6625 0.37968750000000007
1 0.628125 0.43125 0.590625 0.43125 0.590625 0.46875 0.628125 0.46875
1 0.959375 0.46406250000000016 0.90625 0.46406250000000016 0.90625 0.4890625000000002 0.959375 0.4890625000000002
0 0.93125 0.4937500000000002 0.915625 0.4937500000000002 0.915625 0.5078125000000002 0.93125 0.5078125000000002
2 0.903125 0.47187500000000016 0.8828125 0.47187500000000016 0.8828125 0.49218750000000017 0.903125 0.49218750000000017
2 0.8640625 0.36406250000000007 0.8453125 0.36406250000000007 0.8453125 0.37968750000000007 0.8640625 0.37968750000000007
2 0.8390625 0.3312500000000001 0.8234375 0.3312500000000001 0.8234375 0.3468750000000001 0.8390625 0.3468750000000001
2 0.828125 0.4000000000000002 0.8109375 0.4000000000000002 0.8109375 0.4156250000000002 0.828125 0.4156250000000002
2 0.7875 0.3187500000000001 0.7765625 0.3187500000000001 0.7765625 0.3500000000000001 0.7875 0.3500000000000001
2 0.834375 0.5015625000000001 0.8140625 0.5015625000000001 0.8140625 0.5156250000000002 0.834375 0.5156250000000002
2 0.8515625 0.5046875000000002 0.8359375 0.5046875000000002 0.8359375 0.5187500000000002 0.8515625 0.5187500000000002
2 0.85 0.48437500000000017 0.83125 0.48437500000000017 0.83125 0.4984375000000002 0.85 0.4984375000000002
2 0.88125 0.4812500000000002 0.8625 0.4812500000000002 0.8625 0.4937500000000002 0.88125 0.4937500000000002
2 0.878125 0.4968750000000002 0.8578125 0.4968750000000002 0.8578125 0.5125000000000002 0.878125 0.5125000000000002
2 0.8453125 0.5187500000000002 0.828125 0.5187500000000002 0.828125 0.5343750000000002 0.8453125 0.5343750000000002
2 0.8671875 0.5296875000000002 0.8484375 0.5296875000000002 0.8484375 0.5453125000000002 0.8671875 0.5453125000000002
2 0.8828125 0.5296875000000002 0.8671875 0.5296875000000002 0.8671875 0.5437500000000002 0.8828125 0.5437500000000002
2 0.9203125 0.5125000000000002 0.903125 0.5125000000000002 0.903125 0.5296875000000002 0.9203125 0.5296875000000002
2 0.94375 0.5140625000000002 0.9234375 0.5140625000000002 0.9234375 0.5296875000000002 0.94375 0.5296875000000002
2 0.9640625 0.5046875000000002 0.94375 0.5046875000000002 0.94375 0.5234375000000002 0.9640625 0.5234375000000002
2 0.83125 0.5375000000000002 0.815625 0.5375000000000002 0.815625 0.5531250000000002 0.83125 0.5531250000000002
2 0.8015625 0.5468750000000002 0.784375 0.5468750000000002 0.784375 0.5640625000000001 0.8015625 0.5640625000000001
2 0.784375 0.5406250000000001 0.7671875 0.5406250000000001 0.7671875 0.5562500000000001 0.784375 0.5562500000000001
2 0.7890625 0.49531250000000016 0.7734375 0.49531250000000016 0.7734375 0.5109375000000002 0.7890625 0.5109375000000002
2 0.809375 0.5062500000000002 0.7921875 0.5062500000000002 0.7921875 0.5218750000000002 0.809375 0.5218750000000002
2 0.753125 0.5250000000000001 0.7375 0.5250000000000001 0.7375 0.5359375000000002 0.753125 0.5359375000000002
2 0.75 0.4984375000000002 0.73125 0.4984375000000002 0.73125 0.5140625000000002 0.75 0.5140625000000002
2 0.7703125 0.5078125000000002 0.753125 0.5078125000000002 0.753125 0.5203125000000002 0.7703125 0.5203125000000002
2 0.7296875 0.5046875000000001 0.7140625 0.5046875 0.7140625 0.51875 0.7296875 0.5187500000000002
2 0.696875 0.5109375 0.6828125 0.5109375 0.6828125 0.525 0.696875 0.525
2 0.703125 0.540625 0.6859375 0.540625 0.6859375 0.5546875 0.703125 0.5546875
2 0.7046875 0.56875 0.6890625 0.56875 0.6890625 0.5875 0.7046875 0.5875
2 0.725 0.5671875 0.70625 0.5671875 0.70625 0.5828125 0.725 0.5828125
2 0.759375 0.5625000000000002 0.7421875 0.5625000000000002 0.7421875 0.5765625000000002 0.759375 0.5765625000000002
0 0.746875 0.5515625000000002 0.7359375 0.5515625000000002 0.7359375 0.5625000000000002 0.746875 0.5625000000000002
2 0.7328125 0.5203125000000001 0.7140625 0.5203125 0.7140625 0.534375 0.7328125 0.5343750000000002
0 0.684375 0.5609375 0.6734375 0.5609375 0.6734375 0.575 0.684375 0.575
0 0.7375 0.5687500000000001 0.725 0.56875 0.725 0.5796875000000001 0.7375 0.5796875000000001
0 0.7109375 0.503125 0.7 0.503125 0.7 0.5125 0.7109375 0.5125
0 0.7046875 0.5265625 0.6921875 0.5265625 0.6921875 0.5375 0.7046875 0.5375
0 0.7359375 0.5593750000000001 0.7234375 0.559375 0.7234375 0.5687500000000001 0.7359375 0.5687500000000002
0 0.765625 0.4937500000000002 0.7515625 0.4937500000000002 0.7515625 0.5046875000000002 0.765625 0.5046875000000002
0 0.796875 0.5375000000000002 0.7859375 0.5375000000000002 0.7859375 0.5484375000000001 0.796875 0.5484375000000001
0 0.8140625 0.5546875000000002 0.803125 0.5546875000000002 0.803125 0.5656250000000002 0.8140625 0.5656250000000002
0 0.8234375 0.5156250000000002 0.809375 0.5156250000000002 0.809375 0.5281250000000002 0.8234375 0.5281250000000002
2 0.8109375 0.48750000000000016 0.790625 0.48750000000000016 0.790625 0.5031250000000002 0.8109375 0.5031250000000002
0 0.9 0.5000000000000002 0.8890625 0.5000000000000002 0.8890625 0.5140625000000002 0.9 0.5140625000000002
3 0.7828125 0.5203125000000002 0.7578125 0.5203125000000002 0.7578125 0.5359375000000002 0.7828125 0.5359375000000002
4 0.759375 0.5437500000000002 0.75 0.5437500000000002 0.75 0.5500000000000002 0.759375 0.5500000000000002
4 0.75 0.5390625000000002 0.7421875 0.5390625000000002 0.7421875 0.5453125000000002 0.75 0.5453125000000002
3 0.803125 0.5250000000000001 0.784375 0.5250000000000001 0.784375 0.5359375000000002 0.803125 0.5359375000000002
2 0.9015625 0.5171875000000001 0.8828125 0.5171875000000001 0.8828125 0.5312500000000002 0.9015625 0.5312500000000002
0 0.8453125 0.5359375000000002 0.83125 0.5359375000000002 0.83125 0.5515625000000002 0.8453125 0.5515625000000002
0 0.7578125 0.37187500000000007 0.7453125 0.37187500000000007 0.7453125 0.3859375000000001 0.7578125 0.3859375000000001