4 0.0734375 8.132420150587892e-18 0.059375 7.271340369937409e-18 0.059375 0.023437500000000007 0.0734375 0.02343750000000001
0 0.0484375 4.6881010279859615e-18 0.028125 3.444319122601931e-18 0.028125 0.028125000000000004 0.0484375 0.02812500000000001
0 0.03281250000000001 0.046875 0.010937500000000006 0.046875 0.010937500000000006 0.0765625 0.03281250000000001 0.0765625
4 0.015625000000000007 0.0421875 5.1664786839028965e-18 0.0421875 6.123233995736766e-18 0.0578125 0.015625000000000007 0.0578125
4 0.015625000000000007 0.05 6.123233995736766e-18 0.05 7.175664838754022e-18 0.0671875 0.015625000000000007 0.0671875
4 0.021875000000000002 1.7221595613009655e-18 0.00625 7.654042494670958e-19 0.006250000000000001 0.0234375 0.021875000000000006 0.0234375
4 0.07343750000000002 0.121875 0.05625000000000002 0.121875 0.05625000000000002 0.1453125 0.07343750000000002 0.1453125
2 0.1390625 0.1171875 0.1125 0.1171875 0.1125 0.1484375 0.1390625 0.1484375
2 0.2015625 0.13906250000000003 0.175 0.1390625 0.175 0.15937500000000002 0.2015625 0.15937500000000004
4 0.13437500000000005 0.3390625 0.11875000000000005 0.3390625 0.11875000000000005 0.3609375 0.13437500000000005 0.3609375
4 0.321875 0.19062500000000004 0.309375 0.19062500000000004 0.309375 0.2109375 0.321875 0.2109375
4 0.390625 0.13906250000000003 0.3765625 0.13906250000000003 0.3765625 0.15468750000000003 0.390625 0.15468750000000003
4 0.3921875 0.14843750000000006 0.378125 0.14843750000000006 0.378125 0.17031250000000003 0.3921875 0.17031250000000003
6 0.3546875000000001 0.3921875 0.3296875000000001 0.3921875 0.3296875000000001 0.425 0.3546875000000001 0.425
4 0.30156250000000007 0.5734375 0.2890625000000001 0.5734375 0.2890625000000001 0.5890625 0.30156250000000007 0.5890625
4 0.3000000000000001 0.58125 0.28593750000000007 0.58125 0.28593750000000007 0.5953125 0.3000000000000001 0.5953125
4 0.3000000000000001 0.590625 0.2890625000000001 0.590625 0.2890625000000001 0.6046875 0.3000000000000001 0.6046875
2 0.09843750000000007 0.5453125 0.06875000000000006 0.5453125 0.06875000000000006 0.571875 0.09843750000000007 0.571875
2 0.05468750000000007 0.5421875 0.028125000000000067 0.5421875 0.028125000000000067 0.565625 0.05468750000000007 0.565625
2 0.050000000000000065 0.5671875 0.020312500000000074 0.5671875 0.020312500000000074 0.59375 0.050000000000000065 0.59375
2 0.04531250000000008 0.653125 0.015625000000000076 0.653125 0.01562500000000008 0.684375 0.04531250000000009 0.684375
4 0.446875 0.12187500000000004 0.428125 0.12187500000000004 0.428125 0.14687500000000003 0.446875 0.14687500000000003
0 0.515625 0.13125000000000003 0.49375 0.13125000000000003 0.49375 0.15937500000000004 0.515625 0.15937500000000004
2 0.5453125 6.592044098535362e-17 0.53125 6.505936120470313e-17 0.53125 0.017187500000000067 0.5453125 0.017187500000000067
2 0.5640625 0.06250000000000007 0.5484375 0.06250000000000007 0.5484375 0.09218750000000006 0.5640625 0.09218750000000006
2 0.6296875 7.615772282197602e-17 0.6140625 7.520096751014216e-17 0.6140625 0.02656250000000008 0.6296875 0.02656250000000008
2 0.640625 7.768853132091022e-17 0.628125 7.692312707144312e-17 0.628125 0.01875000000000008 0.640625 0.01875000000000008
0 0.6953125 0.1750000000000001 0.6765625 0.1750000000000001 0.6765625 0.20312500000000008 0.6953125 0.20312500000000008
0 0.6421875 0.1828125000000001 0.621875 0.1828125000000001 0.621875 0.21093750000000008 0.6421875 0.21093750000000008
4 0.6328125 0.2015625000000001 0.61875 0.2015625000000001 0.61875 0.21875000000000008 0.6328125 0.21875000000000008
4 0.6515625 0.23437500000000008 0.6359375 0.23437500000000008 0.6359375 0.25468750000000007 0.6515625 0.25468750000000007
2 0.634375 0.2171875000000001 0.609375 0.2171875000000001 0.609375 0.2406250000000001 0.634375 0.2406250000000001
2 0.7125 0.2375000000000001 0.6875 0.2375000000000001 0.6875 0.27031250000000007 0.7125 0.27031250000000007
2 0.6078125 0.1921875000000001 0.584375 0.1921875000000001 0.584375 0.21875000000000008 0.6078125 0.21875000000000008
2 0.6015625 0.21250000000000008 0.571875 0.21250000000000008 0.571875 0.2453125000000001 0.6015625 0.2453125000000001
0 0.5578125 0.23593750000000008 0.5375 0.23593750000000008 0.5375 0.2671875000000001 0.5578125 0.2671875000000001
4 0.5828125 0.2375000000000001 0.56875 0.2375000000000001 0.56875 0.2578125000000001 0.5828125 0.2578125000000001
2 0.7375 0.19531250000000008 0.7125 0.19531250000000008 0.7125 0.2328125000000001 0.7375 0.2328125000000001
2 0.7859375 0.1359375000000001 0.7703125 0.1359375000000001 0.7703125 0.1765625000000001 0.7859375 0.1765625000000001
4 0.7 0.11562500000000009 0.690625 0.11562500000000009 0.690625 0.1390625000000001 0.7 0.1390625000000001
4 0.7109375 0.11875000000000009 0.7 0.11875000000000009 0.7 0.14062500000000008 0.7109375 0.14062500000000008
4 0.6859375 0.11562500000000009 0.671875 0.11562500000000009 0.671875 0.1453125000000001 0.6859375 0.1453125000000001
4 0.7875 0.21250000000000008 0.7703125 0.21250000000000008 0.7703125 0.2375000000000001 0.7875 0.2375000000000001
2 0.825 0.0109375000000001 0.8109375 0.0109375000000001 0.8109375 0.0515625000000001 0.825 0.05156250000000011
2 0.8265625 0.1937500000000001 0.803125 0.1937500000000001 0.803125 0.22031250000000008 0.8265625 0.22031250000000008
2 0.8484375 0.1671875000000001 0.8234375 0.1671875000000001 0.8234375 0.19687500000000008 0.8484375 0.19687500000000008
4 0.8640625 0.18125000000000008 0.846875 0.18125000000000008 0.846875 0.2000000000000001 0.8640625 0.2000000000000001
0 0.878125 0.1937500000000001 0.8546875 0.1937500000000001 0.8546875 0.2234375000000001 0.878125 0.2234375000000001
3 0.8703125 0.22656250000000008 0.84375 0.22656250000000008 0.84375 0.2515625000000001 0.8703125 0.2515625000000001
3 0.9328125 0.16562500000000013 0.9125 0.16562500000000013 0.9125 0.19375000000000014 0.9328125 0.19375000000000014
4 0.9328125 0.19687500000000013 0.9171875 0.19687500000000013 0.9171875 0.2156250000000001 0.9328125 0.2156250000000001
4 0.965625 0.19531250000000014 0.9453125 0.19531250000000014 0.9453125 0.21875000000000008 0.965625 0.21875000000000008
2 1 0.2015625000000001 0.975 0.2015625000000001 0.975 0.23593750000000008 1 0.23593750000000008
2 0.978125 0.21875000000000008 0.9484375 0.21875000000000008 0.9484375 0.2531250000000001 0.978125 0.2531250000000001
2 0.946875 0.23593750000000008 0.9234375 0.23593750000000008 0.9234375 0.2671875000000001 0.946875 0.2671875000000001
2 1 0.4000000000000002 0.98125 0.4000000000000002 0.98125 0.42968750000000017 1 0.42968750000000017
2 0.971875 0.3734375000000001 0.9375 0.3734375000000001 0.9375 0.4000000000000002 0.971875 0.4000000000000002
2 0.946875 0.3921875000000001 0.9234375 0.3921875000000001 0.9234375 0.4156250000000002 0.946875 0.4156250000000002
2 0.91875 0.3984375000000001 0.89375 0.3984375000000001 0.89375 0.4234375000000002 0.91875 0.4234375000000002
2 0.9171875 0.4125000000000002 0.8875 0.4125000000000002 0.8875 0.4390625000000002 0.9171875 0.4390625000000002
4 0.9171875 0.42968750000000017 0.8984375 0.42968750000000017 0.8984375 0.4500000000000002 0.9171875 0.4500000000000002
4 0.90625 0.4343750000000002 0.8875 0.4343750000000002 0.8875 0.45625000000000016 0.90625 0.45625000000000016
4 0.8671875 0.4000000000000002 0.85 0.4000000000000002 0.85 0.42500000000000016 0.8671875 0.42500000000000016
4 0.8640625 0.43750000000000017 0.85 0.43750000000000017 0.85 0.45312500000000017 0.8640625 0.45312500000000017
2 0.8921875 0.3968750000000001 0.86875 0.3968750000000001 0.86875 0.4203125000000002 0.8921875 0.4203125000000002
2 0.8640625 0.3859375000000001 0.840625 0.3859375000000001 0.840625 0.4125000000000002 0.8640625 0.4125000000000002
1 0.8609375 0.35625000000000007 0.803125 0.35625000000000007 0.803125 0.38750000000000007 0.8609375 0.38750000000000007
2 0.840625 0.3843750000000001 0.8109375 0.3843750000000001 0.8109375 0.4125000000000002 0.840625 0.4125000000000002
0 0.8546875 0.40937500000000016 0.828125 0.40937500000000016 0.828125 0.4312500000000002 0.8546875 0.4312500000000002
0 0.8234375 0.4125000000000002 0.803125 0.4125000000000002 0.803125 0.4343750000000002 0.8234375 0.4343750000000002
4 0.8078125 0.4468750000000002 0.7890625 0.4468750000000002 0.7890625 0.4671875000000002 0.8078125 0.4671875000000002
2 0.8125 0.4265625000000002 0.784375 0.4265625000000002 0.784375 0.4515625000000002 0.8125 0.4515625000000002
4 0.803125 0.4125000000000002 0.7890625 0.4125000000000002 0.7890625 0.42968750000000017 0.803125 0.42968750000000017
4 0.809375 0.4031250000000002 0.796875 0.4031250000000002 0.796875 0.4203125000000002 0.809375 0.4203125000000002
4 0.7921875 0.40156250000000016 0.778125 0.40156250000000016 0.778125 0.4203125000000002 0.7921875 0.4203125000000002
4 0.8015625 0.39531250000000007 0.7859375 0.39531250000000007 0.7859375 0.41718750000000016 0.8015625 0.41718750000000016
4 0.7875 0.4156250000000002 0.7734375 0.4156250000000002 0.7734375 0.43281250000000016 0.7875 0.43281250000000016
2 0.7796875 0.40156250000000016 0.753125 0.40156250000000016 0.753125 0.4281250000000002 0.7796875 0.4281250000000002
2 0.778125 0.3843750000000001 0.7515625 0.3843750000000001 0.7515625 0.4046875000000002 0.778125 0.4046875000000002
2 0.78125 0.3546875000000001 0.75625 0.3546875000000001 0.75625 0.3812500000000001 0.78125 0.3812500000000001
2 0.80625 0.3609375000000001 0.78125 0.3609375000000001 0.78125 0.3828125000000001 0.80625 0.3828125000000001
2 0.809375 0.3843750000000001 0.7828125 0.3843750000000001 0.7828125 0.4078125000000002 0.809375 0.4078125000000002
2 0.7859375 0.4312500000000002 0.7578125 0.4312500000000002 0.7578125 0.4546875000000002 0.7859375 0.4546875000000002
2 0.7546875 0.35625000000000007 0.728125 0.35625000000000007 0.728125 0.3812500000000001 0.7546875 0.3812500000000001
2 0.73125 0.3546875000000001 0.7 0.3546875000000001 0.7 0.37968750000000007 0.73125 0.37968750000000007
2 0.7265625 0.3750000000000001 0.703125 0.3750000000000001 0.703125 0.4000000000000001 0.7265625 0.4000000000000002
2 0.7546875 0.3890625000000001 0.7296875 0.3890625000000001 0.7296875 0.4187500000000002 0.7546875 0.4187500000000002
4 0.7484375 0.40625000000000017 0.734375 0.40625000000000017 0.734375 0.4265625000000002 0.7484375 0.4265625000000002
4 0.75625 0.4156250000000002 0.7421875 0.4156250000000002 0.7421875 0.4359375000000002 0.75625 0.4359375000000002
4 0.74375 0.4187500000000002 0.7265625 0.4187500000000002 0.7265625 0.43750000000000017 0.74375 0.43750000000000017
4 0.73125 0.43437500000000007 0.7171875 0.434375 0.7171875 0.4531250000000001 0.73125 0.45312500000000017
2 0.70625 0.3750000000000001 0.6765625 0.3750000000000001 0.6765625 0.4046875 0.70625 0.4046875
2 0.703125 0.3515625000000001 0.675 0.3515625000000001 0.675 0.3765625000000001 0.703125 0.3765625000000001
2 0.675 0.3453125000000001 0.646875 0.3453125000000001 0.646875 0.3765625000000001 0.675 0.3765625000000001
4 0.646875 0.3359375000000001 0.6328125 0.3359375000000001 0.6328125 0.3609375000000001 0.646875 0.3609375000000001
4 0.6375 0.3312500000000001 0.61875 0.3312500000000001 0.61875 0.3500000000000001 0.6375 0.3500000000000001
2 0.6484375 0.3531250000000001 0.625 0.3531250000000001 0.625 0.37968750000000007 0.6484375 0.37968750000000007
4 0.653125 0.3671875000000001 0.6359375 0.3671875000000001 0.6359375 0.38750000000000007 0.653125 0.38750000000000007
3 0.6453125 0.3750000000000001 0.6203125 0.3750000000000001 0.6203125 0.3984375000000001 0.6453125 0.3984375000000001
4 0.653125 0.3859375000000001 0.6375 0.3859375000000001 0.6375 0.403125 0.653125 0.403125
4 0.6328125 0.3890625000000001 0.61875 0.3890625000000001 0.61875 0.409375 0.6328125 0.409375
4 0.6375 0.4 0.6203125 0.4 0.6203125 0.415625 0.6375 0.415625
4 0.6484375 0.4046875 0.6328125 0.4046875 0.6328125 0.4234375 0.6484375 0.4234375
4 0.625 0.4265625 0.6140625 0.4265625 0.6140625 0.44375 0.625 0.44375
4 0.6265625 0.415625 0.6125 0.415625 0.6125 0.4328125 0.6265625 0.4328125
4 0.6390625 0.421875 0.621875 0.421875 0.621875 0.4375 0.6390625 0.4375
4 0.6359375 0.4125 0.621875 0.4125 0.621875 0.4265625 0.6359375 0.4265625
4 0.64375 0.4125 0.6296875 0.4125 0.6296875 0.4296875 0.64375 0.4296875
4 0.6359375 0.3453125000000001 0.621875 0.3453125000000001 0.621875 0.3593750000000001 0.6359375 0.3593750000000001
0 0.66875 0.4078125 0.65 0.4078125 0.65 0.428125 0.66875 0.428125
0 0.6515625 0.3937500000000001 0.63125 0.3937500000000001 0.63125 0.4140625 0.6515625 0.4140625
0 0.6875 0.4109375 0.66875 0.4109375 0.66875 0.4328125 0.6875 0.4328125
0 0.7375 0.4078125000000001 0.71875 0.4078125 0.71875 0.4281250000000001 0.7375 0.4281250000000002
4 0.6953125 0.4015625 0.6828125 0.4015625 0.6828125 0.41875 0.6953125 0.41875
4 0.7015625 0.4109375 0.6828125 0.4109375 0.6828125 0.43125 0.7015625 0.43125
4 0.7109375 0.4140625 0.6953125 0.4140625 0.6953125 0.4328125 0.7109375 0.4328125
4 0.71875 0.4203125 0.7046875 0.4203125 0.7046875 0.4359375 0.71875 0.4359375
4 0.7296875 0.41875000000000007 0.7125 0.41875 0.7125 0.4375000000000001 0.7296875 0.43750000000000017
2 0.7203125 0.4015625 0.69375 0.4015625 0.69375 0.4265625 0.7203125 0.4265625
2 0.690625 0.4296875 0.665625 0.4296875 0.665625 0.45625 0.690625 0.45625
2 0.6640625 0.41875 0.640625 0.41875 0.640625 0.44375 0.6640625 0.44375
2 0.71875 0.428125 0.6921875 0.428125 0.6921875 0.4546875 0.71875 0.4546875
2 0.7609375 0.4312500000000002 0.7375 0.4312500000000002 0.7375 0.45312500000000017 0.7609375 0.45312500000000017
2 0.6796875 0.3765625000000001 0.6515625 0.3765625000000001 0.6515625 0.403125 0.6796875 0.403125
4 0.6703125 0.41875 0.653125 0.41875 0.653125 0.4359375 0.6703125 0.4359375
4 0.678125 0.3937500000000001 0.659375 0.3937500000000001 0.659375 0.4171875 0.678125 0.4171875
4 0.6640625 0.3937500000000001 0.6484375 0.3937500000000001 0.6484375 0.4125 0.6640625 0.4125
4 0.584375 0.3843750000000001 0.56875 0.3843750000000001 0.56875 0.4171875 0.584375 0.4171875
4 0.559375 0.30937500000000007 0.5546875 0.30937500000000007 0.5546875 0.3312500000000001 0.559375 0.3312500000000001
4 0.56875 0.31718750000000007 0.5578125 0.31718750000000007 0.5578125 0.3359375000000001 0.56875 0.3359375000000001
2 0.5265625 0.36406250000000007 0.5109375 0.36406250000000007 0.5109375 0.4046875 0.5265625 0.4046875
2 0.503125 0.36406250000000007 0.4859375 0.36406250000000007 0.4859375 0.409375 0.503125 0.409375
2 0.515625 0.3203125000000001 0.496875 0.3203125000000001 0.496875 0.3625000000000001 0.515625 0.3625000000000001
2 0.5390625 0.32500000000000007 0.51875 0.32500000000000007 0.51875 0.3625000000000001 0.5390625 0.3625000000000001
2 0.5375 0.2765625000000001 0.515625 0.2765625000000001 0.515625 0.3218750000000001 0.5375 0.3218750000000001
2 0.575 0.2578125000000001 0.553125 0.2578125000000001 0.553125 0.2968750000000001 0.575 0.2968750000000001
2 0.5125 0.4484375 0.496875 0.4484375 0.496875 0.4875 0.5125 0.4875
2 0.5078125 0.5015625 0.4921875 0.5015625 0.4921875 0.5421875 0.5078125 0.5421875
2 0.5 0.5515625 0.484375 0.5515625 0.484375 0.590625 0.5 0.590625
4 0.45625000000000016 0.8859375 0.4421875000000002 0.8859375 0.4421875000000002 0.915625 0.45625000000000016 0.915625
0 0.5062500000000002 0.9515625 0.49531250000000016 0.9515625 0.49531250000000016 0.9921875 0.5062500000000002 0.9921875
4 0.5156250000000002 0.9640625 0.5046875000000002 0.9640625 0.5046875000000002 0.9921875 0.5156250000000002 0.9921875
2 0.5296875000000002 0.9703125 0.5125000000000002 0.9703125 0.5125000000000002 1 0.5296875000000002 1
2 0.3859375 0.18125000000000005 0.3546875 0.18125000000000005 0.3546875 0.20937500000000003 0.3859375 0.2093750000000001
2 0.38125 0.20156250000000003 0.3546875 0.2015625 0.3546875 0.22812500000000005 0.38125 0.22812500000000008
2 0.4046875 0.2078125000000001 0.3828125 0.2078125000000001 0.3828125 0.2312500000000001 0.4046875 0.2312500000000001
2 0.428125 0.18593750000000003 0.4015625 0.18593750000000003 0.4015625 0.21093750000000008 0.428125 0.21093750000000008
4 0.4265625 0.2062500000000001 0.4125 0.2062500000000001 0.4125 0.22656250000000008 0.4265625 0.22656250000000008
4 0.41875 0.21093750000000008 0.4046875 0.21093750000000008 0.4046875 0.2312500000000001 0.41875 0.2312500000000001
4 0.4265625 0.22031250000000008 0.4109375 0.22031250000000008 0.4109375 0.24218750000000008 0.4265625 0.24218750000000008
4 0.43125 0.15000000000000005 0.4171875 0.15000000000000005 0.4171875 0.16562500000000005 0.43125 0.16562500000000005
4 0.425 0.15937500000000004 0.4109375 0.15937500000000004 0.4109375 0.17031250000000003 0.425 0.17031250000000003
4 0.428125 0.16562500000000005 0.4125 0.16562500000000005 0.4125 0.18125000000000005 0.428125 0.18125000000000005
4 0.4296875 0.17187500000000006 0.4125 0.17187500000000006 0.4125 0.19218750000000004 0.4296875 0.19218750000000004
2 0.609375 0.2406250000000001 0.584375 0.2406250000000001 0.584375 0.2687500000000001 0.609375 0.2687500000000001