5 0.14218750000000008 0.6671875 0.10000000000000009 0.6671875 0.10000000000000009 0.6921875 0.14218750000000008 0.6921875
5 0.1671875000000001 0.6328125 0.1218750000000001 0.6328125 0.1218750000000001 0.653125 0.1671875000000001 0.653125
2 0.08593750000000007 0.465625 0.06562500000000007 0.465625 0.06562500000000007 0.4859375 0.08593750000000007 0.4859375
3 0.12656250000000005 0.4953125 0.10156250000000004 0.4953125 0.10156250000000004 0.5109375 0.12656250000000005 0.5109375
6 0.1828125000000001 0.546875 0.1515625000000001 0.546875 0.1515625000000001 0.565625 0.1828125000000001 0.565625
2 0.16250000000000003 0.5265625 0.14531250000000004 0.5265625 0.14531250000000004 0.5421875 0.16250000000000003 0.5421875
4 0.18125000000000005 0.45625 0.16718750000000004 0.45625 0.16718750000000004 0.4703125 0.18125000000000005 0.4703125
0 0.21250000000000008 0.459375 0.19531250000000006 0.459375 0.19531250000000006 0.4734375 0.21250000000000008 0.4734375
6 0.2984375000000001 0.628125 0.26250000000000007 0.628125 0.26250000000000007 0.6484375 0.2984375000000001 0.6484375
5 0.3187500000000001 0.55 0.2750000000000001 0.55 0.2750000000000001 0.571875 0.3187500000000001 0.571875
5 0.3265625000000001 0.5234375 0.2828125000000001 0.5234375 0.2828125000000001 0.5453125 0.3265625000000001 0.5453125
4 0.3812500000000001 0.559375 0.3656250000000001 0.559375 0.3656250000000001 0.5734375 0.3812500000000001 0.5734375
3 0.3906250000000001 0.53125 0.3656250000000001 0.53125 0.3656250000000001 0.553125 0.3906250000000001 0.553125
5 0.39531250000000007 0.4734375 0.35625000000000007 0.4734375 0.35625000000000007 0.49375 0.39531250000000007 0.49375
2 0.35625 0.2828125 0.334375 0.2828125 0.334375 0.3046875 0.35625 0.3046875
6 0.5109375 0.6171875 0.4765625 0.6171875 0.4765625 0.640625 0.5109375 0.640625
2 0.5109375 0.3156250000000001 0.5046875 0.3156250000000001 0.5046875 0.34843750000000007 0.5109375 0.34843750000000007
2 0.525 0.31718750000000007 0.5140625 0.31718750000000007 0.5140625 0.34843750000000007 0.525 0.34843750000000007
2 0.5640625 0.30937500000000007 0.553125 0.30937500000000007 0.553125 0.3390625000000001 0.5640625 0.3390625000000001
2 0.575 0.30937500000000007 0.565625 0.30937500000000007 0.565625 0.3375000000000001 0.575 0.3375000000000001
1 0.684375 0.3781250000000001 0.6390625 0.3781250000000001 0.6390625 0.4015625 0.684375 0.4015625
3 0.5828125 0.621875 0.5703125 0.621875 0.5703125 0.6359375 0.5828125 0.6359375
5 0.74375 0.3765625000000001 0.696875 0.3765625000000001 0.696875 0.4015625000000001 0.74375 0.40156250000000016
4 0.7796875 0.4265625000000002 0.7671875 0.4265625000000002 0.7671875 0.4437500000000002 0.7796875 0.4437500000000002
0 0.753125 0.6015625000000002 0.7390625 0.6015625000000002 0.7390625 0.6265625000000001 0.753125 0.6265625000000001
0 0.828125 0.6046875000000002 0.8140625 0.6046875000000002 0.8140625 0.6187500000000001 0.828125 0.6187500000000001
3 0.7875 0.5203125000000002 0.7609375 0.5203125000000002 0.7609375 0.5406250000000001 0.7875 0.5406250000000001
5 0.7640625 0.47656250000000017 0.7296875 0.47656250000000017 0.7296875 0.5062500000000002 0.7640625 0.5062500000000002
6 0.9078125 0.6375000000000002 0.8625 0.6375000000000002 0.8625 0.6609375000000002 0.9078125 0.6609375000000002
5 0.8703125 0.5796875000000001 0.8296875 0.5796875000000001 0.8296875 0.6140625000000002 0.8703125 0.6140625000000002
4 0.8953125 0.5796875000000001 0.8875 0.5796875000000001 0.8875 0.5921875000000002 0.8953125 0.5921875000000002
2 0.9109375 0.6031250000000001 0.89375 0.6031250000000001 0.89375 0.6140625000000002 0.9109375 0.6140625000000002
2 0.9140625 0.5375000000000002 0.890625 0.5375000000000002 0.890625 0.5546875000000002 0.9140625 0.5546875000000002
0 0.9828125 0.6125000000000002 0.9671875 0.6125000000000002 0.9671875 0.6203125000000002 0.9828125 0.6203125000000002
4 0.9734375 0.5984375000000002 0.959375 0.5984375000000002 0.959375 0.6109375000000001 0.9734375 0.6109375000000001
0 0.99375 0.6859375000000002 0.975 0.6859375000000002 0.975 0.7125000000000001 0.99375 0.7125000000000001
2 0.9984375 0.8078125 0.978125 0.8078125 0.978125 0.8359375 0.9984375 0.8359375
5 0.8796875 0.46875000000000017 0.8359375 0.46875000000000017 0.8359375 0.49218750000000017 0.8796875 0.49218750000000017
6 0.9453125 0.4046875000000002 0.915625 0.4046875000000002 0.915625 0.4234375000000002 0.9453125 0.4234375000000002
2 0.9328125 0.37968750000000007 0.9109375 0.37968750000000007 0.9109375 0.3937500000000001 0.9328125 0.3937500000000001
2 0.4984375 0.2578125000000001 0.4875 0.2578125000000001 0.4875 0.2843750000000001 0.4984375 0.2843750000000001