2 0.36875 0.28437500000000004 0.353125 0.284375 0.353125 0.29531250000000003 0.36875 0.2953125000000001
2 0.4265625 0.2453125000000001 0.415625 0.2453125000000001 0.415625 0.2640625000000001 0.4265625 0.2640625000000001
2 0.515625 0.2562500000000001 0.5078125 0.2562500000000001 0.5078125 0.2796875000000001 0.515625 0.2796875000000001
2 0.528125 0.3125000000000001 0.5234375 0.3125000000000001 0.5234375 0.3390625000000001 0.528125 0.3390625000000001
2 0.540625 0.3125000000000001 0.534375 0.3125000000000001 0.534375 0.3390625000000001 0.540625 0.3390625000000001
2 0.590625 0.3062500000000001 0.5828125 0.3062500000000001 0.5828125 0.3281250000000001 0.590625 0.3281250000000001
2 0.58125 0.3046875000000001 0.575 0.3046875000000001 0.575 0.3281250000000001 0.58125 0.3281250000000001
4 0.6171875 0.3000000000000001 0.6140625 0.3000000000000001 0.6140625 0.3125000000000001 0.6171875 0.3125000000000001
4 0.6046875 0.2953125000000001 0.603125 0.2953125000000001 0.603125 0.3062500000000001 0.6046875 0.3062500000000001
4 0.6 0.2984375000000001 0.5984375 0.2984375000000001 0.5984375 0.3109375000000001 0.6 0.3109375000000001
4 0.596875 0.2906250000000001 0.59375 0.2906250000000001 0.59375 0.2984375000000001 0.596875 0.2984375000000001
4 0.5921875 0.28593750000000007 0.590625 0.28593750000000007 0.590625 0.2968750000000001 0.5921875 0.2968750000000001
4 0.590625 0.2750000000000001 0.5875 0.2750000000000001 0.5875 0.2875000000000001 0.590625 0.2875000000000001
4 0.590625 0.2906250000000001 0.5875 0.2906250000000001 0.5875 0.30156250000000007 0.590625 0.30156250000000007
4 0.603125 0.22812500000000008 0.6 0.22812500000000008 0.6 0.2453125000000001 0.603125 0.2453125000000001
4 0.6 0.2312500000000001 0.596875 0.2312500000000001 0.596875 0.2468750000000001 0.6 0.2468750000000001
4 0.5953125 0.2328125000000001 0.5921875 0.2328125000000001 0.5921875 0.2468750000000001 0.5953125 0.2468750000000001
4 0.5890625 0.2328125000000001 0.5859375 0.2328125000000001 0.5859375 0.24375000000000008 0.5890625 0.24375000000000008
4 0.5859375 0.2328125000000001 0.5828125 0.2328125000000001 0.5828125 0.2468750000000001 0.5859375 0.2468750000000001
4 0.5671875 0.22031250000000008 0.5640625 0.22031250000000008 0.5640625 0.23437500000000008 0.5671875 0.23437500000000008
4 0.56875 0.2718750000000001 0.565625 0.2718750000000001 0.565625 0.2843750000000001 0.56875 0.2843750000000001
4 0.5671875 0.28593750000000007 0.5640625 0.28593750000000007 0.5640625 0.3000000000000001 0.5671875 0.3000000000000001
4 0.5640625 0.2843750000000001 0.5609375 0.2843750000000001 0.5609375 0.3000000000000001 0.5640625 0.3000000000000001
4 0.559375 0.28593750000000007 0.55625 0.28593750000000007 0.55625 0.30156250000000007 0.559375 0.30156250000000007
4 0.5453125 0.27031250000000007 0.54375 0.27031250000000007 0.54375 0.28593750000000007 0.5453125 0.28593750000000007
4 0.55 0.2718750000000001 0.546875 0.2718750000000001 0.546875 0.28593750000000007 0.55 0.28593750000000007
4 0.5390625 0.2687500000000001 0.5359375 0.2687500000000001 0.5359375 0.2843750000000001 0.5390625 0.2843750000000001
4 0.5453125 0.2218750000000001 0.54375 0.2218750000000001 0.54375 0.2312500000000001 0.5453125 0.2312500000000001
4 0.55 0.2234375000000001 0.5484375 0.2234375000000001 0.5484375 0.2328125000000001 0.55 0.2328125000000001
4 0.553125 0.2234375000000001 0.5515625 0.2234375000000001 0.5515625 0.2328125000000001 0.553125 0.2328125000000001
4 0.5625 0.2218750000000001 0.559375 0.2218750000000001 0.559375 0.2328125000000001 0.5625 0.2328125000000001
4 0.4828125 0.3937500000000001 0.475 0.3937500000000001 0.475 0.403125 0.4828125 0.403125
4 0.996875 0.22656250000000008 0.9921875 0.22656250000000008 0.9921875 0.2406250000000001 0.996875 0.2406250000000001
4 0.61875 0.465625 0.6125 0.465625 0.6125 0.471875 0.61875 0.471875
4 0.46875 0.5578125 0.4625 0.5578125 0.4625 0.565625 0.46875 0.565625
4 0.44375 0.4546875 0.4375 0.4546875 0.4375 0.4609375 0.44375 0.4609375
4 0.3578125000000001 0.5859375 0.3515625000000001 0.5859375 0.3515625000000001 0.5921875 0.3578125000000001 0.5921875
4 0.509375 0.5828125 0.503125 0.5828125 0.503125 0.5875 0.509375 0.5875
4 0.584375 0.6 0.5765625 0.6 0.5765625 0.609375 0.584375 0.609375
4 0.6484375 0.58125 0.6421875 0.58125 0.6421875 0.5859375 0.6484375 0.5859375
4 0.778125 0.6015625000000002 0.771875 0.6015625000000002 0.771875 0.6078125000000002 0.778125 0.6078125000000002
4 0.840625 0.5859375000000002 0.8328125 0.5859375000000002 0.8328125 0.5921875000000002 0.840625 0.5921875000000002
5 0.8765625 0.4031250000000002 0.834375 0.4031250000000002 0.834375 0.4281250000000002 0.8765625 0.4281250000000002
5 0.7609375 0.3750000000000001 0.715625 0.3750000000000001 0.715625 0.3906250000000001 0.7609375 0.3906250000000001
5 0.7015625 0.3734375000000001 0.6625 0.3734375000000001 0.6625 0.3937500000000001 0.7015625 0.3937500000000001
0 0.83125 0.37968750000000007 0.821875 0.37968750000000007 0.821875 0.3890625000000001 0.83125 0.3890625000000001
0 0.46875 0.6 0.459375 0.6 0.459375 0.609375 0.46875 0.609375
2 0.4625 0.521875 0.4484375 0.521875 0.4484375 0.534375 0.4625 0.534375
3 0.4234375 0.6015625 0.4078125 0.6015625 0.4078125 0.6125 0.4234375 0.6125
4 0.56875 0.58125 0.5625 0.58125 0.5625 0.5859375 0.56875 0.5859375
5 0.696875 0.4640625 0.65625 0.4640625 0.65625 0.4828125 0.696875 0.4828125
5 0.8640625 0.5390625000000002 0.796875 0.5390625000000002 0.796875 0.5640625000000001 0.8640625 0.5640625000000001
2 0.934375 0.5140625000000002 0.91875 0.5140625000000002 0.91875 0.5250000000000001 0.934375 0.5250000000000001
2 0.95 0.5828125000000002 0.9359375 0.5828125000000002 0.9359375 0.5953125000000001 0.95 0.5953125000000001
6 0.96875 0.46093750000000017 0.940625 0.46093750000000017 0.940625 0.4750000000000002 0.96875 0.4750000000000002
0 0.978125 0.5968750000000002 0.9625 0.5968750000000002 0.9625 0.6078125000000002 0.978125 0.6078125000000002
0 0.85 0.6390625000000002 0.8390625 0.6390625000000002 0.8390625 0.6500000000000001 0.85 0.6500000000000001
0 0.846875 0.6000000000000002 0.8375 0.6000000000000002 0.8375 0.6078125000000002 0.846875 0.6078125000000002
4 0.871875 0.7125000000000001 0.86875 0.7125000000000001 0.86875 0.7281250000000001 0.871875 0.7281250000000001
6 0.9265625 0.6281250000000002 0.8890625 0.6281250000000002 0.8890625 0.6468750000000002 0.9265625 0.6468750000000002
2 0.9671875 0.7921875000000002 0.95625 0.7921875000000002 0.95625 0.80625 0.9671875 0.80625
2 0.9671875 0.8078125 0.9578125 0.8078125 0.9578125 0.8203125 0.9671875 0.8203125
2 0.990625 0.859375 0.9828125 0.859375 0.9828125 0.8890625 0.990625 0.8890625
2 0.98125 0.8890625 0.975 0.8890625 0.975 0.9125 0.98125 0.9125
3 0.7890625000000002 0.8484375 0.7687500000000002 0.8484375 0.7687500000000002 0.8625 0.7890625000000002 0.8625
3 0.7406250000000002 0.8828125 0.7328125000000002 0.8828125 0.7328125000000002 0.9140625 0.7406250000000002 0.9140625
0 0.784375 0.6625000000000002 0.7703125 0.6625000000000002 0.7703125 0.6781250000000002 0.784375 0.6781250000000002
2 0.74375 0.6437500000000002 0.7359375 0.6437500000000002 0.7359375 0.6656250000000001 0.74375 0.6656250000000001
2 0.703125 0.6578125 0.696875 0.6578125 0.696875 0.6828125 0.703125 0.6828125
2 0.696875 0.61875 0.690625 0.61875 0.690625 0.64375 0.696875 0.64375
2 0.6890625 0.621875 0.684375 0.621875 0.684375 0.6453125 0.6890625 0.6453125
3 0.709375 0.6109375 0.6984375 0.6109375 0.6984375 0.6328125 0.709375 0.6328125
2 0.6015625 0.6203125 0.5921875 0.6203125 0.5921875 0.6296875 0.6015625 0.6296875
0 0.6 0.603125 0.590625 0.603125 0.590625 0.6140625 0.6 0.6140625
6 0.5265625 0.6140625 0.4984375 0.6140625 0.4984375 0.63125 0.5265625 0.63125
5 0.3125000000000001 0.6265625 0.2843750000000001 0.6265625 0.2843750000000001 0.6453125 0.3125000000000001 0.6453125
5 0.1859375000000001 0.634375 0.1515625000000001 0.634375 0.1515625000000001 0.6515625 0.1859375000000001 0.6515625
5 0.1625000000000001 0.6671875 0.12656250000000008 0.6671875 0.12656250000000008 0.6875 0.1625000000000001 0.6875
5 0.06406250000000009 0.721875 0.05312500000000009 0.721875 0.05312500000000009 0.771875 0.06406250000000009 0.771875
5 0.09375000000000008 0.7078125 0.0828125000000001 0.7078125 0.0828125000000001 0.7609375 0.09375000000000008 0.7609375
5 0.06093750000000011 0.909375 0.05156250000000011 0.909375 0.05156250000000011 0.95625 0.06093750000000011 0.95625
2 0.0359375000000001 0.8203125 0.0250000000000001 0.8203125 0.0250000000000001 0.840625 0.0359375000000001 0.840625