2 0.07031250000000007 0.6 0.039062500000000076 0.6 0.039062500000000076 0.6265625 0.07031250000000007 0.6265625
2 0.03437500000000006 0.421875 0.007812500000000052 0.421875 0.007812500000000054 0.4421875 0.03437500000000006 0.4421875
2 0.07812500000000007 0.471875 0.05312500000000007 0.471875 0.05312500000000007 0.4921875 0.07812500000000007 0.4921875
4 0.057812500000000065 0.4953125 0.045312500000000054 0.4953125 0.04531250000000006 0.50625 0.057812500000000065 0.50625
2 0.06250000000000006 0.4421875 0.039062500000000056 0.4421875 0.039062500000000056 0.4609375 0.06250000000000007 0.4609375
2 0.09531250000000005 0.421875 0.07343750000000004 0.421875 0.07343750000000004 0.4421875 0.09531250000000005 0.4421875
2 0.09375000000000006 0.44375 0.06875000000000005 0.44375 0.06875000000000006 0.465625 0.09375000000000007 0.465625
4 0.10625000000000004 0.4890625 0.09531250000000006 0.4890625 0.09531250000000006 0.4984375 0.10625000000000004 0.4984375
2 0.12187500000000004 0.4171875 0.10156250000000004 0.4171875 0.10156250000000004 0.4328125 0.12187500000000004 0.4328125
4 0.13593750000000004 0.41875 0.12187500000000004 0.41875 0.12187500000000004 0.428125 0.13593750000000004 0.428125
3 0.11875000000000005 0.446875 0.09843750000000004 0.446875 0.09843750000000005 0.4625 0.11875000000000005 0.4625
2 0.13281250000000006 0.465625 0.10781250000000005 0.465625 0.10781250000000005 0.4859375 0.13281250000000006 0.4859375
2 0.14375000000000004 0.43125 0.12343750000000005 0.43125 0.12343750000000005 0.4515625 0.14375000000000004 0.4515625
0 0.15468750000000003 0.415625 0.13750000000000004 0.415625 0.13750000000000004 0.4296875 0.15468750000000003 0.4296875
2 0.15937500000000004 0.4546875 0.13593750000000004 0.4546875 0.13593750000000004 0.4703125 0.15937500000000004 0.4703125
2 0.16562500000000005 0.4796875 0.14375000000000004 0.4796875 0.14375000000000004 0.4953125 0.16562500000000005 0.4953125
2 0.18593750000000003 0.45625 0.16250000000000003 0.45625 0.16250000000000003 0.475 0.18593750000000003 0.475
0 0.18437500000000004 0.4796875 0.16718750000000004 0.4796875 0.16718750000000004 0.4921875 0.18437500000000004 0.4921875
2 0.20468750000000008 0.475 0.18437500000000004 0.475 0.18437500000000004 0.490625 0.20468750000000008 0.490625
2 0.2171875000000001 0.4484375 0.19687500000000005 0.4484375 0.19687500000000005 0.4640625 0.2171875000000001 0.4640625
2 0.19218750000000004 0.4328125 0.16718750000000004 0.4328125 0.16718750000000004 0.4484375 0.19218750000000004 0.4484375
3 0.2140625000000001 0.4265625 0.19375000000000003 0.4265625 0.19375000000000003 0.4421875 0.2140625000000001 0.4421875
0 0.21093750000000008 0.4140625 0.19375000000000003 0.4140625 0.19375000000000003 0.425 0.21093750000000008 0.425
0 0.21093750000000008 0.3953125 0.19531250000000006 0.3953125 0.19531250000000006 0.409375 0.21093750000000008 0.409375
4 0.2234375000000001 0.390625 0.2140625000000001 0.390625 0.2140625000000001 0.403125 0.2234375000000001 0.403125
4 0.18593750000000003 0.390625 0.17343750000000005 0.390625 0.17343750000000005 0.396875 0.18593750000000003 0.396875
4 0.17343750000000005 0.3921875 0.16093750000000004 0.3921875 0.16093750000000004 0.4015625 0.17343750000000005 0.4015625
2 0.18281250000000004 0.4046875 0.16093750000000004 0.4046875 0.16093750000000004 0.4328125 0.18281250000000004 0.4328125
2 0.26250000000000007 0.3890625 0.23593750000000008 0.3890625 0.23593750000000008 0.4109375 0.26250000000000007 0.4109375
2 0.1703125000000001 0.6703125 0.15625000000000008 0.6703125 0.15625000000000008 0.70625 0.1703125000000001 0.70625
0 0.2296875000000001 0.6375 0.21250000000000008 0.6375 0.21250000000000008 0.6578125 0.2296875000000001 0.6578125
4 0.2453125000000001 0.671875 0.2390625000000001 0.671875 0.2390625000000001 0.690625 0.2453125000000001 0.690625
0 0.28593750000000007 0.63125 0.2765625000000001 0.63125 0.2765625000000001 0.65625 0.28593750000000007 0.65625
0 0.2718750000000001 0.7453125 0.2609375000000001 0.7453125 0.2609375000000001 0.76875 0.2718750000000001 0.76875
2 0.29375000000000007 0.746875 0.2843750000000001 0.746875 0.2843750000000001 0.7859375 0.29375000000000007 0.7859375
0 0.30937500000000007 0.7546875 0.2984375000000001 0.7546875 0.2984375000000001 0.7828125 0.30937500000000007 0.7828125
2 0.2984375000000001 0.6796875 0.2875000000000001 0.6796875 0.2875000000000001 0.71875 0.2984375000000001 0.71875
4 0.3046875000000001 0.7109375 0.2984375000000001 0.7109375 0.2984375000000001 0.728125 0.3046875000000001 0.728125
2 0.3000000000000001 0.615625 0.2906250000000001 0.615625 0.2906250000000001 0.65625 0.3000000000000001 0.65625
2 0.31718750000000007 0.646875 0.3031250000000001 0.646875 0.3031250000000001 0.6921875 0.31718750000000007 0.6921875
2 0.30937500000000007 0.5046875 0.29375000000000007 0.5046875 0.29375000000000007 0.5359375 0.30937500000000007 0.5359375
3 0.3281250000000001 0.509375 0.3140625000000001 0.509375 0.3140625000000001 0.5453125 0.3281250000000001 0.5453125
2 0.3187500000000001 0.55625 0.3000000000000001 0.55625 0.3000000000000001 0.596875 0.3187500000000001 0.596875
2 0.3359375000000001 0.5609375 0.3203125000000001 0.5609375 0.3203125000000001 0.596875 0.3359375000000001 0.596875
2 0.36406250000000007 0.4953125 0.3453125000000001 0.4953125 0.3453125000000001 0.5296875 0.36406250000000007 0.5296875
0 0.3421875000000001 0.4765625 0.3312500000000001 0.4765625 0.3312500000000001 0.5 0.3421875000000001 0.5
0 0.3359375000000001 0.4421875 0.31718750000000007 0.4421875 0.31718750000000007 0.465625 0.3359375000000001 0.465625
2 0.3281250000000001 0.384375 0.3125000000000001 0.384375 0.3125000000000001 0.4 0.3281250000000001 0.4
4 0.3593750000000001 0.40625 0.34843750000000007 0.40625 0.34843750000000007 0.4171875 0.3593750000000001 0.4171875
4 0.3703125000000001 0.39687500000000003 0.3593750000000001 0.396875 0.3593750000000001 0.40625 0.3703125000000001 0.40625
2 0.3687500000000001 0.4359375 0.34843750000000007 0.4359375 0.34843750000000007 0.4609375 0.3687500000000001 0.4609375
4 0.3671875000000001 0.4609375 0.35625000000000007 0.4609375 0.35625000000000007 0.471875 0.3671875000000001 0.471875
2 0.3921875000000001 0.4671875 0.3703125000000001 0.4671875 0.3703125000000001 0.496875 0.3921875000000001 0.496875
0 0.3921875000000001 0.4515625 0.37968750000000007 0.4515625 0.37968750000000007 0.465625 0.3921875000000001 0.465625
4 0.3984375000000001 0.4171875 0.3890625000000001 0.4171875 0.3890625000000001 0.4265625 0.3984375000000001 0.4265625
0 0.3859375000000001 0.4234375 0.37187500000000007 0.4234375 0.37187500000000007 0.4390625 0.3859375000000001 0.4390625
4 0.409375 0.39531250000000007 0.3984375000000001 0.39531250000000007 0.3984375000000001 0.40625 0.409375 0.40625
0 0.41875 0.4234375 0.4046875 0.4234375 0.4046875 0.4390625 0.41875 0.4390625
2 0.4328125 0.4484375 0.4109375 0.4484375 0.4109375 0.4671875 0.4328125 0.4671875
4 0.4359375 0.4140625 0.4265625 0.4140625 0.4265625 0.428125 0.4359375 0.428125
4 0.4421875 0.4015625 0.4328125 0.4015625 0.4328125 0.4125 0.4421875 0.4125
2 0.4609375 0.428125 0.4375 0.428125 0.4375 0.4453125 0.4609375 0.4453125
2 0.4734375 0.4484375 0.4515625 0.4484375 0.4515625 0.4671875 0.4734375 0.4671875
4 0.4625 0.4140625 0.4515625 0.4140625 0.4515625 0.4234375 0.4625 0.4234375
4 0.4703125 0.3984375000000001 0.4578125 0.3984375000000001 0.4578125 0.4078125 0.4703125 0.4078125
2 0.2953125000000001 0.840625 0.2796875000000001 0.840625 0.2796875000000001 0.884375 0.2953125000000001 0.884375
0 0.2906250000000001 0.921875 0.2750000000000001 0.921875 0.2750000000000001 0.95 0.2906250000000001 0.95
2 0.3843750000000001 0.6859375 0.3656250000000001 0.6859375 0.3656250000000001 0.721875 0.3843750000000001 0.721875
4 0.36406250000000007 0.7828125 0.3531250000000001 0.7828125 0.3531250000000001 0.80625 0.36406250000000007 0.80625
4 0.3968750000000001 0.659375 0.3843750000000001 0.659375 0.3843750000000001 0.6796875 0.3968750000000001 0.6796875
4 0.496875 0.4140625 0.4859375 0.4140625 0.4859375 0.4296875 0.496875 0.4296875
4 0.509375 0.4390625 0.5 0.4390625 0.5 0.45 0.509375 0.45
2 0.5328125 0.4171875 0.5078125 0.4171875 0.5078125 0.4359375 0.5328125 0.4359375
0 0.5578125 0.4171875 0.540625 0.4171875 0.540625 0.434375 0.5578125 0.434375
4 0.55 0.4375 0.5390625 0.4375 0.5390625 0.4484375 0.55 0.4484375
4 0.5328125 0.3921875000000001 0.5203125 0.3921875000000001 0.5203125 0.403125 0.5328125 0.403125
4 0.55625 0.3859375000000001 0.5453125 0.3859375000000001 0.5453125 0.3968750000000001 0.55625 0.3968750000000001
4 0.5734375 0.3906250000000001 0.5625 0.3906250000000001 0.5625 0.4015625 0.5734375 0.4015625
0 0.609375 0.3968750000000001 0.5890625 0.3968750000000001 0.5890625 0.4171875 0.609375 0.4171875
4 0.61875 0.3765625000000001 0.6078125 0.3765625000000001 0.6078125 0.3859375000000001 0.61875 0.3859375000000001
2 0.6453125 0.409375 0.6234375 0.409375 0.6234375 0.428125 0.6453125 0.428125
4 0.628125 0.43125 0.61875 0.43125 0.61875 0.44375 0.628125 0.44375
2 0.66875 0.4296875 0.6453125 0.4296875 0.6453125 0.4484375 0.66875 0.4484375
2 0.6125 0.35625000000000007 0.590625 0.35625000000000007 0.590625 0.37187500000000007 0.6125 0.37187500000000007
2 0.6875 0.3812500000000001 0.6640625 0.3812500000000001 0.6640625 0.4 0.6875 0.4
4 0.7203125 0.3812500000000001 0.709375 0.3812500000000001 0.709375 0.3921875000000001 0.7203125 0.3921875000000001
3 0.7640625 0.3593750000000001 0.74375 0.3593750000000001 0.74375 0.37968750000000007 0.7640625 0.37968750000000007
4 0.7984375 0.3453125000000001 0.7890625 0.3453125000000001 0.7890625 0.3578125000000001 0.7984375 0.3578125000000001
2 0.8703125 0.39531250000000007 0.846875 0.39531250000000007 0.846875 0.41718750000000016 0.8703125 0.41718750000000016
4 0.9234375 0.3625000000000001 0.909375 0.3625000000000001 0.909375 0.3750000000000001 0.9234375 0.3750000000000001
4 0.9359375 0.3765625000000001 0.925 0.3765625000000001 0.925 0.38750000000000007 0.9359375 0.38750000000000007
4 0.95625 0.3671875000000001 0.9421875 0.3671875000000001 0.9421875 0.3781250000000001 0.95625 0.3781250000000001
0 0.996875 0.3781250000000001 0.978125 0.3781250000000001 0.978125 0.3968750000000001 0.996875 0.3968750000000001
4 0.99375 0.5078125000000002 0.9828125 0.5078125000000002 0.9828125 0.5234375000000002 0.99375 0.5234375000000002
4 0.9984375 0.5312500000000002 0.9828125 0.5312500000000002 0.9828125 0.5453125000000002 0.9984375 0.5453125000000002
1 0.8296875 0.5125000000000002 0.7765625 0.5125000000000002 0.7765625 0.5468750000000002 0.8296875 0.5468750000000002
1 0.765625 0.51875 0.715625 0.51875 0.715625 0.5437500000000001 0.765625 0.5437500000000002
1 0.7125 0.5265625 0.6640625 0.5265625 0.6640625 0.55625 0.7125 0.55625
1 0.6625 0.5328125 0.615625 0.5328125 0.615625 0.5609375 0.6625 0.5609375
2 0.4359375 0.5546875 0.4203125 0.5546875 0.4203125 0.5703125 0.4359375 0.5703125
2 0.4484375 0.5734375 0.4296875 0.5734375 0.4296875 0.5875 0.4484375 0.5875
2 0.4875 0.628125 0.4640625 0.628125 0.4640625 0.646875 0.4875 0.646875
2 0.459375 0.5546875 0.440625 0.5546875 0.440625 0.56875 0.459375 0.56875
2 0.4796875 0.5875 0.4625 0.5875 0.4625 0.6015625 0.4796875 0.6015625
2 0.475 0.56875 0.453125 0.56875 0.453125 0.584375 0.475 0.584375
3 0.55 0.5515625 0.5265625 0.5515625 0.5265625 0.5734375 0.55 0.5734375
2 0.534375 0.6171875 0.5125 0.6171875 0.5125 0.6328125 0.534375 0.6328125
2 0.5046875 0.5640625 0.4828125 0.5640625 0.4828125 0.5796875 0.5046875 0.5796875
2 0.5671875 0.6078125 0.546875 0.6078125 0.546875 0.6234375 0.5671875 0.6234375
0 0.5546875 0.5890625 0.5390625 0.5890625 0.5390625 0.603125 0.5546875 0.603125
2 0.534375 0.575 0.5140625 0.575 0.5140625 0.5921875 0.534375 0.5921875
2 0.5109375 0.5828125 0.4921875 0.5828125 0.4921875 0.596875 0.5109375 0.596875
4 0.490625 0.615625 0.48125 0.615625 0.48125 0.6265625 0.490625 0.6265625
2 0.575 0.54375 0.553125 0.54375 0.553125 0.559375 0.575 0.559375
2 0.6 0.5390625 0.578125 0.5390625 0.578125 0.5578125 0.6 0.5578125
2 0.571875 0.565625 0.5515625 0.565625 0.5515625 0.5828125 0.571875 0.5828125
2 0.5984375 0.5640625 0.578125 0.5640625 0.578125 0.5828125 0.5984375 0.5828125
2 0.596875 0.584375 0.575 0.584375 0.575 0.603125 0.596875 0.603125
2 0.6375 0.5625 0.61875 0.5625 0.61875 0.5828125 0.6375 0.5828125
2 0.6640625 0.5625 0.64375 0.5625 0.64375 0.5796875 0.6640625 0.5796875