2 0.78125 0.1609375000000001 0.75 0.1609375000000001 0.75 0.18906250000000008 0.78125 0.18906250000000008
2 0.790625 0.24218750000000008 0.7609375 0.24218750000000008 0.7609375 0.2671875000000001 0.790625 0.2671875000000001
3 0.890625 0.41406250000000017 0.86875 0.41406250000000017 0.86875 0.4359375000000002 0.890625 0.4359375000000002
2 0.7546875 0.3750000000000001 0.73125 0.3750000000000001 0.73125 0.39531250000000007 0.7546875 0.39531250000000007
4 0.8515625 0.5187500000000002 0.8375 0.5187500000000002 0.8375 0.5343750000000002 0.8515625 0.5343750000000002
2 0.7328125 0.4765625000000001 0.703125 0.4765625 0.703125 0.503125 0.7328125 0.5031250000000002
2 0.5109375 0.3546875000000001 0.484375 0.3546875000000001 0.484375 0.37968750000000007 0.5109375 0.37968750000000007
0 0.546875 0.5109375 0.525 0.5109375 0.525 0.5359375 0.546875 0.5359375
4 0.4796875 0.5546875 0.4640625 0.5546875 0.4640625 0.5703125 0.4796875 0.5703125
6 0.4875 0.575 0.4421875 0.575 0.4421875 0.603125 0.4875 0.603125
4 0.3343750000000001 0.4 0.3187500000000001 0.4 0.3187500000000001 0.4171875 0.3343750000000001 0.4171875
4 0.26562500000000006 0.3625 0.25 0.3625 0.25000000000000006 0.3734375 0.2656250000000001 0.3734375
4 0.2515625000000001 0.5515625 0.2375000000000001 0.5515625 0.2375000000000001 0.5703125 0.2515625000000001 0.5703125
0 0.20468750000000005 0.3625 0.18125000000000005 0.3625 0.18125000000000005 0.3859375 0.20468750000000008 0.3859375
2 0.16562500000000005 0.2375 0.14062500000000006 0.2375 0.14062500000000006 0.284375 0.16562500000000005 0.284375
0 0.18125000000000008 0.5359375 0.15781250000000005 0.5359375 0.15781250000000008 0.5578125 0.18125000000000008 0.5578125
2 0.17187500000000008 0.5671875 0.1453125000000001 0.5671875 0.1453125000000001 0.590625 0.17187500000000008 0.590625
4 0.050000000000000065 0.5515625 0.032812500000000064 0.5515625 0.032812500000000064 0.565625 0.050000000000000065 0.565625
2 0.043750000000000074 0.5734375 0.018750000000000072 0.5734375 0.018750000000000072 0.5953125 0.04375000000000008 0.5953125
3 0.08281250000000004 0.29375 0.05625000000000004 0.29375 0.05625000000000004 0.359375 0.08281250000000004 0.359375
2 0.025000000000000005 0.021875000000000002 0.007812500000000003 0.021875 0.007812500000000005 0.0703125 0.025000000000000012 0.0703125
4 0.0265625 2.678914873134835e-18 0.0171875 2.1048616860345133e-18 0.0171875 0.018750000000000003 0.0265625 0.018750000000000006
4 0.09375 0.06250000000000001 0.0828125 0.0625 0.0828125 0.08125000000000002 0.09375 0.08125000000000002
5 0.07187500000000001 0.0625 0.04062500000000001 0.0625 0.040625000000000015 0.146875 0.07187500000000002 0.146875
2 0.042187500000000024 0.178125 0.021875000000000023 0.178125 0.021875000000000026 0.2265625 0.042187500000000024 0.2265625
0 0.031250000000000035 0.2421875 0.01718750000000003 0.2421875 0.01718750000000003 0.26875 0.031250000000000035 0.26875
2 0.039062500000000035 0.265625 0.020312500000000032 0.265625 0.020312500000000035 0.30625 0.039062500000000035 0.30625
2 0.020312500000000035 0.2703125 0.0015625000000000333 0.2703125 0.0015625000000000356 0.3125 0.02031250000000004 0.3125
2 0.012500000000000048 0.3546875 4.343669115725768e-17 0.3546875 4.601993049920913e-17 0.396875 0.01250000000000005 0.396875