4 0.015625000000000083 0.66875 0.006250000000000084 0.66875 0.006250000000000084 0.6734375 0.015625000000000083 0.6734375
2 0.020312500000000084 0.6859375 0.0031250000000000847 0.6859375 0.003125000000000085 0.7015625 0.020312500000000084 0.7015625
6 0.1468750000000001 0.659375 0.10781250000000009 0.659375 0.10781250000000009 0.68125 0.1468750000000001 0.68125
6 0.10468750000000009 0.5890625 0.06250000000000007 0.5890625 0.06250000000000007 0.6125 0.10468750000000009 0.6125
1 0.15625000000000008 0.6890625 0.11718750000000008 0.6890625 0.11718750000000008 0.7078125 0.15625000000000008 0.7078125
2 0.14218750000000008 0.715625 0.12500000000000008 0.715625 0.12500000000000008 0.7296875 0.14218750000000008 0.7296875
2 0.1843750000000001 0.7171875 0.1671875000000001 0.7171875 0.1671875000000001 0.73125 0.1843750000000001 0.73125
6 0.2812500000000001 0.6890625 0.2390625000000001 0.6890625 0.2390625000000001 0.7078125 0.2812500000000001 0.7078125
6 0.2750000000000001 0.71875 0.24218750000000008 0.71875 0.24218750000000008 0.734375 0.2750000000000001 0.734375
6 0.4234375000000001 0.7078125 0.3906250000000001 0.7078125 0.3906250000000001 0.7296875 0.4234375000000002 0.7296875
6 0.45625 0.628125 0.4265625 0.628125 0.4265625 0.6671875 0.45625 0.6671875
6 0.475 0.68125 0.4390625 0.68125 0.4390625 0.7015625 0.475 0.7015625
2 0.4796875000000001 0.715625 0.4640625 0.715625 0.4640625000000001 0.728125 0.47968750000000016 0.728125
5 0.5625 0.69375 0.5046875 0.69375 0.5046875 0.7140625 0.5625 0.7140625
2 0.51875 0.71875 0.503125 0.71875 0.503125 0.7296875 0.5187500000000002 0.7296875
1 0.5734375 0.7171875 0.5296875 0.7171875 0.5296875000000001 0.734375 0.5734375000000002 0.734375
0 0.540625 0.6765625 0.53125 0.6765625 0.53125 0.6859375 0.540625 0.6859375
3 0.5734375 0.6640625 0.553125 0.6640625 0.553125 0.6796875 0.5734375 0.6796875
6 0.6296875000000001 0.7140625 0.5953125 0.7140625 0.5953125000000001 0.7359375 0.6296875000000002 0.7359375
5 0.675 0.6921875 0.615625 0.6921875 0.615625 0.7125 0.675 0.7125
2 0.7093750000000001 0.71875 0.6953125 0.71875 0.6953125000000001 0.7296875 0.7093750000000002 0.7296875
2 0.7875000000000001 0.7171875000000002 0.7671875 0.7171875000000002 0.7671875000000001 0.7328125000000002 0.7875000000000002 0.7328125000000002
3 0.7203125 0.6765625 0.703125 0.6765625 0.703125 0.690625 0.7203125 0.690625
4 0.728125 0.6921875000000001 0.71875 0.6921875 0.71875 0.6984375 0.728125 0.6984375000000002
0 0.825 0.6687500000000002 0.8125 0.6687500000000002 0.8125 0.6781250000000002 0.825 0.6781250000000002
2 0.8328125 0.7171875000000002 0.8140625 0.7171875000000002 0.8140625 0.7328125000000002 0.8328125 0.7328125000000002
2 0.88125 0.7218750000000002 0.8609375 0.7218750000000002 0.8609375 0.7406250000000002 0.88125 0.7406250000000002
5 0.9140625 0.6937500000000002 0.8625 0.6937500000000002 0.8625 0.7140625000000002 0.9140625 0.7140625000000002
4 0.928125 0.6750000000000002 0.91875 0.6750000000000002 0.91875 0.6828125000000002 0.928125 0.6828125000000002
4 0.9484375 0.6687500000000002 0.940625 0.6687500000000002 0.940625 0.6750000000000002 0.9484375 0.6750000000000002
2 0.934375 0.7203125000000001 0.9109375 0.7203125000000001 0.9109375 0.7359375000000001 0.934375 0.7359375000000001
2 0.06875000000000009 0.7875 0.05312500000000009 0.7875 0.05312500000000009 0.8015625 0.06875000000000009 0.8015625
4 0.1531250000000001 0.821875 0.1453125000000001 0.821875 0.1453125000000001 0.828125 0.1531250000000001 0.828125
3 0.2812500000000001 0.815625 0.2578125000000001 0.815625 0.2578125000000001 0.8359375 0.2812500000000001 0.8359375
4 0.3734375000000001 0.828125 0.3671875000000001 0.828125 0.3671875000000001 0.834375 0.3734375000000001 0.834375
4 0.40937500000000016 0.80625 0.4000000000000002 0.80625 0.4000000000000002 0.8125 0.40937500000000016 0.8125
4 0.4625000000000002 0.8328125 0.45312500000000017 0.8328125 0.45312500000000017 0.8390625 0.4625000000000002 0.8390625
4 0.5484375000000001 0.83125 0.5406250000000001 0.83125 0.5406250000000001 0.8375 0.5484375000000001 0.8375
4 0.5734375000000002 0.84375 0.5640625000000001 0.84375 0.5640625000000001 0.8515625 0.5734375000000002 0.8515625
4 0.6031250000000001 0.8171875 0.5953125000000001 0.8171875 0.5953125000000001 0.825 0.6031250000000001 0.825
2 0.7000000000000002 0.85625 0.6812500000000001 0.85625 0.6812500000000001 0.8703125 0.7000000000000002 0.8703125
2 0.7390625000000002 0.7984375000000001 0.7218750000000002 0.7984375 0.7218750000000002 0.8140625 0.7390625000000002 0.8140625
4 0.7625000000000002 0.8390625 0.7546875000000002 0.8390625 0.7546875000000002 0.8453125 0.7625000000000002 0.8453125
2 0.85 0.8078125 0.8328125 0.8078125 0.8328125 0.8234375 0.85 0.8234375
4 0.8890625 0.7843750000000002 0.840625 0.7843750000000002 0.840625 0.80625 0.8890625 0.80625
2 0.975 0.7890625000000002 0.953125 0.7890625000000002 0.953125 0.8046875 0.975 0.8046875
3 0.9671875 0.809375 0.940625 0.809375 0.940625 0.828125 0.9671875 0.828125
2 0.978125 0.5937500000000002 0.9578125 0.5937500000000002 0.9578125 0.6078125000000002 0.978125 0.6078125000000002
2 0.9125 0.5593750000000002 0.896875 0.5593750000000002 0.896875 0.5718750000000001 0.9125 0.5718750000000001
2 0.9125 0.46875000000000017 0.903125 0.46875000000000017 0.903125 0.49531250000000016 0.9125 0.49531250000000016
3 0.8671875 0.5093750000000001 0.859375 0.5093750000000001 0.859375 0.5359375000000002 0.8671875 0.5359375000000002
3 0.790625 0.5937500000000002 0.7734375 0.5937500000000002 0.7734375 0.6078125000000002 0.790625 0.6078125000000002
2 0.68125 0.59375 0.6671875 0.59375 0.6671875 0.6046875 0.68125 0.6046875
2 0.646875 0.6140625 0.63125 0.6140625 0.63125 0.6296875 0.646875 0.6296875
2 0.6140625 0.6234375 0.5984375 0.6234375 0.5984375 0.6359375 0.6140625 0.6359375
2 0.6203125 0.5828125 0.6046875 0.5828125 0.6046875 0.6 0.6203125 0.6
2 0.5515625 0.5578125 0.5375 0.5578125 0.5375 0.578125 0.5515625 0.578125
0 0.546875 0.540625 0.5375 0.540625 0.5375 0.55625 0.546875 0.55625
6 0.5234375 0.559375 0.5078125 0.559375 0.5078125 0.6109375 0.5234375 0.6109375
6 0.5484375 0.571875 0.525 0.571875 0.525 0.6390625 0.5484375 0.6390625
6 0.484375 0.5234375 0.465625 0.5234375 0.465625 0.578125 0.484375 0.578125
0 0.45 0.534375 0.44375 0.534375 0.44375 0.553125 0.45 0.553125
4 0.2734375000000001 0.621875 0.2656250000000001 0.621875 0.2656250000000001 0.6265625 0.2734375000000001 0.6265625
2 0.29375000000000007 0.584375 0.2750000000000001 0.584375 0.2750000000000001 0.603125 0.29375000000000007 0.603125
2 0.31718750000000007 0.5890625 0.2984375000000001 0.5890625 0.2984375000000001 0.603125 0.31718750000000007 0.603125
3 0.2796875000000001 0.5078125 0.2578125000000001 0.5078125 0.2578125000000001 0.5203125 0.2796875000000001 0.5203125
2 0.3421875000000001 0.4171875 0.3312500000000001 0.4171875 0.3312500000000001 0.428125 0.3421875000000001 0.428125
2 0.3421875000000001 0.434375 0.3312500000000001 0.434375 0.3312500000000001 0.446875 0.3421875000000001 0.446875
0 0.44375 0.484375 0.4328125 0.484375 0.4328125 0.4953125 0.44375 0.4953125
0 0.45625 0.484375 0.446875 0.484375 0.446875 0.4984375 0.45625 0.4984375
0 0.4546875 0.496875 0.4484375 0.496875 0.4484375 0.5125 0.4546875 0.5125
2 0.4890625 0.459375 0.4796875 0.459375 0.4796875 0.4921875 0.4890625 0.4921875
2 0.515625 0.4953125 0.5078125 0.4953125 0.5078125 0.525 0.515625 0.525
2 0.5515625 0.4453125 0.5453125 0.4453125 0.5453125 0.46875 0.5515625 0.46875
3 0.5390625 0.4125 0.5296875 0.4125 0.5296875 0.446875 0.5390625 0.446875
0 0.51875 0.4203125 0.5140625 0.4203125 0.5140625 0.4375 0.51875 0.4375
2 0.534375 0.3656250000000001 0.528125 0.3656250000000001 0.528125 0.3921875000000001 0.534375 0.3921875000000001
2 0.54375 0.3437500000000001 0.534375 0.3437500000000001 0.534375 0.3687500000000001 0.54375 0.3687500000000001
6 0.5390625 0.11093750000000005 0.525 0.11093750000000005 0.525 0.18437500000000004 0.5390625 0.18437500000000004
6 0.496875 0.0031250000000000605 0.484375 0.0031250000000000596 0.484375 0.06406250000000006 0.496875 0.06406250000000006
2 0.446875 0.031250000000000056 0.440625 0.031250000000000056 0.440625 0.059375000000000046 0.446875 0.059375000000000046
3 0.4375 0.028125000000000056 0.4296875 0.028125000000000056 0.4296875 0.057812500000000044 0.4375 0.057812500000000044
3 0.4296875 0.10937500000000004 0.4140625 0.10937500000000004 0.4140625 0.12500000000000006 0.4296875 0.12500000000000006
2 0.4734375 0.12187500000000004 0.465625 0.12187500000000004 0.465625 0.14843750000000006 0.4734375 0.14843750000000006
2 0.4421875 0.15000000000000005 0.4265625 0.15000000000000005 0.4265625 0.16250000000000003 0.4421875 0.16250000000000003
4 0.4375 0.12500000000000006 0.43125 0.12500000000000006 0.43125 0.12968750000000004 0.4375 0.12968750000000004
2 0.453125 0.17187500000000006 0.434375 0.17187500000000006 0.434375 0.18906250000000005 0.453125 0.18906250000000005
2 0.4375 0.18281250000000004 0.4234375 0.18281250000000004 0.4234375 0.2000000000000001 0.4375 0.2000000000000001
2 0.4640625 0.2062500000000001 0.4578125 0.2062500000000001 0.4578125 0.23593750000000008 0.4640625 0.23593750000000008
2 0.4515625 0.23437500000000008 0.4375 0.23437500000000008 0.4375 0.25468750000000007 0.4515625 0.25468750000000007
2 0.4515625 0.26250000000000007 0.4375 0.26250000000000007 0.4375 0.2796875000000001 0.4515625 0.2796875000000001
2 0.4484375 0.2828125000000001 0.434375 0.2828125000000001 0.434375 0.2984375000000001 0.4484375 0.2984375000000001
0 0.45625 0.19218750000000004 0.446875 0.19218750000000004 0.446875 0.2062500000000001 0.45625 0.2062500000000001
4 0.4671875 0.30156250000000007 0.4625 0.30156250000000007 0.4625 0.3140625000000001 0.4671875 0.3140625000000001
4 0.4765625 0.3546875000000001 0.471875 0.3546875000000001 0.471875 0.3687500000000001 0.4765625 0.3687500000000001
4 0.44375 0.3046875000000001 0.4359375 0.3046875000000001 0.4359375 0.3109375000000001 0.44375 0.3109375000000001
4 0.4265625 0.26250000000000007 0.4203125 0.26250000000000007 0.4203125 0.2687500000000001 0.4265625 0.2687500000000001
4 0.428125 0.2406250000000001 0.4234375 0.2406250000000001 0.4234375 0.2468750000000001 0.428125 0.2468750000000001
4 0.425 0.22031250000000008 0.41875 0.22031250000000008 0.41875 0.2296875000000001 0.425 0.2296875000000001
4 0.434375 0.3125000000000001 0.43125 0.3125000000000001 0.43125 0.3265625000000001 0.434375 0.3265625000000001
4 0.4453125 0.3218750000000001 0.4375 0.3218750000000001 0.4375 0.3296875000000001 0.4453125 0.3296875000000001
4 0.4296875 0.3218750000000001 0.4234375 0.3218750000000001 0.4234375 0.3281250000000001 0.4296875 0.3281250000000001
4 0.4265625 0.3046875000000001 0.4203125 0.3046875000000001 0.4203125 0.3156250000000001 0.4265625 0.3156250000000001
2 0.45625 0.30937500000000007 0.45 0.30937500000000007 0.45 0.33281250000000007 0.45625 0.33281250000000007
3 0.459375 0.3437500000000001 0.453125 0.3437500000000001 0.453125 0.37968750000000007 0.459375 0.37968750000000007
4 0.4625 0.428125 0.4578125 0.428125 0.4578125 0.4421875 0.4625 0.4421875