1 0.31718750000000007 0.6296875 0.2609375000000001 0.6296875 0.2609375000000001 0.6609375 0.31718750000000007 0.6609375
1 0.2593750000000001 0.634375 0.20312500000000008 0.634375 0.20312500000000008 0.6640625 0.2593750000000001 0.6640625
0 0.2250000000000001 0.6890625 0.21093750000000008 0.6890625 0.21093750000000008 0.7078125 0.2250000000000001 0.7078125
0 0.15625000000000014 0.928125 0.14062500000000014 0.928125 0.14062500000000014 0.95 0.15625000000000014 0.95
0 0.2640625000000001 0.865625 0.2453125000000001 0.865625 0.2453125000000001 0.8890625 0.2640625000000001 0.8890625
0 0.3828125000000001 0.875 0.36406250000000007 0.875 0.36406250000000007 0.8984375 0.3828125000000001 0.8984375
0 0.5265625000000002 0.928125 0.5078125000000002 0.928125 0.5078125000000002 0.9453125 0.5265625000000002 0.9453125
0 0.4921875 0.08750000000000006 0.4828125 0.08750000000000006 0.4828125 0.11562500000000005 0.4921875 0.11562500000000005
2 0.5046875 0.4 0.4890625 0.4 0.4890625 0.4390625 0.5046875 0.4390625
3 0.7265625000000002 0.8078125 0.7046875000000001 0.8078125 0.7046875000000001 0.8359375 0.7265625000000002 0.8359375
2 0.7000000000000002 0.7765625 0.6796875000000002 0.7765625 0.6796875000000002 0.8015625 0.7000000000000002 0.8015625
2 0.6343750000000001 0.790625 0.6093750000000002 0.790625 0.6093750000000002 0.8125 0.6343750000000001 0.8125
2 0.709375 0.68125 0.6875 0.68125 0.6875 0.703125 0.709375 0.703125
2 0.8125 0.8453125 0.7890625000000002 0.8453125 0.7890625000000002 0.86875 0.8125 0.86875
2 0.8578125 0.8671875 0.8328125 0.8671875 0.8328125 0.8921875 0.8578125 0.8921875
2 0.528125 0.675 0.515625 0.675 0.515625 0.71875 0.528125 0.71875
2 0.5093750000000001 0.7125 0.4890625 0.7125 0.48906250000000007 0.75 0.5093750000000001 0.75
2 0.5625000000000002 0.79375 0.5406250000000001 0.79375 0.5406250000000001 0.8140625 0.5625000000000002 0.8140625
2 0.5578125000000002 0.8296875 0.5359375000000002 0.8296875 0.5359375000000002 0.853125 0.5578125000000002 0.853125
2 0.5140625000000002 0.8546875 0.4937500000000002 0.8546875 0.4937500000000002 0.878125 0.5140625000000002 0.878125
2 0.0468750000000001 0.784375 0.021875000000000096 0.784375 0.021875000000000096 0.803125 0.0468750000000001 0.803125
4 0.54375 0.10468750000000004 0.5390625 0.10468750000000004 0.5390625 0.12656250000000005 0.54375 0.12656250000000005
4 0.5453125 0.61875 0.5375 0.61875 0.5375 0.6390625 0.5453125 0.6390625
4 0.5171875000000001 0.734375 0.5109375000000002 0.734375 0.5109375000000002 0.7546875 0.5171875000000001 0.7546875
4 0.5062500000000002 0.7484375 0.4968750000000002 0.7484375 0.4968750000000002 0.76875 0.5062500000000002 0.76875
4 0.4937500000000002 0.778125 0.4828125000000002 0.778125 0.4828125000000002 0.790625 0.4937500000000002 0.790625
4 0.4734375000000002 0.88125 0.4593750000000002 0.88125 0.4593750000000002 0.8953125 0.4734375000000002 0.8953125
4 0.5359375000000002 0.8140625 0.5250000000000001 0.8140625 0.5250000000000001 0.8296875 0.5359375000000002 0.8296875
4 0.5609375000000002 0.8171875 0.5500000000000002 0.8171875 0.5500000000000002 0.83125 0.5609375000000002 0.83125
4 0.5921875000000002 0.834375 0.5796875000000001 0.834375 0.5796875000000001 0.85 0.5921875000000002 0.85
4 0.6109375000000001 0.8375 0.6000000000000002 0.8375 0.6000000000000002 0.8484375 0.6109375000000001 0.8484375
4 0.6359375000000002 0.7578125 0.6250000000000002 0.7578125 0.6250000000000002 0.7703125 0.6359375000000002 0.7703125
4 0.6828125000000002 0.8484375 0.6703125000000002 0.8484375 0.6703125000000002 0.859375 0.6828125000000002 0.859375
4 0.6750000000000002 0.9015625 0.6625000000000002 0.9015625 0.6625000000000002 0.9125 0.6750000000000002 0.9125
4 0.7468750000000002 0.8484375 0.7328125000000002 0.8484375 0.7328125000000002 0.8609375 0.7468750000000002 0.8609375
4 0.8078125 0.884375 0.7937500000000002 0.884375 0.7937500000000002 0.9 0.8078125 0.9
4 0.609375 0.659375 0.596875 0.659375 0.596875 0.6734375 0.609375 0.6734375
4 0.65 0.6484375 0.6390625 0.6484375 0.6390625 0.6625 0.65 0.6625
4 0.8578125 0.7156250000000002 0.8453125 0.7156250000000002 0.8453125 0.7250000000000002 0.8578125 0.7250000000000002
4 0.8546875 0.7296875000000002 0.84375 0.7296875000000002 0.84375 0.7390625000000002 0.8546875 0.7390625000000002
4 0.9125 0.6968750000000001 0.9 0.6968750000000001 0.9 0.7093750000000002 0.9125 0.7093750000000002
4 0.928125 0.6968750000000001 0.9171875 0.6968750000000001 0.9171875 0.7093750000000002 0.928125 0.7093750000000002
4 0.12031250000000013 0.928125 0.11093750000000013 0.928125 0.11093750000000013 0.9390625 0.12031250000000013 0.9390625
4 0.1453125000000001 0.85625 0.13281250000000008 0.85625 0.13281250000000008 0.871875 0.1453125000000001 0.871875
4 0.2078125000000001 0.8515625 0.19687500000000008 0.8515625 0.19687500000000008 0.8625 0.2078125000000001 0.8625
4 0.2531250000000001 0.8484375 0.2406250000000001 0.8484375 0.2406250000000001 0.8609375 0.2531250000000001 0.8609375
4 0.3625000000000001 0.8578125 0.3515625000000001 0.8578125 0.3515625000000001 0.8703125 0.3625000000000001 0.8703125
4 0.3750000000000001 0.84375 0.3609375000000001 0.84375 0.3609375000000001 0.8578125 0.3750000000000001 0.8578125
4 0.014062500000000094 0.7609375 9.318796737261892e-17 0.7609375 9.414472268445279e-17 0.7765625 0.014062500000000094 0.7765625
4 0.08750000000000009 0.7625 0.0750000000000001 0.7625 0.0750000000000001 0.7765625 0.08750000000000009 0.7765625
4 0.11875000000000009 0.7546875 0.10468750000000009 0.7546875 0.10468750000000009 0.76875 0.11875000000000009 0.76875
4 0.14218750000000008 0.7734375 0.1281250000000001 0.7734375 0.1281250000000001 0.784375 0.14218750000000008 0.784375
4 0.2000000000000001 0.7546875 0.1843750000000001 0.7546875 0.1843750000000001 0.7703125 0.2000000000000001 0.7703125
4 0.2968750000000001 0.7484375 0.2828125000000001 0.7484375 0.2828125000000001 0.759375 0.2968750000000001 0.759375
4 0.32500000000000007 0.7453125 0.3109375000000001 0.7453125 0.3109375000000001 0.75625 0.32500000000000007 0.75625
4 0.3656250000000001 0.7453125 0.3515625000000001 0.7453125 0.3515625000000001 0.75625 0.3656250000000001 0.75625
4 0.3750000000000001 0.7625 0.3625000000000001 0.7625 0.3625000000000001 0.7734375 0.3750000000000001 0.7734375