4 0.603125 0.4484375 0.59375 0.4484375 0.59375 0.465625 0.603125 0.465625
4 0.584375 0.5359375 0.578125 0.5359375 0.578125 0.553125 0.584375 0.553125
4 0.540625 0.4453125 0.5328125 0.4453125 0.5328125 0.4609375 0.540625 0.4609375
4 0.7125 0.4140625 0.7015625 0.4140625 0.7015625 0.425 0.7125 0.425
4 0.7546875 0.40156250000000016 0.746875 0.40156250000000016 0.746875 0.4125000000000002 0.7546875 0.4125000000000002
2 0.7234375 0.5296875 0.7046875 0.5296875 0.7046875 0.5484375 0.7234375 0.5484375
2 0.6875 0.5203125 0.671875 0.5203125 0.671875 0.5359375 0.6875 0.5359375
2 0.784375 0.5265625000000002 0.7625 0.5265625000000002 0.7625 0.5453125000000002 0.784375 0.5453125000000002
2 0.5656250000000002 0.734375 0.5562500000000001 0.734375 0.5562500000000001 0.7640625 0.5656250000000002 0.7640625
2 0.5828125000000002 0.740625 0.5734375000000002 0.740625 0.5734375000000002 0.7734375 0.5828125000000002 0.7734375
2 0.5859375000000001 0.70625 0.5765625 0.70625 0.5765625000000001 0.7359375 0.5859375000000002 0.7359375
2 0.5750000000000001 0.7078125 0.5671875 0.7078125 0.5671875000000001 0.7390625 0.5750000000000002 0.7390625
2 0.578125 0.6359375 0.56875 0.6359375 0.56875 0.6671875 0.578125 0.6671875
2 0.5671875 0.66875 0.559375 0.66875 0.559375 0.69375 0.5671875 0.69375
2 0.578125 0.66875 0.56875 0.66875 0.56875 0.703125 0.578125 0.703125
2 0.5859375 0.6734375 0.5765625 0.6734375 0.5765625 0.7 0.5859375 0.7
0 0.5859375 0.6484375 0.5765625 0.6484375 0.5765625 0.671875 0.5859375 0.671875
0 0.56875 0.6421875 0.5578125 0.6421875 0.5578125 0.6609375 0.56875 0.6609375
0 0.5687500000000002 0.7625 0.5593750000000002 0.7625 0.5593750000000002 0.7859375 0.5687500000000002 0.7859375
0 0.5796875000000001 0.78125 0.5718750000000001 0.78125 0.5718750000000001 0.8015625 0.5796875000000001 0.8015625
4 0.5718750000000001 0.7890625 0.5656250000000002 0.7890625 0.5656250000000002 0.8078125 0.5718750000000001 0.8078125
4 0.565625 0.696875 0.5609375 0.696875 0.5609375 0.715625 0.565625 0.715625
0 0.5734375 0.3687500000000001 0.559375 0.3687500000000001 0.559375 0.3843750000000001 0.5734375 0.3843750000000001
4 0.3687500000000001 0.44375 0.3578125000000001 0.44375 0.3578125000000001 0.4546875 0.3687500000000001 0.4546875
4 0.4921875 0.4375 0.48125 0.4375 0.48125 0.446875 0.4921875 0.446875
4 0.2453125000000001 0.43125 0.23593750000000008 0.43125 0.23593750000000008 0.4453125 0.2453125000000001 0.4453125
4 0.12343750000000005 0.4265625 0.11406250000000004 0.4265625 0.11406250000000004 0.4375 0.12343750000000005 0.4375
4 0.8421875 0.3765625000000001 0.834375 0.3765625000000001 0.834375 0.38750000000000007 0.8421875 0.38750000000000007
4 0.828125 0.37187500000000007 0.81875 0.37187500000000007 0.81875 0.3812500000000001 0.828125 0.3812500000000001
4 0.8484375 0.3687500000000001 0.8390625 0.3687500000000001 0.8390625 0.3781250000000001 0.8484375 0.3781250000000001
4 0.9421875 0.5031250000000002 0.9265625 0.5031250000000002 0.9265625 0.5140625000000002 0.9421875 0.5140625000000002
4 0.68125 0.553125 0.671875 0.553125 0.671875 0.5640625 0.68125 0.5640625
4 0.6875 0.55 0.6796875 0.55 0.6796875 0.5578125 0.6875 0.5578125
4 0.6890625 0.54375 0.68125 0.54375 0.68125 0.55 0.6890625 0.55
4 0.68125 0.5390625 0.671875 0.5390625 0.671875 0.5453125 0.68125 0.5453125
4 0.6796875 0.509375 0.66875 0.509375 0.66875 0.51875 0.6796875 0.51875
2 0.6234375000000002 0.78125 0.6125000000000002 0.78125 0.6125000000000002 0.815625 0.6234375000000002 0.815625
2 0.5687500000000002 0.921875 0.5578125000000002 0.921875 0.5578125000000002 0.959375 0.5687500000000002 0.959375
2 0.2812500000000001 0.58125 0.2609375000000001 0.58125 0.2609375000000001 0.5953125 0.2812500000000001 0.5953125
2 0.2 0.28125 0.18906250000000005 0.28125 0.18906250000000005 0.3109375 0.2 0.3109375
4 0.5609375000000002 0.978125 0.5546875000000002 0.978125 0.5546875000000002 0.9984375 0.5609375000000002 0.9984375
4 0.6125000000000002 0.890625 0.6062500000000002 0.890625 0.6062500000000002 0.90625 0.6125000000000002 0.90625
4 0.8078125 0.5375000000000002 0.7984375 0.5375000000000002 0.7984375 0.5500000000000002 0.8078125 0.5500000000000002
2 0.8359375 0.3390625000000001 0.8171875 0.3390625000000001 0.8171875 0.3578125000000001 0.8359375 0.3578125000000001
2 0.784375 0.32500000000000007 0.775 0.32500000000000007 0.775 0.3546875000000001 0.784375 0.3546875000000001
4 0.234375 0.2703125 0.228125 0.2703125 0.228125 0.2859375 0.234375 0.2859375
2 0.2453125 0.10625000000000004 0.2359375 0.10625000000000004 0.2359375 0.13437500000000005 0.2453125 0.13437500000000005
4 0.528125 0.4609375 0.521875 0.4609375 0.521875 0.475 0.528125 0.475
4 0.34843750000000007 0.4015625 0.3390625000000001 0.4015625 0.3390625000000001 0.409375 0.34843750000000007 0.409375