2 0.01875000000000001 0.0328125 4.018372309702252e-18 0.0328125 7.079989307570636e-18 0.0828125 0.01875000000000001 0.0828125
4 0.0203125 1.8178350924843522e-18 0.009375 1.1481063742006436e-18 0.009375000000000001 0.01875 0.0203125 0.01875
2 0.22031250000000008 0.5640625 0.19531250000000008 0.5640625 0.19531250000000008 0.584375 0.22031250000000008 0.584375
2 0.15468750000000003 0.240625 0.13437500000000005 0.240625 0.13437500000000005 0.2921875 0.15468750000000003 0.2921875
5 0.02812500000000003 0.1953125 2.3918882795846743e-17 0.1953125 2.918103701093302e-17 0.28125 0.028125000000000032 0.28125
5 0.07656250000000005 0.2953125 0.046875000000000035 0.2953125 0.04687500000000004 0.3734375 0.07656250000000005 0.3734375
6 0.09531250000000006 0.5359375 0.04531250000000007 0.5359375 0.04531250000000007 0.565625 0.09531250000000006 0.565625
2 0.2250000000000001 0.509375 0.2000000000000001 0.509375 0.2000000000000001 0.528125 0.2250000000000001 0.528125
2 0.15781250000000008 0.54375 0.13437500000000005 0.54375 0.13437500000000008 0.5640625 0.15781250000000008 0.5640625
5 0.18906250000000005 0.5125 0.16250000000000003 0.5125 0.16250000000000003 0.5375 0.18906250000000005 0.5375
2 0.1281250000000001 0.5546875 0.10156250000000008 0.5546875 0.10156250000000008 0.571875 0.1281250000000001 0.571875
2 0.10156250000000004 0.509375 0.07031250000000007 0.509375 0.07031250000000007 0.534375 0.10156250000000004 0.534375
2 0.12812500000000004 0.509375 0.10468750000000004 0.509375 0.10468750000000004 0.5296875 0.12812500000000004 0.5296875
2 0.12656250000000008 0.534375 0.10000000000000005 0.534375 0.10000000000000006 0.553125 0.12656250000000008 0.553125
2 0.042187500000000065 0.5109375 0.014062500000000061 0.5109375 0.014062500000000065 0.53125 0.042187500000000065 0.53125
2 0.06875000000000006 0.5078125 0.04531250000000007 0.5078125 0.04531250000000007 0.5296875 0.06875000000000006 0.5296875
2 0.04375000000000007 0.5453125 0.018750000000000065 0.5453125 0.018750000000000065 0.565625 0.04375000000000007 0.565625
0 0.018750000000000072 0.5859375 0.003125000000000072 0.5859375 0.003125000000000073 0.6 0.018750000000000072 0.6
0 0.04843750000000007 0.5828125 0.034375000000000065 0.5828125 0.03437500000000007 0.5984375 0.04843750000000008 0.5984375
0 0.07968750000000006 0.5765625 0.06250000000000007 0.5765625 0.06250000000000007 0.59375 0.07968750000000006 0.59375
0 0.19531250000000006 0.3671875 0.17812500000000003 0.3671875 0.17812500000000003 0.384375 0.19531250000000006 0.384375
0 0.15781250000000005 0.509375 0.12968750000000004 0.509375 0.12968750000000004 0.5296875 0.15781250000000005 0.5296875
4 0.06093750000000007 0.584375 0.050000000000000065 0.584375 0.050000000000000065 0.59375 0.06093750000000007 0.59375
4 0.03750000000000007 0.56875 0.025000000000000067 0.56875 0.025000000000000067 0.578125 0.03750000000000007 0.578125
4 0.050000000000000065 0.571875 0.03750000000000007 0.571875 0.03750000000000007 0.584375 0.050000000000000065 0.584375
4 0.06093750000000007 0.5734375 0.050000000000000065 0.5734375 0.050000000000000065 0.5828125 0.06093750000000007 0.5828125
4 0.08593750000000007 0.5671875 0.07968750000000006 0.5671875 0.07968750000000006 0.575 0.08593750000000007 0.575
4 0.03437500000000007 0.5859375 0.025000000000000067 0.5859375 0.02500000000000007 0.596875 0.03437500000000008 0.596875
2 0.18750000000000008 0.55625 0.1609375000000001 0.55625 0.1609375000000001 0.575 0.18750000000000008 0.575
2 0.50625 0.3531250000000001 0.4828125 0.3531250000000001 0.4828125 0.3781250000000001 0.50625 0.3781250000000001
0 0.18593750000000006 0.5359375 0.17031250000000003 0.5359375 0.17031250000000006 0.5546875 0.1859375000000001 0.5546875
4 0.03281250000000008 0.5984375 0.018750000000000072 0.5984375 0.018750000000000072 0.609375 0.03281250000000008 0.609375
4 0.56875 0.33281250000000007 0.5578125 0.33281250000000007 0.5578125 0.3453125000000001 0.56875 0.3453125000000001
2 0.9109375 0.32500000000000007 0.884375 0.32500000000000007 0.884375 0.3468750000000001 0.9109375 0.3468750000000001
2 0.9953125 0.3203125000000001 0.9640625 0.3203125000000001 0.9640625 0.3453125000000001 0.9953125 0.3453125000000001
2 0.7875 0.23593750000000008 0.759375 0.23593750000000008 0.759375 0.2656250000000001 0.7875 0.2656250000000001
2 0.778125 0.15625000000000008 0.75 0.15625000000000008 0.75 0.1828125000000001 0.778125 0.1828125000000001
3 0.12500000000000008 0.571875 0.1062500000000001 0.571875 0.1062500000000001 0.590625 0.12500000000000008 0.590625
5 0.10156250000000008 0.5734375 0.08593750000000007 0.5734375 0.08593750000000007 0.590625 0.10156250000000008 0.590625
4 0.034375000000000065 0.53125 0.018750000000000065 0.53125 0.018750000000000065 0.5421875 0.034375000000000065 0.5421875
4 0.3000000000000001 0.571875 0.28593750000000007 0.571875 0.28593750000000007 0.5859375 0.3000000000000001 0.5859375
4 0.3156250000000001 0.5796875 0.30156250000000007 0.5796875 0.30156250000000007 0.59375 0.3156250000000001 0.59375
0 0.10000000000000005 0.446875 0.08281250000000004 0.446875 0.08281250000000005 0.4609375 0.10000000000000005 0.4609375
4 0.1062500000000001 0.590625 0.09218750000000006 0.590625 0.09218750000000006 0.6046875 0.1062500000000001 0.6046875
4 0.2671875000000001 0.425 0.2562500000000001 0.425 0.2562500000000001 0.44375 0.2671875000000001 0.44375
4 0.415625 0.3921875000000001 0.4015625 0.3921875000000001 0.4015625 0.40625 0.415625 0.40625
4 0.026562500000000024 0.1734375 0.017187500000000022 0.1734375 0.017187500000000022 0.1953125 0.026562500000000024 0.1953125
2 0.0578125 5.836207402186604e-18 0.0375 4.592425496802574e-18 0.0375 0.04062500000000001 0.0578125 0.04062500000000001
2 0.035937500000000004 0.0390625 0.018750000000000006 0.0390625 0.01875000000000001 0.08125 0.03593750000000001 0.08125
4 0.03593750000000005 0.46875 0.017187500000000057 0.46875 0.017187500000000057 0.484375 0.03593750000000005 0.484375
2 0.05468750000000002 0.1453125 0.03750000000000002 0.1453125 0.03750000000000002 0.190625 0.05468750000000002 0.190625
2 0.050000000000000024 0.2 0.029687500000000023 0.2 0.029687500000000026 0.240625 0.050000000000000024 0.240625
4 0.6875 0.3781250000000001 0.6765625 0.3781250000000001 0.6765625 0.3890625000000001 0.6875 0.3890625000000001
2 0.3078125000000001 0.45625 0.2812500000000001 0.45625 0.2812500000000001 0.478125 0.3078125000000001 0.478125
4 0.014062500000000058 0.4609375 5.644856339819831e-17 0.4609375 5.769234530358234e-17 0.48125 0.014062500000000061 0.48125
2 0.9671875 0.4031250000000002 0.9390625 0.4031250000000002 0.9390625 0.4281250000000002 0.9671875 0.4281250000000002
4 0.7640625 0.3968750000000001 0.75 0.3968750000000001 0.75 0.40937500000000016 0.7640625 0.40937500000000016