0 0.15625000000000008 0.840625 0.14218750000000008 0.840625 0.14218750000000008 0.8703125 0.15625000000000008 0.8703125
2 0.2156250000000001 0.8015625 0.19531250000000008 0.8015625 0.19531250000000008 0.8203125 0.2156250000000001 0.8203125
2 0.2328125000000001 0.853125 0.2218750000000001 0.853125 0.2218750000000001 0.8859375 0.2328125000000001 0.8859375
2 0.2515625000000001 0.84375 0.2406250000000001 0.84375 0.2406250000000001 0.878125 0.2515625000000001 0.878125
2 0.2671875000000001 0.8375 0.2562500000000001 0.8375 0.2562500000000001 0.8765625 0.2671875000000001 0.8765625
2 0.2796875000000001 0.853125 0.2687500000000001 0.853125 0.2687500000000001 0.884375 0.2796875000000001 0.884375
2 0.2906250000000001 0.8546875 0.2796875000000001 0.8546875 0.2796875000000001 0.88125 0.2906250000000001 0.88125
2 0.2968750000000001 0.89375 0.2750000000000001 0.89375 0.2750000000000001 0.9140625 0.2968750000000001 0.9140625
2 0.5921875000000002 0.95625 0.5781250000000002 0.95625 0.5781250000000002 0.996875 0.5921875000000002 0.996875
2 0.6171875000000002 0.834375 0.5968750000000002 0.834375 0.5968750000000002 0.8546875 0.6171875000000002 0.8546875
2 0.6156250000000002 0.809375 0.5953125000000001 0.809375 0.5953125000000001 0.828125 0.6156250000000002 0.828125
2 0.6562500000000002 0.8 0.6375000000000002 0.8 0.6375000000000002 0.8171875 0.6562500000000002 0.8171875
2 0.6203125000000002 0.91875 0.6000000000000002 0.91875 0.6000000000000002 0.9375 0.6203125000000002 0.9375
4 0.646875 0.6640625 0.6421875 0.6640625 0.6421875 0.684375 0.646875 0.684375
4 0.653125 0.6640625 0.6484375 0.6640625 0.6484375 0.6796875 0.653125 0.6796875
4 0.6578125 0.659375 0.653125 0.659375 0.653125 0.6796875 0.6578125 0.6796875
4 0.821875 0.6000000000000002 0.8109375 0.6000000000000002 0.8109375 0.6109375000000001 0.821875 0.6109375000000001
4 0.9140625 0.5750000000000002 0.9015625 0.5750000000000002 0.9015625 0.5828125000000002 0.9140625 0.5828125000000002
4 0.9203125 0.5734375000000002 0.9140625 0.5734375000000002 0.9140625 0.5843750000000002 0.9203125 0.5843750000000002
2 0.9171875 0.5093750000000001 0.8921875 0.5093750000000001 0.8921875 0.5328125000000001 0.9171875 0.5328125000000001
4 0.9921875 0.44062500000000016 0.9859375 0.44062500000000016 0.9859375 0.46406250000000016 0.9921875 0.46406250000000016
0 0.6140625 0.596875 0.5984375 0.596875 0.5984375 0.6109375 0.6140625 0.6109375
4 0.37968750000000007 0.59375 0.3671875000000001 0.59375 0.3671875000000001 0.603125 0.37968750000000007 0.603125
4 0.2406250000000001 0.615625 0.22812500000000008 0.615625 0.22812500000000008 0.6265625 0.2406250000000001 0.6265625
4 0.1703125000000001 0.6125 0.15781250000000008 0.6125 0.15781250000000008 0.621875 0.1703125000000001 0.621875
3 0.2984375000000001 0.58125 0.27812500000000007 0.58125 0.27812500000000007 0.6 0.2984375000000001 0.6
4 0.9765625 0.2921875000000001 0.9671875 0.2921875000000001 0.9671875 0.3109375000000001 0.9765625 0.3109375000000001
4 0.95625 0.27812500000000007 0.946875 0.27812500000000007 0.946875 0.29375000000000007 0.95625 0.29375000000000007
4 0.9 0.2906250000000001 0.8890625 0.2906250000000001 0.8890625 0.30156250000000007 0.9 0.30156250000000007
4 0.8984375 0.3031250000000001 0.8890625 0.3031250000000001 0.8890625 0.3140625000000001 0.8984375 0.3140625000000001
4 0.878125 0.3031250000000001 0.8671875 0.3031250000000001 0.8671875 0.3156250000000001 0.878125 0.3156250000000001
4 0.853125 0.3109375000000001 0.84375 0.3109375000000001 0.84375 0.3218750000000001 0.853125 0.3218750000000001
4 0.8671875 0.3156250000000001 0.859375 0.3156250000000001 0.859375 0.3281250000000001 0.8671875 0.3281250000000001
4 0.88125 0.3203125000000001 0.8703125 0.3203125000000001 0.8703125 0.3312500000000001 0.88125 0.3312500000000001
4 0.853125 0.32500000000000007 0.8421875 0.32500000000000007 0.8421875 0.3375000000000001 0.853125 0.3375000000000001
4 0.8328125 0.32500000000000007 0.8203125 0.32500000000000007 0.8203125 0.3375000000000001 0.8328125 0.3375000000000001
4 0.8078125 0.32500000000000007 0.7953125 0.32500000000000007 0.7953125 0.3390625000000001 0.8078125 0.3390625000000001
0 0.9171875 0.3000000000000001 0.9 0.3000000000000001 0.9 0.3187500000000001 0.9171875 0.3187500000000001
2 0.9265625 0.3140625000000001 0.903125 0.3140625000000001 0.903125 0.33281250000000007 0.9265625 0.33281250000000007
2 0.9015625 0.3265625000000001 0.8765625 0.3265625000000001 0.8765625 0.3453125000000001 0.9015625 0.3453125000000001
2 0.9296875 0.33281250000000007 0.90625 0.33281250000000007 0.90625 0.3546875000000001 0.9296875 0.3546875000000001
4 0.9296875 0.3687500000000001 0.9203125 0.3687500000000001 0.9203125 0.3828125000000001 0.9296875 0.3828125000000001
2 0.8984375 0.3531250000000001 0.8734375 0.3531250000000001 0.8734375 0.3750000000000001 0.8984375 0.3750000000000001
2 0.9171875 0.3656250000000001 0.896875 0.3656250000000001 0.896875 0.3828125000000001 0.9171875 0.3828125000000001
0 0.896875 0.3750000000000001 0.8796875 0.3750000000000001 0.8796875 0.3906250000000001 0.896875 0.3906250000000001
2 0.8375 0.3437500000000001 0.8109375 0.3437500000000001 0.8109375 0.3687500000000001 0.8375 0.3687500000000001
2 0.8 0.37187500000000007 0.778125 0.37187500000000007 0.778125 0.3906250000000001 0.8 0.3906250000000001
2 0.778125 0.3421875000000001 0.753125 0.3421875000000001 0.753125 0.3703125000000001 0.778125 0.3703125000000001
4 0.7546875 0.40156250000000016 0.74375 0.40156250000000016 0.74375 0.4109375000000002 0.7546875 0.4109375000000002
2 0.7328125 0.3843750000000001 0.709375 0.3843750000000001 0.709375 0.4093750000000001 0.7328125 0.40937500000000016
2 0.6984375 0.3828125000000001 0.6734375 0.3828125000000001 0.6734375 0.4015625 0.6984375 0.4015625
4 0.671875 0.3734375000000001 0.659375 0.3734375000000001 0.659375 0.3828125000000001 0.671875 0.3828125000000001
4 0.675 0.3843750000000001 0.6625 0.3843750000000001 0.6625 0.3968750000000001 0.675 0.3968750000000001
0 0.6609375 0.38750000000000007 0.6453125 0.38750000000000007 0.6453125 0.4015625 0.6609375 0.4015625
3 0.653125 0.4046875 0.6328125 0.4046875 0.6328125 0.4265625 0.653125 0.4265625
2 0.634375 0.425 0.6125 0.425 0.6125 0.4453125 0.634375 0.4453125
0 0.6265625 0.3750000000000001 0.609375 0.3750000000000001 0.609375 0.39531250000000007 0.6265625 0.39531250000000007
4 0.6046875 0.4125 0.59375 0.4125 0.59375 0.4234375 0.6046875 0.4234375
3 0.60625 0.4453125 0.590625 0.4453125 0.590625 0.465625 0.60625 0.465625
2 0.5671875 0.41875 0.5453125 0.41875 0.5453125 0.4375 0.5671875 0.4375
2 0.56875 0.4375 0.5453125 0.4375 0.5453125 0.4578125 0.56875 0.4578125
2 0.50625 0.425 0.484375 0.425 0.484375 0.4453125 0.50625 0.4453125
2 0.4921875 0.4546875 0.4671875 0.4546875 0.4671875 0.4734375 0.4921875 0.4734375
4 0.46875 0.4171875 0.4578125 0.4171875 0.4578125 0.4296875 0.46875 0.4296875
4 0.45 0.4203125 0.4328125 0.4203125 0.4328125 0.4328125 0.45 0.4328125
2 0.4234375 0.428125 0.4 0.428125 0.4 0.446875 0.4234375 0.446875
2 0.428125 0.453125 0.4078125 0.453125 0.4078125 0.471875 0.428125 0.471875
2 0.3781250000000001 0.425 0.3593750000000001 0.425 0.3593750000000001 0.4421875 0.3781250000000001 0.4421875
4 0.3578125000000001 0.459375 0.34843750000000007 0.459375 0.34843750000000007 0.4703125 0.3578125000000001 0.4703125
4 0.3203125000000001 0.41875 0.30937500000000007 0.41875 0.30937500000000007 0.4296875 0.3203125000000001 0.4296875
4 0.30937500000000007 0.4640625 0.2984375000000001 0.4640625 0.2984375000000001 0.4734375 0.30937500000000007 0.4734375
2 0.2968750000000001 0.43125 0.2765625000000001 0.43125 0.2765625000000001 0.45 0.2968750000000001 0.45
2 0.2750000000000001 0.45625 0.2515625000000001 0.45625 0.2515625000000001 0.4765625 0.2750000000000001 0.4765625
2 0.2656250000000001 0.4375 0.24375000000000008 0.4375 0.24375000000000008 0.4546875 0.2656250000000001 0.4546875
2 0.2000000000000001 0.4609375 0.17187500000000006 0.4609375 0.17187500000000006 0.4828125 0.2000000000000001 0.4828125
3 0.17812500000000003 0.4390625 0.14843750000000006 0.4390625 0.14843750000000006 0.459375 0.17812500000000003 0.459375
2 0.13593750000000004 0.465625 0.11562500000000005 0.465625 0.11562500000000005 0.48125 0.13593750000000004 0.48125
4 0.13125000000000003 0.4421875 0.11718750000000004 0.4421875 0.11718750000000004 0.4515625 0.13125000000000003 0.4515625
4 0.13750000000000004 0.4265625 0.12343750000000005 0.4265625 0.12343750000000005 0.4375 0.13750000000000004 0.4375
4 0.09218750000000005 0.428125 0.08125000000000004 0.428125 0.08125000000000004 0.4390625 0.09218750000000005 0.4390625
4 0.07187500000000005 0.4515625 0.057812500000000044 0.4515625 0.05781250000000006 0.4625 0.07187500000000006 0.4625
4 0.6109375 0.3593750000000001 0.6015625 0.3593750000000001 0.6015625 0.3750000000000001 0.6109375 0.3750000000000001
0 0.5484375 0.3031250000000001 0.5390625 0.3031250000000001 0.5390625 0.3281250000000001 0.5484375 0.3281250000000001
2 0.55 0.2406250000000001 0.5359375 0.2406250000000001 0.5359375 0.2765625000000001 0.55 0.2765625000000001
2 0.5515625 0.12187500000000007 0.540625 0.12187500000000004 0.540625 0.16093750000000007 0.5515625 0.1609375000000001
2 0.6640625 0.0046875000000000805 0.65 0.004687500000000079 0.65 0.04375000000000008 0.6640625 0.04375000000000008
4 0.5515625 0.08125000000000007 0.5390625 0.08125000000000007 0.5390625 0.09218750000000006 0.5515625 0.09218750000000006
4 0.55 0.09062500000000007 0.540625 0.09062500000000007 0.540625 0.10468750000000007 0.55 0.10468750000000009
4 0.590625 0.0031250000000000713 0.5828125 0.003125000000000071 0.5828125 0.02500000000000007 0.590625 0.025000000000000078
4 0.5984375 0.12343750000000009 0.5921875 0.12343750000000009 0.5921875 0.1390625000000001 0.5984375 0.1390625000000001
4 0.60625 0.1359375000000001 0.596875 0.1359375000000001 0.596875 0.15000000000000008 0.60625 0.15000000000000008
4 0.60625 0.1453125000000001 0.596875 0.1453125000000001 0.596875 0.1546875000000001 0.60625 0.1546875000000001
4 0.609375 0.06718750000000007 0.6 0.06718750000000007 0.6 0.07812500000000007 0.609375 0.07812500000000007
4 0.609375 0.056250000000000064 0.596875 0.056250000000000064 0.596875 0.06718750000000007 0.609375 0.06718750000000007
4 0.609375 0.031250000000000076 0.5984375 0.031250000000000076 0.5984375 0.04218750000000008 0.609375 0.04218750000000008
4 0.6125 0.010937500000000076 0.6015625 0.010937500000000076 0.6015625 0.023437500000000076 0.6125 0.023437500000000076
4 0.603125 0.014062500000000071 0.5953125 0.014062500000000071 0.5953125 0.028125000000000077 0.603125 0.028125000000000077
4 0.8328125 0.08281250000000011 0.825 0.08281250000000011 0.825 0.10312500000000009 0.8328125 0.10312500000000009
4 0.8453125 0.0343750000000001 0.834375 0.0343750000000001 0.834375 0.0453125000000001 0.8453125 0.0453125000000001
4 0.8390625 0.0250000000000001 0.828125 0.0250000000000001 0.828125 0.0359375000000001 0.8390625 0.0359375000000001