2 0.04375000000000007 0.51875 0.02031250000000006 0.51875 0.020312500000000063 0.5421875 0.04375000000000007 0.5421875
2 0.14687500000000003 0.5171875 0.12343750000000005 0.5171875 0.12343750000000005 0.540625 0.14687500000000003 0.540625
2 0.19062500000000004 0.521875 0.17031250000000003 0.521875 0.17031250000000003 0.540625 0.19062500000000004 0.540625
4 0.05156250000000007 0.540625 0.040625000000000064 0.540625 0.040625000000000064 0.553125 0.05156250000000007 0.553125
4 0.042187500000000065 0.546875 0.032812500000000064 0.546875 0.032812500000000064 0.5609375 0.042187500000000065 0.5609375
4 0.034375000000000065 0.55625 0.025000000000000067 0.55625 0.025000000000000067 0.5671875 0.034375000000000065 0.5671875
4 0.05156250000000005 0.44375 0.04218750000000006 0.44375 0.04218750000000006 0.4546875 0.05156250000000007 0.4546875
4 0.07343750000000004 0.4375 0.059375000000000046 0.4375 0.059375000000000046 0.4484375 0.07343750000000004 0.4484375
4 0.08281250000000007 0.5234375 0.07343750000000007 0.5234375 0.07343750000000007 0.534375 0.08281250000000007 0.534375
4 0.09843750000000007 0.51875 0.08906250000000007 0.51875 0.08906250000000007 0.5296875 0.09843750000000007 0.5296875
4 0.11250000000000004 0.5234375 0.10156250000000004 0.5234375 0.10156250000000004 0.53125 0.11250000000000004 0.53125
4 0.10312500000000006 0.5375 0.09062500000000007 0.5375 0.09062500000000007 0.5453125 0.10312500000000009 0.5453125
4 0.09531250000000006 0.5515625 0.08593750000000007 0.5515625 0.08593750000000007 0.5625 0.09531250000000006 0.5625
4 0.11250000000000009 0.565625 0.10000000000000009 0.565625 0.10000000000000009 0.575 0.11250000000000009 0.575
4 0.1312500000000001 0.5625 0.12031250000000009 0.5625 0.12031250000000009 0.56875 0.1312500000000001 0.56875
4 0.14843750000000006 0.540625 0.13750000000000004 0.540625 0.13750000000000007 0.5453125 0.14843750000000008 0.5453125
4 0.1546875000000001 0.5484375 0.1437500000000001 0.5484375 0.1437500000000001 0.5609375 0.1546875000000001 0.5609375
4 0.1703125000000001 0.5578125 0.15625000000000008 0.5578125 0.15625000000000008 0.5703125 0.1703125000000001 0.5703125
4 0.1984375000000001 0.55 0.18906250000000008 0.55 0.18906250000000008 0.5609375 0.1984375000000001 0.5609375
4 0.20468750000000008 0.5328125 0.19375000000000003 0.5328125 0.19375000000000006 0.5453125 0.20468750000000008 0.5453125
4 0.2093750000000001 0.515625 0.19843750000000004 0.515625 0.19843750000000004 0.525 0.2093750000000001 0.525
4 0.22656250000000008 0.534375 0.21250000000000008 0.534375 0.21250000000000008 0.5421875 0.22656250000000008 0.5421875
4 0.2218750000000001 0.5453125 0.21093750000000008 0.5453125 0.21093750000000008 0.5546875 0.2218750000000001 0.5546875
4 0.2609375000000001 0.5390625 0.2515625000000001 0.5390625 0.2515625000000001 0.5484375 0.2609375000000001 0.5484375
4 0.2656250000000001 0.5203125 0.2531250000000001 0.5203125 0.2531250000000001 0.53125 0.2656250000000001 0.53125
4 0.30156250000000007 0.53125 0.2953125000000001 0.53125 0.2953125000000001 0.5375 0.30156250000000007 0.5375
4 0.3140625000000001 0.5359375 0.3031250000000001 0.5359375 0.3031250000000001 0.5453125 0.3140625000000001 0.5453125
4 0.2796875000000001 0.434375 0.2671875000000001 0.434375 0.2671875000000001 0.44375 0.2796875000000001 0.44375
4 0.3156250000000001 0.4234375 0.3046875000000001 0.4234375 0.3046875000000001 0.4375 0.3156250000000001 0.4375
1 0.12656250000000005 0.453125 0.07187500000000005 0.453125 0.07187500000000005 0.4796875 0.12656250000000005 0.4796875
0 0.13437500000000005 0.415625 0.11718750000000004 0.415625 0.11718750000000004 0.4375 0.13437500000000005 0.4375
0 0.17031250000000003 0.421875 0.15000000000000005 0.421875 0.15000000000000005 0.446875 0.17031250000000003 0.446875
0 0.06406250000000005 0.415625 0.04375000000000005 0.415625 0.04375000000000005 0.4375 0.06406250000000005 0.4375
4 0.3468750000000001 0.5359375 0.33281250000000007 0.5359375 0.33281250000000007 0.5546875 0.3468750000000001 0.5546875
4 0.3625000000000001 0.5296875 0.34843750000000007 0.5296875 0.34843750000000007 0.5390625 0.3625000000000001 0.5390625
4 0.36406250000000007 0.5125 0.3546875000000001 0.5125 0.3546875000000001 0.5265625 0.36406250000000007 0.5265625
4 0.3843750000000001 0.415625 0.37187500000000007 0.415625 0.37187500000000007 0.4359375 0.3843750000000001 0.4359375
4 0.3937500000000001 0.53125 0.3828125000000001 0.53125 0.3828125000000001 0.5453125 0.3937500000000001 0.5453125
4 0.3671875000000001 0.5390625 0.3609375000000001 0.5390625 0.3609375000000001 0.553125 0.3671875000000001 0.553125
4 0.3828125000000001 0.5453125 0.37187500000000007 0.5453125 0.37187500000000007 0.5625 0.3828125000000001 0.5625
4 0.3906250000000001 0.5546875 0.3750000000000001 0.5546875 0.3750000000000001 0.56875 0.3906250000000001 0.56875
4 0.4171875 0.525 0.4015625 0.525 0.4015625 0.53125 0.4171875 0.53125
4 0.4640625 0.5203125 0.453125 0.5203125 0.453125 0.534375 0.4640625 0.534375
4 0.4890625 0.4265625 0.478125 0.4265625 0.478125 0.4453125 0.4890625 0.4453125
4 0.490625 0.5359375 0.4796875 0.5359375 0.4796875 0.55 0.490625 0.55
4 0.528125 0.528125 0.5140625 0.528125 0.5140625 0.5421875 0.528125 0.5421875
4 0.5328125 0.546875 0.5203125 0.546875 0.5203125 0.5578125 0.5328125 0.5578125
4 0.5421875 0.5609375 0.534375 0.5609375 0.534375 0.575 0.5421875 0.575
4 0.54375 0.434375 0.5328125 0.434375 0.5328125 0.446875 0.54375 0.446875
4 0.559375 0.421875 0.5484375 0.421875 0.5484375 0.4375 0.559375 0.4375
4 0.578125 0.45 0.5625 0.45 0.5625 0.4609375 0.578125 0.4609375
4 0.5828125 0.5421875 0.575 0.5421875 0.575 0.559375 0.5828125 0.559375
4 0.60625 0.5203125 0.596875 0.5203125 0.596875 0.53125 0.60625 0.53125
4 0.6171875 0.53125 0.6015625 0.53125 0.6015625 0.5515625 0.6171875 0.5515625
4 0.6375 0.4109375 0.628125 0.4109375 0.628125 0.421875 0.6375 0.421875
4 0.6734375 0.5359375 0.6625 0.5359375 0.6625 0.5546875 0.6734375 0.5546875
4 0.68125 0.5234375 0.6703125 0.5234375 0.6703125 0.534375 0.68125 0.534375
4 0.75 0.5171875000000001 0.734375 0.5171875000000001 0.734375 0.5312500000000002 0.75 0.5312500000000002
4 0.775 0.4437500000000002 0.7640625 0.4437500000000002 0.7640625 0.45625000000000016 0.775 0.45625000000000016
4 0.7796875 0.4281250000000002 0.76875 0.4281250000000002 0.76875 0.4421875000000002 0.7796875 0.4421875000000002
4 0.7890625 0.41406250000000017 0.7765625 0.41406250000000017 0.7765625 0.42500000000000016 0.7890625 0.42500000000000016
2 0.628125 0.4515625 0.6015625 0.4515625 0.6015625 0.471875 0.628125 0.471875
2 0.709375 0.453125 0.684375 0.453125 0.684375 0.46875 0.709375 0.46875
0 0.7953125 0.5484375000000001 0.775 0.5484375000000001 0.775 0.5640625000000001 0.7953125 0.5640625000000001
0 0.746875 0.42187500000000017 0.7328125 0.42187500000000017 0.7328125 0.4437500000000002 0.746875 0.4437500000000002
0 0.6171875 0.43125 0.6 0.43125 0.6 0.446875 0.6171875 0.446875
4 0.825 0.44062500000000016 0.809375 0.44062500000000016 0.809375 0.4578125000000002 0.825 0.4578125000000002
4 0.865625 0.44062500000000016 0.8515625 0.44062500000000016 0.8515625 0.4515625000000002 0.865625 0.4515625000000002
4 0.9109375 0.4343750000000002 0.896875 0.4343750000000002 0.896875 0.4468750000000002 0.9109375 0.4468750000000002
4 0.9125 0.4500000000000002 0.89375 0.4500000000000002 0.89375 0.4593750000000002 0.9125 0.4593750000000002
4 0.95625 0.5140625000000002 0.9375 0.5140625000000002 0.9375 0.5343750000000002 0.95625 0.5343750000000002
4 0.93125 0.5234375000000002 0.9203125 0.5234375000000002 0.9203125 0.5312500000000002 0.93125 0.5312500000000002
4 0.95 0.5343750000000002 0.9328125 0.5343750000000002 0.9328125 0.5484375000000001 0.95 0.5484375000000001
4 0.9375 0.5437500000000002 0.921875 0.5437500000000002 0.921875 0.5578125000000002 0.9375 0.5578125000000002
4 0.965625 0.4234375000000002 0.95 0.4234375000000002 0.95 0.4343750000000002 0.965625 0.4343750000000002
4 0.9578125 0.3984375000000001 0.9453125 0.3984375000000001 0.9453125 0.4125000000000002 0.9578125 0.4125000000000002
3 1 0.44843750000000016 0.96875 0.44843750000000016 0.96875 0.4734375000000002 1 0.4734375000000002
0 1 0.42500000000000016 0.9875 0.42500000000000016 0.9875 0.4437500000000002 1 0.4437500000000002
0 0.99375 0.5390625000000002 0.975 0.5390625000000002 0.975 0.5640625000000001 0.99375 0.5640625000000001