2 0.08906250000000007 0.5421875 0.06718750000000007 0.5421875 0.06718750000000007 0.559375 0.08906250000000007 0.559375
2 0.14843750000000006 0.5203125 0.12031250000000004 0.5203125 0.12031250000000004 0.5421875 0.14843750000000006 0.5421875
2 0.22656250000000008 0.4125 0.2015625000000001 0.4125 0.2015625000000001 0.44375 0.22656250000000008 0.44375
2 0.3984375000000001 0.4484375 0.37187500000000007 0.4484375 0.37187500000000007 0.475 0.3984375000000001 0.475
2 0.3375000000000001 0.515625 0.3078125000000001 0.515625 0.3078125000000001 0.534375 0.3375000000000001 0.534375
4 0.28593750000000007 0.521875 0.27031250000000007 0.521875 0.27031250000000007 0.546875 0.28593750000000007 0.546875
4 0.2640625000000001 0.546875 0.2500000000000001 0.546875 0.2500000000000001 0.5609375 0.2640625000000001 0.5609375
4 0.2484375000000001 0.5484375 0.2375000000000001 0.5484375 0.2375000000000001 0.565625 0.2484375000000001 0.565625
4 0.1218750000000001 0.55625 0.10156250000000008 0.55625 0.10156250000000008 0.575 0.1218750000000001 0.575
4 0.10156250000000008 0.5453125 0.08750000000000006 0.5453125 0.08750000000000006 0.5671875 0.10156250000000008 0.5671875
4 0.11875000000000005 0.4203125 0.10312500000000005 0.4203125 0.10312500000000005 0.4359375 0.11875000000000005 0.4359375
4 0.17343750000000005 0.4421875 0.15625000000000006 0.4421875 0.15625000000000006 0.4609375 0.17343750000000005 0.4609375
4 0.19687500000000008 0.5578125 0.1843750000000001 0.5578125 0.1843750000000001 0.5734375 0.19687500000000008 0.5734375
4 0.3750000000000001 0.43125 0.36406250000000007 0.43125 0.36406250000000007 0.4421875 0.3750000000000001 0.4421875
4 0.4078125 0.428125 0.3937500000000001 0.428125 0.3937500000000001 0.4421875 0.4078125 0.4421875
4 0.409375 0.4171875 0.3984375000000001 0.4171875 0.3984375000000001 0.4265625 0.409375 0.4265625
4 0.4375 0.4265625 0.4265625 0.4265625 0.4265625 0.440625 0.4375 0.440625
4 0.403125 0.5328125 0.3906250000000001 0.5328125 0.3906250000000001 0.5421875 0.403125 0.5421875
4 0.4140625 0.51875 0.403125 0.51875 0.403125 0.5296875 0.4140625 0.5296875
4 0.43125 0.53125 0.4171875 0.53125 0.4171875 0.54375 0.43125 0.54375
4 0.45 0.5421875 0.4359375 0.5421875 0.4359375 0.553125 0.45 0.553125
4 0.4546875 0.5609375 0.4421875 0.5609375 0.4421875 0.571875 0.4546875 0.571875
4 0.4734375 0.528125 0.4609375 0.528125 0.4609375 0.54375 0.4734375 0.54375
4 0.465625 0.5140625 0.4515625 0.5140625 0.4515625 0.5296875 0.465625 0.5296875
2 0.475 0.5421875 0.459375 0.5421875 0.459375 0.5625 0.475 0.5625
2 0.5453125 0.4296875 0.5203125 0.4296875 0.5203125 0.45 0.5453125 0.45
4 0.5453125 0.5328125 0.5296875 0.5328125 0.5296875 0.546875 0.5453125 0.546875
4 0.5171875 0.5203125 0.4984375 0.5203125 0.4984375 0.5390625 0.5171875 0.5390625
4 0.46875 0.440625 0.453125 0.440625 0.453125 0.4515625 0.46875 0.4515625
4 0.59375 0.43125 0.5828125 0.43125 0.5828125 0.4390625 0.59375 0.4390625
4 0.6046875 0.421875 0.5921875 0.421875 0.5921875 0.43125 0.6046875 0.43125
4 0.625 0.4328125 0.6109375 0.4328125 0.6109375 0.44375 0.625 0.44375
4 0.6375 0.4078125 0.6265625 0.4078125 0.6265625 0.421875 0.6375 0.421875
4 0.684375 0.425 0.6703125 0.425 0.6703125 0.4390625 0.684375 0.4390625
4 0.5609375 0.5265625 0.5515625 0.5265625 0.5515625 0.540625 0.5609375 0.540625
4 0.571875 0.5234375 0.5625 0.5234375 0.5625 0.5375 0.571875 0.5375
4 0.5828125 0.5078125 0.5703125 0.5078125 0.5703125 0.521875 0.5828125 0.521875
4 0.5953125 0.5265625 0.584375 0.5265625 0.584375 0.534375 0.5953125 0.534375
4 0.5921875 0.5421875 0.5796875 0.5421875 0.5796875 0.553125 0.5921875 0.553125
4 0.61875 0.5421875 0.603125 0.5421875 0.603125 0.559375 0.61875 0.559375
4 0.621875 0.5265625 0.6109375 0.5265625 0.6109375 0.5421875 0.621875 0.5421875
4 0.6125 0.515625 0.6015625 0.515625 0.6015625 0.5265625 0.6125 0.5265625
4 0.6484375 0.5296875 0.6390625 0.5296875 0.6390625 0.5421875 0.6484375 0.5421875
4 0.6734375 0.546875 0.6578125 0.546875 0.6578125 0.5625 0.6734375 0.5625
4 0.69375 0.5296875 0.68125 0.5296875 0.68125 0.54375 0.69375 0.54375
4 0.6984375 0.5140625 0.684375 0.5140625 0.684375 0.525 0.6984375 0.525
2 0.7046875 0.44375 0.675 0.44375 0.675 0.4625 0.7046875 0.4625
6 0.6046875 0.4546875 0.578125 0.4546875 0.578125 0.475 0.6046875 0.475
6 0.575 0.4515625 0.5453125 0.4515625 0.5453125 0.4703125 0.575 0.4703125
0 0.553125 0.5515625 0.5390625 0.5515625 0.5390625 0.565625 0.553125 0.565625
0 0.66875 0.5171875 0.653125 0.5171875 0.653125 0.5359375 0.66875 0.5359375
4 0.7921875 0.5265625000000002 0.7765625 0.5265625000000002 0.7765625 0.5421875000000002 0.7921875 0.5421875000000002
4 0.7609375 0.5562500000000001 0.7421875 0.5562500000000001 0.7421875 0.5671875000000002 0.7609375 0.5671875000000002
4 0.7421875 0.5187500000000002 0.728125 0.5187500000000002 0.728125 0.5390625000000002 0.7421875 0.5390625000000002
4 0.8 0.42187500000000017 0.7859375 0.42187500000000017 0.7859375 0.43750000000000017 0.8 0.43750000000000017
4 0.8203125 0.4046875000000002 0.8046875 0.4046875000000002 0.8046875 0.4234375000000002 0.8203125 0.4234375000000002
4 0.8375 0.5203125000000002 0.8234375 0.5203125000000002 0.8234375 0.5359375000000002 0.8375 0.5359375000000002
0 0.8359375 0.5406250000000001 0.8171875 0.5406250000000001 0.8171875 0.5609375000000002 0.8359375 0.5609375000000002
0 0.8765625 0.5140625000000002 0.8609375 0.5140625000000002 0.8609375 0.5343750000000002 0.8765625 0.5343750000000002
0 0.8921875 0.5359375000000002 0.8734375 0.5359375000000002 0.8734375 0.5546875000000002 0.8921875 0.5546875000000002
0 0.9640625 0.5140625000000002 0.946875 0.5140625000000002 0.946875 0.5265625000000002 0.9640625 0.5265625000000002
0 0.984375 0.40156250000000016 0.9625 0.40156250000000016 0.9625 0.4265625000000002 0.984375 0.4265625000000002
4 0.925 0.4187500000000002 0.909375 0.4187500000000002 0.909375 0.42968750000000017 0.925 0.42968750000000017
4 0.909375 0.3984375000000001 0.8953125 0.3984375000000001 0.8953125 0.41406250000000017 0.909375 0.41406250000000017
6 0.9234375 0.4421875000000002 0.8984375 0.4421875000000002 0.8984375 0.46406250000000016 0.9234375 0.46406250000000016
4 0.90625 0.5093750000000001 0.8921875 0.5093750000000001 0.8921875 0.5234375000000002 0.90625 0.5234375000000002
4 0.9421875 0.5234375000000002 0.93125 0.5234375000000002 0.93125 0.5406250000000001 0.9421875 0.5406250000000001
4 0.9546875 0.5390625000000002 0.9390625 0.5390625000000002 0.9390625 0.5500000000000002 0.9546875 0.5500000000000002
4 0.9875 0.5406250000000001 0.9734375 0.5406250000000001 0.9734375 0.5593750000000002 0.9875 0.5593750000000002
4 0.9734375 0.4265625000000002 0.959375 0.4265625000000002 0.959375 0.4437500000000002 0.9734375 0.4437500000000002
0 0.01875000000000005 0.425 5.204748896376251e-17 0.425 5.348262193151332e-17 0.4484375 0.018750000000000055 0.4484375
4 0.5296875 0.4109375 0.51875 0.4109375 0.51875 0.428125 0.5296875 0.428125