1 0.3843750000000001 0.5515625 0.2984375000000001 0.5515625 0.2984375000000001 0.590625 0.3843750000000001 0.590625
2 0.1296875000000001 0.64375 0.0906250000000001 0.64375 0.0906250000000001 0.684375 0.1296875000000001 0.684375
0 0.3218750000000001 0.846875 0.2984375000000001 0.846875 0.2984375000000001 0.890625 0.3218750000000001 0.890625
0 0.4359375000000002 0.8125 0.4125000000000002 0.8125 0.4125000000000002 0.85625 0.4359375000000002 0.85625
4 0.17812500000000003 0.4234375 0.15781250000000005 0.4234375 0.15781250000000005 0.4578125 0.17812500000000003 0.4578125
4 0.31718750000000007 0.4296875 0.2984375000000001 0.4296875 0.2984375000000001 0.4453125 0.31718750000000007 0.4453125
4 0.2968750000000001 0.446875 0.2734375000000001 0.446875 0.2734375000000001 0.465625 0.2968750000000001 0.465625
4 0.30156250000000007 0.4671875 0.2750000000000001 0.4671875 0.2750000000000001 0.4890625 0.30156250000000007 0.4890625
4 0.4734375 0.4234375 0.4578125 0.4234375 0.4578125 0.465625 0.4734375 0.465625
4 0.5484375 0.4203125 0.5296875 0.4203125 0.5296875 0.453125 0.5484375 0.453125
4 0.5859375 0.440625 0.5703125 0.440625 0.5703125 0.465625 0.5859375 0.465625
4 0.4015625 0.5953125 0.3843750000000001 0.5953125 0.3843750000000001 0.621875 0.4015625 0.621875
4 0.475 0.5640625 0.4609375 0.5640625 0.4609375 0.59375 0.475 0.59375
4 0.4546875 0.5875 0.434375 0.5875 0.434375 0.6109375 0.4546875 0.6109375
4 0.4453125 0.63125 0.428125 0.63125 0.428125 0.659375 0.4453125 0.659375
4 0.5109375 0.621875 0.496875 0.621875 0.496875 0.6421875 0.5109375 0.6421875
4 0.490625 0.5984375 0.475 0.5984375 0.475 0.6171875 0.490625 0.6171875
4 0.46875 0.6109375 0.4515625 0.6109375 0.4515625 0.6265625 0.46875 0.6265625
4 0.459375 0.621875 0.4453125 0.621875 0.4453125 0.6421875 0.459375 0.6421875
4 0.478125 0.6359375 0.4609375 0.6359375 0.4609375 0.653125 0.478125 0.653125
4 0.4859375 0.6171875 0.4703125 0.6171875 0.4703125 0.6359375 0.4859375 0.6359375
4 0.515625 0.3078125000000001 0.503125 0.3078125000000001 0.503125 0.3453125000000001 0.515625 0.3453125000000001
4 0.5390625 0.31718750000000007 0.525 0.31718750000000007 0.525 0.3437500000000001 0.5390625 0.3437500000000001
2 0.4109375 0.3781250000000001 0.3843750000000001 0.3781250000000001 0.3843750000000001 0.4046875 0.4109375 0.4046875
0 0.453125 0.35625000000000007 0.4328125 0.35625000000000007 0.4328125 0.3828125000000001 0.453125 0.3828125000000001
4 0.36406250000000007 0.34843750000000007 0.353125 0.3484375 0.353125 0.37812500000000004 0.36406250000000007 0.3781250000000001
4 0.37500000000000006 0.3421875000000001 0.3671875 0.3421875000000001 0.36718750000000006 0.3765625000000001 0.3750000000000001 0.3765625000000001
0 0.3359375000000001 0.4453125 0.31718750000000007 0.4453125 0.31718750000000007 0.4640625 0.3359375000000001 0.4640625
0 0.3531250000000001 0.4640625 0.3343750000000001 0.4640625 0.3343750000000001 0.484375 0.3531250000000001 0.484375
0 0.3531250000000001 0.5046875 0.3359375000000001 0.5046875 0.3359375000000001 0.5234375 0.3531250000000001 0.5234375
4 0.37968750000000007 0.4390625 0.3671875000000001 0.4390625 0.3671875000000001 0.453125 0.37968750000000007 0.453125
4 0.3609375000000001 0.45 0.3500000000000001 0.45 0.3500000000000001 0.4640625 0.3609375000000001 0.4640625
0 0.37187500000000007 0.4625 0.3546875000000001 0.4625 0.3546875000000001 0.4828125 0.37187500000000007 0.4828125
4 0.3750000000000001 0.4515625 0.3625000000000001 0.4515625 0.3625000000000001 0.4625 0.3750000000000001 0.4625
2 0.3781250000000001 0.4859375 0.3500000000000001 0.4859375 0.3500000000000001 0.50625 0.3781250000000001 0.50625
0 0.37187500000000007 0.5078125 0.3531250000000001 0.5078125 0.3531250000000001 0.528125 0.37187500000000007 0.528125
4 0.4 0.3031250000000001 0.390625 0.3031250000000001 0.390625 0.3281250000000001 0.4 0.3281250000000001
4 0.3921875 0.3453125000000001 0.3875 0.3453125000000001 0.38750000000000007 0.3656250000000001 0.3921875000000001 0.3656250000000001
4 0.38593750000000004 0.3468750000000001 0.3796875 0.3468750000000001 0.37968750000000007 0.3671875000000001 0.3859375000000001 0.3671875000000001
4 0.38125000000000003 0.34843750000000007 0.375 0.34843750000000007 0.37500000000000006 0.37187500000000007 0.3812500000000001 0.37187500000000007
4 0.415625 0.3390625000000001 0.40625 0.3390625000000001 0.40625 0.3625000000000001 0.415625 0.3625000000000001
4 0.4 0.3453125000000001 0.3953125 0.3453125000000001 0.39531250000000007 0.3656250000000001 0.4 0.3656250000000001
4 0.421875 0.2828125000000001 0.4078125 0.2828125000000001 0.4078125 0.2984375000000001 0.421875 0.2984375000000001
4 0.4125 0.30156250000000007 0.4015625 0.30156250000000007 0.4015625 0.3203125000000001 0.4125 0.3203125000000001
4 0.43125 0.3000000000000001 0.421875 0.3000000000000001 0.421875 0.3187500000000001 0.43125 0.3187500000000001
4 0.4328125 0.2656250000000001 0.4203125 0.2656250000000001 0.4203125 0.2812500000000001 0.4328125 0.2812500000000001
4 0.4453125 0.23593750000000008 0.434375 0.23593750000000008 0.434375 0.2500000000000001 0.4453125 0.2500000000000001
4 0.440625 0.2828125000000001 0.43125 0.2828125000000001 0.43125 0.2968750000000001 0.440625 0.2968750000000001
4 0.440625 0.3031250000000001 0.43125 0.3031250000000001 0.43125 0.32500000000000007 0.440625 0.32500000000000007
4 0.45 0.2671875000000001 0.4375 0.2671875000000001 0.4375 0.2843750000000001 0.45 0.2843750000000001
4 0.45625 0.2484375000000001 0.4453125 0.2484375000000001 0.4453125 0.2640625000000001 0.45625 0.2640625000000001
4 0.421875 0.2687500000000001 0.409375 0.2687500000000001 0.409375 0.2828125000000001 0.421875 0.2828125000000001
0 0.4984375 0.19218750000000004 0.4859375 0.19218750000000004 0.4859375 0.2218750000000001 0.4984375 0.2218750000000001
4 0.4765625 0.2390625000000001 0.4671875 0.2390625000000001 0.4671875 0.2687500000000001 0.4765625 0.2687500000000001
0 0.465625 0.2593750000000001 0.4515625 0.2593750000000001 0.4515625 0.2875000000000001 0.465625 0.2875000000000001
2 0.4890625 0.10468750000000004 0.471875 0.10468750000000004 0.471875 0.14531250000000004 0.4890625 0.14531250000000004
2 0.5578125 0.5609375 0.5265625 0.5609375 0.5265625 0.5875 0.5578125 0.5875
0 0.6 0.06562500000000007 0.584375 0.06562500000000007 0.584375 0.10312500000000009 0.6 0.10312500000000009
0 0.6171875 0.09218750000000006 0.60625 0.09218750000000006 0.60625 0.1281250000000001 0.6171875 0.1281250000000001
4 0.6015625 0.09531250000000006 0.59375 0.09531250000000006 0.59375 0.11562500000000009 0.6015625 0.11562500000000009
4 0.55 0.22812500000000008 0.5390625 0.22812500000000008 0.5390625 0.2515625000000001 0.55 0.2515625000000001
4 0.5421875 0.2656250000000001 0.534375 0.2656250000000001 0.534375 0.2906250000000001 0.5421875 0.2906250000000001
4 0.6015625 0.2812500000000001 0.5953125 0.2812500000000001 0.5953125 0.3046875000000001 0.6015625 0.3046875000000001
4 0.5609375 0.2906250000000001 0.553125 0.2906250000000001 0.553125 0.3125000000000001 0.5609375 0.3125000000000001
4 0.571875 0.2468750000000001 0.5671875 0.2468750000000001 0.5671875 0.2687500000000001 0.571875 0.2687500000000001
2 0.6125 0.0046875000000000736 0.59375 0.004687500000000072 0.59375 0.05937500000000007 0.6125 0.05937500000000007
2 0.603125 0.1453125000000001 0.584375 0.1453125000000001 0.584375 0.19687500000000008 0.603125 0.19687500000000008
6 0.5984375 0.1062500000000001 0.5515625 0.1062500000000001 0.5515625 0.2156250000000001 0.5984375 0.2156250000000001
0 0.5859375 0.21250000000000008 0.575 0.21250000000000008 0.575 0.2406250000000001 0.5859375 0.2406250000000001
0 0.584375 0.2484375000000001 0.5734375 0.2484375000000001 0.5734375 0.2796875000000001 0.584375 0.2796875000000001
0 0.5890625 0.2765625000000001 0.578125 0.2765625000000001 0.578125 0.3078125000000001 0.5890625 0.3078125000000001
4 0.5921875 0.3000000000000001 0.5828125 0.3000000000000001 0.5828125 0.3218750000000001 0.5921875 0.3218750000000001
6 0.571875 0.2156250000000001 0.5265625 0.2156250000000001 0.5265625 0.3031250000000001 0.571875 0.3031250000000001
4 0.5734375 0.540625 0.5578125 0.540625 0.5578125 0.55625 0.5734375 0.55625
4 0.6109375 0.45625 0.6 0.45625 0.6 0.475 0.6109375 0.475
4 0.6359375 0.48125 0.621875 0.48125 0.621875 0.496875 0.6359375 0.496875
4 0.6515625 0.490625 0.6375 0.490625 0.6375 0.509375 0.6515625 0.509375
2 0.59375 0.46875 0.5640625 0.46875 0.5640625 0.5046875 0.59375 0.5046875
2 0.553125 0.5921875 0.51875 0.5921875 0.51875 0.61875 0.553125 0.61875
2 0.6390625 0.5453125 0.6046875 0.5453125 0.6046875 0.565625 0.6390625 0.565625
4 0.5984375 0.575 0.58125 0.575 0.58125 0.590625 0.5984375 0.590625
4 0.590625 0.590625 0.5734375 0.590625 0.5734375 0.603125 0.590625 0.603125
4 0.56875 0.625 0.55 0.625 0.55 0.64375 0.56875 0.64375
4 0.5890625 0.6078125 0.575 0.6078125 0.575 0.61875 0.5890625 0.61875
4 0.5890625 0.6203125 0.5765625 0.6203125 0.5765625 0.6359375 0.5890625 0.6359375
4 0.6296875 0.575 0.6125 0.575 0.6125 0.5890625 0.6296875 0.5890625
4 0.6296875 0.5890625 0.6140625 0.5890625 0.6140625 0.603125 0.6296875 0.603125
4 0.63125 0.60625 0.6125 0.60625 0.6125 0.6171875 0.63125 0.6171875
4 0.659375 0.5671875 0.6484375 0.5671875 0.6484375 0.5859375 0.659375 0.5859375
4 0.6546875 0.590625 0.6359375 0.590625 0.6359375 0.60625 0.6546875 0.60625
4 0.6421875 0.56875 0.628125 0.56875 0.628125 0.5828125 0.6421875 0.5828125
2 0.684375 0.534375 0.6578125 0.534375 0.6578125 0.5609375 0.684375 0.5609375
2 0.71875 0.5109375 0.69375 0.5109375 0.69375 0.534375 0.71875 0.534375
2 0.7109375 0.559375 0.6875 0.559375 0.6875 0.5828125 0.7109375 0.5828125
4 0.6671875 0.584375 0.653125 0.584375 0.653125 0.596875 0.6671875 0.596875
4 0.6734375 0.6 0.659375 0.6 0.659375 0.6125 0.6734375 0.6125
4 0.6984375 0.5875 0.6859375 0.5875 0.6859375 0.6015625 0.6984375 0.6015625
4 0.709375 0.5828125 0.6984375 0.5828125 0.6984375 0.596875 0.709375 0.596875
4 0.684375 0.590625 0.675 0.590625 0.675 0.60625 0.684375 0.60625
4 0.709375 0.6015625 0.6984375 0.6015625 0.6984375 0.615625 0.709375 0.615625
2 0.740625 0.4281250000000001 0.715625 0.428125 0.715625 0.4515625000000001 0.740625 0.4515625000000002
4 0.734375 0.4640625000000001 0.71875 0.4640625 0.71875 0.4750000000000001 0.734375 0.4750000000000002
4 0.7390625 0.45000000000000007 0.725 0.45 0.725 0.4640625000000001 0.7390625 0.46406250000000016
4 0.7515625 0.45312500000000017 0.740625 0.45312500000000017 0.740625 0.46875000000000017 0.7515625 0.46875000000000017
4 0.7359375 0.51875 0.7203125 0.51875 0.7203125 0.534375 0.7359375 0.5343750000000002
2 0.74375 0.5359375000000001 0.715625 0.5359375 0.715625 0.5609375000000001 0.74375 0.5609375000000002
2 0.7484375 0.5625000000000001 0.721875 0.5625 0.721875 0.5859375000000001 0.7484375 0.5859375000000002
0 0.7421875 0.5875000000000001 0.7203125 0.5875 0.7203125 0.6046875 0.7421875 0.6046875000000002
0 0.778125 0.45625000000000016 0.759375 0.45625000000000016 0.759375 0.47656250000000017 0.778125 0.47656250000000017
2 0.7953125 0.4234375000000002 0.76875 0.4234375000000002 0.76875 0.45312500000000017 0.7953125 0.45312500000000017
0 0.8734375 0.5046875000000002 0.846875 0.5046875000000002 0.846875 0.5343750000000002 0.8734375 0.5343750000000002
4 0.896875 0.5359375000000002 0.8828125 0.5359375000000002 0.8828125 0.5578125000000002 0.896875 0.5578125000000002
4 0.9625 0.5671875000000002 0.9453125 0.5671875000000002 0.9453125 0.5859375000000002 0.9625 0.5859375000000002
4 0.9890625 0.5875000000000001 0.9734375 0.5875000000000001 0.9734375 0.6078125000000002 0.9890625 0.6078125000000002
4 0.9390625 0.5812500000000002 0.925 0.5812500000000002 0.925 0.5968750000000002 0.9390625 0.5968750000000002
4 0.9296875 0.5984375000000002 0.9140625 0.5984375000000002 0.9140625 0.6171875000000002 0.9296875 0.6171875000000002
0 0.840625 0.6500000000000001 0.8265625 0.6500000000000001 0.8265625 0.6796875000000002 0.840625 0.6796875000000002
4 0.8515625 0.6671875000000002 0.8421875 0.6671875000000002 0.8421875 0.6906250000000002 0.8515625 0.6906250000000002
4 0.759375 0.6437500000000002 0.74375 0.6437500000000002 0.74375 0.6562500000000002 0.759375 0.6562500000000002
4 0.7609375 0.6578125000000001 0.7421875 0.6578125000000001 0.7421875 0.6687500000000002 0.7609375 0.6687500000000002
4 0.759375 0.6703125000000002 0.7421875 0.6703125000000002 0.7421875 0.6843750000000002 0.759375 0.6843750000000002
4 0.75625 0.6859375000000002 0.740625 0.6859375000000002 0.740625 0.6953125000000002 0.75625 0.6953125000000002
2 0.7937500000000001 0.7046875000000001 0.7734375 0.7046875000000001 0.7734375000000001 0.7609375000000002 0.7937500000000002 0.7609375000000002
2 0.871875 0.5359375000000002 0.840625 0.5359375000000002 0.840625 0.5609375000000002 0.871875 0.5609375000000002
2 0.8578125 0.5687500000000002 0.8296875 0.5687500000000002 0.8296875 0.5890625000000002 0.8578125 0.5890625000000002
2 0.8578125 0.5906250000000002 0.8265625 0.5906250000000002 0.8265625 0.6156250000000002 0.8578125 0.6156250000000002
2 0.89375 0.5687500000000002 0.865625 0.5687500000000002 0.865625 0.5937500000000002 0.89375 0.5937500000000002
0 0.9078125 0.5781250000000002 0.89375 0.5781250000000002 0.89375 0.6093750000000002 0.9078125 0.6093750000000002
4 0.8734375 0.6000000000000002 0.859375 0.6000000000000002 0.859375 0.6187500000000001 0.8734375 0.6187500000000001
4 0.8921875 0.6000000000000002 0.878125 0.6000000000000002 0.878125 0.6203125000000002 0.8921875 0.6203125000000002
0 0.7796875 0.5406250000000001 0.759375 0.5406250000000001 0.759375 0.5593750000000002 0.7796875 0.5593750000000002
2 0.7875 0.5625000000000002 0.7609375 0.5625000000000002 0.7609375 0.5796875000000001 0.7875 0.5796875000000001
2 0.7734375 0.5765625000000002 0.7484375 0.5765625000000002 0.7484375 0.6000000000000002 0.7734375 0.6000000000000002
4 0.8078125 0.5468750000000002 0.7953125 0.5468750000000002 0.7953125 0.5578125000000002 0.8078125 0.5578125000000002
4 0.8078125 0.5578125000000002 0.79375 0.5578125000000002 0.79375 0.5703125000000002 0.8078125 0.5703125000000002
4 0.8046875 0.5671875000000002 0.790625 0.5671875000000002 0.790625 0.5812500000000002 0.8046875 0.5812500000000002
4 0.8203125 0.5765625000000002 0.809375 0.5765625000000002 0.809375 0.5875000000000001 0.8203125 0.5875000000000001
4 0.821875 0.5906250000000002 0.809375 0.5906250000000002 0.809375 0.6046875000000002 0.821875 0.6046875000000002
4 0.8078125 0.5828125000000002 0.796875 0.5828125000000002 0.796875 0.5937500000000002 0.8078125 0.5937500000000002
4 0.8078125 0.5953125000000001 0.7953125 0.5953125000000001 0.7953125 0.6078125000000002 0.8078125 0.6078125000000002
4 0.7859375 0.6203125000000002 0.771875 0.6203125000000002 0.771875 0.6312500000000002 0.7859375 0.6312500000000002
4 0.7625 0.6093750000000002 0.7515625 0.6093750000000002 0.7515625 0.6234375000000002 0.7625 0.6234375000000002
4 0.76875 0.6015625000000002 0.759375 0.6015625000000002 0.759375 0.6109375000000001 0.76875 0.6109375000000001
4 0.79375 0.5984375000000002 0.784375 0.5984375000000002 0.784375 0.6109375000000001 0.79375 0.6109375000000001
4 0.796875 0.6109375000000001 0.7828125 0.6109375000000001 0.7828125 0.6218750000000002 0.796875 0.6218750000000002
4 0.7828125 0.5968750000000002 0.7703125 0.5968750000000002 0.7703125 0.6078125000000002 0.7828125 0.6078125000000002
4 0.78125 0.6093750000000002 0.7703125 0.6093750000000002 0.7703125 0.6187500000000001 0.78125 0.6187500000000001
4 0.7453125 0.6031250000000001 0.7359375 0.6031250000000001 0.7359375 0.6156250000000002 0.7453125 0.6156250000000002
4 0.7546875 0.6187500000000001 0.74375 0.6187500000000001 0.74375 0.6296875000000002 0.7546875 0.6296875000000002
0 0.796875 0.5828125000000002 0.775 0.5828125000000002 0.775 0.5968750000000002 0.796875 0.5968750000000002
4 0.840625 0.49218750000000017 0.828125 0.49218750000000017 0.828125 0.5093750000000001 0.840625 0.5093750000000001
4 0.8375 0.5109375000000002 0.825 0.5109375000000002 0.825 0.5250000000000001 0.8375 0.5250000000000001
1 0.8265625 0.47656250000000017 0.746875 0.47656250000000017 0.746875 0.5125000000000002 0.8265625 0.5125000000000002
1 0.8359375 0.5171875000000001 0.7765625 0.5171875000000001 0.7765625 0.5531250000000002 0.8359375 0.5531250000000002
4 0.815625 0.2953125000000001 0.80625 0.2953125000000001 0.80625 0.3234375000000001 0.815625 0.3234375000000001
4 0.8203125 0.3281250000000001 0.8125 0.3281250000000001 0.8125 0.3500000000000001 0.8203125 0.3500000000000001
4 0.834375 0.3265625000000001 0.8234375 0.3265625000000001 0.8234375 0.34843750000000007 0.834375 0.34843750000000007
4 0.8046875 0.3828125000000001 0.7984375 0.3828125000000001 0.7984375 0.40625000000000017 0.8046875 0.40625000000000017
4 0.8109375 0.3828125000000001 0.8046875 0.3828125000000001 0.8046875 0.4031250000000002 0.8109375 0.4031250000000002
4 0.840625 0.34062500000000007 0.8328125 0.34062500000000007 0.8328125 0.3609375000000001 0.840625 0.3609375000000001
4 0.8640625 0.3265625000000001 0.8546875 0.3265625000000001 0.8546875 0.3468750000000001 0.8640625 0.3468750000000001
4 0.8796875 0.3187500000000001 0.8703125 0.3187500000000001 0.8703125 0.3390625000000001 0.8796875 0.3390625000000001
4 0.8625 0.3828125000000001 0.853125 0.3828125000000001 0.853125 0.4031250000000002 0.8625 0.4031250000000002
4 0.9703125 0.3234375000000001 0.959375 0.3234375000000001 0.959375 0.3468750000000001 0.9703125 0.3468750000000001
4 0.9265625 0.3765625000000001 0.921875 0.3765625000000001 0.921875 0.3968750000000001 0.9265625 0.3968750000000001
4 0.934375 0.3734375000000001 0.928125 0.3734375000000001 0.928125 0.3968750000000001 0.934375 0.3968750000000001
4 0.8984375 0.37968750000000007 0.890625 0.37968750000000007 0.890625 0.4031250000000002 0.8984375 0.4031250000000002
4 0.884375 0.3781250000000001 0.8765625 0.3781250000000001 0.8765625 0.4000000000000002 0.884375 0.4000000000000002
4 0.890625 0.3781250000000001 0.884375 0.3781250000000001 0.884375 0.40156250000000016 0.890625 0.40156250000000016
4 0.95625 0.3703125000000001 0.9484375 0.3703125000000001 0.9484375 0.3937500000000001 0.95625 0.3937500000000001
4 0.9625 0.3687500000000001 0.95625 0.3687500000000001 0.95625 0.3921875000000001 0.9625 0.3921875000000001
4 0.8703125 0.34062500000000007 0.8625 0.34062500000000007 0.8625 0.3625000000000001 0.8703125 0.3625000000000001
4 0.921875 0.3187500000000001 0.9140625 0.3187500000000001 0.9140625 0.3375000000000001 0.921875 0.3375000000000001
4 0.9421875 0.3156250000000001 0.9328125 0.3156250000000001 0.9328125 0.3359375000000001 0.9421875 0.3359375000000001