3 0.2093750000000001 0.5328125 0.18437500000000004 0.5328125 0.18437500000000007 0.559375 0.2093750000000001 0.559375
4 0.434375 0.55625 0.41875 0.55625 0.41875 0.5734375 0.434375 0.5734375
6 0.4859375 0.575 0.4421875 0.575 0.4421875 0.6078125 0.4859375 0.6078125
3 0.5890625 0.48125 0.5546875 0.48125 0.5546875 0.5078125 0.5890625 0.5078125
4 0.7 0.51875 0.6859375 0.51875 0.6859375 0.534375 0.7 0.534375
2 0.790625 0.4781250000000002 0.7625 0.4781250000000002 0.7625 0.5031250000000002 0.790625 0.5031250000000002
4 0.96875 0.5031250000000002 0.9546875 0.5031250000000002 0.9546875 0.5187500000000002 0.96875 0.5187500000000002
4 0.9890625 0.5187500000000002 0.9734375 0.5187500000000002 0.9734375 0.5343750000000002 0.9890625 0.5343750000000002
4 0.7875 0.4078125000000002 0.775 0.4078125000000002 0.775 0.42500000000000016 0.7875 0.42500000000000016
2 0.7796875 0.1593750000000001 0.753125 0.1593750000000001 0.753125 0.1828125000000001 0.7796875 0.1828125000000001
2 0.7890625 0.24218750000000008 0.759375 0.24218750000000008 0.759375 0.2671875000000001 0.7890625 0.2671875000000001
2 0.509375 0.3578125000000001 0.484375 0.3578125000000001 0.484375 0.3828125000000001 0.509375 0.3828125000000001
4 0.07031250000000004 0.4 0.05625000000000004 0.4 0.05625000000000004 0.421875 0.07031250000000004 0.421875
0 0.15156250000000004 0.4109375 0.13125000000000003 0.4109375 0.13125000000000003 0.428125 0.15156250000000004 0.428125
0 0.2015625000000001 0.36875 0.18125000000000005 0.36875 0.18125000000000005 0.3875 0.2015625000000001 0.3875
4 0.26250000000000007 0.3640625 0.2500000000000001 0.3640625 0.2500000000000001 0.375 0.26250000000000007 0.375
3 0.08281250000000004 0.296875 0.05312500000000005 0.296875 0.05312500000000005 0.3671875 0.08281250000000004 0.3671875
2 0.16250000000000003 0.24375 0.13906250000000003 0.24375 0.13906250000000003 0.2890625 0.16250000000000003 0.2890625
2 0.02187500000000001 0.025 0.0031250000000000028 0.025 0.0031250000000000054 0.0734375 0.021875000000000012 0.0734375
4 0.021875000000000002 0.001562500000000002 0.0109375 0.0015625000000000014 0.010937500000000001 0.025 0.021875000000000006 0.025
4 0.0125 7.654042494670958e-19 0 0 1.3394574365674175e-18 0.021875 0.0125 0.021875
2 0.0875 9.280526524788536e-18 0.0640625 7.845393557037732e-18 0.0640625 0.04531250000000001 0.0875 0.04531250000000001
2 0.0984375 0.025000000000000012 0.078125 0.025000000000000012 0.078125 0.07031250000000001 0.0984375 0.07031250000000003
2 0.08906250000000002 0.08125 0.0734375 0.08125 0.07343750000000002 0.121875 0.08906250000000002 0.121875
2 0.06875 0.075 0.0515625 0.075 0.05156250000000001 0.1203125 0.06875000000000002 0.1203125
2 0.05468750000000002 0.1140625 0.03593750000000001 0.1140625 0.03593750000000002 0.1671875 0.05468750000000002 0.1671875
2 0.06250000000000003 0.1359375 0.04843750000000001 0.1359375 0.048437500000000015 0.1796875 0.06250000000000003 0.1796875
2 0.04062500000000002 0.165625 0.021875000000000023 0.165625 0.021875000000000026 0.215625 0.04062500000000002 0.215625
2 0.05312500000000002 0.1765625 0.034375000000000024 0.1765625 0.034375000000000024 0.2234375 0.05312500000000002 0.2234375
2 0.029687500000000026 0.2140625 0.009375000000000026 0.2140625 0.00937500000000003 0.26875 0.029687500000000033 0.26875
2 0.045312500000000026 0.2203125 0.026562500000000024 0.2203125 0.026562500000000027 0.2703125 0.04531250000000003 0.2703125
4 0.010937500000000034 0.26875 3.2912382727085115e-17 0.26875 3.4347515694835924e-17 0.2921875 0.010937500000000036 0.2921875
0 0.031250000000000035 0.271875 0.017187500000000033 0.271875 0.017187500000000036 0.3 0.031250000000000035 0.3
4 0.03750000000000003 0.2703125 0.029687500000000033 0.2703125 0.029687500000000033 0.290625 0.03750000000000003 0.290625
4 0.046875000000000035 0.2828125 0.03593750000000003 0.2828125 0.03593750000000003 0.2984375 0.046875000000000035 0.2984375