2 0.7796875 0.15781250000000008 0.753125 0.15781250000000008 0.753125 0.1843750000000001 0.7796875 0.1843750000000001
2 0.7890625 0.2390625000000001 0.7625 0.2390625000000001 0.7625 0.2687500000000001 0.7890625 0.2687500000000001
2 1 0.4578125000000002 0.978125 0.4578125000000002 0.978125 0.47968750000000016 1 0.47968750000000016
2 0.83125 0.5234375000000002 0.803125 0.5234375000000002 0.803125 0.5500000000000002 0.83125 0.5500000000000002
4 0.8546875 0.37187500000000007 0.840625 0.37187500000000007 0.840625 0.3859375000000001 0.8546875 0.3859375000000001
4 0.865625 0.4890625000000002 0.8515625 0.4890625000000002 0.8515625 0.5046875000000002 0.865625 0.5046875000000002
4 0.7453125 0.4156250000000002 0.73125 0.4156250000000002 0.73125 0.4343750000000002 0.7453125 0.4343750000000002
4 0.709375 0.4078125 0.6984375 0.4078125 0.6984375 0.4234375 0.709375 0.4234375
4 0.7203125 0.4375 0.70625 0.4375 0.70625 0.453125 0.7203125 0.453125
2 0.6421875 0.4265625 0.61875 0.4265625 0.61875 0.4515625 0.6421875 0.4515625
4 0.571875 0.4515625 0.55625 0.4515625 0.55625 0.465625 0.571875 0.465625
2 0.509375 0.35625000000000007 0.484375 0.35625000000000007 0.484375 0.3828125000000001 0.509375 0.3828125000000001
4 0.5171875 0.3984375000000001 0.503125 0.3984375000000001 0.503125 0.415625 0.5171875 0.415625
4 0.521875 0.421875 0.509375 0.421875 0.509375 0.440625 0.521875 0.440625
2 0.4734375 0.440625 0.446875 0.440625 0.446875 0.4671875 0.4734375 0.4671875
0 0.49375 0.5140625 0.475 0.5140625 0.475 0.534375 0.49375 0.534375
2 0.3968750000000001 0.421875 0.3703125000000001 0.421875 0.3703125000000001 0.446875 0.3968750000000001 0.446875
4 0.3765625000000001 0.5484375 0.3656250000000001 0.5484375 0.3656250000000001 0.5640625 0.3765625000000001 0.5640625
4 0.34062500000000007 0.3890625 0.3265625000000001 0.3890625 0.3265625000000001 0.4078125 0.34062500000000007 0.4078125
2 0.3671875000000001 0.4515625 0.3453125000000001 0.4515625 0.3453125000000001 0.4765625 0.3671875000000001 0.4765625
2 0.9125 0.3281250000000001 0.884375 0.3281250000000001 0.884375 0.3500000000000001 0.9125 0.3500000000000001
2 0.3125000000000001 0.409375 0.28593750000000007 0.409375 0.28593750000000007 0.4328125 0.3125000000000001 0.4328125
2 0.2796875000000001 0.45625 0.2562500000000001 0.45625 0.2562500000000001 0.48125 0.2796875000000001 0.48125
4 0.3046875000000001 0.4375 0.2921875000000001 0.4375 0.2921875000000001 0.4484375 0.3046875000000001 0.4484375
6 0.3500000000000001 0.565625 0.3109375000000001 0.565625 0.3109375000000001 0.5953125 0.3500000000000001 0.5953125
0 0.2578125000000001 0.4203125 0.2390625000000001 0.4203125 0.2390625000000001 0.4375 0.2578125000000001 0.4375
0 0.2828125000000001 0.553125 0.2656250000000001 0.553125 0.2656250000000001 0.5734375 0.2828125000000001 0.5734375
4 0.26093750000000004 0.3625 0.25 0.3625 0.25000000000000006 0.3734375 0.2609375000000001 0.3734375
2 0.2406250000000001 0.4390625 0.2156250000000001 0.4390625 0.2156250000000001 0.4625 0.2406250000000001 0.4625
0 0.2000000000000001 0.3671875 0.18437500000000004 0.3671875 0.18437500000000004 0.3828125 0.2000000000000001 0.3828125
4 0.2062500000000001 0.409375 0.19531250000000006 0.409375 0.19531250000000006 0.4234375 0.2062500000000001 0.4234375
2 0.15937500000000004 0.240625 0.13906250000000003 0.240625 0.13906250000000003 0.2828125 0.15937500000000004 0.2828125
2 0.18281250000000004 0.4390625 0.15781250000000005 0.4390625 0.15781250000000005 0.4625 0.18281250000000004 0.4625
3 0.15468750000000003 0.425 0.13281250000000006 0.425 0.13281250000000006 0.4453125 0.15468750000000003 0.4453125
2 0.13906250000000003 0.465625 0.11406250000000004 0.465625 0.11406250000000004 0.4859375 0.13906250000000003 0.4859375
2 0.13750000000000007 0.5296875 0.11093750000000005 0.5296875 0.11093750000000006 0.55625 0.1375000000000001 0.55625
4 0.12187500000000004 0.4078125 0.10781250000000005 0.4078125 0.10781250000000005 0.4234375 0.12187500000000004 0.4234375
3 0.07968750000000005 0.29375 0.05312500000000005 0.29375 0.05312500000000005 0.3609375 0.07968750000000005 0.3609375
2 0.08437500000000006 0.4375 0.05468750000000004 0.4375 0.054687500000000056 0.4640625 0.08437500000000006 0.4640625
4 0.059375000000000046 0.409375 0.045312500000000054 0.409375 0.045312500000000054 0.4203125 0.059375000000000046 0.4203125
4 0.02343750000000005 0.4046875 0.00937500000000005 0.4046875 0.00937500000000005 0.41875 0.02343750000000005 0.41875
4 0.029687500000000054 0.428125 0.01562500000000005 0.428125 0.015625000000000052 0.4421875 0.029687500000000054 0.4421875
2 0.039062500000000056 0.440625 0.010937500000000053 0.440625 0.010937500000000055 0.465625 0.039062500000000056 0.465625
2 0.07187500000000006 0.5203125 0.050000000000000065 0.5203125 0.050000000000000065 0.54375 0.07187500000000006 0.54375
2 0.06562500000000007 0.54375 0.040625000000000064 0.54375 0.040625000000000064 0.565625 0.06562500000000007 0.565625
2 0.050000000000000065 0.521875 0.020312500000000067 0.521875 0.020312500000000067 0.5453125 0.050000000000000065 0.5453125
4 0.032812500000000064 0.5546875 0.017187500000000067 0.5546875 0.01718750000000007 0.5671875 0.032812500000000064 0.5671875
4 0.03750000000000007 0.565625 0.023437500000000066 0.565625 0.02343750000000007 0.5765625 0.03750000000000007 0.5765625
4 0.04375000000000007 0.575 0.029687500000000068 0.575 0.029687500000000068 0.5875 0.04375000000000007 0.5875
4 0.06093750000000007 0.5890625 0.048437500000000064 0.5890625 0.04843750000000007 0.6 0.06093750000000007 0.6
0 0.01718750000000007 0.56875 0.0015625000000000695 0.56875 0.0015625000000000708 0.5890625 0.01718750000000007 0.5890625
3 0.021875000000000075 0.59375 0.001562500000000073 0.59375 0.0015625000000000742 0.615625 0.02187500000000008 0.615625
2 0.04687500000000001 0.017187500000000005 0.025 0.017187500000000005 0.025000000000000005 0.065625 0.046875000000000014 0.065625
2 0.021875000000000006 0.021875 0.0031250000000000028 0.021875 0.0031250000000000054 0.0703125 0.021875000000000012 0.0703125
4 0.0234375 2.2005372172179004e-18 0.0125 1.5308084989341916e-18 0.0125 0.020312500000000004 0.0234375 0.020312500000000004