2 0.3703125000000001 0.4140625 0.3609375000000001 0.4140625 0.3609375000000001 0.446875 0.3703125000000001 0.446875
0 0.3515625000000001 0.43125 0.3437500000000001 0.43125 0.3437500000000001 0.453125 0.3515625000000001 0.453125
4 0.3609375000000001 0.5125 0.3531250000000001 0.5125 0.3531250000000001 0.528125 0.3609375000000001 0.528125
0 0.3859375000000001 0.4984375 0.3750000000000001 0.4984375 0.3750000000000001 0.5140625 0.3859375000000001 0.5140625
4 0.4 0.440625 0.3921875000000001 0.440625 0.3921875000000001 0.4609375 0.4 0.4609375
4 0.4109375 0.4515625 0.403125 0.4515625 0.403125 0.465625 0.4109375 0.465625
0 0.434375 0.4203125 0.4234375 0.4203125 0.4234375 0.4390625 0.434375 0.4390625
2 0.415625 0.4640625 0.4015625 0.4640625 0.4015625 0.4890625 0.415625 0.4890625
2 0.428125 0.471875 0.4125 0.471875 0.4125 0.49375 0.428125 0.49375
2 0.4421875 0.2828125000000001 0.428125 0.2828125000000001 0.428125 0.30937500000000007 0.4421875 0.30937500000000007
2 0.4515625 0.2734375000000001 0.4375 0.2734375000000001 0.4375 0.3000000000000001 0.4515625 0.3000000000000001
2 0.4453125 0.2406250000000001 0.43125 0.2406250000000001 0.43125 0.27031250000000007 0.4453125 0.27031250000000007
4 0.43125 0.2390625000000001 0.421875 0.2390625000000001 0.421875 0.2578125000000001 0.43125 0.2578125000000001
4 0.4546875 0.27031250000000007 0.4484375 0.27031250000000007 0.4484375 0.2828125000000001 0.4546875 0.2828125000000001
4 0.4625 0.2687500000000001 0.4546875 0.2687500000000001 0.4546875 0.2906250000000001 0.4625 0.2906250000000001
4 0.4609375 0.3843750000000001 0.4515625 0.3843750000000001 0.4515625 0.4015625 0.4609375 0.4015625
4 0.4828125 0.3843750000000001 0.4734375 0.3843750000000001 0.4734375 0.3984375000000001 0.4828125 0.3984375000000001
2 0.559375 0.3234375000000001 0.54375 0.3234375000000001 0.54375 0.3437500000000001 0.559375 0.3437500000000001
0 0.5546875 0.2968750000000001 0.546875 0.2968750000000001 0.546875 0.31718750000000007 0.5546875 0.31718750000000007
4 0.5296875 0.36406250000000007 0.51875 0.36406250000000007 0.51875 0.3734375000000001 0.5296875 0.3734375000000001
4 0.5078125 0.37187500000000007 0.4984375 0.37187500000000007 0.4984375 0.3812500000000001 0.5078125 0.3812500000000001
4 0.496875 0.4046875 0.4890625 0.4046875 0.4890625 0.4140625 0.496875 0.4140625
4 0.5 0.3843750000000001 0.490625 0.3843750000000001 0.490625 0.3937500000000001 0.5 0.3937500000000001
2 0.484375 0.4015625 0.465625 0.4015625 0.465625 0.4203125 0.484375 0.4203125
4 0.45 0.4375 0.44375 0.4375 0.44375 0.4515625 0.45 0.4515625
4 0.44375 0.459375 0.434375 0.459375 0.434375 0.46875 0.44375 0.46875
2 0.4640625 0.440625 0.4484375 0.440625 0.4484375 0.459375 0.4640625 0.459375
2 0.484375 0.4328125 0.46875 0.4328125 0.46875 0.4546875 0.484375 0.4546875
3 0.509375 0.4203125 0.4875 0.4203125 0.4875 0.4453125 0.509375 0.4453125
2 0.5296875 0.4046875 0.5140625 0.4046875 0.5140625 0.4203125 0.5296875 0.4203125
2 0.528125 0.37968750000000007 0.509375 0.37968750000000007 0.509375 0.3968750000000001 0.528125 0.3968750000000001
2 0.55625 0.4125 0.5375 0.4125 0.5375 0.43125 0.55625 0.43125
4 0.5734375 0.434375 0.5640625 0.434375 0.5640625 0.44375 0.5734375 0.44375
2 0.5703125 0.37968750000000007 0.5515625 0.37968750000000007 0.5515625 0.39531250000000007 0.5703125 0.39531250000000007
4 0.6 0.3750000000000001 0.590625 0.3750000000000001 0.590625 0.3843750000000001 0.6 0.3843750000000001
4 0.58125 0.3546875000000001 0.571875 0.3546875000000001 0.571875 0.3625000000000001 0.58125 0.3625000000000001
4 0.590625 0.35625000000000007 0.5828125 0.35625000000000007 0.5828125 0.3671875000000001 0.590625 0.3671875000000001
4 0.5953125 0.3468750000000001 0.5875 0.3468750000000001 0.5875 0.35625000000000007 0.5953125 0.35625000000000007
4 0.6015625 0.3359375000000001 0.590625 0.3359375000000001 0.590625 0.3468750000000001 0.6015625 0.3468750000000001
0 0.6125 0.2750000000000001 0.6 0.2750000000000001 0.6 0.2953125000000001 0.6125 0.2953125000000001
0 0.609375 0.2468750000000001 0.6 0.2468750000000001 0.6 0.2640625000000001 0.609375 0.2640625000000001
2 0.6515625 0.3000000000000001 0.634375 0.3000000000000001 0.634375 0.3187500000000001 0.6515625 0.3187500000000001
4 0.675 0.3078125000000001 0.66875 0.3078125000000001 0.66875 0.3187500000000001 0.675 0.3187500000000001
0 0.7171875 0.2890625000000001 0.7078125 0.2890625000000001 0.7078125 0.3046875000000001 0.7171875 0.3046875000000001
2 0.7515625 0.31718750000000007 0.734375 0.31718750000000007 0.734375 0.3421875000000001 0.7515625 0.3421875000000001
4 0.74375 0.3578125000000001 0.7359375 0.3578125000000001 0.7359375 0.3703125000000001 0.74375 0.3703125000000001
4 0.725 0.3812500000000001 0.7140625 0.3812500000000001 0.7140625 0.39531250000000007 0.725 0.39531250000000007
4 0.675 0.45625 0.6671875 0.45625 0.6671875 0.4703125 0.675 0.4703125
4 0.6703125 0.4390625 0.6640625 0.4390625 0.6640625 0.4515625 0.6703125 0.4515625
2 0.66875 0.4125 0.653125 0.4125 0.653125 0.434375 0.66875 0.434375
2 0.684375 0.4125 0.66875 0.4125 0.66875 0.4375 0.684375 0.4375
2 0.6859375 0.3812500000000001 0.6703125 0.3812500000000001 0.6703125 0.40625 0.6859375 0.40625
2 0.703125 0.3765625000000001 0.6875 0.3765625000000001 0.6875 0.403125 0.703125 0.403125
4 0.69375 0.4046875 0.6875 0.4046875 0.6875 0.4171875 0.69375 0.4171875
4 0.7015625 0.4 0.696875 0.4 0.696875 0.415625 0.7015625 0.415625
4 0.6125 0.4375 0.603125 0.4375 0.603125 0.4515625 0.6125 0.4515625
2 0.609375 0.4546875 0.5921875 0.4546875 0.5921875 0.48125 0.609375 0.48125
4 0.6671875 0.553125 0.6578125 0.553125 0.6578125 0.565625 0.6671875 0.565625
4 0.6859375 0.575 0.675 0.575 0.675 0.5875 0.6859375 0.5875
4 0.7140625 0.5984375 0.70625 0.5984375 0.70625 0.6140625 0.7140625 0.6140625
0 0.765625 0.6375000000000002 0.7515625 0.6375000000000002 0.7515625 0.6578125000000001 0.765625 0.6578125000000001
4 0.778125 0.6984375000000002 0.76875 0.6984375000000002 0.76875 0.7125000000000001 0.778125 0.7125000000000001
4 0.7937500000000001 0.7171875000000002 0.7828125 0.7171875000000002 0.7828125000000001 0.7265625000000002 0.7937500000000002 0.7265625000000002
4 0.80625 0.7140625000000002 0.7953125 0.7140625000000002 0.7953125 0.7250000000000002 0.80625 0.7250000000000002
4 0.8109375 0.7359375000000001 0.803125 0.7359375000000001 0.803125 0.7500000000000002 0.8109375 0.7500000000000002
4 0.828125 0.7484375000000002 0.8203125 0.7484375000000002 0.8203125 0.7625000000000002 0.828125 0.7625000000000002
2 0.8453125 0.7437500000000001 0.828125 0.7437500000000001 0.828125 0.7640625000000002 0.8453125 0.7640625000000002
0 0.8359375 0.7640625000000002 0.825 0.7640625000000002 0.825 0.7781250000000002 0.8359375 0.7781250000000002
6 0.90625 0.809375 0.875 0.809375 0.875 0.85 0.90625 0.85
2 0.9265625 0.8046875 0.9125 0.8046875 0.9125 0.8234375 0.9265625 0.8234375
2 0.925 0.846875 0.90625 0.846875 0.90625 0.8703125 0.925 0.8703125
2 0.95 0.8671875 0.93125 0.8671875 0.93125 0.890625 0.95 0.890625
2 0.9515625 0.8046875 0.9359375 0.8046875 0.9359375 0.834375 0.9515625 0.834375
2 0.959375 0.828125 0.9421875 0.828125 0.9421875 0.85 0.959375 0.85
2 0.9703125 0.846875 0.9515625 0.846875 0.9515625 0.865625 0.9703125 0.865625
2 0.9828125 0.8640625 0.9640625 0.8640625 0.9640625 0.884375 0.9828125 0.884375
2 0.990625 0.8890625 0.971875 0.8890625 0.971875 0.9125 0.990625 0.9125
6 1 0.9109375 0.9671875 0.9109375 0.9671875 0.95625 1 0.95625
4 0.9171875 0.9703125 0.90625 0.9703125 0.90625 0.9859375 0.9171875 0.9859375
4 0.875 0.8953125 0.8671875 0.8953125 0.8671875 0.9078125 0.875 0.9078125
2 0.865625 0.88125 0.8515625 0.88125 0.8515625 0.903125 0.865625 0.903125
0 0.85625 0.1515625000000001 0.8421875 0.1515625000000001 0.8421875 0.1671875000000001 0.85625 0.1671875000000001
4 0.815625 0.18906250000000008 0.80625 0.18906250000000008 0.80625 0.20468750000000008 0.815625 0.20468750000000008
2 0.803125 0.15000000000000008 0.7921875 0.15000000000000008 0.7921875 0.18125000000000008 0.803125 0.18125000000000008
2 0.81875 0.1625000000000001 0.8 0.1625000000000001 0.8 0.18906250000000008 0.81875 0.18906250000000008
2 0.828125 0.12500000000000008 0.81875 0.12500000000000008 0.81875 0.1625000000000001 0.828125 0.1625000000000001
2 0.8796875 0.06718750000000011 0.865625 0.06718750000000011 0.865625 0.09687500000000011 0.8796875 0.09687500000000011
4 0.915625 0.06718750000000011 0.90625 0.06718750000000011 0.90625 0.08281250000000011 0.915625 0.08281250000000011
3 0.9390625 0.018750000000000114 0.9203125 0.01875000000000011 0.9203125 0.04843750000000011 0.9390625 0.04843750000000011
2 0.5921875 0.1828125000000001 0.578125 0.1828125000000001 0.578125 0.2140625000000001 0.5921875 0.2140625000000001
2 0.5625 0.032812500000000064 0.55 0.032812500000000064 0.55 0.06875000000000006 0.5625 0.06875000000000006
2 0.603125 0.04687500000000007 0.5859375 0.04687500000000007 0.5859375 0.07187500000000006 0.603125 0.07187500000000006
4 0.6125 0.039062500000000076 0.6046875 0.039062500000000076 0.6046875 0.05937500000000007 0.6125 0.05937500000000007
4 0.3171875 0.015625000000000038 0.3078125 0.015625000000000038 0.3078125 0.032812500000000036 0.3171875 0.032812500000000036
3 0.353125 0.01875000000000004 0.3296875 0.018750000000000037 0.3296875 0.06250000000000004 0.353125 0.06250000000000004
4 0.3515625 0.08437500000000005 0.3453125 0.08437500000000005 0.3453125 0.09843750000000004 0.3515625 0.09843750000000004
4 0.3609375 0.09218750000000005 0.353125 0.09218750000000005 0.353125 0.10625000000000004 0.3609375 0.10625000000000004
2 0.3640625 0.10156250000000004 0.346875 0.10156250000000004 0.346875 0.13281250000000006 0.3640625 0.13281250000000006
2 0.415625 0.17343750000000005 0.3984375 0.17343750000000005 0.3984375 0.19687500000000005 0.415625 0.19687500000000005
2 0.3421875 0.2984375 0.3234375 0.2984375 0.3234375 0.33125 0.3421875 0.33125
4 0.4203125 0.54375 0.4109375 0.54375 0.4109375 0.5546875 0.4203125 0.5546875
4 0.428125 0.53125 0.4203125 0.53125 0.4203125 0.55 0.428125 0.55
4 0.434375 0.515625 0.4265625 0.515625 0.4265625 0.5328125 0.434375 0.5328125
2 0.05312500000000011 0.9484375 0.03750000000000011 0.9484375 0.03750000000000012 0.9734375 0.05312500000000011 0.9734375
0 0.06718750000000011 0.9578125 0.05468750000000011 0.9578125 0.05468750000000011 0.9796875 0.06718750000000011 0.9796875
2 0.09403222406827502 0.9521044012884812 0.08649975873654236 0.9470999072442003 0.07101238623076736 0.9704105747057191 0.07854485156250002 0.97541506875
2 0.09708380512950017 0.9300975373744699 0.08962591718750001 0.9249376875000002 0.07391745737050001 0.9476422110630303 0.08137534531250017 0.9528020609375002
0 0.11825039658199588 0.9236369486521367 0.11034787311374741 0.9176450154557083 0.09546614528175165 0.9372719371160716 0.10336866875000013 0.9432638703125
0 0.094813531524682 0.9158746999766574 0.08741339816477586 0.9111738898977269 0.074099590077594 0.9321328211710697 0.08149972343750012 0.9368336312500002
6 0.12432918160966251 0.8929223818221935 0.11183261094817806 0.8845587568938775 0.08240328402601574 0.9285307985091842 0.09489985468750017 0.9368944234375002
0 0.11671283434787258 0.8785126099230869 0.10878108246343418 0.8710596795696304 0.09286997780306176 0.8879930102715438 0.10080172968750016 0.8954459406250003
0 0.12183484171975252 0.849214125036459 0.11402027426117885 0.8449267648844436 0.10196485597892639 0.8669001648479847 0.10977942343750006 0.8711875250000002
3 0.1488901019904271 0.8808865468198617 0.13814039131081784 0.8732028251557337 0.11491150025789088 0.905700600210872 0.1256612109375001 0.913384321875
2 0.14599852537622066 0.8581431710924402 0.13656623437500012 0.8514733468750002 0.11695622774877953 0.8792053054700603 0.12638851875000007 0.8858751296875003
2 0.16175843854820435 0.8576457096840038 0.15264582187500003 0.8511518359375 0.13558374582679575 0.875094426253496 0.1446963625000001 0.8815883
2 0.1823489941828988 0.828161003409367 0.17410754218815555 0.822527756241519 0.1583761464427568 0.8455428200196522 0.16661759843750007 0.8511760671875003
2 0.16394617203924805 0.8262574958911587 0.1550473192791336 0.8200067516784181 0.1360384050523856 0.8470687339122595 0.14493725781250005 0.8533194781250002
0 0.15064826909600618 0.8226227271372316 0.1427347656250002 0.8177398656250002 0.12994318402899413 0.8384707884877688 0.1378566875000001 0.8433536500000003
4 0.1375000000000001 0.8453125 0.1312500000000001 0.8453125 0.1312500000000001 0.85625 0.1375000000000001 0.85625
2 0.1872869924625507 0.8006886499459345 0.17839651406250012 0.7939982468750001 0.15922759347494955 0.8194706844290659 0.1681180718750001 0.8261610875000003
2 0.20386109932014468 0.7958743992069236 0.19579442968750013 0.7902700109375 0.17862203036735558 0.8149870836055765 0.1866887000000001 0.820591471875
2 0.21016617212987704 0.7693236929944118 0.2008301703125 0.7628947687500001 0.18294030443262294 0.788874203880588 0.19227630625 0.795303128125
2 0.22927697160285185 0.7606541404341745 0.221249084375 0.7550381968750001 0.2054261362096482 0.7776568080033256 0.21345402343750006 0.7832727515625
2 0.237642541086697 0.7310316756819158 0.228359325 0.7238375625 0.21024631203830305 0.747210424318084 0.21952952812500004 0.7544045374999999
2 0.25468750000000007 0.715625 0.2390625000000001 0.715625 0.2390625000000001 0.740625 0.25468750000000007 0.740625
2 0.2375000000000001 0.6984375 0.2218750000000001 0.6984375 0.2218750000000001 0.7234375 0.2375000000000001 0.7234375
2 0.26250000000000007 0.671875 0.2468750000000001 0.671875 0.2468750000000001 0.6984375 0.26250000000000007 0.6984375
4 0.2718750000000001 0.6703125 0.2640625000000001 0.6703125 0.2640625000000001 0.684375 0.2718750000000001 0.684375
4 0.2828125000000001 0.6515625 0.2750000000000001 0.6515625 0.2750000000000001 0.665625 0.2828125000000001 0.665625
4 0.29375000000000007 0.640625 0.2843750000000001 0.640625 0.2843750000000001 0.65625 0.29375000000000007 0.65625
2 0.3062500000000001 0.6140625 0.2906250000000001 0.6140625 0.2906250000000001 0.6390625 0.3062500000000001 0.6390625
2 0.3265625000000001 0.6140625 0.3125000000000001 0.6140625 0.3125000000000001 0.634375 0.3265625000000001 0.634375
2 0.3375000000000001 0.5859375 0.3234375000000001 0.5859375 0.3234375000000001 0.6078125 0.3375000000000001 0.6078125
4 0.3531250000000001 0.55625 0.3437500000000001 0.55625 0.3437500000000001 0.571875 0.3531250000000001 0.571875
4 0.3625000000000001 0.56875 0.3515625000000001 0.56875 0.3515625000000001 0.5796875 0.3625000000000001 0.5796875
4 0.3343750000000001 0.55625 0.3265625000000001 0.55625 0.3265625000000001 0.571875 0.3343750000000001 0.571875
4 0.3656250000000001 0.559375 0.35625000000000007 0.559375 0.35625000000000007 0.56875 0.3656250000000001 0.56875
4 0.3750000000000001 0.5171875 0.3687500000000001 0.5171875 0.3687500000000001 0.528125 0.3750000000000001 0.528125
0 0.18281250000000013 0.984375 0.16875000000000012 0.984375 0.16875000000000012 1 0.18281250000000013 1
2 0.2234375000000001 0.9625 0.20468750000000008 0.9625 0.20468750000000008 0.9953125 0.2234375000000001 0.9953125
2 0.2390625000000001 0.9359375 0.2250000000000001 0.9359375 0.2250000000000001 0.9671875 0.2390625000000001 0.9671875
1 0.23433072801379126 0.9265398562711276 0.21852314519413674 0.9141672892686262 0.17649077811784553 0.9678691704974988 0.19229836093750005 0.9802417375000001
2 0.2468750000000001 0.859375 0.2312500000000001 0.859375 0.2312500000000001 0.88125 0.2468750000000001 0.88125
0 0.2890625000000001 0.8625 0.2796875000000001 0.8625 0.2796875000000001 0.8828125 0.2890625000000001 0.8828125
2 0.2750000000000001 0.8109375 0.2593750000000001 0.8109375 0.2593750000000001 0.8375 0.2750000000000001 0.8375
2 0.29375000000000007 0.8125 0.27812500000000007 0.8125 0.27812500000000007 0.8359375 0.29375000000000007 0.8359375
2 0.3343750000000001 0.8140625 0.31718750000000007 0.8140625 0.31718750000000007 0.8375 0.3343750000000001 0.8375
2 0.3265625000000001 0.7828125 0.3109375000000001 0.7828125 0.3109375000000001 0.8046875 0.3265625000000001 0.8046875
0 0.2968750000000001 0.7953125 0.2812500000000001 0.7953125 0.2812500000000001 0.8125 0.2968750000000001 0.8125
0 0.3609375000000001 0.784375 0.34843750000000007 0.784375 0.34843750000000007 0.803125 0.3609375000000001 0.803125
0 0.38750000000000007 0.7828125 0.37187500000000007 0.7828125 0.37187500000000007 0.7984375 0.38750000000000007 0.7984375
0 0.40625000000000017 0.76875 0.3921875000000001 0.76875 0.3921875000000001 0.7890625 0.40625000000000017 0.7890625
2 0.3859375000000001 0.7234375 0.3703125000000001 0.7234375 0.3703125000000001 0.75 0.3859375000000001 0.75
4 0.21875000000000008 0.7296875 0.2093750000000001 0.7296875 0.2093750000000001 0.740625 0.21875000000000008 0.740625
0 0.1671875000000001 0.79375 0.1546875000000001 0.79375 0.1546875000000001 0.8125 0.1671875000000001 0.8125
4 0.18125000000000008 0.78125 0.1703125000000001 0.78125 0.1703125000000001 0.7953125 0.18125000000000008 0.7953125
4 0.1921875000000001 0.75 0.1843750000000001 0.75 0.1843750000000001 0.7625 0.1921875000000001 0.7625
3 0.2000000000000001 0.7546875 0.1859375000000001 0.7546875 0.1859375000000001 0.7703125 0.2000000000000001 0.7703125
2 0.3872375584646659 0.5440321290585383 0.377809252613379 0.5377220154750205 0.3606936285237131 0.5632954598539823 0.3701219343750001 0.5696055734375001
2 0.3884202386809963 0.5217496572109686 0.37985813125000006 0.51569665 0.36337942069400386 0.5390061365390315 0.3719415281250001 0.54505914375
2 0.4029126278714834 0.5145229307180561 0.39494134843750006 0.5094682437500001 0.38122011431601666 0.5311067333444439 0.38919139375 0.5361614203125
1 0.45500201326157486 0.47653424024704094 0.4408878017634362 0.4667185559463718 0.40746453225186147 0.514778689136831 0.42157874375000015 0.5245943734375
2 0.5656250000000002 0.76875 0.5484375000000001 0.76875 0.5484375000000001 0.7953125 0.5656250000000002 0.7953125
4 0.5359375000000002 0.753125 0.5218750000000002 0.753125 0.5218750000000002 0.7765625 0.5359375000000002 0.7765625
0 0.4703125000000001 0.7046875 0.4578125 0.7046875 0.45781250000000007 0.734375 0.4703125000000002 0.734375
4 0.3218750000000001 0.9546875 0.3140625000000001 0.9546875 0.3140625000000001 0.975 0.3218750000000001 0.975
2 0.3390625000000001 0.9421875 0.3234375000000001 0.9421875 0.3234375000000001 0.9625 0.3390625000000001 0.9625
4 0.36406250000000007 0.9296875 0.35625000000000007 0.9296875 0.35625000000000007 0.94375 0.36406250000000007 0.94375
4 0.3750000000000001 0.9359375 0.3671875000000001 0.9359375 0.3671875000000001 0.9453125 0.3750000000000001 0.9453125
2 0.3859375000000001 0.94375 0.3671875000000001 0.94375 0.3671875000000001 0.975 0.3859375000000001 0.975
4 0.4078125000000002 0.7453125 0.4000000000000002 0.7453125 0.4000000000000002 0.7625 0.4078125000000002 0.7625
4 0.4265625000000002 0.746875 0.4203125000000002 0.746875 0.4203125000000002 0.7640625 0.4265625000000002 0.7640625
0 0.4437500000000002 0.7453125 0.4312500000000002 0.7453125 0.4312500000000002 0.759375 0.4437500000000002 0.759375
4 0.5015625 0.63125 0.490625 0.63125 0.490625 0.646875 0.5015625 0.646875
1 0.37586328111112666 0.5913328423671791 0.36024754721483543 0.5808130313325282 0.31829220829120886 0.6430920405278491 0.3339079421875001 0.6536118515625
1 0.415344912782943 0.530501652221367 0.40309905835710885 0.5222854978661957 0.3699790361991659 0.5716495862698288 0.38222489062500004 0.5798657406250001
1 0.3150859101641678 0.6453167763161494 0.3009080517011267 0.6353964947573374 0.25630046028695885 0.699148729378688 0.27047831875 0.7090690109375
4 0.06250000000000011 0.9421875 0.05625000000000011 0.9421875 0.05625000000000011 0.95625 0.06250000000000011 0.95625
4 0.06875000000000012 0.9296875 0.06250000000000011 0.9296875 0.06250000000000011 0.94375 0.06875000000000012 0.94375
4 0.07500000000000011 0.940625 0.06718750000000011 0.940625 0.06718750000000011 0.9578125 0.07500000000000011 0.9578125
4 0.07812500000000011 0.9203125 0.07031250000000011 0.9203125 0.07031250000000011 0.940625 0.07812500000000011 0.940625
4 0.08906250000000011 0.903125 0.08125000000000011 0.903125 0.08125000000000011 0.91875 0.08906250000000011 0.91875
4 0.12656250000000008 0.8625 0.11562500000000009 0.8625 0.11562500000000009 0.8765625 0.12656250000000008 0.8765625
4 0.1671875000000001 0.828125 0.1593750000000001 0.828125 0.1593750000000001 0.8421875 0.1671875000000001 0.8421875
2 0.6945082654217409 0.7503656930486343 0.6748707781250001 0.73820215 0.6682315707794825 0.7489208484406381 0.6878690580762233 0.7610843914892724
6 0.7222905725490183 0.7490872122755373 0.6916949359375 0.727739396875 0.6819938165134818 0.7416430174119628 0.7125894531250001 0.7629908328125001
2 0.7221688105686813 0.7729725333323485 0.702731953125 0.7542986984375001 0.6938979702110113 0.7634936424608342 0.7133348276546926 0.7821674773556826
2 0.7359768484653537 0.7692263015891984 0.7170234390625 0.7497916625 0.7081611730779975 0.7584344860003662 0.7271145824808513 0.7778691250895646
2 0.7096316000422398 0.7198980478334939 0.6886192718750002 0.7052224343750002 0.6809939030827602 0.7161403256040063 0.7020062312499998 0.7308159390625001
2 0.7252357815879963 0.737136626108335 0.7080665484375 0.7171338796875001 0.6987810791302397 0.7251040045940517 0.7159503122807359 0.7451067510148865
6 0.7721205783918459 0.7916803321828636 0.7382417343750001 0.7597624234375002 0.7265790597897857 0.7721416158289538 0.7604579038066315 0.8040595245743173
0 0.7530656086089713 0.7559501636093824 0.7379703765625001 0.7439878078125001 0.7313776788910287 0.7523070973281178 0.7464729109375 0.764269453125
2 0.7746149746785765 0.7704175857944593 0.754794534375 0.7496216 0.7461900376198545 0.7578224574136995 0.7660104779234311 0.7786184432081587
1 0.7684223473029583 0.8134580413490792 0.7209653171874999 0.7734444828125 0.7086942917595417 0.7879982102134211 0.7561513218750001 0.8280117687500003
2 0.7896357880301451 0.8097477811364037 0.771041096875 0.7909831328125001 0.7632887245431421 0.798665289533069 0.7818834156982872 0.8174299378569726
2 0.8121757365572136 0.8361213568747388 0.7920801109375001 0.8113322359375001 0.7821657145358389 0.8193694712568824 0.8022613401555525 0.8441585921941211
2 0.8314111534738711 0.8542485308658154 0.8108037687500002 0.8300042312500002 0.8012836275706912 0.838096245249844 0.8218910122945621 0.8623405448656593
2 0.8275977672496906 0.8707639147826745 0.8080934375 0.8462281718750001 0.7996494607293633 0.8529405876332248 0.8191537904790536 0.8774763305408992
2 0.8186699165071598 0.8789393491818517 0.8012378890624998 0.8585948421875003 0.7920864178107136 0.866436206840104 0.8095184452553736 0.8867807138344554
2 0.8462626778062067 0.9193276104117512 0.8233888963659703 0.8965851536048499 0.8138972763722636 0.9061315822555986 0.8367710578124999 0.9288740390625
2 0.8457422866632769 0.8902304192610841 0.8273640062500002 0.8652926937500001 0.8163389243663737 0.8734178151186895 0.8347172047796505 0.8983555406297737
0 0.8305414456444277 0.8927582739463269 0.8175951390625 0.8788137906249999 0.811575894041751 0.8844021648683951 0.8245222006236788 0.8983466481897221
0 0.8433271432244759 0.9002281126503764 0.8279971750000001 0.8878278515625002 0.8216220005255245 0.8957092357871236 0.8369519687500002 0.908109496875
0 0.7402386772792309 0.7501218268872021 0.722448775 0.7293728984375 0.7137199021717036 0.7368569376735338 0.7315098044509344 0.7576058661232359
0 0.6921597641033154 0.7297538875560656 0.67740345 0.7155298671875001 0.6691430262728912 0.7240994139109479 0.6838993403762066 0.7383234342795134
4 0.6796875000000002 0.753125 0.6687500000000002 0.753125 0.6687500000000002 0.7609375 0.6796875000000002 0.7609375
2 0.8765625 0.7312500000000002 0.8625 0.7312500000000002 0.8625 0.7593750000000001 0.8765625 0.7593750000000001
0 0.878125 0.7562500000000002 0.86875 0.7562500000000002 0.86875 0.7703125000000002 0.878125 0.7703125000000002
2 0.8875 0.7468750000000002 0.878125 0.7468750000000002 0.878125 0.7750000000000001 0.8875 0.7750000000000001
0 0.9015625 0.7562500000000002 0.8921875 0.7562500000000002 0.8921875 0.7796875000000002 0.9015625 0.7796875000000002
2 0.915625 0.7562500000000002 0.9015625 0.7562500000000002 0.9015625 0.7859375000000002 0.915625 0.7859375000000002