5 0.2500000000000001 0.6671875 0.1906250000000001 0.6671875 0.1906250000000001 0.70625 0.2500000000000001 0.70625
5 0.30937500000000007 0.665625 0.2484375000000001 0.665625 0.2484375000000001 0.696875 0.30937500000000007 0.696875
5 0.8453125 0.6906250000000002 0.784375 0.6906250000000002 0.784375 0.7359375000000001 0.8453125 0.7359375000000001
2 0.3000000000000001 0.8125 0.2750000000000001 0.8125 0.2750000000000001 0.846875 0.3000000000000001 0.846875
2 0.3296875000000001 0.875 0.3078125000000001 0.875 0.3078125000000001 0.915625 0.3296875000000001 0.915625
2 0.4515625000000002 0.8578125 0.42187500000000017 0.8578125 0.42187500000000017 0.8921875 0.4515625000000002 0.8921875
2 0.5078125000000002 0.859375 0.4781250000000002 0.859375 0.4781250000000002 0.9046875 0.5078125000000002 0.9046875
2 0.5515625000000002 0.8 0.5218750000000002 0.8 0.5218750000000002 0.8359375 0.5515625000000002 0.8359375
2 0.4921875 0.5265625 0.4734375 0.5265625 0.4734375 0.5875 0.4921875 0.5875
2 0.4875 0.3937500000000001 0.4640625 0.3937500000000001 0.4640625 0.4484375 0.4875 0.4484375
2 0.3609375000000001 0.69375 0.3343750000000001 0.69375 0.3343750000000001 0.725 0.3609375000000001 0.725
2 0.09375000000000011 0.925 0.06875000000000012 0.925 0.06875000000000012 0.9625 0.09375000000000011 0.9625
0 0.1656250000000001 0.884375 0.14062500000000008 0.884375 0.1406250000000001 0.91875 0.16562500000000013 0.91875
0 0.525 0.5671875 0.515625 0.5671875 0.515625 0.5984375 0.525 0.5984375
0 0.5875000000000001 0.846875 0.5687500000000002 0.846875 0.5687500000000002 0.875 0.5875000000000001 0.875
0 0.7375 0.6765625000000001 0.715625 0.6765625 0.715625 0.7156250000000001 0.7375 0.7156250000000002
0 0.8953125 0.6906250000000002 0.8734375 0.6906250000000002 0.8734375 0.7109375000000002 0.8953125 0.7109375000000002
4 0.521875 0.12812500000000004 0.5078125 0.12812500000000004 0.5078125 0.15312500000000004 0.521875 0.15312500000000004
4 0.51875 0.03750000000000007 0.5046875 0.03750000000000007 0.5046875 0.06250000000000007 0.51875 0.06250000000000007
4 0.5265625 0.4484375 0.515625 0.4484375 0.515625 0.475 0.5265625 0.475
4 0.48125 0.471875 0.4671875 0.471875 0.4671875 0.4921875 0.48125 0.4921875
4 0.2765625000000001 0.8640625 0.2609375000000001 0.8640625 0.2609375000000001 0.884375 0.2765625000000001 0.884375
2 0.3859375000000001 0.9203125 0.3609375000000001 0.9203125 0.3609375000000001 0.9515625 0.3859375000000001 0.9515625
2 0.44843750000000016 0.8109375 0.4203125000000002 0.8109375 0.4203125000000002 0.8328125 0.44843750000000016 0.8328125
4 0.6453125000000002 0.759375 0.6250000000000002 0.759375 0.6250000000000002 0.7875 0.6453125000000002 0.7875
4 0.6812500000000001 0.778125 0.6625000000000002 0.778125 0.6625000000000002 0.79375 0.6812500000000001 0.79375
4 0.7781250000000002 0.8453125 0.7593750000000001 0.8453125 0.7593750000000001 0.8703125 0.7781250000000002 0.8703125
4 0.93125 0.7718750000000002 0.9125 0.7718750000000002 0.9125 0.7984375000000001 0.93125 0.7984375000000001
4 0.7921875000000002 0.7609375000000002 0.7796875000000002 0.7609375000000002 0.7796875000000002 0.7718750000000002 0.7921875000000002 0.7718750000000002
4 0.2375000000000001 0.784375 0.22031250000000008 0.784375 0.22031250000000008 0.80625 0.2375000000000001 0.80625
4 0.17343750000000008 0.803125 0.1625000000000001 0.803125 0.1625000000000001 0.834375 0.17343750000000008 0.834375
0 0.01875000000000012 0.9484375 0.004687500000000117 0.9484375 0.004687500000000118 0.975 0.01875000000000012 0.975
4 0.14062500000000014 0.953125 0.12968750000000012 0.953125 0.12968750000000012 0.9765625 0.14062500000000014 0.9765625
4 0.6687500000000002 0.846875 0.6500000000000001 0.846875 0.6500000000000001 0.875 0.6687500000000002 0.875
4 0.5875000000000001 0.9 0.5718750000000001 0.9 0.5718750000000001 0.91875 0.5875000000000001 0.91875
4 0.7484375000000002 0.846875 0.7328125000000002 0.846875 0.7328125000000002 0.8796875 0.7484375000000002 0.8796875
0 0.959375 0.8640625 0.9390625 0.8640625 0.9390625 0.89375 0.959375 0.89375