2 0.05468750000000007 0.4671875 0.025000000000000057 0.4671875 0.025000000000000057 0.490625 0.05468750000000007 0.490625
2 0.17812500000000003 0.44375 0.15781250000000005 0.44375 0.15781250000000005 0.4640625 0.17812500000000003 0.4640625
2 0.12812500000000004 0.4515625 0.10156250000000004 0.4515625 0.10156250000000004 0.478125 0.12812500000000004 0.478125
0 0.05937500000000007 0.5484375 0.04375000000000007 0.5484375 0.04375000000000007 0.5703125 0.05937500000000007 0.5703125
6 0.2015625000000001 0.4625 0.17187500000000006 0.4625 0.17187500000000006 0.4828125 0.2015625000000001 0.4828125
4 0.05312500000000005 0.4359375 0.04218750000000006 0.4359375 0.04218750000000006 0.446875 0.05312500000000005 0.446875
4 0.060937500000000054 0.45 0.046875000000000056 0.45 0.046875000000000056 0.4609375 0.06093750000000007 0.4609375
4 0.07656250000000005 0.428125 0.06250000000000004 0.428125 0.06250000000000004 0.44375 0.07656250000000005 0.44375
4 0.10468750000000004 0.421875 0.09375000000000004 0.421875 0.09375000000000004 0.4375 0.10468750000000004 0.4375
4 0.10781250000000005 0.4421875 0.09218750000000005 0.4421875 0.09218750000000006 0.4546875 0.10781250000000005 0.4546875
4 0.12656250000000005 0.4265625 0.11562500000000005 0.4265625 0.11562500000000005 0.4375 0.12656250000000005 0.4375
4 0.13750000000000004 0.4421875 0.12656250000000005 0.4421875 0.12656250000000005 0.45625 0.13750000000000004 0.45625
4 0.15781250000000005 0.4296875 0.14375000000000004 0.4296875 0.14375000000000004 0.4390625 0.15781250000000005 0.4390625
4 0.15625000000000006 0.440625 0.14062500000000006 0.440625 0.14062500000000006 0.459375 0.15625000000000006 0.459375
4 0.13281250000000006 0.5296875 0.12187500000000004 0.5296875 0.12187500000000004 0.5390625 0.13281250000000006 0.5390625
4 0.08125000000000007 0.534375 0.06718750000000007 0.534375 0.06718750000000007 0.54375 0.08125000000000007 0.54375
4 0.08125000000000007 0.5625 0.07031250000000007 0.5625 0.07031250000000007 0.5734375 0.08125000000000007 0.5734375
4 0.029687500000000068 0.5609375 0.014062500000000066 0.5609375 0.01406250000000007 0.578125 0.029687500000000068 0.578125
4 0.020312500000000067 0.5359375 0.006250000000000066 0.5359375 0.006250000000000066 0.546875 0.020312500000000067 0.546875
4 0.13906250000000006 0.540625 0.12968750000000004 0.540625 0.12968750000000007 0.5578125 0.1390625000000001 0.5578125
4 0.1515625000000001 0.55 0.14218750000000008 0.55 0.14218750000000008 0.5625 0.1515625000000001 0.5625
4 0.17187500000000006 0.5265625 0.16093750000000004 0.5265625 0.16093750000000004 0.5375 0.17187500000000006 0.5375
4 0.17968750000000008 0.553125 0.1703125000000001 0.553125 0.1703125000000001 0.565625 0.17968750000000008 0.565625
4 0.1765625000000001 0.5703125 0.1671875000000001 0.5703125 0.1671875000000001 0.58125 0.1765625000000001 0.58125
4 0.19687500000000008 0.5546875 0.1859375000000001 0.5546875 0.1859375000000001 0.565625 0.19687500000000008 0.565625
4 0.21875000000000008 0.5484375 0.2093750000000001 0.5484375 0.2093750000000001 0.559375 0.21875000000000008 0.559375
4 0.23593750000000008 0.5390625 0.22812500000000008 0.5390625 0.22812500000000008 0.55 0.23593750000000008 0.55
4 0.2500000000000001 0.5609375 0.23593750000000008 0.5609375 0.23593750000000008 0.5765625 0.2500000000000001 0.5765625
4 0.22812500000000008 0.45 0.2171875000000001 0.45 0.2171875000000001 0.459375 0.22812500000000008 0.459375
4 0.2453125000000001 0.43125 0.2375000000000001 0.43125 0.2375000000000001 0.440625 0.2453125000000001 0.440625
4 0.2656250000000001 0.440625 0.2515625000000001 0.440625 0.2515625000000001 0.45 0.2656250000000001 0.45
4 0.3187500000000001 0.425 0.30937500000000007 0.425 0.30937500000000007 0.4390625 0.3187500000000001 0.4390625
4 0.34062500000000007 0.434375 0.3296875000000001 0.434375 0.3296875000000001 0.4484375 0.34062500000000007 0.4484375
2 0.3312500000000001 0.4546875 0.30937500000000007 0.4546875 0.30937500000000007 0.4734375 0.3312500000000001 0.4734375
4 0.3468750000000001 0.5390625 0.3359375000000001 0.5390625 0.3359375000000001 0.553125 0.3468750000000001 0.553125
4 0.3687500000000001 0.5625 0.3593750000000001 0.5625 0.3593750000000001 0.5796875 0.3687500000000001 0.5796875
4 0.3781250000000001 0.55 0.3671875000000001 0.55 0.3671875000000001 0.5640625 0.3781250000000001 0.5640625
4 0.3843750000000001 0.428125 0.3703125000000001 0.428125 0.3703125000000001 0.4453125 0.3843750000000001 0.4453125
4 0.428125 0.4265625 0.415625 0.4265625 0.415625 0.4421875 0.428125 0.4421875
4 0.4890625 0.4453125 0.4796875 0.4453125 0.4796875 0.4609375 0.4890625 0.4609375
2 0.521875 0.45625 0.496875 0.45625 0.496875 0.4734375 0.521875 0.4734375
2 0.515625 0.515625 0.490625 0.515625 0.490625 0.5390625 0.515625 0.5390625
2 0.6546875 0.5171875 0.63125 0.5171875 0.63125 0.5359375 0.6546875 0.5359375
4 0.5359375 0.4265625 0.5265625 0.4265625 0.5265625 0.4421875 0.5359375 0.4421875
4 0.5328125 0.4421875 0.5203125 0.4421875 0.5203125 0.45625 0.5328125 0.45625
4 0.51875 0.4125 0.5046875 0.4125 0.5046875 0.4265625 0.51875 0.4265625
4 0.5578125 0.425 0.5453125 0.425 0.5453125 0.4390625 0.5578125 0.4390625
4 0.5890625 0.4203125 0.575 0.4203125 0.575 0.4359375 0.5890625 0.4359375
4 0.559375 0.5234375 0.546875 0.5234375 0.546875 0.540625 0.559375 0.540625
4 0.5109375 0.54375 0.5 0.54375 0.5 0.5546875 0.5109375 0.5546875
4 0.584375 0.5421875 0.5734375 0.5421875 0.5734375 0.55625 0.584375 0.55625
4 0.603125 0.5546875 0.59375 0.5546875 0.59375 0.5671875 0.603125 0.5671875
4 0.6484375 0.54375 0.634375 0.54375 0.634375 0.5578125 0.6484375 0.5578125
4 0.684375 0.5453125 0.671875 0.5453125 0.671875 0.55625 0.684375 0.55625
4 0.734375 0.5328125000000001 0.7203125 0.5328125 0.7203125 0.5437500000000001 0.734375 0.5437500000000002
4 0.6390625 0.4234375 0.625 0.4234375 0.625 0.4390625 0.6390625 0.4390625
4 0.6359375 0.4546875 0.625 0.4546875 0.625 0.46875 0.6359375 0.46875
4 0.671875 0.4125 0.6546875 0.4125 0.6546875 0.4234375 0.671875 0.4234375
2 0.7296875 0.5484375000000001 0.7109375 0.5484375 0.7109375 0.565625 0.7296875 0.5656250000000002
4 0.8171875 0.4078125000000002 0.8078125 0.4078125000000002 0.8078125 0.42187500000000017 0.8171875 0.42187500000000017
4 0.8484375 0.4343750000000002 0.8359375 0.4343750000000002 0.8359375 0.44843750000000016 0.8484375 0.44843750000000016
4 0.8671875 0.41406250000000017 0.85625 0.41406250000000017 0.85625 0.4281250000000002 0.8671875 0.4281250000000002
4 0.8875 0.42187500000000017 0.8765625 0.42187500000000017 0.8765625 0.4359375000000002 0.8875 0.4359375000000002
4 0.9125 0.44843750000000016 0.9015625 0.44843750000000016 0.9015625 0.4578125000000002 0.9125 0.4578125000000002
4 0.93125 0.3984375000000001 0.9171875 0.3984375000000001 0.9171875 0.4187500000000002 0.93125 0.4187500000000002
4 0.946875 0.4343750000000002 0.9359375 0.4343750000000002 0.9359375 0.44843750000000016 0.946875 0.44843750000000016
4 0.971875 0.5218750000000002 0.9609375 0.5218750000000002 0.9609375 0.5359375000000002 0.971875 0.5359375000000002
4 0.971875 0.5359375000000002 0.9578125 0.5359375000000002 0.9578125 0.5453125000000002 0.971875 0.5453125000000002
4 0.9890625 0.5437500000000002 0.975 0.5437500000000002 0.975 0.5562500000000001 0.9890625 0.5562500000000001
4 0.9984375 0.5171875000000001 0.9890625 0.5171875000000001 0.9890625 0.5234375000000002 0.9984375 0.5234375000000002
0 0.978125 0.41406250000000017 0.959375 0.41406250000000017 0.959375 0.4281250000000002 0.978125 0.4281250000000002
0 0.80625 0.5500000000000002 0.7859375 0.5500000000000002 0.7859375 0.5640625000000001 0.80625 0.5640625000000001
0 0.953125 0.5171875000000001 0.9359375 0.5171875000000001 0.9359375 0.5312500000000002 0.953125 0.5312500000000002
3 0.9828125 0.4437500000000002 0.9546875 0.4437500000000002 0.9546875 0.46406250000000016 0.9828125 0.46406250000000016
4 0.8953125 0.5187500000000002 0.88125 0.5187500000000002 0.88125 0.5328125000000001 0.8953125 0.5328125000000001
4 0.9609375 0.5312500000000002 0.9390625 0.5312500000000002 0.9390625 0.5718750000000001 0.9609375 0.5718750000000001
4 0.5703125 0.4625 0.546875 0.4625 0.546875 0.4765625 0.5703125 0.4765625