4 0.5625000000000002 0.959375 0.5578125000000002 0.959375 0.5578125000000002 0.9796875 0.5625000000000002 0.9796875
4 0.5765625000000002 0.95 0.5703125000000002 0.95 0.5703125000000002 0.96875 0.5765625000000002 0.96875
4 0.621875 0.684375 0.6171875 0.684375 0.6171875 0.7 0.621875 0.7
4 0.6515625 0.6296875 0.6453125 0.6296875 0.6453125 0.646875 0.6515625 0.646875
4 0.578125 0.696875 0.5734375 0.696875 0.5734375 0.7109375 0.578125 0.7109375
4 0.5296875 0.5984375 0.5234375 0.5984375 0.5234375 0.6140625 0.5296875 0.6140625
4 0.471875 0.5546875 0.4625 0.5546875 0.4625 0.5671875 0.471875 0.5671875
4 0.584375 0.490625 0.578125 0.490625 0.578125 0.509375 0.584375 0.509375
4 0.59375 0.4953125 0.584375 0.4953125 0.584375 0.509375 0.59375 0.509375
4 0.5921875 0.5140625 0.5859375 0.5140625 0.5859375 0.528125 0.5921875 0.528125
4 0.5828125 0.5296875 0.575 0.5296875 0.575 0.5453125 0.5828125 0.5453125
4 0.61875 0.5140625 0.6109375 0.5140625 0.6109375 0.528125 0.61875 0.528125
4 0.6359375 0.478125 0.628125 0.478125 0.628125 0.4921875 0.6359375 0.4921875
4 0.7109375 0.5140625 0.703125 0.5140625 0.703125 0.5234375 0.7109375 0.5234375
4 0.6828125 0.5140625 0.675 0.5140625 0.675 0.521875 0.6828125 0.521875
4 0.6734375 0.4375 0.6640625 0.4375 0.6640625 0.4453125 0.6734375 0.4453125
4 0.7484375 0.5750000000000002 0.7390625 0.5750000000000002 0.7390625 0.5812500000000002 0.7484375 0.5812500000000002
4 0.734375 0.5515625000000001 0.7234375 0.5515625 0.7234375 0.5609375000000001 0.734375 0.5609375000000002
4 0.7265625 0.5484375000000001 0.7171875 0.5484375 0.7171875 0.5562500000000001 0.7265625 0.5562500000000001
4 0.684375 0.5421875 0.6765625 0.5421875 0.6765625 0.546875 0.684375 0.546875
4 0.690625 0.540625 0.6828125 0.540625 0.6828125 0.5453125 0.690625 0.5453125
4 0.6921875 0.5484375 0.684375 0.5484375 0.684375 0.5546875 0.6921875 0.5546875
4 0.6859375 0.5515625 0.6765625 0.5515625 0.6765625 0.55625 0.6859375 0.55625
4 0.6921875 0.553125 0.6828125 0.553125 0.6828125 0.5609375 0.6921875 0.5609375
4 0.684375 0.559375 0.6765625 0.559375 0.6765625 0.565625 0.684375 0.565625
4 0.69375 0.5609375 0.684375 0.5609375 0.684375 0.5671875 0.69375 0.5671875
4 0.684375 0.571875 0.6734375 0.571875 0.6734375 0.5796875 0.684375 0.5796875
4 0.8171875 0.3859375000000001 0.809375 0.3859375000000001 0.809375 0.39531250000000007 0.8171875 0.39531250000000007
4 0.9671875 0.3656250000000001 0.9578125 0.3656250000000001 0.9578125 0.37187500000000007 0.9671875 0.37187500000000007
4 0.4578125 0.434375 0.4484375 0.434375 0.4484375 0.44375 0.4578125 0.44375
4 0.3968750000000001 0.4234375 0.3890625000000001 0.4234375 0.3890625000000001 0.43125 0.3968750000000001 0.43125
4 0.3765625000000001 0.415625 0.3656250000000001 0.415625 0.3656250000000001 0.421875 0.3765625000000001 0.421875
4 0.3421875000000001 0.4015625 0.33281250000000007 0.4015625 0.33281250000000007 0.4109375 0.3421875000000001 0.4109375
4 0.3078125000000001 0.4203125 0.2984375000000001 0.4203125 0.2984375000000001 0.4265625 0.3078125000000001 0.4265625
4 0.2796875000000001 0.428125 0.2718750000000001 0.428125 0.2718750000000001 0.4359375 0.2796875000000001 0.4359375
4 0.27031250000000007 0.41875 0.2609375000000001 0.41875 0.2609375000000001 0.428125 0.27031250000000007 0.428125
4 0.2375000000000001 0.43125 0.22812500000000008 0.43125 0.22812500000000008 0.440625 0.2375000000000001 0.440625
4 0.2390625000000001 0.440625 0.22812500000000008 0.440625 0.22812500000000008 0.4515625 0.2390625000000001 0.4515625
4 0.17031250000000003 0.425 0.16093750000000004 0.425 0.16093750000000004 0.434375 0.17031250000000003 0.434375
4 0.19531250000000006 0.434375 0.18593750000000003 0.434375 0.18593750000000003 0.44375 0.19531250000000006 0.44375
4 0.12031250000000004 0.4125 0.10625000000000004 0.4125 0.10625000000000004 0.41875 0.12031250000000004 0.41875
4 0.10625000000000004 0.425 0.09531250000000005 0.425 0.09531250000000005 0.43125 0.10625000000000004 0.43125
4 0.12500000000000006 0.4375 0.11406250000000004 0.4375 0.11406250000000004 0.44375 0.12500000000000006 0.44375
4 0.14843750000000006 0.4328125 0.13750000000000004 0.4328125 0.13750000000000004 0.4421875 0.14843750000000006 0.4421875
4 0.18281250000000004 0.384375 0.17343750000000005 0.384375 0.17343750000000005 0.3921875 0.18281250000000004 0.3921875
4 0.19687500000000005 0.3546875 0.18906250000000005 0.3546875 0.18906250000000005 0.3640625 0.19687500000000005 0.3640625
2 0.20625 0.28125 0.19687500000000005 0.28125 0.19687500000000005 0.3125 0.20625 0.3125
2 0.30156250000000007 0.4578125 0.28593750000000007 0.4578125 0.28593750000000007 0.46875 0.30156250000000007 0.46875
2 0.18125000000000005 0.45 0.16406250000000006 0.45 0.16406250000000006 0.465625 0.18125000000000005 0.465625
0 0.5640625 0.6328125 0.5578125 0.6328125 0.5578125 0.653125 0.5640625 0.653125
0 0.571875 0.6234375 0.565625 0.6234375 0.565625 0.64375 0.571875 0.64375
0 0.5671875 0.696875 0.5578125 0.696875 0.5578125 0.7171875 0.5671875 0.7171875
0 0.5843750000000002 0.7484375 0.5781250000000002 0.7484375 0.5781250000000002 0.76875 0.5843750000000002 0.76875
0 0.5656250000000002 0.80625 0.5562500000000001 0.80625 0.5562500000000001 0.8265625 0.5656250000000002 0.8265625
2 0.5656250000000002 0.8578125 0.5562500000000001 0.8578125 0.5562500000000001 0.8859375 0.5656250000000002 0.8859375
2 0.5734375000000002 0.83125 0.5671875000000002 0.83125 0.5671875000000002 0.8609375 0.5734375000000002 0.8609375
2 0.6140625000000002 0.76875 0.6062500000000002 0.76875 0.6062500000000002 0.7984375 0.6140625000000002 0.7984375
2 0.5765625000000002 0.73125 0.5687500000000002 0.73125 0.5687500000000002 0.7671875 0.5765625000000002 0.7671875
2 0.5796875 0.6625 0.571875 0.6625 0.571875 0.69375 0.5796875 0.69375
2 0.5765625 0.5859375 0.56875 0.5859375 0.56875 0.6109375 0.5765625 0.6109375
2 0.5953125 0.590625 0.5875 0.590625 0.5875 0.6140625 0.5953125 0.6140625
2 0.584375 0.621875 0.575 0.621875 0.575 0.653125 0.584375 0.653125
2 0.590625 0.659375 0.58125 0.659375 0.58125 0.6875 0.590625 0.6875
2 0.5875000000000001 0.70625 0.5796875 0.70625 0.5796875000000001 0.7375 0.5875000000000001 0.7375
2 0.5859375000000002 0.7921875 0.5765625000000002 0.7921875 0.5765625000000002 0.8234375 0.5859375000000002 0.8234375
2 0.5984375 0.534375 0.5875 0.534375 0.5875 0.5640625 0.5984375 0.5640625
2 0.690625 0.5265625 0.6734375 0.5265625 0.6734375 0.540625 0.690625 0.540625
2 0.715625 0.5515625 0.6984375 0.5515625 0.6984375 0.5625 0.715625 0.5625
2 0.7265625 0.5359375000000001 0.709375 0.5359375 0.709375 0.55 0.7265625 0.5500000000000002
2 0.734375 0.5109375 0.7171875 0.5109375 0.7171875 0.5250000000000001 0.734375 0.5250000000000001
2 0.7484375 0.5359375000000002 0.7328125 0.5359375000000002 0.7328125 0.5500000000000002 0.7484375 0.5500000000000002
2 0.7671875 0.5234375000000002 0.7515625 0.5234375000000002 0.7515625 0.5406250000000001 0.7671875 0.5406250000000001
2 0.784375 0.5375000000000002 0.7671875 0.5375000000000002 0.7671875 0.5531250000000002 0.784375 0.5531250000000002
2 0.80625 0.5031250000000002 0.7875 0.5031250000000002 0.7875 0.5187500000000002 0.80625 0.5187500000000002
2 0.7890625 0.3296875000000001 0.78125 0.3296875000000001 0.78125 0.35625000000000007 0.7890625 0.35625000000000007
2 0.8390625 0.3453125000000001 0.8234375 0.3453125000000001 0.8234375 0.3609375000000001 0.8390625 0.3609375000000001
1 0.934375 0.5000000000000002 0.8796875 0.5000000000000002 0.8796875 0.5281250000000002 0.934375 0.5281250000000002
2 0.9640625 0.4968750000000002 0.94375 0.4968750000000002 0.94375 0.5171875000000001 0.9640625 0.5171875000000001
2 1 0.5187500000000002 0.9828125 0.5187500000000002 0.9828125 0.5343750000000002 1 0.5343750000000002
4 0.934375 0.5343750000000002 0.921875 0.5343750000000002 0.921875 0.5437500000000002 0.934375 0.5437500000000002
0 0.7984375 0.3515625000000001 0.7890625 0.3515625000000001 0.7890625 0.37187500000000007 0.7984375 0.37187500000000007
2 0.68125 0.403125 0.6625 0.403125 0.6625 0.425 0.68125 0.425
2 0.4984375 0.440625 0.4828125 0.440625 0.4828125 0.459375 0.4984375 0.459375
2 0.4859375 0.4078125 0.4671875 0.4078125 0.4671875 0.4234375 0.4859375 0.4234375
2 0.4703125 0.45 0.4515625 0.45 0.4515625 0.4640625 0.4703125 0.4640625
0 0.575 0.37187500000000007 0.5625 0.37187500000000007 0.5625 0.3859375000000001 0.575 0.3859375000000001
2 0.3609375000000001 0.4296875 0.3453125000000001 0.4296875 0.3453125000000001 0.44375 0.3609375000000001 0.44375
0 0.4234375 0.4390625 0.409375 0.4390625 0.409375 0.45 0.4234375 0.45
0 0.24375000000000008 0.378125 0.2328125000000001 0.378125 0.2328125000000001 0.4 0.24375000000000008 0.4
0 0.16250000000000003 0.3875 0.15156250000000004 0.3875 0.15156250000000004 0.4015625 0.16250000000000003 0.4015625
0 0.13281250000000006 0.41875 0.11875000000000005 0.41875 0.11875000000000005 0.4328125 0.13281250000000006 0.4328125
2 0.03281250000000006 0.421875 0.01250000000000005 0.421875 0.012500000000000053 0.4421875 0.03281250000000006 0.4421875
2 0.06718750000000007 0.5671875 0.04687500000000007 0.5671875 0.04687500000000007 0.5859375 0.06718750000000007 0.5859375
4 0.032812500000000064 0.553125 0.018750000000000065 0.553125 0.018750000000000065 0.565625 0.032812500000000064 0.565625
4 0.03281250000000005 0.403125 0.02343750000000005 0.403125 0.02343750000000005 0.4140625 0.03281250000000006 0.4140625
2 0.5125 0.5453125 0.49375 0.5453125 0.49375 0.5703125 0.5125 0.5703125
0 0.61875 0.49375 0.60625 0.49375 0.60625 0.5140625 0.61875 0.5140625
0 0.60625 0.4796875 0.596875 0.4796875 0.596875 0.5015625 0.60625 0.5015625