4 0.0312500000000001 0.8109375 0.0187500000000001 0.8109375 0.0187500000000001 0.821875 0.0312500000000001 0.821875
4 0.10156250000000008 0.7984375 0.08593750000000008 0.7984375 0.08593750000000008 0.8109375 0.10156250000000008 0.8109375
4 0.15468750000000012 0.90625 0.14218750000000008 0.90625 0.1421875000000001 0.91875 0.15468750000000014 0.91875
4 0.20468750000000008 0.78125 0.19531250000000008 0.78125 0.19531250000000008 0.79375 0.20468750000000008 0.79375
4 0.20468750000000008 0.70625 0.1937500000000001 0.70625 0.1937500000000001 0.721875 0.20468750000000008 0.721875
5 0.2453125000000001 0.66875 0.18906250000000008 0.66875 0.18906250000000008 0.69375 0.2453125000000001 0.69375
5 0.3046875000000001 0.6578125 0.2468750000000001 0.6578125 0.2468750000000001 0.6890625 0.3046875000000001 0.6890625
2 0.14843750000000014 0.93125 0.12812500000000013 0.93125 0.12812500000000013 0.9515625 0.14843750000000014 0.9515625
0 0.14531250000000012 0.9671875 0.12968750000000012 0.9671875 0.12968750000000012 0.9875 0.14531250000000012 0.9875
2 0.2531250000000001 0.815625 0.2296875000000001 0.815625 0.2296875000000001 0.840625 0.2531250000000001 0.840625
2 0.40937500000000016 0.871875 0.3828125000000001 0.871875 0.3828125000000001 0.9 0.40937500000000016 0.9
4 0.45312500000000017 0.7796875 0.4421875000000002 0.7796875 0.4421875000000002 0.79375 0.45312500000000017 0.79375
4 0.4984375000000002 0.784375 0.48437500000000017 0.784375 0.48437500000000017 0.7984375 0.4984375000000002 0.7984375
4 0.4812500000000002 0.8890625 0.4656250000000002 0.8890625 0.4656250000000002 0.9046875 0.4812500000000002 0.9046875
4 0.5234375000000002 0.8984375 0.5125000000000002 0.8984375 0.5125000000000002 0.9140625 0.5234375000000002 0.9140625
4 0.5625000000000002 0.9140625 0.5484375000000001 0.9140625 0.5484375000000001 0.93125 0.5625000000000002 0.93125
0 0.5187500000000002 0.9484375 0.5000000000000002 0.9484375 0.5000000000000002 0.965625 0.5187500000000002 0.965625
4 0.478125 0.653125 0.46875 0.653125 0.46875 0.675 0.478125 0.675
4 0.4828125 0.5828125 0.475 0.5828125 0.475 0.6078125 0.4828125 0.6078125
0 0.478125 0.540625 0.46875 0.540625 0.46875 0.565625 0.478125 0.565625
4 0.5812500000000002 0.740625 0.5656250000000002 0.740625 0.5656250000000002 0.7578125 0.5812500000000002 0.7578125
4 0.5812500000000002 0.7890625 0.5656250000000002 0.7890625 0.5656250000000002 0.8 0.5812500000000002 0.8
2 0.5953125000000001 0.8078125 0.5687500000000002 0.8078125 0.5687500000000002 0.83125 0.5953125000000001 0.83125
4 0.6296875000000002 0.7875 0.6140625000000002 0.7875 0.6140625000000002 0.8015625 0.6296875000000002 0.8015625
2 0.6828125000000002 0.8140625 0.6593750000000002 0.8140625 0.6593750000000002 0.8375 0.6828125000000002 0.8375
4 0.7265625000000002 0.7859375000000001 0.7156250000000002 0.7859375 0.7156250000000002 0.8046875 0.7265625000000002 0.8046875
0 0.7750000000000001 0.7703125000000002 0.7578125000000002 0.7703125000000002 0.7578125000000002 0.7921875000000002 0.7750000000000001 0.7921875000000002
0 0.80625 0.7078125000000002 0.7921875 0.7078125000000002 0.7921875 0.7281250000000001 0.80625 0.7281250000000001
4 0.7937500000000002 0.7921875000000002 0.7828125000000001 0.7921875000000002 0.7828125000000001 0.8046875 0.7937500000000002 0.8046875
4 0.8203125 0.8 0.809375 0.8 0.809375 0.8140625 0.8203125 0.8140625
4 0.85625 0.8828125 0.8421875 0.8828125 0.8421875 0.896875 0.85625 0.896875
4 0.9484375 0.7328125000000002 0.9375 0.7328125000000002 0.9375 0.7453125000000002 0.9484375 0.7453125000000002
0 0.4671875 0.525 0.4578125 0.525 0.4578125 0.5484375 0.4671875 0.5484375
2 0.484375 0.478125 0.4734375 0.478125 0.4734375 0.5140625 0.484375 0.5140625
4 0.48125 0.3859375000000001 0.4765625 0.3859375000000001 0.4765625 0.403125 0.48125 0.403125
4 0.4859375 0.39531250000000007 0.48125 0.39531250000000007 0.48125 0.415625 0.4859375 0.415625
0 0.471875 0.3765625000000001 0.4640625 0.3765625000000001 0.4640625 0.4015625 0.471875 0.4015625
4 0.4703125 0.21093750000000008 0.4640625 0.21093750000000008 0.4640625 0.2296875000000001 0.4703125 0.2296875000000001
4 0.5125 0.2093750000000001 0.5046875 0.2093750000000001 0.5046875 0.22812500000000008 0.5125 0.22812500000000008
4 0.46875 0.14062500000000006 0.4625 0.14062500000000006 0.4625 0.15937500000000004 0.46875 0.15937500000000004