4 0.050000000000000114 0.9140625 0.03125000000000011 0.9140625 0.03125000000000011 0.94375 0.050000000000000114 0.94375
4 0.0875000000000001 0.8265625 0.07500000000000011 0.8265625 0.07500000000000011 0.8453125 0.0875000000000001 0.8453125
4 0.11562500000000009 0.85625 0.10156250000000008 0.85625 0.10156250000000008 0.8828125 0.11562500000000009 0.8828125
4 0.1390625000000001 0.8578125 0.12500000000000008 0.8578125 0.12500000000000008 0.8734375 0.1390625000000001 0.8734375
4 0.16406250000000008 0.85 0.14843750000000008 0.85 0.14843750000000008 0.875 0.16406250000000008 0.875
4 0.22812500000000008 0.871875 0.21250000000000008 0.871875 0.21250000000000008 0.8984375 0.22812500000000008 0.8984375
4 0.2875000000000001 0.878125 0.27031250000000007 0.878125 0.27031250000000007 0.9046875 0.2875000000000001 0.9046875
4 0.3703125000000001 0.8875 0.3531250000000001 0.8875 0.3531250000000001 0.9109375 0.3703125000000001 0.9109375
4 0.3609375000000001 0.8265625 0.3453125000000001 0.8265625 0.3453125000000001 0.85 0.3609375000000001 0.85
4 0.4781250000000002 0.8953125 0.46406250000000016 0.8953125 0.46406250000000016 0.9171875 0.4781250000000002 0.9171875
0 0.05312500000000009 0.68125 0.034375000000000086 0.68125 0.034375000000000086 0.703125 0.05312500000000009 0.703125
0 0.43281250000000016 0.7796875 0.4109375000000002 0.7796875 0.4109375000000002 0.8046875 0.43281250000000016 0.8046875
2 0.5546875000000002 0.7796875 0.5250000000000001 0.7796875 0.5250000000000001 0.809375 0.5546875000000002 0.809375
3 0.14843750000000008 0.68125 0.11250000000000009 0.68125 0.11250000000000009 0.709375 0.14843750000000008 0.709375
6 0.4671875000000002 0.846875 0.42187500000000017 0.846875 0.42187500000000017 0.88125 0.4671875000000002 0.88125
3 0.4203125000000002 0.8296875 0.3984375000000001 0.8296875 0.3984375000000001 0.8484375 0.4203125000000002 0.8484375
4 0.46875 0.5078125 0.4625 0.5078125 0.4625 0.525 0.46875 0.525
4 0.471875 0.4640625 0.465625 0.4640625 0.465625 0.4828125 0.471875 0.4828125
4 0.4859375 0.425 0.478125 0.425 0.478125 0.446875 0.4859375 0.446875
4 0.53125 0.44375 0.525 0.44375 0.525 0.4640625 0.53125 0.4640625
4 0.5296875 0.3437500000000001 0.5234375 0.3437500000000001 0.5234375 0.3656250000000001 0.5296875 0.3656250000000001
4 0.4640625 0.16250000000000003 0.4578125 0.16250000000000003 0.4578125 0.18125000000000005 0.4640625 0.18125000000000005
4 0.4734375 0.15312500000000004 0.4671875 0.15312500000000004 0.4671875 0.17343750000000005 0.4734375 0.17343750000000005
2 0.5171875 0.09062500000000007 0.5046875 0.09062500000000007 0.5046875 0.14218750000000005 0.5171875 0.14218750000000005
4 0.928125 0.8 0.9140625 0.8 0.9140625 0.815625 0.928125 0.815625
4 0.9734375 0.8125 0.9625 0.8125 0.9625 0.8265625 0.9734375 0.8265625
4 0.9625 0.85 0.9484375 0.85 0.9484375 0.865625 0.9625 0.865625
4 0.6656250000000001 0.759375 0.6515625000000002 0.759375 0.6515625000000002 0.7734375 0.6656250000000001 0.7734375