1 0.2593750000000001 0.653125 0.20468750000000008 0.653125 0.20468750000000008 0.6828125 0.2593750000000001 0.6828125
1 0.3156250000000001 0.64375 0.26250000000000007 0.64375 0.26250000000000007 0.6765625 0.3156250000000001 0.6765625
1 0.5109375000000002 0.8609375 0.4546875000000002 0.8609375 0.4546875000000002 0.896875 0.5109375000000002 0.896875
2 0.12031250000000009 0.7859375 0.10156250000000008 0.7859375 0.10156250000000008 0.8015625 0.12031250000000009 0.8015625
6 0.12656250000000008 0.846875 0.09687500000000011 0.846875 0.09687500000000011 0.871875 0.12656250000000008 0.871875
2 0.1703125000000001 0.85625 0.15000000000000008 0.85625 0.15000000000000008 0.875 0.1703125000000001 0.875
2 0.18750000000000008 0.8796875 0.1687500000000001 0.8796875 0.1687500000000001 0.8984375 0.18750000000000008 0.8984375
2 0.2406250000000001 0.846875 0.21875000000000008 0.846875 0.21875000000000008 0.8671875 0.2406250000000001 0.8671875
4 0.18125000000000008 0.771875 0.1703125000000001 0.771875 0.1703125000000001 0.78125 0.18125000000000008 0.78125
4 0.14062500000000008 0.7203125 0.1296875000000001 0.7203125 0.1296875000000001 0.7296875 0.14062500000000008 0.7296875
4 0.14843750000000008 0.6984375 0.1375000000000001 0.6984375 0.1375000000000001 0.709375 0.14843750000000008 0.709375
4 0.2375000000000001 0.69375 0.2250000000000001 0.69375 0.2250000000000001 0.7046875 0.2375000000000001 0.7046875
0 0.2640625000000001 0.878125 0.2484375000000001 0.878125 0.2484375000000001 0.8921875 0.2640625000000001 0.8921875
0 0.3296875000000001 0.7625 0.3156250000000001 0.7625 0.3156250000000001 0.7765625 0.3296875000000001 0.7765625
4 0.3046875000000001 0.7796875 0.2921875000000001 0.7796875 0.2921875000000001 0.79375 0.3046875000000001 0.79375
2 0.3468750000000001 0.790625 0.32500000000000007 0.790625 0.32500000000000007 0.809375 0.3468750000000001 0.809375
2 0.46406250000000016 0.7875 0.4437500000000002 0.7875 0.4437500000000002 0.8046875 0.46406250000000016 0.8046875
0 0.4671875000000002 0.759375 0.45312500000000017 0.759375 0.45312500000000017 0.7734375 0.4671875000000002 0.7734375
2 0.5546875000000001 0.7 0.534375 0.7 0.534375 0.7375 0.5546875000000002 0.7375
4 0.5265625000000002 0.775 0.5156250000000002 0.775 0.5156250000000002 0.7890625 0.5265625000000002 0.7890625
2 0.5281250000000002 0.8109375 0.5156250000000002 0.8109375 0.5156250000000002 0.8484375 0.5281250000000002 0.8484375
2 0.5546875000000002 0.859375 0.5296875000000002 0.859375 0.5296875000000002 0.8828125 0.5546875000000002 0.8828125
4 0.5437500000000002 0.80625 0.5343750000000002 0.80625 0.5343750000000002 0.8171875 0.5437500000000002 0.8171875
4 0.5484375000000001 0.8234375 0.5375000000000002 0.8234375 0.5375000000000002 0.8359375 0.5484375000000001 0.8359375
4 0.5562500000000001 0.8125 0.5484375000000001 0.8125 0.5484375000000001 0.8265625 0.5562500000000001 0.8265625
3 0.5906250000000002 0.8203125 0.5656250000000002 0.8203125 0.5656250000000002 0.8515625 0.5906250000000002 0.8515625
2 0.6234375000000002 0.83125 0.6031250000000001 0.83125 0.6031250000000001 0.8515625 0.6234375000000002 0.8515625
2 0.6921875000000002 0.85625 0.6718750000000002 0.85625 0.6718750000000002 0.875 0.6921875000000002 0.875
0 0.7406250000000002 0.88125 0.7265625000000002 0.88125 0.7265625000000002 0.896875 0.7406250000000002 0.896875
4 0.8234375 0.8453125 0.8109375 0.8453125 0.8109375 0.85625 0.8234375 0.85625
4 0.8640625 0.86875 0.85 0.86875 0.85 0.8796875 0.8640625 0.8796875
4 0.9546875 0.7687500000000002 0.9421875 0.7687500000000002 0.9421875 0.7781250000000002 0.9546875 0.7781250000000002
2 0.828125 0.7968750000000002 0.809375 0.7968750000000002 0.809375 0.815625 0.828125 0.815625
2 0.7671875000000001 0.7625000000000002 0.7437500000000001 0.7625000000000002 0.7437500000000001 0.7828125000000001 0.7671875000000001 0.7828125000000001
4 0.7609375000000002 0.7937500000000002 0.7500000000000002 0.7937500000000002 0.7500000000000002 0.8046875 0.7609375000000002 0.8046875
2 0.6687500000000002 0.775 0.6453125000000002 0.775 0.6453125000000002 0.796875 0.6687500000000002 0.796875
4 0.5843750000000002 0.7875 0.5734375000000002 0.7875 0.5734375000000002 0.7984375 0.5843750000000002 0.7984375
4 0.6031250000000001 0.78125 0.5906250000000002 0.78125 0.5906250000000002 0.7921875 0.6031250000000001 0.7921875
4 0.6000000000000002 0.7296875 0.5890625000000002 0.7296875 0.5890625000000002 0.74375 0.6000000000000002 0.74375
4 0.7062500000000002 0.759375 0.6953125000000002 0.759375 0.6953125000000002 0.7703125 0.7062500000000002 0.7703125
2 0.534375 0.5828125 0.5203125 0.5828125 0.5203125 0.6296875 0.534375 0.6296875
2 0.4859375 0.5875 0.475 0.5875 0.475 0.621875 0.4859375 0.621875
2 0.5328125 0.509375 0.521875 0.509375 0.521875 0.553125 0.5328125 0.553125
2 0.51875 0.28593750000000007 0.5078125 0.28593750000000007 0.5078125 0.31718750000000007 0.51875 0.31718750000000007
4 0.5328125 0.3203125000000001 0.528125 0.3203125000000001 0.528125 0.34062500000000007 0.5328125 0.34062500000000007
4 0.4734375 0.014062500000000056 0.46875 0.014062500000000056 0.46875 0.037500000000000054 0.4734375 0.037500000000000054
2 0.490625 0.06562500000000007 0.4796875 0.06562500000000007 0.4796875 0.10468750000000004 0.490625 0.10468750000000004
0 0.63125 0.6578125 0.6171875 0.6578125 0.6171875 0.671875 0.63125 0.671875
2 0.74375 0.6781250000000001 0.725 0.678125 0.725 0.6937500000000001 0.74375 0.6937500000000002
4 0.871875 0.6796875000000002 0.859375 0.6796875000000002 0.859375 0.6906250000000002 0.871875 0.6906250000000002
4 0.8953125 0.6968750000000001 0.884375 0.6968750000000001 0.884375 0.7093750000000002 0.8953125 0.7093750000000002
4 0.9109375 0.6812500000000001 0.9 0.6812500000000001 0.9 0.6906250000000002 0.9109375 0.6906250000000002
4 0.9484375 0.6781250000000002 0.940625 0.6781250000000002 0.940625 0.6859375000000002 0.9484375 0.6859375000000002
4 0.4031250000000002 0.928125 0.3906250000000001 0.928125 0.3906250000000001 0.9421875 0.4031250000000002 0.9421875
0 0.16250000000000014 0.946875 0.14843750000000014 0.946875 0.14843750000000014 0.9625 0.16250000000000014 0.9625