2 0.2156250000000001 0.3671875 0.2015625000000001 0.3671875 0.2015625000000001 0.4125 0.2156250000000001 0.4125
2 0.22812500000000008 0.459375 0.2156250000000001 0.459375 0.2156250000000001 0.5046875 0.22812500000000008 0.5046875
2 0.2218750000000001 0.5015625 0.21093750000000008 0.5015625 0.21093750000000008 0.53125 0.2218750000000001 0.53125
2 0.06250000000000008 0.6234375 0.037500000000000075 0.6234375 0.037500000000000075 0.64375 0.06250000000000008 0.64375
2 0.07656250000000009 0.6609375 0.04843750000000008 0.6609375 0.048437500000000085 0.68125 0.07656250000000009 0.68125
2 0.1453125000000001 0.646875 0.12500000000000008 0.646875 0.12500000000000008 0.6671875 0.1453125000000001 0.6671875
2 0.4234375 0.4484375 0.415625 0.4484375 0.415625 0.484375 0.4234375 0.484375
2 0.4640625 0.478125 0.45 0.478125 0.45 0.51875 0.4640625 0.51875
2 0.4234375 0.4875 0.4125 0.4875 0.4125 0.534375 0.4234375 0.534375
2 0.45 0.6 0.4390625 0.6 0.4390625 0.6328125 0.45 0.6328125
2 0.46562500000000007 0.69375 0.45 0.69375 0.45000000000000007 0.734375 0.4656250000000002 0.734375
2 0.221875 0.2796875 0.2046875 0.2796875 0.2046875 0.321875 0.221875 0.321875
2 0.20312500000000008 0.7078125 0.1859375000000001 0.7078125 0.1859375000000001 0.73125 0.20312500000000008 0.73125
2 0.4000000000000002 0.75625 0.3828125000000001 0.75625 0.3828125000000001 0.796875 0.4000000000000002 0.796875
2 0.39531250000000007 0.828125 0.3828125000000001 0.828125 0.3828125000000001 0.8515625 0.39531250000000007 0.8515625
2 0.40625000000000017 0.8703125 0.37968750000000007 0.8703125 0.37968750000000007 0.8921875 0.40625000000000017 0.8921875
2 0.3968750000000001 0.8484375 0.3843750000000001 0.8484375 0.3843750000000001 0.8703125 0.3968750000000001 0.8703125
2 0.39531250000000007 0.93125 0.3765625000000001 0.93125 0.3765625000000001 0.95625 0.39531250000000007 0.95625
2 0.534375 0.715625 0.5203125 0.715625 0.5203125000000001 0.746875 0.5343750000000002 0.746875
2 0.5468750000000001 0.7125 0.534375 0.7125 0.534375 0.753125 0.5468750000000002 0.753125
2 0.5468750000000002 0.7515625 0.5328125000000001 0.7515625 0.5328125000000001 0.778125 0.5468750000000002 0.778125
2 0.5343750000000002 0.83125 0.5203125000000002 0.83125 0.5203125000000002 0.865625 0.5343750000000002 0.865625
2 0.55 0.4515625 0.5390625 0.4515625 0.5390625 0.5078125 0.55 0.5078125
2 0.625 0.4484375 0.5984375 0.4484375 0.5984375 0.46875 0.625 0.46875
2 0.625 0.4625 0.6015625 0.4625 0.6015625 0.4859375 0.625 0.4859375
2 0.6546875 0.49375 0.63125 0.49375 0.63125 0.5203125 0.6546875 0.5203125
2 0.69375 0.49375 0.675 0.49375 0.675 0.5234375 0.69375 0.5234375
2 0.6921875 0.5203125 0.68125 0.5203125 0.68125 0.5625 0.6921875 0.5625
2 0.621875 0.5046875 0.6046875 0.5046875 0.6046875 0.521875 0.621875 0.521875
1 0.465625 0.5515625 0.446875 0.5515625 0.446875 0.6359375 0.465625 0.6359375
1 0.5265625 0.4328125 0.5078125 0.4328125 0.5078125 0.5234375 0.5265625 0.5234375
2 0.5296875 0.39531250000000007 0.5171875 0.39531250000000007 0.5171875 0.4328125 0.5296875 0.4328125
2 0.5718750000000001 0.9578125 0.5546875000000002 0.9578125 0.5546875000000002 0.978125 0.5718750000000001 0.978125
2 0.5718750000000001 0.975 0.5578125000000002 0.975 0.5578125000000002 0.9953125 0.5718750000000001 0.9953125
0 0.3281250000000001 0.6546875 0.3125000000000001 0.6546875 0.3125000000000001 0.6859375 0.3281250000000001 0.6859375
0 0.4015625 0.5953125 0.3906250000000001 0.5953125 0.3906250000000001 0.6109375 0.4015625 0.6109375
0 0.434375 0.5828125 0.4171875 0.5828125 0.4171875 0.6046875 0.434375 0.6046875
2 0.45000000000000007 0.7046875 0.4390625 0.7046875 0.4390625000000001 0.7375 0.4500000000000002 0.7375
2 0.5703125 0.4953125 0.55625 0.4953125 0.55625 0.5203125 0.5703125 0.5203125
2 0.534375 0.578125 0.5203125 0.578125 0.5203125 0.6046875 0.534375 0.6046875
2 0.525 0.6484375 0.509375 0.6484375 0.509375 0.675 0.525 0.675
0 0.5406250000000001 0.775 0.5265625000000002 0.775 0.5265625000000002 0.803125 0.5406250000000001 0.803125
0 0.5437500000000002 0.8015625 0.5328125000000001 0.8015625 0.5328125000000001 0.8296875 0.5437500000000002 0.8296875
0 0.5500000000000002 0.8921875 0.5343750000000002 0.8921875 0.5343750000000002 0.9125 0.5500000000000002 0.9125
0 0.5515625000000002 0.8640625 0.5343750000000002 0.8640625 0.5343750000000002 0.8890625 0.5515625000000002 0.8890625
0 0.5484375000000001 0.840625 0.5328125000000001 0.840625 0.5328125000000001 0.8671875 0.5484375000000001 0.8671875
0 0.5250000000000001 0.91875 0.5156250000000002 0.91875 0.5156250000000002 0.94375 0.5250000000000001 0.94375
0 0.5375000000000002 0.915625 0.5234375000000002 0.915625 0.5234375000000002 0.940625 0.5375000000000002 0.940625
0 0.5312500000000002 0.9453125 0.5203125000000002 0.9453125 0.5203125000000002 0.975 0.5312500000000002 0.975
0 0.5437500000000002 0.9484375 0.5296875000000002 0.9484375 0.5296875000000002 0.971875 0.5437500000000002 0.971875
0 0.6515625 0.29375000000000007 0.6375 0.29375000000000007 0.6375 0.31718750000000007 0.6515625 0.31718750000000007
0 0.66875 0.3312500000000001 0.653125 0.3312500000000001 0.653125 0.3515625000000001 0.66875 0.3515625000000001
0 0.690625 0.32500000000000007 0.671875 0.32500000000000007 0.671875 0.3453125000000001 0.690625 0.3453125000000001
0 0.69375 0.30156250000000007 0.6796875 0.30156250000000007 0.6796875 0.3218750000000001 0.69375 0.3218750000000001
0 0.775 0.29375000000000007 0.75625 0.29375000000000007 0.75625 0.3156250000000001 0.775 0.3156250000000001
0 0.584375 0.475 0.5703125 0.475 0.5703125 0.4953125 0.584375 0.4953125
4 0.04843750000000009 0.69375 0.03906250000000009 0.69375 0.03906250000000009 0.709375 0.04843750000000009 0.709375
4 0.057812500000000086 0.6796875 0.045312500000000075 0.6796875 0.04531250000000008 0.696875 0.057812500000000086 0.696875
4 0.07968750000000009 0.678125 0.06406250000000009 0.678125 0.06406250000000009 0.69375 0.07968750000000009 0.69375
4 0.12031250000000009 0.678125 0.10468750000000009 0.678125 0.10468750000000009 0.7 0.12031250000000009 0.7
4 0.1296875000000001 0.6828125 0.11875000000000009 0.6828125 0.11875000000000009 0.7 0.1296875000000001 0.7
4 0.1453125000000001 0.671875 0.13437500000000008 0.671875 0.13437500000000008 0.6828125 0.1453125000000001 0.6828125
4 0.12031250000000009 0.6734375 0.10781250000000009 0.6734375 0.10781250000000009 0.6875 0.12031250000000009 0.6875
4 0.22656250000000008 0.6390625 0.21093750000000008 0.6390625 0.21093750000000008 0.659375 0.22656250000000008 0.659375
4 0.2750000000000001 0.671875 0.2640625000000001 0.671875 0.2640625000000001 0.6890625 0.2750000000000001 0.6890625
4 0.29375000000000007 0.65625 0.2796875000000001 0.65625 0.2796875000000001 0.675 0.29375000000000007 0.675
4 0.2906250000000001 0.671875 0.27812500000000007 0.671875 0.27812500000000007 0.6890625 0.2906250000000001 0.6890625
4 0.3125000000000001 0.671875 0.3000000000000001 0.671875 0.3000000000000001 0.6859375 0.3125000000000001 0.6859375
4 0.3515625000000001 0.6625 0.3375000000000001 0.6625 0.3375000000000001 0.68125 0.3515625000000001 0.68125
4 0.3515625000000001 0.68125 0.3359375000000001 0.68125 0.3359375000000001 0.696875 0.3515625000000001 0.696875
4 0.3375000000000001 0.6234375 0.3234375000000001 0.6234375 0.3234375000000001 0.6375 0.3375000000000001 0.6375
4 0.45625 0.6390625 0.4453125 0.6390625 0.4453125 0.671875 0.45625 0.671875
4 0.4359375000000001 0.6984375 0.4265625 0.6984375 0.42656250000000007 0.728125 0.4359375000000002 0.728125
4 0.4468750000000002 0.7671875 0.4390625000000002 0.7671875 0.4390625000000002 0.7953125 0.4468750000000002 0.7953125
4 0.45625000000000016 0.771875 0.4468750000000002 0.771875 0.4468750000000002 0.7953125 0.45625000000000016 0.7953125
4 0.4437500000000002 0.85 0.4343750000000002 0.85 0.4343750000000002 0.8765625 0.4437500000000002 0.8765625
4 0.4421875000000002 0.9625 0.4312500000000002 0.9625 0.4312500000000002 0.9859375 0.4421875000000002 0.9859375
3 0.3625000000000001 0.628125 0.3453125000000001 0.628125 0.3453125000000001 0.659375 0.3625000000000001 0.659375
4 0.5171875 0.6140625 0.5078125 0.6140625 0.5078125 0.634375 0.5171875 0.634375
4 0.51875 0.7 0.509375 0.7 0.5093750000000001 0.728125 0.5187500000000002 0.728125
4 0.4484375 0.3609375000000001 0.4359375 0.3609375000000001 0.4359375 0.38750000000000007 0.4484375 0.38750000000000007
4 0.4546875 0.440625 0.4453125 0.440625 0.4453125 0.465625 0.4546875 0.465625
4 0.4578125 0.40625 0.45 0.40625 0.45 0.4265625 0.4578125 0.4265625
4 0.4671875 0.3062500000000001 0.453125 0.3062500000000001 0.453125 0.3390625000000001 0.4671875 0.3390625000000001
4 0.3265625000000001 0.6375 0.3078125000000001 0.6375 0.3078125000000001 0.6515625 0.3265625000000001 0.6515625
4 0.5203125000000002 0.95 0.5109375000000002 0.95 0.5109375000000002 0.9734375 0.5203125000000002 0.9734375
4 0.553125 0.403125 0.540625 0.403125 0.540625 0.43125 0.553125 0.43125
4 0.55625 0.4296875 0.546875 0.4296875 0.546875 0.4546875 0.55625 0.4546875
4 0.54375 0.4046875 0.5359375 0.4046875 0.5359375 0.4296875 0.54375 0.4296875
4 0.5453125 0.34062500000000007 0.5359375 0.34062500000000007 0.5359375 0.3609375000000001 0.5453125 0.3609375000000001
4 0.625 0.3500000000000001 0.6109375 0.3500000000000001 0.6109375 0.3687500000000001 0.625 0.3687500000000001
4 0.634375 0.3312500000000001 0.6140625 0.3312500000000001 0.6140625 0.3593750000000001 0.634375 0.3593750000000001
4 0.65 0.3375000000000001 0.6421875 0.3375000000000001 0.6421875 0.35625000000000007 0.65 0.35625000000000007
4 0.6625 0.35625000000000007 0.65 0.35625000000000007 0.65 0.3734375000000001 0.6625 0.3734375000000001
4 0.6546875 0.4484375 0.6453125 0.4484375 0.6453125 0.4640625 0.6546875 0.4640625
4 0.6796875 0.446875 0.6703125 0.446875 0.6703125 0.4671875 0.6796875 0.4671875
4 0.6703125 0.459375 0.659375 0.459375 0.659375 0.4734375 0.6703125 0.4734375
4 0.64375 0.475 0.6296875 0.475 0.6296875 0.4921875 0.64375 0.4921875
4 0.65625 0.484375 0.646875 0.484375 0.646875 0.503125 0.65625 0.503125
4 0.66875 0.4734375 0.6546875 0.4734375 0.6546875 0.4890625 0.66875 0.4890625
4 0.6421875 0.459375 0.6234375 0.459375 0.6234375 0.4765625 0.6421875 0.4765625
4 0.625 0.4890625 0.6140625 0.4890625 0.6140625 0.5046875 0.625 0.5046875
4 0.6140625 0.48125 0.5984375 0.48125 0.5984375 0.4984375 0.6140625 0.4984375
4 0.584375 0.496875 0.56875 0.496875 0.56875 0.5078125 0.584375 0.5078125
4 0.5390625 0.5328125 0.5296875 0.5328125 0.5296875 0.559375 0.5390625 0.559375
4 0.5156250000000002 0.896875 0.5015625000000001 0.896875 0.5015625000000001 0.9203125 0.5156250000000002 0.9203125
2 0.4375 0.3906250000000001 0.4234375 0.3906250000000001 0.4234375 0.4203125 0.4375 0.4203125
2 0.7546875 0.3359375000000001 0.7328125 0.3359375000000001 0.7328125 0.3578125000000001 0.7546875 0.3578125000000001
2 0.0984375 0.02031250000000001 0.08125 0.02031250000000001 0.08125 0.04218750000000001 0.0984375 0.04218750000000001
2 0.2 0.04687500000000002 0.175 0.04687500000000002 0.175 0.07187500000000002 0.2 0.07187500000000002
2 0.1953125 0.07500000000000002 0.175 0.07500000000000002 0.175 0.09687500000000002 0.1953125 0.09687500000000002
2 0.2328125 0.06093750000000002 0.215625 0.06093750000000002 0.215625 0.07968750000000002 0.2328125 0.07968750000000002
2 0.215625 0.050000000000000024 0.2 0.050000000000000024 0.2 0.07500000000000002 0.215625 0.07500000000000002
2 0.3 0.07968750000000005 0.2796875 0.07968750000000005 0.2796875 0.09687500000000004 0.3 0.09687500000000004
2 0.315625 0.08437500000000005 0.2984375 0.08437500000000005 0.2984375 0.10000000000000005 0.315625 0.10000000000000005
2 0.3484375 0.09218750000000005 0.3265625 0.09218750000000005 0.3265625 0.10625000000000004 0.3484375 0.10625000000000004
2 0.3390625 0.03125000000000004 0.328125 0.03125000000000004 0.328125 0.07031250000000004 0.3390625 0.07031250000000004
2 0.465625 0.004687500000000056 0.4546875 0.004687500000000055 0.4546875 0.04375000000000005 0.465625 0.04375000000000005
2 0.4140625 0.16250000000000003 0.4046875 0.16250000000000003 0.4046875 0.19531250000000006 0.4140625 0.19531250000000006
2 0.453125 0.15312500000000004 0.4390625 0.15312500000000004 0.4390625 0.18281250000000004 0.453125 0.18281250000000004
2 0.4328125 0.16562500000000005 0.415625 0.16562500000000005 0.415625 0.18593750000000003 0.4328125 0.18593750000000003
2 0.3640625 0.028125000000000046 0.3515625 0.028125000000000046 0.3515625 0.07656250000000005 0.3640625 0.07656250000000005
3 0.46875 0.12812500000000004 0.4578125 0.12812500000000004 0.4578125 0.16718750000000004 0.46875 0.16718750000000004
2 0.465625 0.19843750000000004 0.453125 0.19843750000000004 0.453125 0.24218750000000008 0.465625 0.24218750000000008
0 0.45 0.2156250000000001 0.4375 0.2156250000000001 0.4375 0.2468750000000001 0.45 0.2468750000000001
0 0.5296875 0.010937500000000063 0.5171875 0.010937500000000063 0.5171875 0.042187500000000065 0.5296875 0.042187500000000065
0 0.5546875 0.020312500000000067 0.54375 0.020312500000000067 0.54375 0.050000000000000065 0.5546875 0.050000000000000065
0 0.553125 0.10468750000000007 0.54375 0.10468750000000004 0.54375 0.13437500000000008 0.553125 0.13437500000000008
2 0.2375 0.228125 0.21875 0.228125 0.21875 0.2671875 0.2375 0.2671875
2 0.625 7.510529197895878e-17 0.6015625 7.367015901120797e-17 0.6015625 0.012500000000000075 0.625 0.012500000000000077
2 0.6234375 0.012500000000000075 0.6015625 0.012500000000000072 0.6015625 0.03437500000000008 0.6234375 0.03437500000000008
2 0.61875 0.03593750000000008 0.596875 0.03593750000000008 0.596875 0.05937500000000007 0.61875 0.05937500000000007
2 0.5921875 0.035937500000000074 0.5703125 0.03593750000000007 0.5703125 0.06093750000000007 0.5921875 0.06093750000000007
2 0.584375 0.08437500000000006 0.565625 0.08437500000000006 0.565625 0.10781250000000009 0.584375 0.10781250000000009
2 0.575 0.10312500000000009 0.553125 0.10312500000000009 0.553125 0.12343750000000009 0.575 0.12343750000000009
2 0.575 0.11718750000000008 0.553125 0.11718750000000008 0.553125 0.1359375000000001 0.575 0.1359375000000001
2 0.5765625 0.13281250000000008 0.553125 0.13281250000000008 0.553125 0.1515625000000001 0.5765625 0.1515625000000001
2 0.5796875 0.15000000000000008 0.5546875 0.15000000000000008 0.5546875 0.17187500000000008 0.5796875 0.17187500000000008
2 0.575 0.1687500000000001 0.553125 0.1687500000000001 0.553125 0.1984375000000001 0.575 0.1984375000000001
2 0.571875 0.1906250000000001 0.5515625 0.1906250000000001 0.5515625 0.21093750000000008 0.571875 0.21093750000000008
3 0.5875 0.2328125000000001 0.5671875 0.2328125000000001 0.5671875 0.2796875000000001 0.5875 0.2796875000000001
2 0.7125 0.2640625000000001 0.7 0.2640625000000001 0.7 0.3000000000000001 0.7125 0.3000000000000001
2 0.7734375 0.2328125000000001 0.7578125 0.2328125000000001 0.7578125 0.27812500000000007 0.7734375 0.27812500000000007
4 0.5203125 0.22812500000000008 0.509375 0.22812500000000008 0.509375 0.2500000000000001 0.5203125 0.2500000000000001
4 0.5515625 0.13281250000000006 0.5296875 0.13281250000000006 0.5296875 0.15937500000000007 0.5515625 0.1593750000000001
4 0.51875 0.2609375000000001 0.5109375 0.2609375000000001 0.5109375 0.2828125000000001 0.51875 0.2828125000000001
4 0.525 0.3656250000000001 0.5125 0.3656250000000001 0.5125 0.3968750000000001 0.525 0.3968750000000001
2 0.7921875 0.1593750000000001 0.7796875 0.1593750000000001 0.7796875 0.1984375000000001 0.7921875 0.1984375000000001
0 0.8125 0.1625000000000001 0.7984375 0.1625000000000001 0.7984375 0.18906250000000008 0.8125 0.18906250000000008
0 0.8625 0.2734375000000001 0.8484375 0.2734375000000001 0.8484375 0.30156250000000007 0.8625 0.30156250000000007
0 0.7984375 0.17968750000000008 0.7875 0.17968750000000008 0.7875 0.2171875000000001 0.7984375 0.2171875000000001
2 0.871875 0.11562500000000009 0.8609375 0.11562500000000009 0.8609375 0.1546875000000001 0.871875 0.1546875000000001
2 0.86875 0.15625000000000008 0.8578125 0.15625000000000008 0.8578125 0.1906250000000001 0.86875 0.1906250000000001
2 0.8671875 0.18750000000000008 0.85625 0.18750000000000008 0.85625 0.2328125000000001 0.8671875 0.2328125000000001
2 0.9234375 0.3109375000000001 0.9015625 0.3109375000000001 0.9015625 0.3375000000000001 0.9234375 0.3375000000000001
2 0.8390625 0.5031250000000002 0.8140625 0.5031250000000002 0.8140625 0.5343750000000002 0.8390625 0.5343750000000002
2 0.9 0.5093750000000001 0.88125 0.5093750000000001 0.88125 0.5312500000000002 0.9 0.5312500000000002
4 0.828125 0.3375000000000001 0.8109375 0.3375000000000001 0.8109375 0.36406250000000007 0.828125 0.36406250000000007
4 0.796875 0.33281250000000007 0.784375 0.33281250000000007 0.784375 0.3593750000000001 0.796875 0.3593750000000001
4 0.8015625 0.2921875000000001 0.784375 0.2921875000000001 0.784375 0.3109375000000001 0.8015625 0.3109375000000001
4 0.86875 0.46875000000000017 0.8484375 0.46875000000000017 0.8484375 0.4890625000000002 0.86875 0.4890625000000002
4 0.8546875 0.47968750000000016 0.8390625 0.47968750000000016 0.8390625 0.5015625000000001 0.8546875 0.5015625000000001
4 0.9015625 0.47968750000000016 0.890625 0.47968750000000016 0.890625 0.4984375000000002 0.9015625 0.4984375000000002
4 0.9109375 0.5031250000000002 0.8953125 0.5031250000000002 0.8953125 0.5140625000000002 0.9109375 0.5140625000000002
4 0.915625 0.4703125000000002 0.9 0.4703125000000002 0.9 0.48750000000000016 0.915625 0.48750000000000016
4 0.984375 0.49531250000000016 0.9625 0.49531250000000016 0.9625 0.5140625000000002 0.984375 0.5140625000000002
2 0.8171875 0.8625 0.8046875 0.8625 0.8046875 0.8984375 0.8171875 0.8984375
2 0.8453125 0.8734375 0.83125 0.8734375 0.83125 0.915625 0.8453125 0.915625
2 0.8140625 0.9328125 0.7921875000000002 0.9328125 0.7921875000000002 0.953125 0.8140625 0.953125
2 0.8109375 0.9578125 0.7921875000000002 0.9578125 0.7921875000000002 0.975 0.8109375 0.975
2 0.809375 0.9734375 0.7906250000000001 0.9734375 0.7906250000000001 0.9953125 0.809375 0.9953125
2 0.859375 0.8734375 0.840625 0.8734375 0.840625 0.9265625 0.859375 0.9265625