4 0.959375 0.5031250000000002 0.9453125 0.5031250000000002 0.9453125 0.5125000000000002 0.959375 0.5125000000000002
4 0.7796875 0.4031250000000002 0.765625 0.4031250000000002 0.765625 0.41718750000000016 0.7796875 0.41718750000000016
4 0.6359375 0.540625 0.621875 0.540625 0.621875 0.5578125 0.6359375 0.5578125
4 0.5078125 0.43125 0.490625 0.43125 0.490625 0.45 0.5078125 0.45
4 0.2656250000000001 0.3640625 0.2515625000000001 0.3640625 0.2515625000000001 0.375 0.2656250000000001 0.375
4 0.09062500000000007 0.559375 0.07187500000000006 0.559375 0.07187500000000006 0.5734375 0.09062500000000007 0.5734375
4 0.010937500000000034 0.271875 0.003125000000000033 0.271875 0.003125000000000035 0.290625 0.010937500000000036 0.290625
4 0.03750000000000003 0.2765625 0.032812500000000036 0.2765625 0.032812500000000036 0.296875 0.03750000000000003 0.296875
4 0.046875000000000035 0.28125 0.040625000000000036 0.28125 0.040625000000000036 0.3015625 0.046875000000000035 0.3015625
4 0.0265625 0.006250000000000003 0.015625 0.006250000000000003 0.015625000000000003 0.03125 0.0265625 0.03125
4 0.015625 1.2437819053840307e-18 0.0046875 5.740531871003218e-19 0.0046875000000000016 0.021875 0.015625 0.021875
2 0.023437500000000007 0.0265625 0.004687500000000002 0.0265625 0.004687500000000006 0.0765625 0.02343750000000001 0.0765625
2 0.06875 0.0796875 0.0546875 0.0796875 0.054687500000000014 0.121875 0.06875000000000002 0.121875
2 0.05468750000000002 0.1171875 0.03593750000000001 0.1171875 0.03593750000000002 0.165625 0.05468750000000002 0.165625
2 0.06250000000000003 0.134375 0.050000000000000024 0.134375 0.050000000000000024 0.184375 0.06250000000000003 0.184375
2 0.03906250000000002 0.165625 0.02343750000000002 0.165625 0.023437500000000024 0.2171875 0.03906250000000002 0.2171875
2 0.051562500000000025 0.171875 0.03750000000000002 0.171875 0.037500000000000026 0.23125 0.051562500000000025 0.23125
2 0.029687500000000026 0.21875 0.009375000000000027 0.21875 0.009375000000000031 0.2703125 0.029687500000000033 0.2703125
2 0.043750000000000025 0.2234375 0.02812500000000002 0.2234375 0.02812500000000003 0.2703125 0.04375000000000003 0.2703125
2 0.012500000000000035 0.2921875 3.5782648662586727e-17 0.2921875 3.8557239066904946e-17 0.3375 0.012500000000000039 0.3375
2 0.16718750000000004 0.24375 0.14062500000000006 0.24375 0.14062500000000006 0.284375 0.16718750000000004 0.284375
2 0.509375 0.3593750000000001 0.4828125 0.3593750000000001 0.4828125 0.37968750000000007 0.509375 0.37968750000000007
2 0.7890625 0.24218750000000008 0.759375 0.24218750000000008 0.759375 0.2671875000000001 0.7890625 0.2671875000000001
2 0.7796875 0.15781250000000008 0.7515625 0.15781250000000008 0.7515625 0.1843750000000001 0.7796875 0.1843750000000001
2 0.9953125 0.32500000000000007 0.9625 0.32500000000000007 0.9625 0.3500000000000001 0.9953125 0.3500000000000001
3 0.9484375 0.45625000000000016 0.9109375 0.45625000000000016 0.9109375 0.4828125000000002 0.9484375 0.4828125000000002
3 0.4734375 0.5203125 0.44375 0.5203125 0.44375 0.5421875 0.4734375 0.5421875
6 0.08437500000000005 0.2984375 0.05468750000000004 0.2984375 0.05468750000000004 0.3703125 0.08437500000000005 0.3703125
6 0.484375 0.5796875 0.4453125 0.5796875 0.4453125 0.603125 0.484375 0.603125
0 0.032812500000000036 0.2703125 0.020312500000000032 0.2703125 0.020312500000000035 0.3 0.032812500000000036 0.3
0 0.20468750000000008 0.3703125 0.17968750000000006 0.3703125 0.17968750000000006 0.3875 0.20468750000000008 0.3875