4 0.023437500000000052 0.4234375 0.010937500000000053 0.4234375 0.010937500000000053 0.4375 0.023437500000000056 0.4375
4 0.06562500000000004 0.428125 0.045312500000000054 0.428125 0.045312500000000054 0.45 0.06562500000000004 0.45
4 0.09375000000000004 0.43125 0.08281250000000004 0.43125 0.08281250000000004 0.453125 0.09375000000000004 0.453125
4 0.10625000000000004 0.4203125 0.09218750000000005 0.4203125 0.09218750000000005 0.440625 0.10625000000000004 0.440625
4 0.10468750000000004 0.4625 0.09218750000000006 0.4625 0.09218750000000006 0.475 0.10468750000000004 0.475
4 0.06250000000000007 0.55 0.050000000000000065 0.55 0.050000000000000065 0.56875 0.06250000000000007 0.56875
4 0.08125000000000007 0.5375 0.07031250000000007 0.5375 0.07031250000000007 0.5484375 0.08125000000000007 0.5484375
4 0.10312500000000009 0.5578125 0.08906250000000007 0.5578125 0.08906250000000007 0.56875 0.10312500000000009 0.56875
4 0.16562500000000008 0.54375 0.15468750000000003 0.54375 0.15468750000000006 0.5625 0.16562500000000008 0.5625
4 0.17187500000000008 0.5625 0.1546875000000001 0.5625 0.1546875000000001 0.5734375 0.17187500000000008 0.5734375
4 0.18125000000000005 0.45 0.16562500000000005 0.45 0.16562500000000005 0.46875 0.18125000000000005 0.46875
4 0.19375000000000003 0.44375 0.18125000000000005 0.44375 0.18125000000000005 0.4578125 0.19375000000000003 0.4578125
4 0.2609375000000001 0.428125 0.2453125000000001 0.428125 0.2453125000000001 0.4453125 0.2609375000000001 0.4453125
4 0.28593750000000007 0.428125 0.2718750000000001 0.428125 0.2718750000000001 0.4453125 0.28593750000000007 0.4453125
4 0.3140625000000001 0.4359375 0.3046875000000001 0.4359375 0.3046875000000001 0.4515625 0.3140625000000001 0.4515625
4 0.3421875000000001 0.4234375 0.3312500000000001 0.4234375 0.3312500000000001 0.4359375 0.3421875000000001 0.4359375
4 0.3890625000000001 0.4375 0.3734375000000001 0.4375 0.3734375000000001 0.45625 0.3890625000000001 0.45625
4 0.2953125000000001 0.521875 0.2812500000000001 0.521875 0.2812500000000001 0.5375 0.2953125000000001 0.5375
4 0.3515625000000001 0.540625 0.3390625000000001 0.540625 0.3390625000000001 0.553125 0.3515625000000001 0.553125
4 0.3812500000000001 0.5265625 0.3656250000000001 0.5265625 0.3656250000000001 0.540625 0.3812500000000001 0.540625
4 0.3734375000000001 0.540625 0.3609375000000001 0.540625 0.3609375000000001 0.5578125 0.3734375000000001 0.5578125
2 0.2640625000000001 0.4546875 0.23437500000000008 0.4546875 0.23437500000000008 0.4765625 0.2640625000000001 0.4765625
2 0.026562500000000065 0.5265625 0.0015625000000000645 0.5265625 0.001562500000000066 0.546875 0.026562500000000065 0.546875
6 0.17968750000000006 0.4265625 0.15000000000000005 0.4265625 0.15000000000000005 0.446875 0.17968750000000006 0.446875
0 0.2500000000000001 0.546875 0.23437500000000008 0.546875 0.23437500000000008 0.5734375 0.2500000000000001 0.5734375
0 0.3390625000000001 0.515625 0.3187500000000001 0.515625 0.3187500000000001 0.55 0.3390625000000001 0.55
0 0.35625000000000007 0.5609375 0.3375000000000001 0.5609375 0.3375000000000001 0.575 0.35625000000000007 0.575
4 0.421875 0.4234375 0.4125 0.4234375 0.4125 0.4375 0.421875 0.4375
4 0.415625 0.4125 0.403125 0.4125 0.403125 0.421875 0.415625 0.421875
4 0.4609375 0.44375 0.45 0.44375 0.45 0.4578125 0.4609375 0.4578125
4 0.4765625 0.41875 0.465625 0.41875 0.465625 0.4296875 0.4765625 0.4296875
4 0.49375 0.4234375 0.4796875 0.4234375 0.4796875 0.4359375 0.49375 0.4359375
4 0.5203125 0.415625 0.509375 0.415625 0.509375 0.4265625 0.5203125 0.4265625
4 0.5203125 0.4328125 0.5078125 0.4328125 0.5078125 0.4421875 0.5203125 0.4421875
4 0.55 0.4171875 0.5390625 0.4171875 0.5390625 0.4265625 0.55 0.4265625
4 0.4703125 0.5359375 0.4609375 0.5359375 0.4609375 0.5484375 0.4703125 0.5484375
4 0.534375 0.55625 0.5234375 0.55625 0.5234375 0.571875 0.534375 0.571875
0 0.4859375 0.51875 0.4703125 0.51875 0.4703125 0.5375 0.4859375 0.5375
3 0.571875 0.4296875 0.546875 0.4296875 0.546875 0.45 0.571875 0.45
6 0.6078125 0.446875 0.578125 0.446875 0.578125 0.471875 0.6078125 0.471875
2 0.659375 0.440625 0.634375 0.440625 0.634375 0.4609375 0.659375 0.4609375
4 0.66875 0.534375 0.653125 0.534375 0.653125 0.5546875 0.66875 0.5546875
4 0.615625 0.415625 0.60625 0.415625 0.60625 0.428125 0.615625 0.428125
4 0.659375 0.415625 0.6484375 0.415625 0.6484375 0.4265625 0.659375 0.4265625
4 0.696875 0.41875 0.6859375 0.41875 0.6859375 0.43125 0.696875 0.43125
4 0.7125 0.428125 0.7015625 0.428125 0.7015625 0.440625 0.7125 0.440625
4 0.7515625 0.41718750000000016 0.7390625 0.41718750000000016 0.7390625 0.4265625000000002 0.7515625 0.4265625000000002
4 0.7578125 0.5468750000000002 0.7390625 0.5468750000000002 0.7390625 0.5562500000000001 0.7578125 0.5562500000000001
4 0.846875 0.5375000000000002 0.83125 0.5375000000000002 0.83125 0.5484375000000001 0.846875 0.5484375000000001
4 0.846875 0.5515625000000002 0.8328125 0.5515625000000002 0.8328125 0.5593750000000002 0.846875 0.5593750000000002
4 0.846875 0.4125000000000002 0.834375 0.4125000000000002 0.834375 0.4265625000000002 0.846875 0.4265625000000002
4 0.8609375 0.42500000000000016 0.8453125 0.42500000000000016 0.8453125 0.43750000000000017 0.8609375 0.43750000000000017
4 0.9015625 0.44062500000000016 0.890625 0.44062500000000016 0.890625 0.45312500000000017 0.9015625 0.45312500000000017
4 0.909375 0.42968750000000017 0.8984375 0.42968750000000017 0.8984375 0.44062500000000016 0.909375 0.44062500000000016
4 0.9109375 0.4187500000000002 0.9 0.4187500000000002 0.9 0.4281250000000002 0.9109375 0.4281250000000002
4 0.8921875 0.5281250000000002 0.8765625 0.5281250000000002 0.8765625 0.5437500000000002 0.8921875 0.5437500000000002
4 0.890625 0.5515625000000002 0.8765625 0.5515625000000002 0.8765625 0.5656250000000002 0.890625 0.5656250000000002
2 0.828125 0.44531250000000017 0.8046875 0.44531250000000017 0.8046875 0.4656250000000002 0.828125 0.4656250000000002
2 0.8796875 0.5109375000000002 0.8546875 0.5109375000000002 0.8546875 0.5328125000000001 0.8796875 0.5328125000000001
4 0.925 0.5500000000000002 0.9125 0.5500000000000002 0.9125 0.5625000000000002 0.925 0.5625000000000002
4 0.94375 0.5046875000000002 0.9265625 0.5046875000000002 0.9265625 0.5187500000000002 0.94375 0.5187500000000002
4 0.959375 0.5187500000000002 0.9453125 0.5187500000000002 0.9453125 0.5312500000000002 0.959375 0.5312500000000002
4 0.9890625 0.5140625000000002 0.975 0.5140625000000002 0.975 0.5250000000000001 0.9890625 0.5250000000000001
4 0.9515625 0.39531250000000007 0.9359375 0.39531250000000007 0.9359375 0.4109375000000002 0.9515625 0.4109375000000002
4 0.96875 0.4109375000000002 0.9546875 0.4109375000000002 0.9546875 0.42187500000000017 0.96875 0.42187500000000017
2 0.98125 0.43750000000000017 0.9578125 0.43750000000000017 0.9578125 0.4625000000000002 0.98125 0.4625000000000002
0 0.965625 0.5343750000000002 0.9421875 0.5343750000000002 0.9421875 0.5546875000000002 0.965625 0.5546875000000002
4 0.03125000000000007 0.540625 0.010937500000000067 0.540625 0.010937500000000069 0.559375 0.03125000000000007 0.559375
4 0.4046875 0.4546875 0.3859375000000001 0.4546875 0.3859375000000001 0.4765625 0.4046875 0.4765625
4 0.775 0.5531250000000002 0.7640625 0.5531250000000002 0.7640625 0.5703125000000002 0.775 0.5703125000000002
1 0.8 0.4984375000000002 0.7375 0.4984375000000002 0.7375 0.5421875000000002 0.8 0.5421875000000002