2 0.046875000000000056 0.434375 0.020312500000000056 0.434375 0.020312500000000056 0.4609375 0.046875000000000056 0.4609375
4 0.020312500000000067 0.528125 0.007812500000000064 0.528125 0.007812500000000066 0.540625 0.020312500000000067 0.540625
4 0.014062500000000066 0.5421875 0.004687500000000067 0.5421875 0.0046875000000000675 0.55 0.014062500000000066 0.55
4 0.028125000000000067 0.546875 0.017187500000000067 0.546875 0.017187500000000067 0.553125 0.028125000000000067 0.553125
4 0.03750000000000007 0.5609375 0.025000000000000067 0.5609375 0.025000000000000067 0.575 0.03750000000000007 0.575
4 0.056250000000000064 0.53125 0.03750000000000007 0.53125 0.03750000000000007 0.546875 0.056250000000000064 0.546875
4 0.08125000000000007 0.525 0.06718750000000007 0.525 0.06718750000000007 0.5453125 0.08125000000000007 0.5453125
4 0.06562500000000007 0.5484375 0.05468750000000007 0.5484375 0.05468750000000007 0.5578125 0.06562500000000007 0.5578125
4 0.06875000000000006 0.5609375 0.05468750000000007 0.5609375 0.05468750000000007 0.571875 0.06875000000000006 0.571875
4 0.11406250000000004 0.521875 0.09843750000000007 0.521875 0.09843750000000007 0.5390625 0.11406250000000004 0.5390625
4 0.11562500000000009 0.5546875 0.10156250000000008 0.5546875 0.10156250000000008 0.565625 0.11562500000000009 0.565625
4 0.13750000000000004 0.4328125 0.12343750000000005 0.4328125 0.12343750000000005 0.4515625 0.13750000000000004 0.4515625
4 0.11718750000000004 0.45 0.10468750000000004 0.45 0.10468750000000004 0.46875 0.11718750000000004 0.46875
4 0.11875000000000005 0.46875 0.10000000000000005 0.46875 0.10000000000000005 0.4828125 0.11875000000000005 0.4828125
4 0.18281250000000004 0.41875 0.17343750000000005 0.41875 0.17343750000000005 0.4328125 0.18281250000000004 0.4328125
4 0.19687500000000005 0.4421875 0.17968750000000006 0.4421875 0.17968750000000006 0.45625 0.19687500000000005 0.45625
4 0.17968750000000006 0.453125 0.16406250000000006 0.453125 0.16406250000000006 0.4734375 0.17968750000000006 0.4734375
4 0.23437500000000008 0.440625 0.21875000000000008 0.440625 0.21875000000000008 0.453125 0.23437500000000008 0.453125
4 0.2375000000000001 0.45625 0.21875000000000008 0.45625 0.21875000000000008 0.465625 0.2375000000000001 0.465625
4 0.2515625000000001 0.428125 0.2375000000000001 0.428125 0.2375000000000001 0.4515625 0.2515625000000001 0.4515625
4 0.2640625000000001 0.421875 0.25468750000000007 0.421875 0.25468750000000007 0.434375 0.2640625000000001 0.434375
4 0.17187500000000006 0.5359375 0.15625000000000006 0.5359375 0.15625000000000006 0.5515625 0.17187500000000008 0.5515625
4 0.21250000000000008 0.5375 0.19843750000000004 0.5375 0.19843750000000007 0.5453125 0.21250000000000008 0.5453125
4 0.23437500000000008 0.5234375 0.2250000000000001 0.5234375 0.2250000000000001 0.534375 0.23437500000000008 0.534375
4 0.2312500000000001 0.5421875 0.22031250000000008 0.5421875 0.22031250000000008 0.55625 0.2312500000000001 0.55625
4 0.2218750000000001 0.546875 0.21250000000000008 0.546875 0.21250000000000008 0.565625 0.2218750000000001 0.565625
4 0.21875000000000008 0.565625 0.2078125000000001 0.565625 0.2078125000000001 0.5734375 0.21875000000000008 0.5734375
4 0.2171875000000001 0.5734375 0.2062500000000001 0.5734375 0.2062500000000001 0.5859375 0.2171875000000001 0.5859375
4 0.2562500000000001 0.5390625 0.2453125000000001 0.5390625 0.2453125000000001 0.5578125 0.2562500000000001 0.5578125
4 0.2812500000000001 0.5453125 0.2718750000000001 0.5453125 0.2718750000000001 0.565625 0.2812500000000001 0.565625
6 0.19218750000000004 0.51875 0.17031250000000003 0.51875 0.17031250000000003 0.5421875 0.19218750000000004 0.5421875
0 0.19375000000000006 0.54375 0.16875000000000004 0.54375 0.16875000000000007 0.571875 0.1937500000000001 0.571875
4 0.3140625000000001 0.45 0.2984375000000001 0.45 0.2984375000000001 0.4671875 0.3140625000000001 0.4671875
4 0.3265625000000001 0.4296875 0.3125000000000001 0.4296875 0.3125000000000001 0.446875 0.3265625000000001 0.446875
4 0.3703125000000001 0.4296875 0.3546875000000001 0.4296875 0.3546875000000001 0.4515625 0.3703125000000001 0.4515625
4 0.3890625000000001 0.41875 0.3750000000000001 0.41875 0.3750000000000001 0.4375 0.3890625000000001 0.4375
4 0.4015625 0.4296875 0.3890625000000001 0.4296875 0.3890625000000001 0.45 0.4015625 0.45
4 0.3890625000000001 0.4546875 0.37187500000000007 0.4546875 0.37187500000000007 0.4703125 0.3890625000000001 0.4703125
0 0.37968750000000007 0.546875 0.36406250000000007 0.546875 0.36406250000000007 0.56875 0.37968750000000007 0.56875
4 0.4125 0.5125 0.3937500000000001 0.5125 0.3937500000000001 0.53125 0.4125 0.53125
4 0.428125 0.4296875 0.4140625 0.4296875 0.4140625 0.44375 0.428125 0.44375
2 0.4515625 0.45 0.4265625 0.45 0.4265625 0.471875 0.4515625 0.471875
4 0.425 0.54375 0.4078125 0.54375 0.4078125 0.5625 0.425 0.5625
4 0.46875 0.5296875 0.4546875 0.5296875 0.4546875 0.5546875 0.46875 0.5546875
6 0.5109375 0.515625 0.4828125 0.515625 0.4828125 0.540625 0.5109375 0.540625
4 0.5140625 0.40625 0.503125 0.40625 0.503125 0.41875 0.5140625 0.41875
4 0.515625 0.4296875 0.496875 0.4296875 0.496875 0.446875 0.515625 0.446875
4 0.5625 0.4390625 0.54375 0.4390625 0.54375 0.4640625 0.5625 0.4640625
2 0.5390625 0.4484375 0.5078125 0.4484375 0.5078125 0.478125 0.5390625 0.478125
4 0.5234375 0.534375 0.5140625 0.534375 0.5140625 0.5484375 0.5234375 0.5484375
4 0.56875 0.5171875 0.5484375 0.5171875 0.5484375 0.5359375 0.56875 0.5359375
4 0.5578125 0.5328125 0.540625 0.5328125 0.540625 0.553125 0.5578125 0.553125
2 0.578125 0.5453125 0.5515625 0.5453125 0.5515625 0.5765625 0.578125 0.5765625
4 0.59375 0.5375 0.5796875 0.5375 0.5796875 0.553125 0.59375 0.553125
2 0.6421875 0.5125 0.621875 0.5125 0.621875 0.5359375 0.6421875 0.5359375
4 0.6484375 0.553125 0.634375 0.553125 0.634375 0.5671875 0.6484375 0.5671875
4 0.6640625 0.5359375 0.65 0.5359375 0.65 0.5515625 0.6640625 0.5515625
4 0.671875 0.434375 0.6515625 0.434375 0.6515625 0.4515625 0.671875 0.4515625
4 0.7 0.5296875 0.68125 0.5296875 0.68125 0.55 0.7 0.55
4 0.7109375 0.5171875 0.696875 0.5171875 0.696875 0.534375 0.7109375 0.534375
2 0.7796875 0.5062500000000002 0.7546875 0.5062500000000002 0.7546875 0.5328125000000001 0.7796875 0.5328125000000001
4 0.7703125 0.5437500000000002 0.7578125 0.5437500000000002 0.7578125 0.5656250000000002 0.7703125 0.5656250000000002
4 0.8015625 0.5390625000000002 0.7828125 0.5390625000000002 0.7828125 0.5562500000000001 0.8015625 0.5562500000000001
4 0.840625 0.5359375000000002 0.8265625 0.5359375000000002 0.8265625 0.5546875000000002 0.840625 0.5546875000000002
4 0.8703125 0.5281250000000002 0.853125 0.5281250000000002 0.853125 0.5437500000000002 0.8703125 0.5437500000000002
4 0.8859375 0.5218750000000002 0.871875 0.5218750000000002 0.871875 0.5359375000000002 0.8859375 0.5359375000000002
4 0.865625 0.4468750000000002 0.8453125 0.4468750000000002 0.8453125 0.4656250000000002 0.865625 0.4656250000000002
4 0.8671875 0.4203125000000002 0.8484375 0.4203125000000002 0.8484375 0.43750000000000017 0.8671875 0.43750000000000017
4 0.8796875 0.4109375000000002 0.8609375 0.4109375000000002 0.8609375 0.42500000000000016 0.8796875 0.42500000000000016
0 0.8890625 0.43750000000000017 0.8703125 0.43750000000000017 0.8703125 0.4578125000000002 0.8890625 0.4578125000000002
4 0.9171875 0.4031250000000002 0.896875 0.4031250000000002 0.896875 0.4265625000000002 0.9171875 0.4265625000000002
4 0.928125 0.5062500000000002 0.9140625 0.5062500000000002 0.9140625 0.5203125000000002 0.928125 0.5203125000000002
4 0.9125 0.5218750000000002 0.903125 0.5218750000000002 0.903125 0.5375000000000002 0.9125 0.5375000000000002
4 0.9296875 0.5312500000000002 0.9140625 0.5312500000000002 0.9140625 0.5453125000000002 0.9296875 0.5453125000000002
4 0.9140625 0.5437500000000002 0.9 0.5437500000000002 0.9 0.5593750000000002 0.9140625 0.5593750000000002
4 0.9015625 0.5593750000000002 0.890625 0.5593750000000002 0.890625 0.5750000000000002 0.9015625 0.5750000000000002
4 0.965625 0.5421875000000002 0.946875 0.5421875000000002 0.946875 0.5593750000000002 0.965625 0.5593750000000002
4 0.9984375 0.4390625000000002 0.9796875 0.4390625000000002 0.9796875 0.4546875000000002 0.9984375 0.4546875000000002
6 0.9765625 0.4031250000000002 0.946875 0.4031250000000002 0.946875 0.42968750000000017 0.9765625 0.42968750000000017
0 0.01562500000000007 0.55 6.735557395310443e-17 0.55 6.917340904558878e-17 0.5796875 0.015625000000000073 0.5796875
4 0.06406250000000006 0.571875 0.050000000000000065 0.571875 0.050000000000000065 0.5890625 0.06406250000000006 0.5890625
2 0.8640625 0.5062500000000002 0.8390625 0.5062500000000002 0.8390625 0.5312500000000002 0.8640625 0.5312500000000002