0 0.04843750000000009 0.690625 0.021875000000000082 0.690625 0.021875000000000085 0.715625 0.04843750000000009 0.715625
0 0.1921875000000001 0.6828125 0.17187500000000008 0.6828125 0.17187500000000008 0.7046875 0.1921875000000001 0.7046875
0 0.2671875000000001 0.878125 0.2468750000000001 0.878125 0.2468750000000001 0.9 0.2671875000000001 0.9
3 0.0875000000000001 0.828125 0.05156250000000011 0.828125 0.05156250000000011 0.8625 0.0875000000000001 0.8625
3 0.5671875000000002 0.8640625 0.5359375000000002 0.8640625 0.5359375000000002 0.8984375 0.5671875000000002 0.8984375
6 0.2062500000000001 0.7546875 0.16562500000000008 0.7546875 0.16562500000000008 0.7890625 0.2062500000000001 0.7890625
4 0.05937500000000009 0.7609375 0.04375000000000009 0.7609375 0.043750000000000094 0.7796875 0.05937500000000009 0.7796875
4 0.1843750000000001 0.871875 0.16406250000000008 0.871875 0.16406250000000008 0.896875 0.1843750000000001 0.896875
4 0.43750000000000017 0.753125 0.4187500000000002 0.753125 0.4187500000000002 0.778125 0.43750000000000017 0.778125
2 0.42187500000000017 0.8609375 0.39531250000000007 0.8609375 0.39531250000000007 0.8984375 0.42187500000000017 0.8984375
4 0.5421875 0.6234375 0.5328125 0.6234375 0.5328125 0.6578125 0.5421875 0.6578125
2 0.4937500000000002 0.778125 0.46875000000000017 0.778125 0.46875000000000017 0.80625 0.4937500000000002 0.80625
2 0.30937500000000007 0.8296875 0.27812500000000007 0.8296875 0.27812500000000007 0.8640625 0.30937500000000007 0.8640625
4 0.6046875000000002 0.7453125 0.5843750000000002 0.7453125 0.5843750000000002 0.76875 0.6046875000000002 0.76875
4 0.6796875000000002 0.7671875 0.6625000000000002 0.7671875 0.6625000000000002 0.7875 0.6796875000000002 0.7875
4 0.7484375000000002 0.7531250000000002 0.7296875000000002 0.7531250000000002 0.7296875000000002 0.7796875000000002 0.7484375000000002 0.7796875000000002
4 0.83125 0.7468750000000002 0.815625 0.7468750000000002 0.815625 0.7656250000000002 0.83125 0.7656250000000002
4 0.828125 0.7718750000000002 0.8109375 0.7718750000000002 0.8109375 0.7859375000000002 0.828125 0.7859375000000002
4 0.815625 0.840625 0.8015625 0.840625 0.8015625 0.8609375 0.815625 0.8609375
4 0.803125 0.85 0.7875000000000002 0.85 0.7875000000000002 0.8671875 0.803125 0.8671875
4 0.946875 0.7812500000000002 0.93125 0.7812500000000002 0.93125 0.7984375000000001 0.946875 0.7984375000000001
4 0.89375 0.865625 0.8796875 0.865625 0.8796875 0.8828125 0.89375 0.8828125
4 0.9203125 0.8828125 0.903125 0.8828125 0.903125 0.9046875 0.9203125 0.9046875
4 0.9703125 0.8859375 0.95625 0.8859375 0.95625 0.90625 0.9703125 0.90625
4 0.9875 0.8765625 0.965625 0.8765625 0.965625 0.89375 0.9875 0.89375
3 0.6484375 0.6671875 0.6140625 0.6671875 0.6140625 0.6875 0.6484375 0.6875
0 0.721875 0.66875 0.7 0.66875 0.7 0.690625 0.721875 0.690625
0 0.6765625 0.6453125 0.65625 0.6453125 0.65625 0.665625 0.6765625 0.665625
0 0.9953125 0.7750000000000001 0.975 0.7750000000000001 0.975 0.7953125000000002 0.9953125 0.7953125000000002
6 0.98125 0.8484375 0.928125 0.8484375 0.928125 0.8828125 0.98125 0.8828125
3 0.5296875 0.021875000000000065 0.5140625 0.02187500000000006 0.5140625 0.06718750000000007 0.5296875 0.06718750000000007
4 0.4921875 0.16875000000000004 0.48125 0.16875000000000004 0.48125 0.19843750000000004 0.4921875 0.19843750000000004
4 0.5234375 0.07500000000000007 0.5125 0.07500000000000007 0.5125 0.10468750000000004 0.5234375 0.10468750000000004
4 0.5140625 0.3125000000000001 0.50625 0.3125000000000001 0.50625 0.3453125000000001 0.5140625 0.3453125000000001
4 0.534375 0.3437500000000001 0.525 0.3437500000000001 0.525 0.3656250000000001 0.534375 0.3656250000000001
4 0.5296875 0.3671875000000001 0.5171875 0.3671875000000001 0.5171875 0.3968750000000001 0.5296875 0.3968750000000001
0 0.534375 0.490625 0.51875 0.490625 0.51875 0.528125 0.534375 0.528125
4 0.5234375 0.5140625 0.5125 0.5140625 0.5125 0.5390625 0.5234375 0.5390625