4 0.56875 0.51875 0.5578125 0.51875 0.5578125 0.5421875 0.56875 0.5421875
4 0.5609375 0.5671875 0.55 0.5671875 0.55 0.596875 0.5609375 0.596875
4 0.575 0.546875 0.559375 0.546875 0.559375 0.5796875 0.575 0.5796875
4 0.584375 0.4921875 0.56875 0.4921875 0.56875 0.5171875 0.584375 0.5171875
4 0.596875 0.5015625 0.5859375 0.5015625 0.5859375 0.5359375 0.596875 0.5359375
4 0.471875 0.3781250000000001 0.45625 0.3781250000000001 0.45625 0.4 0.471875 0.4
4 0.5390625 0.3968750000000001 0.5234375 0.3968750000000001 0.5234375 0.41875 0.5390625 0.41875
4 0.584375 0.4015625 0.56875 0.4015625 0.56875 0.4234375 0.584375 0.4234375
4 0.5984375 0.3937500000000001 0.584375 0.3937500000000001 0.584375 0.4109375 0.5984375 0.4109375
4 0.609375 0.4046875 0.5921875 0.4046875 0.5921875 0.421875 0.609375 0.421875
4 0.4765625 0.5390625 0.4671875 0.5390625 0.4671875 0.5703125 0.4765625 0.5703125
4 0.4828125 0.5390625 0.4734375 0.5390625 0.4734375 0.5609375 0.4828125 0.5609375
2 0.4953125 0.4859375 0.4765625 0.4859375 0.4765625 0.540625 0.4953125 0.540625
2 0.5171875 0.490625 0.5 0.490625 0.5 0.5375 0.5171875 0.5375
4 0.4484375 0.3656250000000001 0.4328125 0.3656250000000001 0.4328125 0.3828125000000001 0.4484375 0.3828125000000001
4 0.4109375 0.3734375000000001 0.3968750000000001 0.3734375000000001 0.3968750000000001 0.39531250000000007 0.4109375 0.39531250000000007
4 0.3890625 0.3359375000000001 0.375 0.3359375000000001 0.375 0.35625000000000007 0.3890625 0.35625000000000007
2 0.4578125 0.3265625000000001 0.4328125 0.3265625000000001 0.4328125 0.3515625000000001 0.4578125 0.3515625000000001
2 0.496875 0.3531250000000001 0.465625 0.3531250000000001 0.465625 0.3812500000000001 0.496875 0.3812500000000001
2 0.5171875 0.3296875000000001 0.4890625 0.3296875000000001 0.4890625 0.3578125000000001 0.5171875 0.3578125000000001
0 0.38125000000000003 0.35468750000000004 0.3625 0.3546875 0.36250000000000004 0.37500000000000006 0.3812500000000001 0.3750000000000001
0 0.409375 0.3578125000000001 0.3875 0.3578125000000001 0.38750000000000007 0.3812500000000001 0.409375 0.3812500000000001
2 0.63125 0.3437500000000001 0.60625 0.3437500000000001 0.60625 0.3687500000000001 0.63125 0.3687500000000001
2 0.5875 0.3625000000000001 0.5609375 0.3625000000000001 0.5609375 0.3890625000000001 0.5875 0.3890625000000001
2 0.5671875 0.3390625000000001 0.540625 0.3390625000000001 0.540625 0.36406250000000007 0.5671875 0.36406250000000007
0 0.559375 0.3843750000000001 0.5390625 0.3843750000000001 0.5390625 0.40625 0.559375 0.40625
2 0.53125 0.3546875000000001 0.503125 0.3546875000000001 0.503125 0.3812500000000001 0.53125 0.3812500000000001
4 0.575 0.3187500000000001 0.5609375 0.3187500000000001 0.5609375 0.34062500000000007 0.575 0.34062500000000007
4 0.565625 0.29375000000000007 0.5546875 0.29375000000000007 0.5546875 0.3203125000000001 0.565625 0.3203125000000001
4 0.6296875 0.3968750000000001 0.6125 0.3968750000000001 0.6125 0.4125 0.6296875 0.4125
4 0.653125 0.4140625 0.6390625 0.4140625 0.6390625 0.43125 0.653125 0.43125
4 0.6875 0.3921875000000001 0.66875 0.3921875000000001 0.66875 0.4125 0.6875 0.4125
4 0.61875 0.3609375000000001 0.6 0.3609375000000001 0.6 0.37968750000000007 0.61875 0.37968750000000007
2 0.646875 0.4296875 0.625 0.4296875 0.625 0.453125 0.646875 0.453125
4 0.6625 0.425 0.6484375 0.425 0.6484375 0.446875 0.6625 0.446875
4 0.78125 0.2156250000000001 0.7625 0.2156250000000001 0.7625 0.2390625000000001 0.78125 0.2390625000000001
4 0.596875 0.1687500000000001 0.58125 0.1687500000000001 0.58125 0.18750000000000008 0.596875 0.18750000000000008
4 0.6890625 0.11718750000000008 0.6796875 0.11718750000000008 0.6796875 0.1468750000000001 0.6890625 0.1468750000000001
4 0.70625 0.1218750000000001 0.6953125 0.1218750000000001 0.6953125 0.1437500000000001 0.70625 0.1437500000000001
4 0.715625 0.12343750000000009 0.70625 0.12343750000000009 0.70625 0.1437500000000001 0.715625 0.1437500000000001
2 0.5703125 0.06406250000000006 0.55625 0.06406250000000006 0.55625 0.09687500000000007 0.5703125 0.09687500000000007
2 0.5578125 0.006250000000000068 0.534375 0.006250000000000066 0.534375 0.04687500000000007 0.5578125 0.04687500000000007
2 0.634375 7.682745154025974e-17 0.6203125 7.596637175960925e-17 0.6203125 0.02968750000000008 0.634375 0.02968750000000008
2 0.6484375 7.85496111015607e-17 0.634375 7.768853132091022e-17 0.634375 0.02187500000000008 0.6484375 0.02187500000000008
4 0.521875 0.16250000000000003 0.50625 0.16250000000000003 0.50625 0.18750000000000006 0.521875 0.18750000000000006
0 0.51875 0.13437500000000005 0.496875 0.13437500000000005 0.496875 0.15937500000000004 0.51875 0.15937500000000004
2 0.7890625 0.1390625000000001 0.7734375 0.1390625000000001 0.7734375 0.17968750000000008 0.7890625 0.17968750000000008
2 0.8546875 0.17187500000000008 0.83125 0.17187500000000008 0.83125 0.19687500000000008 0.8546875 0.19687500000000008
2 0.834375 0.0125000000000001 0.8171875 0.0125000000000001 0.8171875 0.05625000000000011 0.834375 0.05625000000000011
4 0.871875 0.18125000000000008 0.8546875 0.18125000000000008 0.8546875 0.20468750000000008 0.871875 0.20468750000000008
4 0.96875 0.2296875000000001 0.95 0.2296875000000001 0.95 0.2484375000000001 0.96875 0.2484375000000001
3 0.9375 0.17343750000000013 0.91875 0.17343750000000013 0.91875 0.19531250000000014 0.9375 0.19531250000000014
4 0.99375 0.3812500000000001 0.975 0.3812500000000001 0.975 0.4031250000000002 0.99375 0.4031250000000002
2 0.9984375 0.40625000000000017 0.971875 0.40625000000000017 0.971875 0.43281250000000016 0.9984375 0.43281250000000016
2 0.9703125 0.4265625000000002 0.940625 0.4265625000000002 0.940625 0.4515625000000002 0.9703125 0.4515625000000002
2 0.9703125 0.3984375000000001 0.9421875 0.3984375000000001 0.9421875 0.4281250000000002 0.9703125 0.4281250000000002
3 0.9265625 0.3625000000000001 0.89375 0.3625000000000001 0.89375 0.3906250000000001 0.9265625 0.3906250000000001
2 0.928125 0.39531250000000007 0.903125 0.39531250000000007 0.903125 0.41718750000000016 0.928125 0.41718750000000016
0 0.946875 0.4031250000000002 0.921875 0.4031250000000002 0.921875 0.42500000000000016 0.946875 0.42500000000000016
3 0.9359375 0.4281250000000002 0.9140625 0.4281250000000002 0.9140625 0.44843750000000016 0.9359375 0.44843750000000016
4 0.928125 0.4437500000000002 0.9078125 0.4437500000000002 0.9078125 0.4625000000000002 0.928125 0.4625000000000002
4 0.9015625 0.4109375000000002 0.8859375 0.4109375000000002 0.8859375 0.42500000000000016 0.9015625 0.42500000000000016
2 0.8953125 0.36406250000000007 0.8609375 0.36406250000000007 0.8609375 0.3937500000000001 0.8953125 0.3937500000000001
2 0.8890625 0.3984375000000001 0.865625 0.3984375000000001 0.865625 0.4203125000000002 0.8890625 0.4203125000000002
4 0.85 0.4343750000000002 0.834375 0.4343750000000002 0.834375 0.4546875000000002 0.85 0.4546875000000002
2 0.871875 0.41406250000000017 0.8453125 0.41406250000000017 0.8453125 0.4390625000000002 0.871875 0.4390625000000002
2 0.8578125 0.3937500000000001 0.8328125 0.3937500000000001 0.8328125 0.4125000000000002 0.8578125 0.4125000000000002
2 0.8296875 0.4078125000000002 0.803125 0.4078125000000002 0.803125 0.4312500000000002 0.8296875 0.4312500000000002
2 0.8203125 0.38750000000000007 0.7953125 0.38750000000000007 0.7953125 0.40937500000000016 0.8203125 0.40937500000000016
4 0.8046875 0.4234375000000002 0.7890625 0.4234375000000002 0.7890625 0.43750000000000017 0.8046875 0.43750000000000017
4 0.7828125 0.3968750000000001 0.765625 0.3968750000000001 0.765625 0.41718750000000016 0.7828125 0.41718750000000016
0 0.8015625 0.43281250000000016 0.778125 0.43281250000000016 0.778125 0.45625000000000016 0.8015625 0.45625000000000016
0 0.765625 0.40625000000000017 0.7453125 0.40625000000000017 0.7453125 0.4281250000000002 0.765625 0.4281250000000002
2 0.771875 0.37968750000000007 0.746875 0.37968750000000007 0.746875 0.40937500000000016 0.771875 0.40937500000000016
1 0.815625 0.3546875000000001 0.7609375 0.3546875000000001 0.7609375 0.3859375000000001 0.815625 0.3859375000000001
2 0.765625 0.4312500000000002 0.734375 0.4312500000000002 0.734375 0.4546875000000002 0.765625 0.4546875000000002
4 0.7390625 0.4468750000000001 0.725 0.446875 0.725 0.4609375000000001 0.7390625 0.46093750000000017
4 0.7203125 0.4390625 0.70625 0.4390625 0.70625 0.4546875 0.7203125 0.4546875
4 0.73125 0.43437500000000007 0.715625 0.434375 0.715625 0.45000000000000007 0.73125 0.4500000000000002
4 0.7328125 0.4156250000000001 0.7171875 0.415625 0.7171875 0.4312500000000001 0.7328125 0.4312500000000002
4 0.7375 0.4093750000000001 0.721875 0.409375 0.721875 0.4250000000000001 0.7375 0.42500000000000016
4 0.734375 0.3937500000000001 0.7171875 0.3937500000000001 0.7171875 0.4125000000000001 0.734375 0.4125000000000002
4 0.715625 0.4125 0.7 0.4125 0.7 0.43125 0.715625 0.43125
4 0.7125 0.4078125 0.6984375 0.4078125 0.6984375 0.41875 0.7125 0.41875
2 0.7203125 0.3765625000000001 0.6953125 0.3765625000000001 0.6953125 0.4 0.7203125 0.4
2 0.7390625 0.3515625000000001 0.7140625 0.3515625000000001 0.7140625 0.3812500000000001 0.7390625 0.3812500000000001
2 0.7078125 0.43125 0.678125 0.43125 0.678125 0.4515625 0.7078125 0.4515625
0 0.68125 0.4125 0.6578125 0.4125 0.6578125 0.4328125 0.68125 0.4328125
2 0.678125 0.34843750000000007 0.65 0.34843750000000007 0.65 0.3734375000000001 0.678125 0.3734375000000001
2 0.6765625 0.3734375000000001 0.6515625 0.3734375000000001 0.6515625 0.3984375000000001 0.6765625 0.3984375000000001
2 0.6671875 0.39531250000000007 0.6421875 0.39531250000000007 0.6421875 0.41875 0.6671875 0.41875
2 0.64375 0.37187500000000007 0.61875 0.37187500000000007 0.61875 0.3984375000000001 0.64375 0.3984375000000001
4 0.553125 0.640625 0.5359375 0.640625 0.5359375 0.6703125 0.553125 0.6703125
4 0.496875 0.6546875 0.4796875 0.6546875 0.4796875 0.684375 0.496875 0.684375
2 0.5296875000000001 0.6984375 0.509375 0.6984375 0.5093750000000001 0.746875 0.5296875000000002 0.746875
2 0.5312500000000002 0.971875 0.5156250000000002 0.971875 0.5156250000000002 1 0.5312500000000002 1
2 0.4671875000000002 0.915625 0.44531250000000017 0.915625 0.44531250000000017 0.9609375 0.4671875000000002 0.9609375
4 0.4437500000000002 0.984375 0.4343750000000002 0.984375 0.4343750000000002 1 0.4437500000000002 1
2 0.50625 0.5375 0.4875 0.5375 0.4875 0.5828125 0.50625 0.5828125
2 0.490625 0.5703125 0.471875 0.5703125 0.471875 0.6265625 0.490625 0.6265625
0 0.50625 0.4984375 0.4921875 0.4984375 0.4921875 0.534375 0.50625 0.534375
4 0.35937500000000006 0.3546875 0.34375 0.3546875 0.34375000000000006 0.375 0.3593750000000001 0.375
4 0.31875000000000003 0.35 0.3015625 0.35 0.30156250000000007 0.365625 0.3187500000000001 0.365625
4 0.30468750000000006 0.359375 0.290625 0.359375 0.290625 0.378125 0.3046875000000001 0.378125
4 0.3390625000000001 0.4109375 0.32500000000000007 0.4109375 0.32500000000000007 0.4265625 0.3390625000000001 0.4265625
6 0.3578125000000001 0.3984375 0.3359375000000001 0.3984375 0.3359375000000001 0.421875 0.3578125000000001 0.421875
3 0.340625 0.3265625 0.3203125 0.3265625 0.3203125 0.3515625 0.340625 0.3515625
4 0.3390625 0.3078125 0.321875 0.3078125 0.321875 0.3234375 0.3390625 0.3234375
4 0.3109375 0.321875 0.2953125 0.321875 0.2953125 0.3390625 0.3109375 0.3390625
4 0.290625 0.3109375 0.2734375 0.3109375 0.2734375 0.325 0.290625 0.325
0 0.3 0.33125 0.278125 0.33125 0.278125 0.3484375 0.3 0.3484375
4 0.290625 0.346875 0.278125 0.346875 0.278125 0.3609375 0.290625 0.3609375
2 0.3234375 0.14218750000000005 0.296875 0.14218750000000005 0.296875 0.17031250000000003 0.3234375 0.17031250000000003
2 0.3578125 0.17812500000000003 0.328125 0.17812500000000003 0.328125 0.20625 0.3578125 0.20625
2 0.35625 0.2015625 0.3265625 0.2015625 0.3265625 0.2296875 0.35625 0.2296875
2 0.38125 0.16562500000000005 0.353125 0.16562500000000005 0.353125 0.19687500000000005 0.38125 0.19687500000000005
4 0.3734375 0.15156250000000004 0.3578125 0.15156250000000004 0.3578125 0.17031250000000003 0.3734375 0.17031250000000003
4 0.3890625 0.20000000000000004 0.3578125 0.2 0.3578125 0.23125000000000004 0.3890625 0.2312500000000001
4 0.403125 0.18437500000000004 0.3734375 0.18437500000000004 0.3734375 0.21250000000000008 0.403125 0.21250000000000008
4 0.409375 0.2062500000000001 0.3875 0.2062500000000001 0.3875 0.23593750000000008 0.409375 0.23593750000000008
3 0.421875 0.13750000000000004 0.396875 0.13750000000000004 0.396875 0.17187500000000006 0.421875 0.17187500000000006
4 0.4375 0.14375000000000004 0.41875 0.14375000000000004 0.41875 0.15937500000000004 0.4375 0.15937500000000004
4 0.4390625 0.15156250000000004 0.41875 0.15156250000000004 0.41875 0.16875000000000004 0.4390625 0.16875000000000004
4 0.43125 0.15937500000000004 0.4171875 0.15937500000000004 0.4171875 0.17343750000000005 0.43125 0.17343750000000005
4 0.4328125 0.16875000000000004 0.4171875 0.16875000000000004 0.4171875 0.18437500000000004 0.4328125 0.18437500000000004
4 0.434375 0.17500000000000004 0.41875 0.17500000000000004 0.41875 0.19375000000000003 0.434375 0.19375000000000003
4 0.4234375 0.18281250000000004 0.409375 0.18281250000000004 0.409375 0.19531250000000006 0.4234375 0.19531250000000006
2 0.4359375 0.19062500000000004 0.40625 0.19062500000000004 0.40625 0.2156250000000001 0.4359375 0.2156250000000001
4 0.43125 0.2078125000000001 0.4171875 0.2078125000000001 0.4171875 0.2296875000000001 0.43125 0.2296875000000001
4 0.421875 0.20468750000000008 0.4046875 0.20468750000000008 0.4046875 0.2234375000000001 0.421875 0.2234375000000001
4 0.4265625 0.2140625000000001 0.4078125 0.2140625000000001 0.4078125 0.2328125000000001 0.4265625 0.2328125000000001
4 0.43125 0.21875000000000008 0.415625 0.21875000000000008 0.415625 0.24375000000000008 0.43125 0.24375000000000008
4 0.4171875 0.2218750000000001 0.403125 0.2218750000000001 0.403125 0.2406250000000001 0.4171875 0.2406250000000001
4 0.409375 0.2218750000000001 0.39375 0.2218750000000001 0.39375 0.2406250000000001 0.409375 0.2406250000000001
4 0.21875 0.12656250000000005 0.2015625 0.12656250000000005 0.2015625 0.15000000000000005 0.21875 0.15000000000000005
4 0.203125 0.10781250000000005 0.1875 0.10781250000000005 0.1875 0.12656250000000005 0.203125 0.12656250000000005
4 0.1625 0.121875 0.146875 0.121875 0.146875 0.140625 0.1625 0.140625
4 0.1 0.04531250000000001 0.0859375 0.04531250000000001 0.0859375 0.0765625 0.1 0.07656250000000002
0 0.0546875 5.549180808636444e-18 0.0359375 4.401074434435801e-18 0.0359375 0.025000000000000005 0.0546875 0.025000000000000012
4 0.03281250000000001 0.1078125 0.01406250000000001 0.1078125 0.014062500000000014 0.1328125 0.03281250000000001 0.1328125
4 0.031250000000000014 0.096875 0.010937500000000011 0.096875 0.010937500000000013 0.115625 0.031250000000000014 0.115625
0 0.039062500000000014 0.0484375 0.017187500000000005 0.0484375 0.01718750000000001 0.078125 0.039062500000000014 0.078125
4 0.023437500000000007 0.0421875 0.004687500000000006 0.0421875 0.004687500000000006 0.0578125 0.023437500000000007 0.0578125
4 0.025000000000000012 0.05 0.007812500000000005 0.05 0.007812500000000007 0.06875 0.025000000000000012 0.06875
2 0.17656250000000004 0.2859375 0.15156250000000004 0.2859375 0.15156250000000004 0.3109375 0.17656250000000004 0.3109375
2 0.17031250000000003 0.309375 0.14375000000000004 0.309375 0.14375000000000004 0.3359375 0.17031250000000003 0.3359375
4 0.03437500000000004 0.309375 0.01718750000000004 0.309375 0.01718750000000004 0.3296875 0.034375000000000044 0.3296875
4 0.01250000000000003 0.246875 3.023346785395028e-17 0.246875 3.1764276352884476e-17 0.271875 0.012500000000000034 0.271875
4 0.221875 0.2859375 0.2046875 0.2859375 0.2046875 0.3109375 0.221875 0.3109375
4 0.2046875 0.3046875 0.18750000000000006 0.3046875 0.18750000000000006 0.328125 0.2046875 0.328125
4 0.2296875 0.3328125 0.2171875 0.3328125 0.2171875 0.3515625 0.2296875 0.3515625
4 0.234375 0.3203125 0.21875 0.3203125 0.21875 0.3375 0.234375 0.3375
4 0.259375 0.3109375 0.2421875 0.3109375 0.2421875 0.3265625 0.259375 0.3265625
4 0.25625 0.3140625 0.2375 0.3140625 0.2375 0.3390625 0.25625 0.3390625
4 0.3078125000000001 0.56875 0.29375000000000007 0.56875 0.29375000000000007 0.5890625 0.3078125000000001 0.5890625
4 0.3078125000000001 0.5796875 0.29375000000000007 0.5796875 0.29375000000000007 0.59375 0.3078125000000001 0.59375
4 0.3046875000000001 0.584375 0.2890625000000001 0.584375 0.2890625000000001 0.603125 0.3046875000000001 0.603125
2 0.10312500000000006 0.54375 0.07812500000000007 0.54375 0.07812500000000007 0.5703125 0.10312500000000009 0.5703125
2 0.06093750000000007 0.5375 0.034375000000000065 0.5375 0.034375000000000065 0.5625 0.06093750000000007 0.5625
2 0.04843750000000008 0.6515625 0.023437500000000076 0.6515625 0.02343750000000008 0.6734375 0.04843750000000008 0.6734375
2 0.9171875 0.42187500000000017 0.89375 0.42187500000000017 0.89375 0.44843750000000016 0.9171875 0.44843750000000016
2 0.5125 0.3812500000000001 0.490625 0.3812500000000001 0.490625 0.4046875 0.5125 0.4046875
2 0.05156250000000007 0.565625 0.026562500000000065 0.565625 0.026562500000000065 0.5875 0.05156250000000007 0.5875