3 0.6703125 0.6609375 0.640625 0.6609375 0.640625 0.7 0.6703125 0.7
2 0.578125 0.6609375 0.553125 0.6609375 0.553125 0.69375 0.578125 0.69375
2 0.4484375 0.478125 0.4265625 0.478125 0.4265625 0.5078125 0.4484375 0.5078125
2 0.4296875 0.4890625 0.4109375 0.4890625 0.4109375 0.525 0.4296875 0.525
2 0.3609375 0.3515625 0.3375 0.3515625 0.3375 0.390625 0.3609375000000001 0.390625
2 0.3296875 0.3578125 0.31875 0.3578125 0.31875000000000003 0.3984375 0.3296875000000001 0.3984375
2 0.5546875 0.39531250000000007 0.534375 0.39531250000000007 0.534375 0.41875 0.5546875 0.41875
2 0.5609375 0.2312500000000001 0.5375 0.2312500000000001 0.5375 0.2609375000000001 0.5609375 0.2609375000000001
2 0.528125 0.2578125000000001 0.503125 0.2578125000000001 0.503125 0.2890625000000001 0.528125 0.2890625000000001
2 0.6703125 0.13437500000000008 0.646875 0.13437500000000008 0.646875 0.16406250000000008 0.6703125 0.16406250000000008
2 0.8765625 0.2687500000000001 0.8515625 0.2687500000000001 0.8515625 0.3031250000000001 0.8765625 0.3031250000000001
0 0.9875 0.15156250000000013 0.9640625 0.15156250000000013 0.9640625 0.17500000000000013 0.9875 0.17500000000000013
4 0.8703125 0.22812500000000008 0.8609375 0.22812500000000008 0.8609375 0.2453125000000001 0.8703125 0.2453125000000001
4 0.8484375 0.18125000000000008 0.834375 0.18125000000000008 0.834375 0.2015625000000001 0.8484375 0.2015625000000001
4 0.69375 0.15781250000000008 0.678125 0.15781250000000008 0.678125 0.1765625000000001 0.69375 0.1765625000000001
4 0.6546875 0.18125000000000008 0.6390625 0.18125000000000008 0.6390625 0.19687500000000008 0.6546875 0.19687500000000008
4 0.621875 0.2484375000000001 0.6078125 0.2484375000000001 0.6078125 0.2640625000000001 0.621875 0.2640625000000001
4 0.6578125 0.2234375000000001 0.64375 0.2234375000000001 0.64375 0.24218750000000008 0.6578125 0.24218750000000008
4 0.5890625 0.3031250000000001 0.5796875 0.3031250000000001 0.5796875 0.3218750000000001 0.5890625 0.3218750000000001
4 0.5625 0.3296875000000001 0.553125 0.3296875000000001 0.553125 0.3437500000000001 0.5625 0.3437500000000001
4 0.5359375 0.3109375000000001 0.525 0.3109375000000001 0.525 0.3296875000000001 0.5359375 0.3296875000000001
4 0.5265625 0.3437500000000001 0.5171875 0.3437500000000001 0.5171875 0.3625000000000001 0.5265625 0.3625000000000001
4 0.4859375 0.3375000000000001 0.4734375 0.3375000000000001 0.4734375 0.34843750000000007 0.4859375 0.34843750000000007
4 0.48125 0.2687500000000001 0.475 0.2687500000000001 0.475 0.2906250000000001 0.48125 0.2906250000000001
4 0.475 0.2718750000000001 0.4671875 0.2718750000000001 0.4671875 0.2875000000000001 0.475 0.2875000000000001
4 0.49375 0.3812500000000001 0.4828125 0.3812500000000001 0.4828125 0.3968750000000001 0.49375 0.3968750000000001
4 0.5328125 0.3828125000000001 0.5234375 0.3828125000000001 0.5234375 0.403125 0.5328125 0.403125
4 0.5296875 0.4109375 0.5234375 0.4109375 0.5234375 0.4328125 0.5296875 0.4328125
4 0.6234375 0.3671875000000001 0.6140625 0.3671875000000001 0.6140625 0.3859375000000001 0.6234375 0.3859375000000001
4 0.5734375 0.37968750000000007 0.5625 0.37968750000000007 0.5625 0.3984375000000001 0.5734375 0.3984375000000001
0 0.5859375 0.4375 0.56875 0.4375 0.56875 0.4609375 0.5859375 0.4609375
0 0.3984375000000001 0.5046875 0.3890625000000001 0.5046875 0.3890625000000001 0.5359375 0.3984375000000001 0.5359375
2 0.7671875 0.6093750000000002 0.7453125 0.6093750000000002 0.7453125 0.6484375000000002 0.7671875 0.6484375000000002
4 0.775 0.6453125000000002 0.7671875 0.6453125000000002 0.7671875 0.6656250000000001 0.775 0.6656250000000001
4 0.8015625 0.5656250000000002 0.790625 0.5656250000000002 0.790625 0.5875000000000001 0.8015625 0.5875000000000001
4 0.828125 0.5062500000000002 0.81875 0.5062500000000002 0.81875 0.5250000000000001 0.828125 0.5250000000000001
4 0.834375 0.4703125000000002 0.8234375 0.4703125000000002 0.8234375 0.48750000000000016 0.834375 0.48750000000000016
4 0.79375 0.5359375000000002 0.7828125 0.5359375000000002 0.7828125 0.5515625000000002 0.79375 0.5515625000000002
4 0.784375 0.5578125000000002 0.7734375 0.5578125000000002 0.7734375 0.5718750000000001 0.784375 0.5718750000000001
4 0.76875 0.7015625000000002 0.759375 0.7015625000000002 0.759375 0.7218750000000002 0.76875 0.7218750000000002
4 0.7218750000000002 0.7828125 0.7093750000000002 0.7828125 0.7093750000000002 0.796875 0.7218750000000002 0.796875
4 0.7234375000000002 0.846875 0.7125000000000001 0.846875 0.7125000000000001 0.8671875 0.7234375000000002 0.8671875
4 0.7078125000000002 0.8390625 0.6937500000000002 0.8390625 0.6937500000000002 0.85625 0.7078125000000002 0.85625
4 0.6890625000000001 0.834375 0.6734375000000001 0.834375 0.6734375000000001 0.85 0.6890625000000001 0.85
4 0.6453125000000002 0.8 0.6359375000000002 0.8 0.6359375000000002 0.815625 0.6453125000000002 0.815625
4 0.7562500000000002 0.9109375 0.7437500000000001 0.9109375 0.7437500000000001 0.9296875 0.7562500000000002 0.9296875
4 0.7234375000000002 0.9234375 0.7125000000000001 0.9234375 0.7125000000000001 0.9390625 0.7234375000000002 0.9390625
2 0.7359375000000001 0.9484375 0.7140625000000002 0.9484375 0.7140625000000002 0.9734375 0.7359375000000001 0.9734375
2 0.6859375000000002 0.7890625 0.6609375000000002 0.7890625 0.6609375000000002 0.825 0.6859375000000002 0.825
2 0.6468750000000002 0.7484375 0.6234375000000002 0.7484375 0.6234375000000002 0.7796875 0.6468750000000002 0.7796875
2 0.559375 0.55625 0.540625 0.55625 0.540625 0.6015625 0.559375 0.6015625
2 0.2218750000000001 0.9171875 0.2015625000000001 0.9171875 0.2015625000000001 0.9578125 0.2218750000000001 0.9578125
0 0.3062500000000001 0.9296875 0.2921875000000001 0.9296875 0.2921875000000001 0.953125 0.3062500000000001 0.953125
3 0.2593750000000001 0.784375 0.24218750000000008 0.784375 0.24218750000000008 0.8234375 0.2593750000000001 0.8234375
3 0.2843750000000001 0.6609375 0.27031250000000007 0.6609375 0.27031250000000007 0.69375 0.2843750000000001 0.69375
3 0.3421875000000001 0.5203125 0.3234375000000001 0.5203125 0.3234375000000001 0.553125 0.3421875000000001 0.553125
3 0.2609375 0.221875 0.240625 0.221875 0.240625 0.253125 0.2609375 0.253125
6 0.20625 0.23125 0.17968750000000006 0.23125 0.17968750000000006 0.278125 0.20625 0.278125
3 0.221875 0.2375 0.2 0.2375 0.2 0.2734375 0.221875 0.2734375
0 0.2921875 0.2625 0.271875 0.2625 0.271875 0.290625 0.2921875 0.290625
3 0.2453125 0.2578125 0.215625 0.2578125 0.215625 0.3140625 0.2453125 0.3140625
2 0.240625 0.17187500000000006 0.2171875 0.17187500000000006 0.2171875 0.20625 0.240625 0.20625
2 0.196875 0.10937500000000003 0.1765625 0.109375 0.1765625 0.1453125 0.196875 0.14531250000000004
3 0.19687500000000005 0.18593750000000003 0.17500000000000004 0.1859375 0.17500000000000004 0.2265625 0.19687500000000005 0.2265625
4 0.3375 0.15156250000000004 0.325 0.15156250000000004 0.325 0.17031250000000003 0.3375 0.17031250000000003
4 0.309375 0.15156250000000004 0.2984375 0.15156250000000004 0.2984375 0.16875000000000004 0.309375 0.16875000000000004
4 0.3703125 0.2671875 0.3609375 0.2671875 0.3609375 0.28593750000000007 0.3703125 0.28593750000000007
4 0.38125 0.26250000000000007 0.371875 0.26250000000000007 0.371875 0.2812500000000001 0.38125 0.2812500000000001
4 0.3859375 0.30937500000000007 0.3765625 0.30937500000000007 0.3765625 0.3296875000000001 0.3859375 0.3296875000000001
4 0.390625 0.3390625000000001 0.378125 0.3390625000000001 0.378125 0.34843750000000007 0.390625 0.34843750000000007
4 0.3578125 0.3265625 0.3453125 0.3265625 0.3453125 0.3421875 0.3578125 0.3421875
4 0.2984375 0.2484375 0.2890625 0.2484375 0.2890625 0.2640625 0.2984375 0.2640625
4 0.2875 0.2046875 0.2765625 0.2046875 0.2765625 0.2234375 0.2875 0.2234375
2 0.3171875 0.09218750000000005 0.296875 0.09218750000000005 0.296875 0.13125000000000003 0.3171875 0.13125000000000003
4 0.35625 0.042187500000000044 0.346875 0.042187500000000044 0.346875 0.059375000000000046 0.35625 0.059375000000000046
2 0.415625 0.12500000000000006 0.390625 0.12500000000000006 0.390625 0.16718750000000004 0.415625 0.16718750000000004
4 0.353125 0.225 0.3421875 0.225 0.3421875 0.24375 0.353125 0.24375
4 0.3140625 0.13437500000000005 0.3 0.13437500000000005 0.3 0.15312500000000004 0.3140625 0.15312500000000004
4 0.346875 0.06406250000000005 0.3359375 0.06406250000000005 0.3359375 0.07968750000000005 0.346875 0.07968750000000005
4 0.334375 0.05312500000000005 0.325 0.05312500000000005 0.325 0.06875000000000005 0.334375 0.06875000000000005
4 0.3921875 0.2390625000000001 0.3796875 0.2390625000000001 0.3796875 0.2531250000000001 0.3921875 0.2531250000000001
4 0.4109375 0.2750000000000001 0.4 0.2750000000000001 0.4 0.2953125000000001 0.4109375 0.2953125000000001
4 0.4296875 0.3296875000000001 0.415625 0.3296875000000001 0.415625 0.34843750000000007 0.4296875 0.34843750000000007
4 0.44375 0.34843750000000007 0.4296875 0.34843750000000007 0.4296875 0.3656250000000001 0.44375 0.3656250000000001
4 0.465625 0.3437500000000001 0.4515625 0.3437500000000001 0.4515625 0.3625000000000001 0.465625 0.3625000000000001
4 0.4765625 0.3765625000000001 0.465625 0.3765625000000001 0.465625 0.3921875000000001 0.4765625 0.3921875000000001
4 0.4609375 0.3671875000000001 0.4515625 0.3671875000000001 0.4515625 0.3812500000000001 0.4609375 0.3812500000000001
4 0.4546875 0.3906250000000001 0.44375 0.3906250000000001 0.44375 0.4015625 0.4546875 0.4015625
4 0.41875 0.4109375 0.4046875 0.4109375 0.4046875 0.425 0.41875 0.425
4 0.4171875 0.3921875000000001 0.40625 0.3921875000000001 0.40625 0.403125 0.4171875 0.403125
4 0.3937500000000001 0.4015625 0.38750000000000007 0.4015625 0.38750000000000007 0.4234375 0.3937500000000001 0.4234375
4 0.403125 0.4296875 0.3921875000000001 0.4296875 0.3921875000000001 0.446875 0.403125 0.446875
4 0.4125 0.4453125 0.4015625 0.4453125 0.4015625 0.4609375 0.4125 0.4609375
4 0.421875 0.4296875 0.4078125 0.4296875 0.4078125 0.44375 0.421875 0.44375
4 0.3625000000000001 0.4640625 0.3531250000000001 0.4640625 0.3531250000000001 0.4890625 0.3625000000000001 0.4890625
4 0.3546875000000001 0.425 0.3453125000000001 0.425 0.3453125000000001 0.4453125 0.3546875000000001 0.4453125
4 0.3312500000000001 0.409375 0.3187500000000001 0.409375 0.3187500000000001 0.4234375 0.3312500000000001 0.4234375
4 0.3359375000000001 0.4203125 0.3265625000000001 0.4203125 0.3265625000000001 0.4359375 0.3359375000000001 0.4359375
4 0.31718750000000007 0.4109375 0.3109375000000001 0.4109375 0.3109375000000001 0.4296875 0.31718750000000007 0.4296875
4 0.3078125000000001 0.4265625 0.2968750000000001 0.4265625 0.2968750000000001 0.4421875 0.3078125000000001 0.4421875
4 0.32500000000000007 0.5140625 0.3156250000000001 0.5140625 0.3156250000000001 0.534375 0.32500000000000007 0.534375
4 0.3109375000000001 0.5125 0.2984375000000001 0.5125 0.2984375000000001 0.5265625 0.3109375000000001 0.5265625
4 0.29375000000000007 0.503125 0.28593750000000007 0.503125 0.28593750000000007 0.51875 0.29375000000000007 0.51875
4 0.3625000000000001 0.540625 0.34843750000000007 0.540625 0.34843750000000007 0.5609375 0.3625000000000001 0.5609375
4 0.3750000000000001 0.5546875 0.36406250000000007 0.5546875 0.36406250000000007 0.578125 0.3750000000000001 0.578125
4 0.3937500000000001 0.546875 0.3859375000000001 0.546875 0.3859375000000001 0.571875 0.3937500000000001 0.571875
4 0.45625 0.559375 0.4421875 0.559375 0.4421875 0.5734375 0.45625 0.5734375
4 0.4453125 0.521875 0.4359375 0.521875 0.4359375 0.540625 0.4453125 0.540625
4 0.45625 0.503125 0.446875 0.503125 0.446875 0.51875 0.45625 0.51875
4 0.4359375 0.534375 0.421875 0.534375 0.421875 0.546875 0.4359375 0.546875
4 0.4203125 0.621875 0.4109375 0.621875 0.4109375 0.6390625 0.4203125 0.6390625
4 0.4453125 0.6515625 0.4328125 0.6515625 0.4328125 0.665625 0.4453125 0.665625
4 0.4625 0.671875 0.45 0.671875 0.45 0.6859375 0.4625 0.6859375
4 0.515625 0.5921875 0.5015625 0.5921875 0.5015625 0.60625 0.515625 0.60625
4 0.5265625 0.565625 0.515625 0.565625 0.515625 0.58125 0.5265625 0.58125
4 0.515625 0.6171875 0.5015625 0.6171875 0.5015625 0.6359375 0.515625 0.6359375
4 0.559375 0.51875 0.5484375 0.51875 0.5484375 0.5390625 0.559375 0.5390625
4 0.625 0.6015625 0.6109375 0.6015625 0.6109375 0.6171875 0.625 0.6171875
4 0.60625 0.6640625 0.590625 0.6640625 0.590625 0.678125 0.60625 0.678125
4 0.5875000000000001 0.7171875 0.578125 0.7171875 0.5781250000000001 0.7328125 0.5875000000000001 0.7328125
4 0.9796875 0.22812500000000008 0.9703125 0.22812500000000008 0.9703125 0.2390625000000001 0.9796875 0.2390625000000001
4 0.8859375 0.04687500000000011 0.871875 0.04687500000000011 0.871875 0.0640625000000001 0.8859375 0.0640625000000001
4 0.8484375 0.08437500000000012 0.8375 0.08437500000000012 0.8375 0.10156250000000008 0.8484375 0.10156250000000008
4 0.8453125 0.0640625000000001 0.83125 0.0640625000000001 0.83125 0.0796875000000001 0.8453125 0.0796875000000001
4 0.7890625 0.0671875000000001 0.775 0.0671875000000001 0.775 0.08593750000000008 0.7890625 0.08593750000000008
4 0.796875 0.11093750000000009 0.7859375 0.11093750000000009 0.7859375 0.13437500000000008 0.796875 0.13437500000000008
4 0.3703125000000001 0.61875 0.35625000000000007 0.61875 0.35625000000000007 0.634375 0.3703125000000001 0.634375
4 0.3625000000000001 0.5859375 0.3515625000000001 0.5859375 0.3515625000000001 0.6046875 0.3625000000000001 0.6046875
4 0.32500000000000007 0.61875 0.3140625000000001 0.61875 0.3140625000000001 0.64375 0.32500000000000007 0.64375
4 0.3843750000000001 0.6671875 0.3750000000000001 0.6671875 0.3750000000000001 0.684375 0.3843750000000001 0.684375
4 0.3578125000000001 0.771875 0.34843750000000007 0.771875 0.34843750000000007 0.790625 0.3578125000000001 0.790625
4 0.3437500000000001 0.784375 0.3343750000000001 0.784375 0.3343750000000001 0.803125 0.3437500000000001 0.803125
4 0.3343750000000001 0.803125 0.32500000000000007 0.803125 0.32500000000000007 0.8234375 0.3343750000000001 0.8234375
4 0.3312500000000001 0.8390625 0.3218750000000001 0.8390625 0.3218750000000001 0.8578125 0.3312500000000001 0.8578125
4 0.3109375000000001 0.884375 0.3031250000000001 0.884375 0.3031250000000001 0.9015625 0.3109375000000001 0.9015625
4 0.29375000000000007 0.9015625 0.2843750000000001 0.9015625 0.2843750000000001 0.9203125 0.29375000000000007 0.9203125
4 0.2890625000000001 0.9296875 0.2796875000000001 0.9296875 0.2796875000000001 0.9484375 0.2890625000000001 0.9484375
4 0.3000000000000001 0.7796875 0.2890625000000001 0.7796875 0.2890625000000001 0.7984375 0.3000000000000001 0.7984375
4 0.3156250000000001 0.7171875 0.3062500000000001 0.7171875 0.3062500000000001 0.7375 0.3156250000000001 0.7375
4 0.3031250000000001 0.678125 0.29375000000000007 0.678125 0.29375000000000007 0.703125 0.3031250000000001 0.703125
4 0.32500000000000007 0.6890625 0.3187500000000001 0.6890625 0.3187500000000001 0.7046875 0.32500000000000007 0.7046875
4 0.3265625000000001 0.709375 0.31718750000000007 0.709375 0.31718750000000007 0.7296875 0.3265625000000001 0.7296875
4 0.3218750000000001 0.5609375 0.3156250000000001 0.5609375 0.3156250000000001 0.58125 0.3218750000000001 0.58125
4 0.2656250000000001 0.478125 0.2562500000000001 0.478125 0.2562500000000001 0.4890625 0.2656250000000001 0.4890625
4 0.365625 0.050000000000000044 0.3546875 0.050000000000000044 0.3546875 0.07031250000000004 0.365625 0.07031250000000004
4 0.359375 0.08125000000000004 0.353125 0.08125000000000004 0.353125 0.09531250000000005 0.359375 0.09531250000000005
4 0.1984375 0.07031250000000003 0.1890625 0.07031250000000003 0.1890625 0.08906250000000002 0.1984375 0.08906250000000002
4 0.3968750000000001 0.46875 0.3859375000000001 0.46875 0.3859375000000001 0.4890625 0.3968750000000001 0.4890625
4 0.4078125 0.478125 0.3968750000000001 0.478125 0.3968750000000001 0.5 0.4078125 0.5
4 0.3734375000000001 0.746875 0.3656250000000001 0.746875 0.3656250000000001 0.7625 0.3734375000000001 0.7625
0 0.4979618392958173 0.31680725537795795 0.4894390942105499 0.30838744896689346 0.4721492408522326 0.3258886842139356 0.4806719859375 0.33430849062500007
3 0.7390625 0.6578125000000001 0.715625 0.6578125 0.715625 0.6968750000000001 0.7390625 0.6968750000000001
3 0.7265625 0.6265625000000001 0.7015625 0.6265625 0.7015625 0.6703125000000001 0.7265625 0.6703125000000002
3 0.71875 0.6125 0.690625 0.6125 0.690625 0.65625 0.71875 0.65625
3 0.703125 0.590625 0.678125 0.590625 0.678125 0.63125 0.703125 0.63125
3 0.6921875 0.565625 0.6703125 0.565625 0.6703125 0.60625 0.6921875 0.60625
3 0.6796875 0.565625 0.6625 0.565625 0.6625 0.5953125 0.6796875 0.5953125
3 0.746875 0.3750000000000001 0.71875 0.3750000000000001 0.71875 0.4093750000000001 0.746875 0.40937500000000016
3 0.8234375 0.3156250000000001 0.7953125 0.3156250000000001 0.7953125 0.3500000000000001 0.8234375 0.3500000000000001
2 0.8578125 0.36406250000000007 0.83125 0.36406250000000007 0.83125 0.4109375000000002 0.8578125 0.4109375000000002
3 0.8828125 0.3046875000000001 0.8484375 0.3046875000000001 0.8484375 0.3687500000000001 0.8828125 0.3687500000000001
3 0.8546875 0.28593750000000007 0.81875 0.28593750000000007 0.81875 0.3343750000000001 0.8546875 0.3343750000000001
3 0.6859375 0.41875 0.65625 0.41875 0.65625 0.4578125 0.6859375 0.4578125
4 0.5796875 0.4609375 0.571875 0.4609375 0.571875 0.475 0.5796875 0.475
3 0.628125 0.475 0.6078125 0.475 0.6078125 0.503125 0.628125 0.503125
6 0.5843750000000002 0.91875 0.5437500000000002 0.91875 0.5437500000000002 0.9921875 0.5843750000000002 0.9921875
4 0.3671875 0.15000000000000005 0.3578125 0.15000000000000005 0.3578125 0.16406250000000006 0.3671875 0.16406250000000006
4 0.384375 0.12031250000000004 0.3796875 0.12031250000000004 0.3796875 0.14062500000000006 0.384375 0.14062500000000006
4 0.3890625 0.09687500000000004 0.384375 0.09687500000000004 0.384375 0.11718750000000004 0.3890625 0.11718750000000004
4 0.38125 0.09375000000000004 0.371875 0.09375000000000004 0.371875 0.11250000000000004 0.38125 0.11250000000000004
4 0.346875 0.03125000000000004 0.3375 0.03125000000000004 0.3375 0.051562500000000046 0.346875 0.051562500000000046
4 0.340625 0.09531250000000005 0.3328125 0.09531250000000005 0.3328125 0.11250000000000004 0.340625 0.11250000000000004
4 0.3703125 0.018750000000000044 0.3609375 0.018750000000000044 0.3609375 0.03281250000000004 0.3703125 0.03281250000000004
4 0.3859375 0.020312500000000046 0.3765625 0.020312500000000046 0.3765625 0.034375000000000044 0.3859375 0.034375000000000044
3 0.8375 0.41406250000000017 0.80625 0.41406250000000017 0.80625 0.4781250000000002 0.8375 0.4781250000000002
4 0.653125 0.453125 0.6375 0.453125 0.6375 0.4671875 0.653125 0.4671875
2 0.63125 0.1375000000000001 0.6140625 0.1375000000000001 0.6140625 0.17968750000000008 0.63125 0.17968750000000008
2 0.3343750000000001 0.9015625 0.31718750000000007 0.9015625 0.31718750000000007 0.9375 0.3343750000000001 0.9375
4 0.934375 1.1356685551468033e-16 0.9203125 1.1270577573402985e-16 0.9203125 0.021875000000000113 0.934375 0.021875000000000117
6 0.0921875 8.993499931238374e-18 0.0546875 6.6972871828370884e-18 0.0546875 0.06406250000000001 0.0921875 0.06406250000000002
4 0.1796875 0.1046875 0.16875 0.1046875 0.16875 0.1234375 0.1796875 0.1234375
4 0.11875 0.1125 0.109375 0.1125 0.109375 0.13125 0.11875 0.13125
4 0.1453125 0.1734375 0.1390625 0.1734375 0.13906250000000003 0.190625 0.14531250000000004 0.190625
4 0.14843750000000003 0.178125 0.1421875 0.178125 0.14218750000000002 0.19375 0.14843750000000006 0.19375
4 0.228125 0.2265625 0.21875 0.2265625 0.21875 0.2375 0.228125 0.2375
4 0.2375 0.2375 0.2296875 0.2375 0.2296875 0.25 0.2375 0.25
4 0.2421875 0.23125 0.2359375 0.23125 0.2359375 0.25 0.2421875 0.25
4 0.353125 0.08906250000000004 0.34375 0.08906250000000004 0.34375 0.10468750000000004 0.353125 0.10468750000000004
4 0.378125 0.07500000000000004 0.371875 0.07500000000000004 0.371875 0.09062500000000004 0.378125 0.09062500000000004
4 0.3671875 0.10937500000000004 0.3625 0.10937500000000004 0.3625 0.12656250000000005 0.3671875 0.12656250000000005
4 0.3734375 0.12187500000000004 0.3671875 0.12187500000000004 0.3671875 0.14062500000000006 0.3734375 0.14062500000000006
4 0.3796875 0.13281250000000006 0.3734375 0.13281250000000006 0.3734375 0.15156250000000004 0.3796875 0.15156250000000004
4 0.378125 0.11093750000000005 0.3734375 0.11093750000000005 0.3734375 0.12656250000000005 0.378125 0.12656250000000005
4 0.3640625 0.08906250000000004 0.3578125 0.08906250000000004 0.3578125 0.10625000000000004 0.3640625 0.10625000000000004
4 0.3625 0.10937500000000004 0.353125 0.10937500000000004 0.353125 0.12656250000000005 0.3625 0.12656250000000005
4 0.35 0.12968750000000004 0.3421875 0.12968750000000004 0.3421875 0.14843750000000006 0.35 0.14843750000000006
4 0.340625 0.12031250000000004 0.3328125 0.12031250000000004 0.3328125 0.13750000000000004 0.340625 0.13750000000000004
4 0.3125 0.07187500000000005 0.303125 0.07187500000000005 0.303125 0.08593750000000004 0.3125 0.08593750000000004
4 0.3265625 0.06406250000000005 0.3171875 0.06406250000000005 0.3171875 0.07812500000000004 0.3265625 0.07812500000000004
4 0.278125 0.009375000000000033 0.26875 0.009375000000000033 0.26875 0.029687500000000033 0.278125 0.029687500000000033
4 0.4390625 0.2828125000000001 0.4328125 0.2828125000000001 0.4328125 0.3000000000000001 0.4390625 0.3000000000000001
4 0.4234375 0.2750000000000001 0.415625 0.2750000000000001 0.415625 0.29375000000000007 0.4234375 0.29375000000000007
4 0.4984375 0.2609375000000001 0.490625 0.2609375000000001 0.490625 0.2828125000000001 0.4984375 0.2828125000000001
3 0.53125 0.2062500000000001 0.509375 0.2062500000000001 0.509375 0.23437500000000008 0.53125 0.23437500000000008
4 0.565625 0.1921875000000001 0.5578125 0.1921875000000001 0.5578125 0.21250000000000008 0.565625 0.21250000000000008
4 0.590625 0.18906250000000008 0.5859375 0.18906250000000008 0.5859375 0.2062500000000001 0.590625 0.2062500000000001
4 0.6046875 0.16406250000000008 0.596875 0.16406250000000008 0.596875 0.1828125000000001 0.6046875 0.1828125000000001
4 0.6109375 0.1218750000000001 0.603125 0.1218750000000001 0.603125 0.14218750000000008 0.6109375 0.14218750000000008
4 0.55625 0.1765625000000001 0.5515625 0.1765625000000001 0.5515625 0.1937500000000001 0.55625 0.1937500000000001
4 0.5515625 0.18281250000000007 0.5421875 0.18281250000000004 0.5421875 0.19843750000000007 0.5515625 0.1984375000000001
4 0.5765625 0.1828125000000001 0.5703125 0.1828125000000001 0.5703125 0.20312500000000008 0.5765625 0.20312500000000008
4 0.584375 0.1781250000000001 0.578125 0.1781250000000001 0.578125 0.19687500000000008 0.584375 0.19687500000000008
4 0.590625 0.16406250000000008 0.5859375 0.16406250000000008 0.5859375 0.1828125000000001 0.590625 0.1828125000000001
4 0.596875 0.16562500000000008 0.590625 0.16562500000000008 0.590625 0.1843750000000001 0.596875 0.1843750000000001
3 0.640625 0.4875 0.6203125 0.4875 0.6203125 0.525 0.640625 0.525
3 0.7125 0.3984375000000001 0.6828125 0.3984375000000001 0.6828125 0.440625 0.7125 0.440625
3 0.6359375 0.53125 0.6171875 0.53125 0.6171875 0.559375 0.6359375 0.559375
3 0.675 0.5484375 0.65625 0.5484375 0.65625 0.578125 0.675 0.578125
4 0.65625 0.11875000000000009 0.65 0.11875000000000009 0.65 0.13437500000000008 0.65625 0.13437500000000008
4 0.6375 0.1312500000000001 0.6328125 0.1312500000000001 0.6328125 0.1468750000000001 0.6375 0.1468750000000001
4 0.6421875 0.12343750000000009 0.6375 0.12343750000000009 0.6375 0.1453125000000001 0.6421875 0.1453125000000001
4 0.65 0.12031250000000009 0.64375 0.12031250000000009 0.64375 0.1375000000000001 0.65 0.1375000000000001
4 0.6625 0.1140625000000001 0.65625 0.1140625000000001 0.65625 0.13437500000000008 0.6625 0.13437500000000008
4 0.66875 0.11562500000000009 0.6625 0.11562500000000009 0.6625 0.13281250000000008 0.66875 0.13281250000000008
4 0.6828125 0.12343750000000009 0.6734375 0.12343750000000009 0.6734375 0.1375000000000001 0.6828125 0.1375000000000001
4 0.68125 0.10156250000000008 0.6765625 0.10156250000000008 0.6765625 0.12031250000000009 0.68125 0.12031250000000009
4 0.684375 0.10000000000000009 0.6796875 0.10000000000000009 0.6796875 0.11562500000000009 0.684375 0.11562500000000009
4 0.69375 0.09531250000000009 0.6875 0.09531250000000009 0.6875 0.1140625000000001 0.69375 0.1140625000000001
4 0.771875 0.025000000000000095 0.7671875 0.025000000000000088 0.7671875 0.04062500000000009 0.771875 0.0406250000000001
4 0.7796875 0.018750000000000093 0.771875 0.018750000000000093 0.771875 0.0390625000000001 0.7796875 0.0390625000000001
4 0.7546875 0.36406250000000007 0.746875 0.36406250000000007 0.746875 0.3843750000000001 0.7546875 0.3843750000000001
3 0.8125 0.4906250000000002 0.796875 0.4906250000000002 0.796875 0.5203125000000002 0.8125 0.5203125000000002
4 0.815625 0.47656250000000017 0.80625 0.47656250000000017 0.80625 0.49218750000000017 0.815625 0.49218750000000017
4 0.8 0.5156250000000002 0.7875 0.5156250000000002 0.7875 0.5265625000000002 0.8 0.5265625000000002
4 0.83125 0.5921875000000002 0.8171875 0.5921875000000002 0.8171875 0.6062500000000002 0.83125 0.6062500000000002
4 0.821875 0.6265625000000001 0.8125 0.6265625000000001 0.8125 0.6421875000000001 0.821875 0.6421875000000001
4 0.8125 0.6406250000000002 0.803125 0.6406250000000002 0.803125 0.6578125000000001 0.8125 0.6578125000000001
4 0.803125 0.6750000000000002 0.79375 0.6750000000000002 0.79375 0.6937500000000002 0.803125 0.6937500000000002
4 0.8046875 0.6640625000000002 0.79375 0.6640625000000002 0.79375 0.6765625000000002 0.8046875 0.6765625000000002
4 0.7796875000000002 0.7359375000000001 0.7656250000000002 0.7359375000000001 0.7656250000000002 0.7515625000000001 0.7796875000000002 0.7515625000000001
4 0.7828125000000001 0.7281250000000001 0.7750000000000001 0.7281250000000001 0.7750000000000001 0.7406250000000002 0.7828125000000001 0.7406250000000002
4 0.7859375000000001 0.7203125000000001 0.7765625 0.7203125000000001 0.7765625 0.7312500000000002 0.7859375000000002 0.7312500000000002
4 0.796875 0.6953125000000002 0.7875 0.6953125000000002 0.7875 0.7062500000000002 0.796875 0.7062500000000002
4 0.9078125 0.3843750000000001 0.8984375 0.3843750000000001 0.8984375 0.4031250000000002 0.9078125 0.4031250000000002
4 0.89375 0.42500000000000016 0.884375 0.42500000000000016 0.884375 0.4390625000000002 0.89375 0.4390625000000002
4 0.9 0.4187500000000002 0.8859375 0.4187500000000002 0.8859375 0.42968750000000017 0.9 0.42968750000000017
4 0.8703125 0.46093750000000017 0.8609375 0.46093750000000017 0.8609375 0.48437500000000017 0.8703125 0.48437500000000017
4 0.8734375 0.4812500000000002 0.859375 0.4812500000000002 0.859375 0.4968750000000002 0.8734375 0.4968750000000002
4 0.28593750000000007 0.640625 0.2765625000000001 0.640625 0.2765625000000001 0.6640625 0.28593750000000007 0.6640625
4 0.3109375000000001 0.58125 0.30156250000000007 0.58125 0.30156250000000007 0.6015625 0.3109375000000001 0.6015625
4 0.2515625000000001 0.7609375 0.23593750000000008 0.7609375 0.23593750000000008 0.775 0.2515625000000001 0.775
4 0.2328125000000001 0.821875 0.21875000000000008 0.821875 0.21875000000000008 0.8328125 0.2328125000000001 0.8328125
4 0.2312500000000001 0.8375 0.2171875000000001 0.8375 0.2171875000000001 0.8484375 0.2312500000000001 0.8484375
4 0.24375000000000008 0.784375 0.2328125000000001 0.784375 0.2328125000000001 0.7953125 0.24375000000000008 0.7953125
4 0.2406250000000001 0.8 0.22656250000000008 0.8 0.22656250000000008 0.8125 0.2406250000000001 0.8125
3 0.32500000000000007 0.8296875 0.30937500000000007 0.8296875 0.30937500000000007 0.8640625 0.32500000000000007 0.8640625
3 0.3734375000000001 0.790625 0.3671875000000001 0.790625 0.3671875000000001 0.80625 0.3734375000000001 0.80625