4 0.1453125000000001 0.765625 0.1281250000000001 0.765625 0.1281250000000001 0.7890625 0.1453125000000001 0.7890625
4 0.1296875000000001 0.834375 0.11718750000000008 0.834375 0.11718750000000008 0.8578125 0.1296875000000001 0.8578125
4 0.11718750000000008 0.84375 0.10156250000000008 0.84375 0.10156250000000008 0.8625 0.11718750000000008 0.8625
4 0.3687500000000001 0.871875 0.3578125000000001 0.871875 0.3578125000000001 0.896875 0.3687500000000001 0.896875
4 0.3203125000000001 0.728125 0.30156250000000007 0.728125 0.30156250000000007 0.7484375 0.3203125000000001 0.7484375
4 0.4328125 0.690625 0.41875 0.690625 0.41875 0.7125 0.4328125 0.7125
4 0.490625 0.659375 0.478125 0.659375 0.478125 0.690625 0.490625 0.690625
4 0.503125 0.6640625 0.49375 0.6640625 0.49375 0.6953125 0.503125 0.6953125
4 0.475 0.609375 0.4640625 0.609375 0.4640625 0.64375 0.475 0.64375
4 0.5437500000000002 0.8734375 0.5250000000000001 0.8734375 0.5250000000000001 0.8984375 0.5437500000000002 0.8984375
4 0.5875000000000001 0.8140625 0.5734375000000002 0.8140625 0.5734375000000002 0.8421875 0.5875000000000001 0.8421875
4 0.5500000000000002 0.8140625 0.5359375000000002 0.8140625 0.5359375000000002 0.8359375 0.5500000000000002 0.8359375
4 0.6046875000000002 0.7625 0.5890625000000002 0.7625 0.5890625000000002 0.7890625 0.6046875000000002 0.7890625
4 0.6031250000000001 0.7265625 0.5890625000000002 0.7265625 0.5890625000000002 0.75 0.6031250000000001 0.75
0 0.2234375000000001 0.75 0.20468750000000008 0.75 0.20468750000000008 0.778125 0.2234375000000001 0.778125
2 0.09218750000000009 0.7828125 0.05937500000000009 0.7828125 0.05937500000000009 0.80625 0.09218750000000009 0.80625
2 0.48125 0.534375 0.459375 0.534375 0.459375 0.590625 0.48125 0.590625
2 0.47656250000000017 0.7515625 0.4421875000000002 0.7515625 0.4421875000000002 0.778125 0.47656250000000017 0.778125
2 0.525 0.46875 0.5109375 0.46875 0.5109375 0.5203125 0.525 0.5203125
3 0.4875 0.4515625 0.4703125 0.4515625 0.4703125 0.53125 0.4875 0.53125
2 0.7515625000000001 0.7796875000000002 0.7281250000000001 0.7796875000000002 0.7281250000000001 0.8078125 0.7515625000000001 0.8078125
0 0.5546875000000002 0.765625 0.5343750000000002 0.765625 0.5343750000000002 0.7921875 0.5546875000000002 0.7921875
2 0.4906250000000002 0.7796875 0.4656250000000002 0.7796875 0.4656250000000002 0.8109375 0.4906250000000002 0.8109375
4 0.5265625 0.3062500000000001 0.51875 0.3062500000000001 0.51875 0.3375000000000001 0.5265625 0.3375000000000001
4 0.478125 0.045312500000000054 0.46875 0.045312500000000054 0.46875 0.08593750000000007 0.478125 0.08593750000000007
3 0.6765625 0.659375 0.6546875 0.659375 0.6546875 0.6828125 0.6765625 0.6828125
2 0.840625 0.7921875000000002 0.8125 0.7921875000000002 0.8125 0.8203125 0.840625 0.8203125
0 0.909375 0.8625 0.8890625 0.8625 0.8890625 0.8921875 0.909375 0.8921875
4 0.9375 0.84375 0.921875 0.84375 0.921875 0.86875 0.9375 0.86875
4 0.9875 0.7671875000000001 0.96875 0.7671875000000001 0.96875 0.7937500000000002 0.9875 0.7937500000000002
2 0.38750000000000007 0.8390625 0.3593750000000001 0.8390625 0.3593750000000001 0.8734375 0.38750000000000007 0.8734375
4 0.3046875000000001 0.6515625 0.2906250000000001 0.6515625 0.2906250000000001 0.68125 0.3046875000000001 0.68125
4 0.3671875000000001 0.628125 0.3500000000000001 0.628125 0.3500000000000001 0.6578125 0.3671875000000001 0.6578125
4 0.11562500000000009 0.8609375 0.09687500000000011 0.8609375 0.09687500000000011 0.88125 0.11562500000000009 0.88125