4 0.546875 0.3750000000000001 0.528125 0.3750000000000001 0.528125 0.4046875 0.546875 0.4046875
2 0.5125 0.2921875000000001 0.4890625 0.2921875000000001 0.4890625 0.3359375000000001 0.5125 0.3359375000000001
2 0.4015625 0.3515625000000001 0.375 0.3515625000000001 0.37500000000000006 0.3828125000000001 0.4015625 0.3828125000000001
0 0.5609375 0.4296875 0.546875 0.4296875 0.546875 0.465625 0.5609375 0.465625
0 0.546875 0.446875 0.5296875 0.446875 0.5296875 0.484375 0.546875 0.484375
0 0.521875 0.17812500000000003 0.503125 0.17812500000000003 0.503125 0.2078125000000001 0.521875 0.2078125000000001
0 0.5109375 0.13906250000000003 0.490625 0.13906250000000003 0.490625 0.16250000000000003 0.5109375 0.16250000000000003
0 0.6515625 0.18750000000000008 0.634375 0.18750000000000008 0.634375 0.2171875000000001 0.6515625 0.2171875000000001
2 0.6140625 0.18906250000000008 0.584375 0.18906250000000008 0.584375 0.21875000000000008 0.6140625 0.21875000000000008
4 0.6109375 0.20468750000000008 0.6 0.20468750000000008 0.6 0.2406250000000001 0.6109375 0.2406250000000001
2 0.571875 0.22656250000000008 0.5453125 0.22656250000000008 0.5453125 0.2500000000000001 0.571875 0.2500000000000001
2 0.55625 0.19375000000000006 0.53125 0.19375000000000003 0.53125 0.21875000000000008 0.55625 0.21875000000000008
2 0.5390625 0.15937500000000004 0.5140625 0.15937500000000004 0.5140625 0.18593750000000003 0.5390625 0.18593750000000003
4 0.54375 0.17656250000000004 0.525 0.17656250000000004 0.525 0.19531250000000006 0.54375 0.19531250000000006
4 0.71875 0.2250000000000001 0.7046875 0.2250000000000001 0.7046875 0.2453125000000001 0.71875 0.2453125000000001
4 0.6859375 0.19531250000000008 0.6703125 0.19531250000000008 0.6703125 0.2156250000000001 0.6859375 0.2156250000000001
4 0.678125 0.2015625000000001 0.659375 0.2015625000000001 0.659375 0.2171875000000001 0.678125 0.2171875000000001
4 0.65625 0.1750000000000001 0.6375 0.1750000000000001 0.6375 0.1921875000000001 0.65625 0.1921875000000001
4 0.6859375 0.1625000000000001 0.6703125 0.1625000000000001 0.6703125 0.1765625000000001 0.6859375 0.1765625000000001
4 0.6984375 0.10781250000000009 0.6875 0.10781250000000009 0.6875 0.1281250000000001 0.6984375 0.1281250000000001
4 0.70625 0.10937500000000008 0.696875 0.10937500000000008 0.696875 0.1296875000000001 0.70625 0.1296875000000001
4 0.7109375 0.1437500000000001 0.6953125 0.1437500000000001 0.6953125 0.16406250000000008 0.7109375 0.16406250000000008
4 0.71875 0.1750000000000001 0.7 0.1750000000000001 0.7 0.19687500000000008 0.71875 0.19687500000000008
4 0.73125 0.16406250000000008 0.7125 0.16406250000000008 0.7125 0.1843750000000001 0.73125 0.1843750000000001
3 0.6765625 0.21093750000000008 0.6515625 0.21093750000000008 0.6515625 0.2375000000000001 0.6765625 0.2375000000000001
2 0.7828125 0.11875000000000009 0.76875 0.11875000000000009 0.76875 0.1625000000000001 0.7828125 0.1625000000000001
2 0.8484375 0.15000000000000008 0.8234375 0.15000000000000008 0.8234375 0.1750000000000001 0.8484375 0.1750000000000001
2 0.8234375 9.9885254555456e-17 0.8078125 9.892849924362213e-17 0.8078125 0.0328125000000001 0.8234375 0.0328125000000001
0 0.9109375 0.17656250000000012 0.8875 0.1765625000000001 0.8875 0.20312500000000008 0.9109375 0.20312500000000008
0 0.9265625 0.20312500000000008 0.903125 0.20312500000000008 0.903125 0.2250000000000001 0.9265625 0.2250000000000001
0 0.86875 0.1843750000000001 0.846875 0.1843750000000001 0.846875 0.2093750000000001 0.86875 0.2093750000000001
3 0.93125 0.14375000000000013 0.9109375 0.14375000000000013 0.9109375 0.16718750000000013 0.93125 0.16718750000000013
4 1 0.2171875000000001 0.9859375 0.2171875000000001 0.9859375 0.2312500000000001 1 0.2312500000000001
4 1 0.2218750000000001 0.9921875 0.2218750000000001 0.9921875 0.24218750000000008 1 0.24218750000000008
4 0.9046875 0.22031250000000008 0.890625 0.22031250000000008 0.890625 0.23593750000000008 0.9046875 0.23593750000000008
4 0.878125 0.2171875000000001 0.8609375 0.2171875000000001 0.8609375 0.2328125000000001 0.878125 0.2328125000000001
4 0.86875 0.2015625000000001 0.8484375 0.2015625000000001 0.8484375 0.2218750000000001 0.86875 0.2218750000000001
2 0.86875 0.2390625000000001 0.8453125 0.2390625000000001 0.8453125 0.2640625000000001 0.86875 0.2640625000000001
4 0.8171875 0.2375000000000001 0.8015625 0.2375000000000001 0.8015625 0.2578125000000001 0.8171875 0.2578125000000001
4 0.83125 0.1937500000000001 0.815625 0.1937500000000001 0.815625 0.2078125000000001 0.83125 0.2078125000000001
2 0.8265625 0.20312500000000008 0.8 0.20312500000000008 0.8 0.22812500000000008 0.8265625 0.22812500000000008
2 0.840625 0.2218750000000001 0.8171875 0.2218750000000001 0.8171875 0.24218750000000008 0.840625 0.24218750000000008
2 0.76875 0.2375000000000001 0.74375 0.2375000000000001 0.74375 0.2609375000000001 0.76875 0.2609375000000001
4 0.765625 0.2234375000000001 0.7453125 0.2234375000000001 0.7453125 0.24218750000000008 0.765625 0.24218750000000008
4 0.76875 0.21093750000000008 0.75 0.21093750000000008 0.75 0.22656250000000008 0.76875 0.22656250000000008
4 0.7671875 0.20312500000000008 0.7484375 0.20312500000000008 0.7484375 0.22031250000000008 0.7671875 0.22031250000000008
4 0.7984375 0.1828125000000001 0.784375 0.1828125000000001 0.784375 0.20312500000000008 0.7984375 0.20312500000000008
3 0.7546875 0.1781250000000001 0.7328125 0.1781250000000001 0.7328125 0.2015625000000001 0.7546875 0.2015625000000001
4 0.8 0.4109375000000002 0.7796875 0.4109375000000002 0.7796875 0.43281250000000016 0.8 0.43281250000000016
4 0.7953125 0.3375000000000001 0.775 0.3375000000000001 0.775 0.3593750000000001 0.7953125 0.3593750000000001
2 0.7046875 0.37187500000000007 0.68125 0.37187500000000007 0.68125 0.3968750000000001 0.7046875 0.3968750000000001
2 0.6828125 0.3687500000000001 0.6578125 0.3687500000000001 0.6578125 0.3937500000000001 0.6828125 0.3937500000000001
2 0.6875 0.34843750000000007 0.6640625 0.34843750000000007 0.6640625 0.37187500000000007 0.6875 0.37187500000000007
2 0.6609375 0.3468750000000001 0.6359375 0.3468750000000001 0.6359375 0.3703125000000001 0.6609375 0.3703125000000001
2 0.65625 0.3671875000000001 0.6296875 0.3671875000000001 0.6296875 0.3906250000000001 0.65625 0.3906250000000001
4 0.6765625 0.3921875000000001 0.6609375 0.3921875000000001 0.6609375 0.4140625 0.6765625 0.4140625
4 0.6609375 0.3828125000000001 0.6453125 0.3828125000000001 0.6453125 0.4015625 0.6609375 0.4015625
4 0.6484375 0.3828125000000001 0.6328125 0.3828125000000001 0.6328125 0.3984375000000001 0.6484375 0.3984375000000001
0 0.646875 0.3937500000000001 0.625 0.3937500000000001 0.625 0.41875 0.646875 0.41875
4 0.6390625 0.3343750000000001 0.621875 0.3343750000000001 0.621875 0.3531250000000001 0.6390625 0.3531250000000001
4 0.6328125 0.3468750000000001 0.61875 0.3468750000000001 0.61875 0.36406250000000007 0.6328125 0.36406250000000007
4 0.6375 0.3500000000000001 0.6265625 0.3500000000000001 0.6265625 0.3703125000000001 0.6375 0.3703125000000001
4 0.5484375 0.5625 0.5375 0.5625 0.5375 0.5890625 0.5484375 0.5890625
4 0.540625 0.6390625 0.5328125 0.6390625 0.5328125 0.66875 0.540625 0.66875
0 0.5578125 0.6421875 0.540625 0.6421875 0.540625 0.68125 0.5578125 0.68125
4 0.5468750000000002 0.8390625 0.5359375000000002 0.8390625 0.5359375000000002 0.8671875 0.5468750000000002 0.8671875
4 0.5187500000000002 0.8640625 0.5078125000000002 0.8640625 0.5078125000000002 0.89375 0.5187500000000002 0.89375
2 0.5125000000000002 0.95 0.4984375000000002 0.95 0.4984375000000002 0.99375 0.5125000000000002 0.99375
0 0.5328125000000001 0.8609375 0.5187500000000002 0.8609375 0.5187500000000002 0.903125 0.5328125000000001 0.903125
4 0.48437500000000017 0.853125 0.47187500000000016 0.853125 0.47187500000000016 0.8796875 0.48437500000000017 0.8796875
4 0.45312500000000017 0.8828125 0.4390625000000002 0.8828125 0.4390625000000002 0.9171875 0.45312500000000017 0.9171875
4 0.46093750000000017 0.9203125 0.4515625000000002 0.9203125 0.4515625000000002 0.9515625 0.46093750000000017 0.9515625
2 0.48750000000000016 0.765625 0.4734375000000002 0.765625 0.4734375000000002 0.8125 0.48750000000000016 0.8125
4 0.465625 0.6578125 0.4546875 0.6578125 0.4546875 0.6875 0.465625 0.6875
0 0.484375 0.653125 0.471875 0.653125 0.471875 0.6875 0.484375 0.6875
2 0.4750000000000001 0.6859375 0.459375 0.6859375 0.4593750000000001 0.740625 0.4750000000000002 0.740625
2 0.48906250000000007 0.7015625 0.46875 0.7015625 0.4687500000000001 0.7515625 0.4890625000000002 0.7515625
4 0.48125 0.475 0.471875 0.475 0.471875 0.503125 0.48125 0.503125
4 0.4796875 0.5 0.46875 0.5 0.46875 0.5265625 0.4796875 0.5265625
4 0.5078125 0.48125 0.4953125 0.48125 0.4953125 0.5078125 0.5078125 0.5078125
4 0.50625 0.5015625 0.4953125 0.5015625 0.4953125 0.5296875 0.50625 0.5296875
4 0.503125 0.5203125 0.49375 0.5203125 0.49375 0.5453125 0.503125 0.5453125
4 0.5015625 0.540625 0.4921875 0.540625 0.4921875 0.5609375 0.5015625 0.5609375
4 0.4984375 0.5578125 0.490625 0.5578125 0.490625 0.5796875 0.4984375 0.5796875
2 0.4953125 0.559375 0.4765625 0.559375 0.4765625 0.609375 0.4953125 0.609375
2 0.4890625 0.60625 0.471875 0.60625 0.471875 0.653125 0.4890625 0.653125
2 0.5046875 0.6171875 0.4890625 0.6171875 0.4890625 0.6671875 0.5046875 0.6671875
2 0.5109375 0.54375 0.49375 0.54375 0.49375 0.5890625 0.5109375 0.5890625
2 0.51875 0.4953125 0.5 0.4953125 0.5 0.546875 0.51875 0.546875
2 0.4890625 0.5125 0.4703125 0.5125 0.4703125 0.5625 0.4890625 0.5625
2 0.4984375 0.665625 0.48125 0.665625 0.48125 0.7125 0.4984375 0.7125
2 0.4921875 0.475 0.475 0.475 0.475 0.5203125 0.4921875 0.5203125
2 0.4984375 0.4984375 0.4828125 0.4984375 0.4828125 0.5515625 0.4984375 0.5515625
4 0.3109375000000001 0.5890625 0.29375000000000007 0.5890625 0.29375000000000007 0.6046875 0.3109375000000001 0.6046875
4 0.30937500000000007 0.5984375 0.2921875000000001 0.5984375 0.2921875000000001 0.6125 0.30937500000000007 0.6125
4 0.3062500000000001 0.60625 0.2921875000000001 0.60625 0.2921875000000001 0.621875 0.3062500000000001 0.621875
2 0.10312500000000009 0.578125 0.07968750000000006 0.578125 0.07968750000000006 0.603125 0.10312500000000009 0.603125
2 0.057812500000000065 0.575 0.03593750000000007 0.575 0.035937500000000074 0.5984375 0.057812500000000065 0.5984375
2 0.05468750000000007 0.6 0.02968750000000008 0.6 0.02968750000000008 0.6296875 0.05468750000000007 0.6296875
2 0.04843750000000009 0.6890625 0.02656250000000009 0.6890625 0.02656250000000009 0.7109375 0.04843750000000009 0.7109375
2 0.17031250000000003 0.19375 0.14531250000000004 0.19375 0.14531250000000004 0.2234375 0.17031250000000003 0.2234375
2 0.1625 0.1421875 0.1390625 0.1421875 0.1390625 0.1703125 0.1625 0.1703125
2 0.128125 0.125 0.103125 0.125 0.103125 0.1578125 0.128125 0.1578125
2 0.08750000000000001 0.075 0.0703125 0.075 0.07031250000000001 0.128125 0.08750000000000002 0.128125
4 0.04062500000000001 0.0765625 0.025000000000000012 0.0765625 0.025000000000000012 0.096875 0.04062500000000001 0.096875
4 0.20625 0.12812500000000004 0.1921875 0.12812500000000004 0.1921875 0.14843750000000006 0.20625 0.14843750000000006
2 0.2015625 0.16562500000000002 0.1703125 0.165625 0.17031250000000003 0.1921875 0.2015625 0.19218750000000004
2 0.221875 0.14843750000000006 0.190625 0.14843750000000006 0.190625 0.17343750000000005 0.221875 0.17343750000000005
2 0.2859375 0.18750000000000006 0.2625 0.18750000000000006 0.2625 0.2109375 0.2859375 0.2109375
2 0.2359375 0.18593750000000003 0.2078125 0.18593750000000003 0.2078125 0.2109375 0.2359375 0.2109375
2 0.246875 0.209375 0.221875 0.209375 0.221875 0.2359375 0.246875 0.2359375
2 0.2765625 0.2140625 0.2546875 0.2140625 0.2546875 0.2375 0.2765625 0.2375
2 0.3046875 0.2140625 0.28125 0.2140625 0.28125 0.2359375 0.3046875 0.2359375
0 0.3890625 0.16406250000000006 0.36875 0.16406250000000006 0.36875 0.18906250000000005 0.3890625 0.18906250000000005
0 0.346875 0.14531250000000004 0.3234375 0.14531250000000004 0.3234375 0.16875000000000004 0.346875 0.16875000000000004
2 0.3609375 0.16718750000000004 0.33125 0.16718750000000004 0.33125 0.19062500000000004 0.3609375 0.19062500000000004
2 0.353125 0.18750000000000006 0.328125 0.18750000000000006 0.328125 0.2140625 0.353125 0.2140625
2 0.3765625 0.20781250000000004 0.3515625 0.2078125 0.3515625 0.23281250000000003 0.3765625 0.2328125000000001
2 0.346875 0.2140625 0.321875 0.2140625 0.321875 0.2390625 0.346875 0.2390625
4 0.3265625 0.2125 0.309375 0.2125 0.309375 0.2359375 0.3265625 0.2359375
2 0.4140625 0.19687500000000005 0.3890625 0.19687500000000005 0.3890625 0.2250000000000001 0.4140625 0.2250000000000001
6 0.39375 0.17968750000000006 0.3625 0.17968750000000006 0.3625 0.20937500000000003 0.39375 0.2093750000000001
2 0.465625 0.17656250000000004 0.440625 0.17656250000000004 0.440625 0.20312500000000008 0.465625 0.20312500000000008
2 0.44375 0.15312500000000004 0.4203125 0.15312500000000004 0.4203125 0.17656250000000004 0.44375 0.17656250000000004
4 0.4703125 0.15000000000000005 0.4515625 0.15000000000000005 0.4515625 0.17187500000000006 0.4703125 0.17187500000000006
4 0.4359375 0.19062500000000004 0.4125 0.19062500000000004 0.4125 0.2171875000000001 0.4359375 0.2171875000000001
4 0.446875 0.19687500000000005 0.43125 0.19687500000000005 0.43125 0.2156250000000001 0.446875 0.2156250000000001
4 0.440625 0.2218750000000001 0.4234375 0.2218750000000001 0.4234375 0.2390625000000001 0.440625 0.2390625000000001
4 0.45 0.23437500000000008 0.4375 0.23437500000000008 0.4375 0.2640625000000001 0.45 0.2640625000000001
4 0.4390625 0.2390625000000001 0.4265625 0.2390625000000001 0.4265625 0.2531250000000001 0.4390625 0.2531250000000001
4 0.3953125 0.15000000000000005 0.378125 0.15000000000000005 0.378125 0.17656250000000004 0.3953125 0.17656250000000004
2 0.5421875 6.553773886062007e-17 0.528125 6.467665907996959e-17 0.528125 0.021875000000000068 0.5421875 0.021875000000000068
2 0.6234375 7.548799410369232e-17 0.609375 7.462691432304184e-17 0.609375 0.021875000000000075 0.6234375 0.02187500000000008
2 0.5625 0.06406250000000006 0.5453125 0.06406250000000006 0.5453125 0.08906250000000007 0.5625 0.08906250000000007
2 1 0.18906250000000013 0.9890625 0.18906250000000013 0.9890625 0.2171875000000001 1 0.2171875000000001
0 0.04687500000000001 0.025000000000000005 0.023437500000000007 0.025 0.023437500000000007 0.0609375 0.046875000000000014 0.0609375
4 0.0421875 0.006250000000000004 0.025 0.006250000000000003 0.025 0.03125 0.0421875 0.03125
4 0.029687500000000012 0.06875 0.012500000000000011 0.06875 0.012500000000000011 0.0921875 0.029687500000000012 0.0921875
4 0.025000000000000012 0.10625 0.004687500000000013 0.10625 0.004687500000000015 0.13125 0.025000000000000012 0.13125
4 0.01562500000000001 0.0828125 1.0141606305439019e-17 0.0828125 1.1481063742006436e-17 0.1046875 0.01562500000000001 0.1046875
6 0.3750000000000001 0.39687500000000003 0.3500000000000001 0.396875 0.3500000000000001 0.4390625 0.3750000000000001 0.4390625
4 0.3859375000000001 0.434375 0.37187500000000007 0.434375 0.37187500000000007 0.4578125 0.3859375000000001 0.4578125
4 0.690625 0.1781250000000001 0.6734375 0.1781250000000001 0.6734375 0.1984375000000001 0.690625 0.1984375000000001
4 0.68125 0.1687500000000001 0.665625 0.1687500000000001 0.665625 0.1921875000000001 0.68125 0.1921875000000001
4 0.68125 0.10312500000000009 0.671875 0.10312500000000009 0.671875 0.13437500000000008 0.68125 0.13437500000000008
4 0.5296875000000002 0.759375 0.5218750000000002 0.759375 0.5218750000000002 0.784375 0.5296875000000002 0.784375
3 0.01406250000000002 0.134375 1.6456191363542558e-17 0.134375 1.8178350924843523e-17 0.1625 0.014062500000000023 0.1625