2 0.04687500000000007 0.5265625 0.023437500000000066 0.5265625 0.023437500000000066 0.546875 0.04687500000000007 0.546875
2 0.15625000000000006 0.5265625 0.13281250000000006 0.5265625 0.13281250000000006 0.546875 0.15625000000000008 0.546875
2 0.23437500000000008 0.521875 0.21250000000000008 0.521875 0.21250000000000008 0.5453125 0.23437500000000008 0.5453125
4 0.21093750000000008 0.540625 0.2000000000000001 0.540625 0.2000000000000001 0.5546875 0.21093750000000008 0.5546875
4 0.2000000000000001 0.553125 0.18906250000000008 0.553125 0.18906250000000008 0.5703125 0.2000000000000001 0.5703125
4 0.17968750000000008 0.5453125 0.1687500000000001 0.5453125 0.1687500000000001 0.5609375 0.17968750000000008 0.5609375
4 0.15781250000000008 0.5515625 0.1437500000000001 0.5515625 0.1437500000000001 0.5671875 0.15781250000000008 0.5671875
4 0.07968750000000006 0.5296875 0.06875000000000006 0.5296875 0.06875000000000006 0.54375 0.07968750000000006 0.54375
4 0.06093750000000007 0.5578125 0.04687500000000007 0.5578125 0.04687500000000007 0.571875 0.06093750000000007 0.571875
4 0.026562500000000065 0.5640625 0.012500000000000067 0.5640625 0.01250000000000007 0.578125 0.026562500000000065 0.578125
4 0.014062500000000056 0.45 0.0015625000000000547 0.45 0.0015625000000000558 0.4640625 0.014062500000000056 0.4640625
4 0.031250000000000056 0.4375 0.020312500000000056 0.4375 0.020312500000000056 0.45 0.031250000000000056 0.45
4 0.06875000000000005 0.425 0.057812500000000044 0.425 0.057812500000000044 0.4390625 0.06875000000000005 0.4390625
4 0.11250000000000004 0.4484375 0.09843750000000004 0.4484375 0.09843750000000005 0.4625 0.11250000000000004 0.4625
4 0.12343750000000005 0.421875 0.11250000000000004 0.421875 0.11250000000000004 0.4375 0.12343750000000005 0.4375
4 0.14218750000000005 0.434375 0.13125000000000003 0.434375 0.13125000000000003 0.4484375 0.14218750000000005 0.4484375
4 0.18906250000000005 0.4296875 0.17500000000000004 0.4296875 0.17500000000000004 0.440625 0.18906250000000005 0.440625
0 0.22812500000000008 0.428125 0.2078125000000001 0.428125 0.2078125000000001 0.446875 0.22812500000000008 0.446875
0 0.34062500000000007 0.5359375 0.32500000000000007 0.5359375 0.32500000000000007 0.5515625 0.34062500000000007 0.5515625
6 0.19218750000000004 0.4515625 0.16718750000000004 0.4515625 0.16718750000000004 0.475 0.19218750000000004 0.475
6 0.2515625000000001 0.459375 0.2296875000000001 0.459375 0.2296875000000001 0.4734375 0.2515625000000001 0.4734375
4 0.2984375000000001 0.4203125 0.28593750000000007 0.4203125 0.28593750000000007 0.4328125 0.2984375000000001 0.4328125
4 0.3265625000000001 0.5609375 0.3140625000000001 0.5609375 0.3140625000000001 0.571875 0.3265625000000001 0.571875
4 0.2609375000000001 0.5578125 0.2500000000000001 0.5578125 0.2500000000000001 0.5703125 0.2609375000000001 0.5703125
4 0.3593750000000001 0.5390625 0.34843750000000007 0.5390625 0.34843750000000007 0.5546875 0.3593750000000001 0.5546875
4 0.3765625000000001 0.5171875 0.36406250000000007 0.5171875 0.36406250000000007 0.5328125 0.3765625000000001 0.5328125
4 0.3687500000000001 0.553125 0.3593750000000001 0.553125 0.3593750000000001 0.5671875 0.3687500000000001 0.5671875
4 0.440625 0.54375 0.428125 0.54375 0.428125 0.55625 0.440625 0.55625
4 0.446875 0.515625 0.43125 0.515625 0.43125 0.534375 0.446875 0.534375
4 0.5578125 0.5171875 0.54375 0.5171875 0.54375 0.5296875 0.5578125 0.5296875
4 0.56875 0.415625 0.5578125 0.415625 0.5578125 0.4265625 0.56875 0.4265625
4 0.5625 0.53125 0.553125 0.53125 0.553125 0.55 0.5625 0.55
4 0.6125 0.54375 0.6015625 0.54375 0.6015625 0.55 0.6125 0.55
4 0.63125 0.54375 0.6171875 0.54375 0.6171875 0.553125 0.63125 0.553125
4 0.6109375 0.553125 0.6 0.553125 0.6 0.5640625 0.6109375 0.5640625
2 0.6234375 0.5171875 0.603125 0.5171875 0.603125 0.5328125 0.6234375 0.5328125
2 0.4875 0.525 0.4609375 0.525 0.4609375 0.54375 0.4875 0.54375
2 0.765625 0.4437500000000002 0.7421875 0.4437500000000002 0.7421875 0.4656250000000002 0.765625 0.4656250000000002
4 0.8171875 0.44062500000000016 0.8046875 0.44062500000000016 0.8046875 0.4546875000000002 0.8171875 0.4546875000000002
4 0.771875 0.5187500000000002 0.7578125 0.5187500000000002 0.7578125 0.5296875000000002 0.771875 0.5296875000000002
4 0.7265625 0.5281250000000001 0.7109375 0.528125 0.7109375 0.5359375000000001 0.7265625 0.5359375000000002
4 0.7375 0.5390625000000001 0.7234375 0.5390625 0.7234375 0.55 0.7375 0.5500000000000002
4 0.75 0.5546875000000002 0.7375 0.5546875000000002 0.7375 0.5656250000000002 0.75 0.5656250000000002
4 0.6671875 0.4078125 0.653125 0.4078125 0.653125 0.4203125 0.6671875 0.4203125
0 0.68125 0.4234375 0.6640625 0.4234375 0.6640625 0.4390625 0.68125 0.4390625
0 0.7328125 0.4156250000000001 0.7140625 0.415625 0.7140625 0.4328125000000001 0.7328125 0.43281250000000016
0 0.8484375 0.4046875000000002 0.825 0.4046875000000002 0.825 0.4281250000000002 0.8484375 0.4281250000000002
0 0.88125 0.4203125000000002 0.8625 0.4203125000000002 0.8625 0.43750000000000017 0.88125 0.43750000000000017
0 0.940625 0.5250000000000001 0.9234375 0.5250000000000001 0.9234375 0.5437500000000002 0.940625 0.5437500000000002
4 0.9140625 0.5437500000000002 0.8984375 0.5437500000000002 0.8984375 0.5578125000000002 0.9140625 0.5578125000000002
4 1 0.4281250000000002 0.9890625 0.4281250000000002 0.9890625 0.4500000000000002 1 0.4500000000000002
3 0.98125 0.5093750000000001 0.95 0.5093750000000001 0.95 0.5296875000000002 0.98125 0.5296875000000002