4 0.015625000000000045 0.34375 0.0015625000000000424 0.34375 0.001562500000000043 0.35625 0.015625000000000045 0.35625
4 0.035937500000000046 0.33125 0.02031250000000004 0.33125 0.020312500000000042 0.3421875 0.035937500000000046 0.3421875
4 0.04843750000000004 0.34375 0.03125000000000004 0.34375 0.03125000000000004 0.3609375 0.04843750000000004 0.3609375
4 0.04843750000000004 0.359375 0.03281250000000004 0.359375 0.03281250000000004 0.3765625 0.04843750000000004 0.3765625
4 0.03125000000000004 0.3859375 0.01718750000000005 0.3859375 0.01718750000000005 0.3953125 0.03125000000000004 0.3953125
4 0.057812500000000044 0.378125 0.042187500000000044 0.378125 0.042187500000000044 0.390625 0.057812500000000044 0.390625
4 0.05625000000000004 0.440625 0.04218750000000006 0.440625 0.04218750000000006 0.453125 0.05625000000000004 0.453125
4 0.08750000000000005 0.3453125 0.07187500000000005 0.3453125 0.07187500000000005 0.35625 0.08750000000000005 0.35625
4 0.11562500000000005 0.3828125 0.10000000000000005 0.3828125 0.10000000000000005 0.3953125 0.11562500000000005 0.3953125
4 0.14687500000000003 0.3359375 0.12968750000000004 0.3359375 0.12968750000000004 0.346875 0.14687500000000003 0.346875
4 0.14687500000000003 0.3484375 0.13437500000000005 0.3484375 0.13437500000000005 0.3625 0.14687500000000003 0.3625
4 0.15937500000000004 0.3703125 0.14531250000000004 0.3703125 0.14531250000000004 0.3828125 0.15937500000000004 0.3828125
4 0.11406250000000004 0.446875 0.10156250000000004 0.446875 0.10156250000000004 0.459375 0.11406250000000004 0.459375
4 0.15468750000000003 0.4609375 0.14218750000000005 0.4609375 0.14218750000000005 0.4734375 0.15468750000000003 0.4734375
3 0.08281250000000007 0.46875 0.06250000000000007 0.46875 0.06250000000000007 0.4875 0.08281250000000007 0.4875
3 0.039062500000000056 0.4625 0.014062500000000056 0.4625 0.014062500000000058 0.4828125 0.039062500000000056 0.4828125
0 0.11250000000000004 0.4984375 0.09843750000000007 0.4984375 0.09843750000000007 0.5140625 0.11250000000000004 0.5140625
0 0.11406250000000004 0.521875 0.09843750000000007 0.521875 0.09843750000000007 0.5390625 0.11406250000000004 0.5390625
4 0.08125000000000004 0.3 0.07031250000000004 0.3 0.07031250000000004 0.3109375 0.08125000000000004 0.3109375
4 0.11718750000000004 0.2890625 0.10156250000000004 0.2890625 0.10156250000000004 0.3046875 0.11718750000000004 0.3046875
4 0.14218750000000005 0.296875 0.12968750000000004 0.296875 0.12968750000000004 0.309375 0.14218750000000005 0.309375
4 0.18281250000000004 0.3 0.16875000000000004 0.3 0.16875000000000004 0.3140625 0.18281250000000004 0.3140625
4 0.17343750000000005 0.3140625 0.15781250000000005 0.3140625 0.15781250000000005 0.325 0.17343750000000005 0.325
2 0.2296875 0.309375 0.20625 0.309375 0.20625 0.328125 0.2296875 0.328125
4 0.2484375 0.35 0.2375 0.35 0.2375 0.3609375 0.2484375 0.3609375
4 0.2406250000000001 0.365625 0.2250000000000001 0.365625 0.2250000000000001 0.3765625 0.2406250000000001 0.3765625
4 0.2375000000000001 0.3875 0.2250000000000001 0.3875 0.2250000000000001 0.4 0.2375000000000001 0.4
4 0.2609375000000001 0.3765625 0.2468750000000001 0.3765625 0.2468750000000001 0.3921875 0.2609375000000001 0.3921875
4 0.2828125 0.3609375 0.26875 0.3609375 0.26875000000000004 0.375 0.2828125000000001 0.375
4 0.3203125 0.3484375 0.30625 0.3484375 0.30625 0.359375 0.3203125 0.359375
4 0.37031250000000004 0.3609375 0.3578125 0.3609375 0.35781250000000003 0.37187500000000007 0.3703125000000001 0.37187500000000007
4 0.3593750000000001 0.38125 0.3468750000000001 0.38125 0.3468750000000001 0.396875 0.3593750000000001 0.396875
4 0.3703125000000001 0.39687500000000003 0.3578125000000001 0.396875 0.3578125000000001 0.409375 0.3703125000000001 0.409375
4 0.3843750000000001 0.3734375000000001 0.37187500000000007 0.3734375000000001 0.37187500000000007 0.3859375000000001 0.3843750000000001 0.3859375000000001
4 0.4 0.3593750000000001 0.384375 0.3593750000000001 0.384375 0.3734375000000001 0.4 0.3734375000000001
4 0.3984375000000001 0.38750000000000007 0.3859375000000001 0.38750000000000007 0.3859375000000001 0.39531250000000007 0.3984375000000001 0.39531250000000007
4 0.421875 0.3687500000000001 0.4078125 0.3687500000000001 0.4078125 0.3828125000000001 0.421875 0.3828125000000001
4 0.440625 0.3546875000000001 0.425 0.3546875000000001 0.425 0.3671875000000001 0.440625 0.3671875000000001
4 0.4765625 0.3453125000000001 0.4625 0.3453125000000001 0.4625 0.3593750000000001 0.4765625 0.3593750000000001
4 0.4609375 0.3828125000000001 0.4453125 0.3828125000000001 0.4453125 0.39531250000000007 0.4609375 0.39531250000000007
4 0.4703125 0.39531250000000007 0.459375 0.39531250000000007 0.459375 0.409375 0.4703125 0.409375
4 0.5328125 0.3468750000000001 0.51875 0.3468750000000001 0.51875 0.3578125000000001 0.5328125 0.3578125000000001
4 0.521875 0.3687500000000001 0.509375 0.3687500000000001 0.509375 0.37968750000000007 0.521875 0.37968750000000007
4 0.4953125 0.37968750000000007 0.484375 0.37968750000000007 0.484375 0.3921875000000001 0.4953125 0.3921875000000001
4 0.5609375 0.36406250000000007 0.546875 0.36406250000000007 0.546875 0.3750000000000001 0.5609375 0.3750000000000001
4 0.559375 0.37968750000000007 0.5453125 0.37968750000000007 0.5453125 0.3921875000000001 0.559375 0.3921875000000001
4 0.6203125 0.3531250000000001 0.6078125 0.3531250000000001 0.6078125 0.3671875000000001 0.6203125 0.3671875000000001
4 0.5828125 0.36406250000000007 0.5703125 0.36406250000000007 0.5703125 0.3765625000000001 0.5828125 0.3765625000000001
4 0.578125 0.3765625000000001 0.565625 0.3765625000000001 0.565625 0.3859375000000001 0.578125 0.3859375000000001
2 0.5921875 0.3859375000000001 0.5609375 0.3859375000000001 0.5609375 0.409375 0.5921875 0.409375
4 0.4890625 0.4734375 0.4796875 0.4734375 0.4796875 0.48125 0.4890625 0.48125
4 0.5296875 0.4375 0.5140625 0.4375 0.5140625 0.45 0.5296875 0.45
4 0.65625 0.3531250000000001 0.646875 0.3531250000000001 0.646875 0.36406250000000007 0.65625 0.36406250000000007
4 0.6328125 0.37187500000000007 0.6203125 0.37187500000000007 0.6203125 0.3812500000000001 0.6328125 0.3812500000000001
4 0.625 0.3828125000000001 0.6140625 0.3828125000000001 0.6140625 0.3937500000000001 0.625 0.3937500000000001
4 0.6484375 0.3921875000000001 0.6234375 0.3921875000000001 0.6234375 0.4140625 0.6484375 0.4140625
4 0.725 0.3531250000000001 0.7140625 0.3531250000000001 0.7140625 0.3671875000000001 0.725 0.3671875000000001
4 0.7515625 0.3843750000000001 0.7359375 0.3843750000000001 0.7359375 0.3984375000000001 0.7515625 0.3984375000000001
4 0.7734375 0.34843750000000007 0.759375 0.34843750000000007 0.759375 0.3593750000000001 0.7734375 0.3593750000000001
4 0.759375 0.3593750000000001 0.7453125 0.3593750000000001 0.7453125 0.37187500000000007 0.759375 0.37187500000000007
4 0.7828125 0.3656250000000001 0.7734375 0.3656250000000001 0.7734375 0.37968750000000007 0.7828125 0.37968750000000007
4 0.8 0.35625000000000007 0.7875 0.35625000000000007 0.7875 0.3703125000000001 0.8 0.3703125000000001
4 0.7984375 0.37968750000000007 0.784375 0.37968750000000007 0.784375 0.3937500000000001 0.7984375 0.3937500000000001
4 0.8171875 0.37187500000000007 0.8046875 0.37187500000000007 0.8046875 0.38750000000000007 0.8171875 0.38750000000000007
4 0.821875 0.3937500000000001 0.809375 0.3937500000000001 0.809375 0.40625000000000017 0.821875 0.40625000000000017
4 0.83125 0.3375000000000001 0.8203125 0.3375000000000001 0.8203125 0.34843750000000007 0.83125 0.34843750000000007
4 0.8390625 0.3593750000000001 0.825 0.3593750000000001 0.825 0.3734375000000001 0.8390625 0.3734375000000001
4 0.8421875 0.3828125000000001 0.8296875 0.3828125000000001 0.8296875 0.3968750000000001 0.8421875 0.3968750000000001
4 0.8546875 0.3984375000000001 0.84375 0.3984375000000001 0.84375 0.40937500000000016 0.8546875 0.40937500000000016
4 0.8703125 0.3578125000000001 0.859375 0.3578125000000001 0.859375 0.3687500000000001 0.8703125 0.3687500000000001
4 0.871875 0.3843750000000001 0.859375 0.3843750000000001 0.859375 0.39531250000000007 0.871875 0.39531250000000007
4 0.8890625 0.3437500000000001 0.875 0.3437500000000001 0.875 0.35625000000000007 0.8890625 0.35625000000000007
4 0.884375 0.3593750000000001 0.871875 0.3593750000000001 0.871875 0.3703125000000001 0.884375 0.3703125000000001
4 0.8984375 0.3890625000000001 0.8859375 0.3890625000000001 0.8859375 0.3984375000000001 0.8984375 0.3984375000000001
4 0.809375 0.2687500000000001 0.796875 0.2687500000000001 0.796875 0.27812500000000007 0.809375 0.27812500000000007
4 0.8296875 0.22656250000000008 0.81875 0.22656250000000008 0.81875 0.23593750000000008 0.8296875 0.23593750000000008
4 0.815625 0.3078125000000001 0.803125 0.3078125000000001 0.803125 0.3187500000000001 0.815625 0.3187500000000001
4 0.665625 0.3125000000000001 0.653125 0.3125000000000001 0.653125 0.3203125000000001 0.665625 0.3203125000000001
4 0.6359375 0.3078125000000001 0.6234375 0.3078125000000001 0.6234375 0.3218750000000001 0.6359375 0.3218750000000001
4 0.9234375 0.3468750000000001 0.9078125 0.3468750000000001 0.9078125 0.3546875000000001 0.9234375 0.3546875000000001
4 0.9296875 0.36406250000000007 0.915625 0.36406250000000007 0.915625 0.37187500000000007 0.9296875 0.37187500000000007
4 0.925 0.3750000000000001 0.9125 0.3750000000000001 0.9125 0.3843750000000001 0.925 0.3843750000000001
4 0.95 0.35625000000000007 0.9390625 0.35625000000000007 0.9390625 0.3671875000000001 0.95 0.3671875000000001
4 0.9734375 0.3781250000000001 0.9609375 0.3781250000000001 0.9609375 0.3890625000000001 0.9734375 0.3890625000000001
4 0.946875 0.3906250000000001 0.9328125 0.3906250000000001 0.9328125 0.3984375000000001 0.946875 0.3984375000000001
4 0.81875 0.4734375000000002 0.80625 0.4734375000000002 0.80625 0.48750000000000016 0.81875 0.48750000000000016
4 0.6640625 0.475 0.65 0.475 0.65 0.4875 0.6640625 0.4875
0 0.5796875 0.515625 0.5625 0.515625 0.5625 0.5328125 0.5796875 0.5328125
0 0.5515625 0.5265625 0.534375 0.5265625 0.534375 0.5375 0.5515625 0.5375
0 0.4859375 0.5359375 0.4703125 0.5359375 0.4703125 0.55 0.4859375 0.55
0 0.45 0.515625 0.434375 0.515625 0.434375 0.5296875 0.45 0.5296875
0 0.459375 0.5375 0.44375 0.5375 0.44375 0.553125 0.459375 0.553125
0 0.440625 0.5359375 0.43125 0.5359375 0.43125 0.55625 0.440625 0.55625
4 0.3046875000000001 0.4671875 0.2906250000000001 0.4671875 0.2906250000000001 0.478125 0.3046875000000001 0.478125
4 0.33281250000000007 0.465625 0.3234375000000001 0.465625 0.3234375000000001 0.4765625 0.33281250000000007 0.4765625
3 0.3625000000000001 0.4734375 0.3437500000000001 0.4734375 0.3437500000000001 0.490625 0.3625000000000001 0.490625
4 0.3656250000000001 0.4578125 0.3546875000000001 0.4578125 0.3546875000000001 0.4734375 0.3656250000000001 0.4734375
4 0.5296875 0.5171875 0.51875 0.5171875 0.51875 0.5265625 0.5296875 0.5265625
4 0.528125 0.5578125 0.5234375 0.5578125 0.5234375 0.5734375 0.528125 0.5734375
4 0.5140625 0.5765625 0.5078125 0.5765625 0.5078125 0.6 0.5140625 0.6
4 0.521875 0.575 0.515625 0.575 0.515625 0.596875 0.521875 0.596875
4 0.4921875 0.61875 0.484375 0.61875 0.484375 0.6390625 0.4921875 0.6390625
4 0.4921875 0.653125 0.484375 0.653125 0.484375 0.675 0.4921875 0.675
4 0.4640625 0.675 0.4515625 0.675 0.4515625 0.7046875 0.4640625 0.7046875
0 0.3515625000000001 0.5140625 0.3359375000000001 0.5140625 0.3359375000000001 0.528125 0.3515625000000001 0.528125
0 0.3468750000000001 0.546875 0.3359375000000001 0.546875 0.3359375000000001 0.5703125 0.3468750000000001 0.5703125
0 0.3593750000000001 0.5640625 0.3468750000000001 0.5640625 0.3468750000000001 0.5890625 0.3593750000000001 0.5890625
0 0.3468750000000001 0.571875 0.3343750000000001 0.571875 0.3343750000000001 0.590625 0.3468750000000001 0.590625
0 0.5328125000000001 0.7109375 0.5203125 0.7109375 0.5203125000000001 0.7328125 0.5328125000000001 0.7328125
0 0.5187500000000002 0.7515625 0.5078125000000002 0.7515625 0.5078125000000002 0.775 0.5187500000000002 0.775
0 0.49531250000000016 0.7984375 0.48437500000000017 0.7984375 0.48437500000000017 0.8234375 0.49531250000000016 0.8234375
0 0.5125000000000002 0.79375 0.5031250000000002 0.79375 0.5031250000000002 0.821875 0.5125000000000002 0.821875
0 0.4500000000000002 0.7640625 0.44062500000000016 0.7640625 0.44062500000000016 0.790625 0.4500000000000002 0.790625
4 0.4828125000000002 0.8515625 0.47187500000000016 0.8515625 0.47187500000000016 0.8671875 0.4828125000000002 0.8671875
0 0.7046875 0.521875 0.6890625 0.521875 0.6890625 0.540625 0.7046875 0.540625
4 0.6828125 0.5484375 0.66875 0.5484375 0.66875 0.5609375 0.6828125 0.5609375
0 0.721875 0.5359375 0.70625 0.5359375 0.70625 0.5515625 0.721875 0.5515625
4 0.6921875 0.5109375 0.6828125 0.5109375 0.6828125 0.51875 0.6921875 0.51875
4 0.678125 0.5359375 0.6640625 0.5359375 0.6640625 0.5453125 0.678125 0.5453125
4 0.6625 0.5421875 0.6515625 0.5421875 0.6515625 0.5546875 0.6625 0.5546875
4 0.2062500000000001 0.50625 0.19531250000000006 0.50625 0.19531250000000006 0.5171875 0.2062500000000001 0.5171875
4 0.1921875000000001 0.5484375 0.1781250000000001 0.5484375 0.1781250000000001 0.559375 0.1921875000000001 0.559375
4 0.5078125000000001 0.715625 0.5 0.715625 0.5000000000000001 0.73125 0.5078125000000002 0.73125
4 0.528125 0.640625 0.515625 0.640625 0.515625 0.6578125 0.528125 0.6578125
4 0.5171875 0.6265625 0.5109375 0.6265625 0.5109375 0.646875 0.5171875 0.646875
4 0.42187500000000017 0.75 0.41718750000000016 0.75 0.41718750000000016 0.7734375 0.42187500000000017 0.7734375
4 0.421875 0.671875 0.415625 0.671875 0.415625 0.6953125 0.421875 0.6953125
4 0.4171875 0.6984375 0.409375 0.6984375 0.409375 0.71875 0.4171875 0.71875
4 0.3765625000000001 0.5375 0.3656250000000001 0.5375 0.3656250000000001 0.553125 0.3765625000000001 0.553125
4 0.3656250000000001 0.5328125 0.35625000000000007 0.5328125 0.35625000000000007 0.5484375 0.3656250000000001 0.5484375
4 0.3125000000000001 0.5140625 0.2968750000000001 0.5140625 0.2968750000000001 0.5328125 0.3125000000000001 0.5328125
4 0.3140625 0.303125 0.3 0.303125 0.3 0.3125 0.3140625 0.3125
4 0.3171875 0.315625 0.3 0.315625 0.3 0.328125 0.3171875 0.328125
4 0.2109375 0.29375 0.19531250000000006 0.29375 0.19531250000000006 0.309375 0.2109375 0.309375
5 0.2546875 0.3171875 0.2453125 0.3171875 0.2453125 0.328125 0.2546875 0.328125