0 0.5812500000000002 0.834375 0.5718750000000001 0.834375 0.5718750000000001 0.8546875 0.5812500000000002 0.8546875
2 0.5812500000000002 0.865625 0.5718750000000001 0.865625 0.5718750000000001 0.896875 0.5812500000000002 0.896875
2 0.5656250000000002 0.7515625 0.5562500000000001 0.7515625 0.5562500000000001 0.78125 0.5656250000000002 0.78125
2 0.5828125000000002 0.7375 0.5734375000000002 0.7375 0.5734375000000002 0.7671875 0.5828125000000002 0.7671875
2 0.5921875000000002 0.73125 0.5843750000000002 0.73125 0.5843750000000002 0.7625 0.5921875000000002 0.7625
2 0.5906250000000002 0.803125 0.5812500000000002 0.803125 0.5812500000000002 0.8296875 0.5906250000000002 0.8296875
2 0.5953125 0.678125 0.5859375 0.678125 0.5859375 0.709375 0.5953125 0.709375
2 0.5953125 0.6359375 0.5875 0.6359375 0.5875 0.6640625 0.5953125 0.6640625
2 0.58125 0.5875 0.571875 0.5875 0.571875 0.61875 0.58125 0.61875
2 0.5671875 0.5640625 0.5578125 0.5640625 0.5578125 0.596875 0.5671875 0.596875
2 0.584375 0.5453125 0.575 0.5453125 0.575 0.578125 0.584375 0.578125
2 0.603125 0.55625 0.59375 0.55625 0.59375 0.590625 0.603125 0.590625
2 0.509375 0.565625 0.4921875 0.565625 0.4921875 0.5828125 0.509375 0.5828125
2 0.5140625 0.4390625 0.4953125 0.4390625 0.4953125 0.45625 0.5140625 0.45625
2 0.5078125 0.40625 0.4921875 0.40625 0.4921875 0.421875 0.5078125 0.421875
2 0.4890625 0.4171875 0.4703125 0.4171875 0.4703125 0.43125 0.4890625 0.43125
2 0.59375 0.5 0.5796875 0.5 0.5796875 0.53125 0.59375 0.53125
2 0.6109375 0.5015625 0.6 0.5015625 0.6 0.5359375 0.6109375 0.5359375
2 0.6296875 0.478125 0.615625 0.478125 0.615625 0.503125 0.6296875 0.503125
2 0.6 0.4578125 0.5875 0.4578125 0.5875 0.4875 0.6 0.4875
2 0.634375 0.4140625 0.6140625 0.4140625 0.6140625 0.44375 0.634375 0.44375
2 0.6515625 0.41875 0.6328125 0.41875 0.6328125 0.44375 0.6515625 0.44375
2 0.6453125 0.4484375 0.628125 0.4484375 0.628125 0.475 0.6453125 0.475
2 0.7046875 0.5109375 0.6890625 0.5109375 0.6890625 0.525 0.7046875 0.525
2 0.70625 0.5421875 0.690625 0.5421875 0.690625 0.5546875 0.70625 0.5546875
2 0.715625 0.5671875 0.6984375 0.5671875 0.6984375 0.5828125 0.715625 0.5828125
2 0.7390625 0.565625 0.71875 0.565625 0.71875 0.5828125000000001 0.7390625 0.5828125000000002
2 0.75625 0.5265625000000002 0.740625 0.5265625000000002 0.740625 0.5406250000000001 0.75625 0.5406250000000001
2 0.7359375 0.5218750000000001 0.7171875 0.521875 0.7171875 0.5359375000000001 0.7359375 0.5359375000000002
2 0.7328125 0.5062500000000001 0.7140625 0.50625 0.7140625 0.5203125000000001 0.7328125 0.5203125000000002
2 0.753125 0.5000000000000002 0.734375 0.5000000000000002 0.734375 0.5171875000000001 0.753125 0.5171875000000001
2 0.7734375 0.5093750000000001 0.7546875 0.5093750000000001 0.7546875 0.5234375000000002 0.7734375 0.5234375000000002
3 0.7828125 0.5218750000000002 0.7609375 0.5218750000000002 0.7609375 0.5375000000000002 0.7828125 0.5375000000000002
3 0.8046875 0.5250000000000001 0.784375 0.5250000000000001 0.784375 0.5390625000000002 0.8046875 0.5390625000000002
2 0.796875 0.4968750000000002 0.78125 0.4968750000000002 0.78125 0.5093750000000001 0.796875 0.5093750000000001
2 0.8109375 0.5078125000000002 0.7921875 0.5078125000000002 0.7921875 0.5234375000000002 0.8109375 0.5234375000000002
2 0.8125 0.5359375000000002 0.79375 0.5359375000000002 0.79375 0.5515625000000002 0.8125 0.5515625000000002
2 0.8359375 0.5046875000000002 0.815625 0.5046875000000002 0.815625 0.5187500000000002 0.8359375 0.5187500000000002
2 0.825 0.4859375000000002 0.8015625 0.4859375000000002 0.8015625 0.5015625000000001 0.825 0.5015625000000001
2 0.8421875 0.5343750000000002 0.8234375 0.5343750000000002 0.8234375 0.5500000000000002 0.8421875 0.5500000000000002
2 0.865625 0.48437500000000017 0.8484375 0.48437500000000017 0.8484375 0.5015625000000001 0.865625 0.5015625000000001
2 0.8734375 0.5218750000000002 0.8515625 0.5218750000000002 0.8515625 0.5359375000000002 0.8734375 0.5359375000000002
2 0.915625 0.5203125000000002 0.896875 0.5203125000000002 0.896875 0.5375000000000002 0.915625 0.5375000000000002
2 0.921875 0.49218750000000017 0.9015625 0.49218750000000017 0.9015625 0.5062500000000002 0.921875 0.5062500000000002
2 0.840625 0.33281250000000007 0.8234375 0.33281250000000007 0.8234375 0.34843750000000007 0.840625 0.34843750000000007
2 0.8421875 0.3531250000000001 0.8234375 0.3531250000000001 0.8234375 0.37187500000000007 0.8421875 0.37187500000000007
2 0.8578125 0.3906250000000001 0.840625 0.3906250000000001 0.840625 0.40625000000000017 0.8578125 0.40625000000000017
2 0.80625 0.4031250000000002 0.7875 0.4031250000000002 0.7875 0.4203125000000002 0.80625 0.4203125000000002
2 0.790625 0.3187500000000001 0.78125 0.3187500000000001 0.78125 0.34843750000000007 0.790625 0.34843750000000007
2 0.75625 0.3765625000000001 0.7375 0.3765625000000001 0.7375 0.3921875000000001 0.75625 0.3921875000000001
2 0.765625 0.40625000000000017 0.746875 0.40625000000000017 0.746875 0.4265625000000002 0.765625 0.4265625000000002
2 0.7 0.4078125 0.68125 0.4078125 0.68125 0.4234375 0.7 0.4234375
2 0.6875 0.3843750000000001 0.665625 0.3843750000000001 0.665625 0.403125 0.6875 0.403125
2 0.6765625 0.4265625 0.659375 0.4265625 0.659375 0.4421875 0.6765625 0.4421875
2 0.6546875 0.39531250000000007 0.6375 0.39531250000000007 0.6375 0.4140625 0.6546875 0.4140625
2 0.9921875 0.4656250000000002 0.975 0.4656250000000002 0.975 0.47968750000000016 0.9921875 0.47968750000000016
2 0.203125 0.2953125 0.19531250000000006 0.2953125 0.19531250000000006 0.3265625 0.203125 0.3265625
2 0.23437500000000006 0.334375 0.221875 0.334375 0.22187500000000004 0.36875 0.23437500000000008 0.36875
2 0.2390625000000001 0.38125 0.22656250000000008 0.38125 0.22656250000000008 0.4125 0.2390625000000001 0.4125
2 0.09375000000000007 0.5515625 0.07187500000000006 0.5515625 0.07187500000000006 0.5703125 0.09375000000000007 0.5703125
2 0.11093750000000005 0.453125 0.09062500000000004 0.453125 0.09062500000000005 0.46875 0.11093750000000005 0.46875
1 0.08906250000000007 0.484375 0.039062500000000056 0.484375 0.03906250000000006 0.509375 0.08906250000000007 0.509375
4 0.04218750000000006 0.4265625 0.031250000000000056 0.4265625 0.031250000000000056 0.440625 0.04218750000000006 0.440625
4 0.11875000000000005 0.4375 0.10781250000000005 0.4375 0.10781250000000005 0.4484375 0.11875000000000005 0.4484375
4 0.14843750000000006 0.4375 0.13906250000000003 0.4375 0.13906250000000003 0.44375 0.14843750000000006 0.44375
0 0.20156250000000003 0.3484375 0.19218750000000004 0.3484375 0.19218750000000004 0.36875 0.2015625000000001 0.36875
0 0.2484375 0.290625 0.2390625 0.290625 0.2390625 0.3078125 0.2484375 0.3078125
0 0.2140625000000001 0.440625 0.2000000000000001 0.440625 0.2000000000000001 0.45625 0.2140625000000001 0.45625
4 0.19375000000000003 0.4546875 0.18437500000000004 0.4546875 0.18437500000000004 0.4640625 0.19375000000000003 0.4640625
4 0.19218750000000004 0.3796875 0.18437500000000004 0.3796875 0.18437500000000004 0.396875 0.19218750000000004 0.396875
4 0.2078125000000001 0.378125 0.19843750000000004 0.378125 0.19843750000000004 0.39375 0.2078125000000001 0.39375
4 0.2 0.3296875 0.19375000000000003 0.3296875 0.19375000000000003 0.3453125 0.2 0.3453125
4 0.2812500000000001 0.4375 0.2718750000000001 0.4375 0.2718750000000001 0.45 0.2812500000000001 0.45
4 0.1390625000000001 0.590625 0.1296875000000001 0.590625 0.1296875000000001 0.596875 0.1390625000000001 0.596875
4 0.27031250000000007 0.578125 0.2609375000000001 0.578125 0.2609375000000001 0.5890625 0.27031250000000007 0.5890625
4 0.3312500000000001 0.415625 0.3203125000000001 0.415625 0.3203125000000001 0.425 0.3312500000000001 0.425
4 0.4859375 0.39531250000000007 0.4765625 0.39531250000000007 0.4765625 0.4015625 0.4859375 0.4015625
4 0.509375 0.3984375000000001 0.5015625 0.3984375000000001 0.5015625 0.4046875 0.509375 0.4046875
4 0.5453125 0.3843750000000001 0.5359375 0.3843750000000001 0.5359375 0.3921875000000001 0.5453125 0.3921875000000001
4 0.509375 0.45625 0.5015625 0.45625 0.5015625 0.4640625 0.509375 0.4640625
4 0.496875 0.4375 0.4890625 0.4375 0.4890625 0.4453125 0.496875 0.4453125
4 0.5843750000000002 0.771875 0.5796875000000001 0.771875 0.5796875000000001 0.7859375 0.5843750000000002 0.7859375
4 0.58125 0.6359375 0.5765625 0.6359375 0.5765625 0.6515625 0.58125 0.6515625
4 0.621875 0.45625 0.6140625 0.45625 0.6140625 0.4671875 0.621875 0.4671875
4 0.7359375 0.40625000000000017 0.728125 0.40625000000000017 0.728125 0.4156250000000002 0.7359375 0.4156250000000002
4 0.778125 0.5406250000000001 0.76875 0.5406250000000001 0.76875 0.5484375000000001 0.778125 0.5484375000000001
4 0.7828125 0.5468750000000002 0.7734375 0.5468750000000002 0.7734375 0.5562500000000001 0.7828125 0.5562500000000001
4 0.7921875 0.5484375000000001 0.7828125 0.5484375000000001 0.7828125 0.5578125000000002 0.7921875 0.5578125000000002
4 0.7984375 0.5531250000000002 0.7890625 0.5531250000000002 0.7890625 0.5625000000000002 0.7984375 0.5625000000000002
4 0.85 0.5437500000000002 0.8390625 0.5437500000000002 0.8390625 0.5546875000000002 0.85 0.5546875000000002
4 0.8671875 0.5140625000000002 0.85625 0.5140625000000002 0.85625 0.5218750000000002 0.8671875 0.5218750000000002
4 0.8859375 0.5140625000000002 0.8765625 0.5140625000000002 0.8765625 0.5234375000000002 0.8859375 0.5234375000000002
4 0.8609375 0.3578125000000001 0.853125 0.3578125000000001 0.853125 0.3671875000000001 0.8609375 0.3671875000000001
4 0.9375 0.5109375000000002 0.925 0.5109375000000002 0.925 0.5218750000000002 0.9375 0.5218750000000002
4 0.94375 0.5234375000000002 0.93125 0.5234375000000002 0.93125 0.5328125000000001 0.94375 0.5328125000000001
0 1 0.4984375000000002 0.984375 0.4984375000000002 0.984375 0.5140625000000002 1 0.5140625000000002
0 0.88125 0.49531250000000016 0.8671875 0.49531250000000016 0.8671875 0.5093750000000001 0.88125 0.5093750000000001
0 0.8703125 0.5359375000000002 0.85625 0.5359375000000002 0.85625 0.5515625000000002 0.8703125 0.5515625000000002
0 0.9109375 0.3609375000000001 0.9 0.3609375000000001 0.9 0.3750000000000001 0.9109375 0.3750000000000001
0 0.8828125 0.3734375000000001 0.86875 0.3734375000000001 0.86875 0.3890625000000001 0.8828125 0.3890625000000001
4 0.9390625 0.3609375000000001 0.928125 0.3609375000000001 0.928125 0.3734375000000001 0.9390625 0.3734375000000001
0 0.8328125 0.5218750000000002 0.8203125 0.5218750000000002 0.8203125 0.5390625000000002 0.8328125 0.5390625000000002
0 0.7625 0.5500000000000002 0.7515625 0.5500000000000002 0.7515625 0.5625000000000002 0.7625 0.5625000000000002
0 0.7640625 0.5625000000000002 0.75 0.5625000000000002 0.75 0.5734375000000002 0.7640625 0.5734375000000002
0 0.75 0.5562500000000001 0.7390625 0.5562500000000001 0.7390625 0.5687500000000002 0.75 0.5687500000000002
0 0.765625 0.4968750000000002 0.7546875 0.4968750000000002 0.7546875 0.5078125000000002 0.765625 0.5078125000000002
0 0.690625 0.5640625 0.6796875 0.5640625 0.6796875 0.5734375 0.690625 0.5734375
0 0.70625 0.528125 0.6953125 0.528125 0.6953125 0.5390625 0.70625 0.5390625
0 0.715625 0.5015625 0.7046875 0.5015625 0.7046875 0.515625 0.715625 0.515625
0 0.7671875 0.39531250000000007 0.753125 0.39531250000000007 0.753125 0.40625000000000017 0.7671875 0.40625000000000017
0 0.6640625 0.3671875000000001 0.6546875 0.3671875000000001 0.6546875 0.3812500000000001 0.6640625 0.3812500000000001
0 0.6140625 0.45625 0.6046875 0.45625 0.6046875 0.4765625 0.6140625 0.4765625
0 0.575 0.3703125000000001 0.5640625 0.3703125000000001 0.5640625 0.3812500000000001 0.575 0.3812500000000001
0 0.4890625 0.45 0.478125 0.45 0.478125 0.4625 0.4890625 0.4625
0 0.48125 0.4390625 0.471875 0.4390625 0.471875 0.45 0.48125 0.45
0 0.5078125 0.428125 0.4953125 0.428125 0.4953125 0.440625 0.5078125 0.440625
0 0.43125 0.4234375 0.4171875 0.4234375 0.4171875 0.434375 0.43125 0.434375
0 0.16406250000000006 0.40625 0.15000000000000005 0.40625 0.15000000000000005 0.415625 0.16406250000000006 0.415625
4 0.221875 0.17656250000000004 0.215625 0.17656250000000004 0.215625 0.19062500000000004 0.221875 0.19062500000000004
0 0.59375 0.6015625 0.584375 0.6015625 0.584375 0.6203125 0.59375 0.6203125
4 0.6875 0.5359375 0.678125 0.5359375 0.678125 0.5453125 0.6875 0.5453125
4 0.6890625 0.503125 0.6796875 0.503125 0.6796875 0.5125 0.6890625 0.5125
4 0.6984375 0.525 0.690625 0.525 0.690625 0.53125 0.6984375 0.53125
4 0.709375 0.5203125 0.7015625 0.5203125 0.7015625 0.528125 0.709375 0.528125
4 0.7421875 0.5203125000000002 0.7328125 0.5203125000000002 0.7328125 0.5296875000000002 0.7421875 0.5296875000000002
4 0.753125 0.5187500000000002 0.74375 0.5187500000000002 0.74375 0.5234375000000002 0.753125 0.5234375000000002
4 0.7359375 0.5406250000000001 0.7296875 0.5406250000000001 0.7296875 0.5484375000000001 0.7359375 0.5484375000000001
4 0.7359375 0.5515625000000002 0.7265625 0.5515625000000002 0.7265625 0.5593750000000002 0.7359375 0.5593750000000002
4 0.746875 0.5703125000000002 0.7390625 0.5703125000000002 0.7390625 0.5765625000000002 0.746875 0.5765625000000002
4 0.7109375 0.5578125 0.703125 0.5578125 0.703125 0.565625 0.7109375 0.565625
4 0.7125 0.553125 0.70625 0.553125 0.70625 0.5578125 0.7125 0.5578125
4 0.684375 0.55625 0.6765625 0.55625 0.6765625 0.5625 0.684375 0.5625
4 0.6984375 0.565625 0.690625 0.565625 0.690625 0.5734375 0.6984375 0.5734375
4 0.7 0.5609375 0.69375 0.5609375 0.69375 0.5671875 0.7 0.5671875
4 0.6953125 0.55625 0.6859375 0.55625 0.6859375 0.5625 0.6953125 0.5625
4 0.703125 0.553125 0.6953125 0.553125 0.6953125 0.559375 0.703125 0.559375
4 0.715625 0.5296875 0.70625 0.5296875 0.70625 0.5359375 0.715625 0.5359375
4 0.7140625 0.5359375 0.70625 0.5359375 0.70625 0.54375 0.7140625 0.54375
4 0.721875 0.5390625 0.7125 0.5390625 0.7125 0.5453125 0.721875 0.5453125
4 0.71875 0.546875 0.709375 0.546875 0.709375 0.5515625 0.71875 0.5515625
4 0.7296875 0.5484375000000001 0.7234375 0.5484375 0.7234375 0.5546875000000001 0.7296875 0.5546875000000002