0 0.6296875000000002 0.8578125 0.6218750000000002 0.8578125 0.6218750000000002 0.88125 0.6296875000000002 0.88125
0 0.6328125000000002 0.9484375 0.6250000000000002 0.9484375 0.6250000000000002 0.971875 0.6328125000000002 0.971875
0 0.5765625 0.6109375 0.5671875 0.6109375 0.5671875 0.63125 0.5765625 0.63125
0 0.678125 0.534375 0.665625 0.534375 0.665625 0.5484375 0.678125 0.5484375
0 0.7125 0.5625 0.7015625 0.5625 0.7015625 0.5734375 0.7125 0.5734375
0 0.7578125 0.5593750000000002 0.7453125 0.5593750000000002 0.7453125 0.5718750000000001 0.7578125 0.5718750000000001
0 0.7640625 0.5468750000000002 0.75 0.5468750000000002 0.75 0.5593750000000002 0.7640625 0.5593750000000002
0 0.6484375 0.55 0.634375 0.55 0.634375 0.5609375 0.6484375 0.5609375
0 0.715625 0.3828125000000001 0.703125 0.3828125000000001 0.703125 0.3968750000000001 0.715625 0.3968750000000001
0 0.6640625 0.36406250000000007 0.6515625 0.36406250000000007 0.6515625 0.37968750000000007 0.6640625 0.37968750000000007
0 0.5734375 0.3703125000000001 0.5625 0.3703125000000001 0.5625 0.3812500000000001 0.5734375 0.3812500000000001
0 0.634375 0.3906250000000001 0.621875 0.3906250000000001 0.621875 0.403125 0.634375 0.403125
0 0.921875 0.3343750000000001 0.9078125 0.3343750000000001 0.9078125 0.34843750000000007 0.921875 0.34843750000000007
0 0.9265625 0.48750000000000016 0.9109375 0.48750000000000016 0.9109375 0.5015625000000001 0.9265625 0.5015625000000001
0 0.06562500000000004 0.4328125 0.05312500000000005 0.4328125 0.05312500000000005 0.4515625 0.06562500000000004 0.4515625
0 0.08750000000000005 0.4453125 0.07343750000000004 0.4453125 0.07343750000000006 0.4578125 0.08750000000000006 0.4578125
0 0.16562500000000005 0.4578125 0.15468750000000003 0.4578125 0.15468750000000003 0.471875 0.16562500000000005 0.471875
0 0.16406250000000006 0.4046875 0.15000000000000005 0.4046875 0.15000000000000005 0.421875 0.16406250000000006 0.421875
0 0.2328125000000001 0.5796875 0.22031250000000008 0.5796875 0.22031250000000008 0.59375 0.2328125000000001 0.59375
0 0.1906250000000001 0.5640625 0.1765625000000001 0.5640625 0.1765625000000001 0.5796875 0.1906250000000001 0.5796875
0 0.2812500000000001 0.440625 0.2671875000000001 0.440625 0.2671875000000001 0.4546875 0.2812500000000001 0.4546875
0 0.26250000000000007 0.4328125 0.2484375000000001 0.4328125 0.2484375000000001 0.4453125 0.26250000000000007 0.4453125
0 0.2453125 0.2921875 0.2375 0.2921875 0.2375 0.3109375 0.2453125 0.3109375
0 0.4875 0.4515625 0.478125 0.4515625 0.478125 0.4625 0.4875 0.4625
0 0.5078125 0.4296875 0.4953125 0.4296875 0.4953125 0.4390625 0.5078125 0.4390625
0 0.4828125 0.4390625 0.4703125 0.4390625 0.4703125 0.4515625 0.4828125 0.4515625
0 0.475 0.4515625 0.4640625 0.4515625 0.4640625 0.4625 0.475 0.4625
0 0.49375 0.3921875000000001 0.484375 0.3921875000000001 0.484375 0.4015625 0.49375 0.4015625
3 0.484375 0.559375 0.4625 0.559375 0.4625 0.575 0.484375 0.575
2 0.06718750000000007 0.4578125 0.046875000000000056 0.4578125 0.046875000000000056 0.4734375 0.06718750000000007 0.4734375
2 0.2671875000000001 0.5578125 0.2515625000000001 0.5578125 0.2515625000000001 0.5734375 0.2671875000000001 0.5734375
2 0.2390625000000001 0.4390625 0.2171875000000001 0.4390625 0.2171875000000001 0.459375 0.2390625000000001 0.459375
2 0.2906250000000001 0.4703125 0.2718750000000001 0.4703125 0.2718750000000001 0.4859375 0.2906250000000001 0.4859375
2 0.21562500000000004 0.334375 0.203125 0.334375 0.20312500000000006 0.3640625 0.2156250000000001 0.3640625
2 0.203125 0.3 0.19375000000000003 0.3 0.19375000000000003 0.3296875 0.203125 0.3296875
2 0.30937500000000007 0.4375 0.2921875000000001 0.4375 0.2921875000000001 0.4546875 0.30937500000000007 0.4546875
2 0.3281250000000001 0.421875 0.30937500000000007 0.421875 0.30937500000000007 0.4375 0.3281250000000001 0.4375
2 0.3421875000000001 0.440625 0.32500000000000007 0.440625 0.32500000000000007 0.4609375 0.3421875000000001 0.4609375
2 0.3656250000000001 0.425 0.3515625000000001 0.425 0.3515625000000001 0.440625 0.3656250000000001 0.440625
2 0.3859375000000001 0.428125 0.3703125000000001 0.428125 0.3703125000000001 0.446875 0.3859375000000001 0.446875
2 0.3828125000000001 0.459375 0.3671875000000001 0.459375 0.3671875000000001 0.475 0.3828125000000001 0.475
2 0.4125 0.546875 0.3984375000000001 0.546875 0.3984375000000001 0.5609375 0.4125 0.5609375
2 0.3921875000000001 0.56875 0.3750000000000001 0.56875 0.3750000000000001 0.5875 0.3921875000000001 0.5875
2 0.3625000000000001 0.55 0.3437500000000001 0.55 0.3437500000000001 0.5671875 0.3625000000000001 0.5671875
2 0.4 0.4109375 0.3843750000000001 0.4109375 0.3843750000000001 0.428125 0.4 0.428125
2 0.409375 0.4234375 0.39531250000000007 0.4234375 0.39531250000000007 0.4375 0.409375 0.4375
2 0.43125 0.4015625 0.4140625 0.4015625 0.4140625 0.4171875 0.43125 0.4171875
2 0.4375 0.4203125 0.421875 0.4203125 0.421875 0.434375 0.4375 0.434375
2 0.45 0.4390625 0.4328125 0.4390625 0.4328125 0.453125 0.45 0.453125
2 0.4265625 0.4578125 0.4125 0.4578125 0.4125 0.46875 0.4265625 0.46875
2 0.4078125 0.459375 0.3890625000000001 0.459375 0.3890625000000001 0.475 0.4078125 0.475
2 0.459375 0.4 0.440625 0.4 0.440625 0.415625 0.459375 0.415625
2 0.4609375 0.4171875 0.440625 0.4171875 0.440625 0.43125 0.4609375 0.43125
2 0.4703125 0.43125 0.4515625 0.43125 0.4515625 0.4453125 0.4703125 0.4453125
2 0.4890625 0.41875 0.471875 0.41875 0.471875 0.4296875 0.4890625 0.4296875
2 0.4796875 0.403125 0.4640625 0.403125 0.4640625 0.4140625 0.4796875 0.4140625
2 0.5078125 0.40625 0.4890625 0.40625 0.4890625 0.4203125 0.5078125 0.4203125
2 0.4640625 0.453125 0.4453125 0.453125 0.4453125 0.46875 0.4640625 0.46875
2 0.5140625 0.4390625 0.49375 0.4390625 0.49375 0.4546875 0.5140625 0.4546875
2 0.5515625 0.5265625 0.5359375 0.5265625 0.5359375 0.5421875 0.5515625 0.5421875
2 0.459375 0.5390625 0.440625 0.5390625 0.440625 0.5546875 0.459375 0.5546875
2 0.4984375 0.5375 0.48125 0.5375 0.48125 0.5515625 0.4984375 0.5515625
2 0.584375 0.6640625 0.575 0.6640625 0.575 0.6953125 0.584375 0.6953125
2 0.596875 0.65 0.5875 0.65 0.5875 0.68125 0.596875 0.68125
2 0.6296875 0.684375 0.61875 0.684375 0.61875 0.715625 0.6296875 0.715625
2 0.6359375 0.5171875 0.6171875 0.5171875 0.6171875 0.5359375 0.6359375 0.5359375
3 0.6015625 0.5296875 0.5796875 0.5296875 0.5796875 0.54375 0.6015625 0.54375
2 0.6578125 0.528125 0.6421875 0.528125 0.6421875 0.546875 0.6578125 0.546875
2 0.7046875 0.5484375 0.6875 0.5484375 0.6875 0.565625 0.7046875 0.565625
2 0.6796875 0.58125 0.6625 0.58125 0.6625 0.6046875 0.6796875 0.6046875
2 0.7046875 0.5125 0.6859375 0.5125 0.6859375 0.528125 0.7046875 0.528125
2 0.7359375 0.5015625000000001 0.7171875 0.5015625 0.7171875 0.51875 0.7359375 0.5187500000000002
2 0.7296875 0.5234375000000001 0.7140625 0.5234375 0.7140625 0.5390625000000001 0.7296875 0.5390625000000002
2 0.790625 0.5390625000000002 0.7734375 0.5390625000000002 0.7734375 0.5562500000000001 0.790625 0.5562500000000001
2 0.7734375 0.5125000000000002 0.7546875 0.5125000000000002 0.7546875 0.5281250000000002 0.7734375 0.5281250000000002
2 0.7703125 0.4937500000000002 0.75625 0.4937500000000002 0.75625 0.5109375000000002 0.7703125 0.5109375000000002
2 0.815625 0.48750000000000016 0.7953125 0.48750000000000016 0.7953125 0.4984375000000002 0.815625 0.4984375000000002
2 0.8421875 0.5250000000000001 0.821875 0.5250000000000001 0.821875 0.5437500000000002 0.8421875 0.5437500000000002
2 0.8203125 0.5375000000000002 0.8046875 0.5375000000000002 0.8046875 0.5515625000000002 0.8203125 0.5515625000000002
2 0.7421875 0.5468750000000002 0.7265625 0.5468750000000002 0.7265625 0.5625000000000002 0.7421875 0.5625000000000002
2 0.8734375 0.5234375000000002 0.85625 0.5234375000000002 0.85625 0.5390625000000002 0.8734375 0.5390625000000002
2 0.8703125 0.5062500000000002 0.8515625 0.5062500000000002 0.8515625 0.5203125000000002 0.8703125 0.5203125000000002
2 0.9109375 0.5187500000000002 0.890625 0.5187500000000002 0.890625 0.5328125000000001 0.9109375 0.5328125000000001
2 0.934375 0.5093750000000001 0.9125 0.5093750000000001 0.9125 0.5281250000000002 0.934375 0.5281250000000002
2 0.9578125 0.5031250000000002 0.9390625 0.5031250000000002 0.9390625 0.5203125000000002 0.9578125 0.5203125000000002
2 0.946875 0.46406250000000016 0.925 0.46406250000000016 0.925 0.47968750000000016 0.946875 0.47968750000000016
2 0.984375 0.5015625000000001 0.9640625 0.5015625000000001 0.9640625 0.5156250000000002 0.984375 0.5156250000000002
2 0.8390625 0.3265625000000001 0.8234375 0.3265625000000001 0.8234375 0.3421875000000001 0.8390625 0.3421875000000001
2 0.790625 0.3156250000000001 0.778125 0.3156250000000001 0.778125 0.3421875000000001 0.790625 0.3421875000000001
1 0.9015625 0.35625000000000007 0.8453125 0.35625000000000007 0.8453125 0.37968750000000007 0.9015625 0.37968750000000007
1 0.9 0.4703125000000002 0.84375 0.4703125000000002 0.84375 0.5000000000000002 0.9 0.5000000000000002
2 0.428125 0.4375 0.4109375 0.4375 0.4109375 0.4515625 0.428125 0.4515625
0 0.81875 0.5562500000000001 0.8046875 0.5562500000000001 0.8046875 0.5687500000000002 0.81875 0.5687500000000002
0 0.79375 0.5609375000000002 0.7828125 0.5609375000000002 0.7828125 0.5718750000000001 0.79375 0.5718750000000001
0 0.8046875 0.5218750000000002 0.790625 0.5218750000000002 0.790625 0.5359375000000002 0.8046875 0.5359375000000002
4 0.8296875 0.3593750000000001 0.821875 0.3593750000000001 0.821875 0.3687500000000001 0.8296875 0.3687500000000001
4 0.81875 0.5171875000000001 0.809375 0.5171875000000001 0.809375 0.5265625000000002 0.81875 0.5265625000000002
4 0.8125 0.5093750000000001 0.803125 0.5093750000000001 0.803125 0.5187500000000002 0.8125 0.5187500000000002
4 0.803125 0.5046875000000002 0.79375 0.5046875000000002 0.79375 0.5140625000000002 0.803125 0.5140625000000002
4 0.790625 0.5093750000000001 0.78125 0.5093750000000001 0.78125 0.5171875000000001 0.790625 0.5171875000000001
4 0.7890625 0.5187500000000002 0.7796875 0.5187500000000002 0.7796875 0.5296875000000002 0.7890625 0.5296875000000002
4 0.75625 0.5390625000000002 0.746875 0.5390625000000002 0.746875 0.5468750000000002 0.75625 0.5468750000000002
4 0.74375 0.5625000000000002 0.734375 0.5625000000000002 0.734375 0.5687500000000002 0.74375 0.5687500000000002
4 0.7265625 0.5640625000000001 0.7171875 0.5640625 0.7171875 0.5734375 0.7265625 0.5734375000000002
4 0.69375 0.534375 0.6859375 0.534375 0.6859375 0.5421875 0.69375 0.5421875
4 0.684375 0.5625 0.6765625 0.5625 0.6765625 0.571875 0.684375 0.571875
4 0.69375 0.575 0.6859375 0.575 0.6859375 0.5828125 0.69375 0.5828125
4 0.709375 0.5765625 0.7015625 0.5765625 0.7015625 0.584375 0.709375 0.584375
4 0.646875 0.56875 0.6390625 0.56875 0.6390625 0.578125 0.646875 0.578125
4 0.63125 0.546875 0.621875 0.546875 0.621875 0.559375 0.63125 0.559375
4 0.6015625 0.5515625 0.5921875 0.5515625 0.5921875 0.5625 0.6015625 0.5625
4 0.66875 0.509375 0.659375 0.509375 0.659375 0.5171875 0.66875 0.5171875
4 0.6609375 0.5453125 0.6515625 0.5453125 0.6515625 0.553125 0.6609375 0.553125
4 0.6359375 0.5609375 0.6265625 0.5609375 0.6265625 0.5703125 0.6359375 0.5703125
4 0.5734375 0.6609375 0.5671875 0.6609375 0.5671875 0.675 0.5734375 0.675
4 0.58125 0.6375 0.5765625 0.6375 0.5765625 0.653125 0.58125 0.653125
4 0.5890625 0.6375 0.5828125 0.6375 0.5828125 0.65625 0.5890625 0.65625
4 0.6296875000000002 0.765625 0.6234375000000002 0.765625 0.6234375000000002 0.78125 0.6296875000000002 0.78125
4 0.5640625 0.5625 0.5546875 0.5625 0.5546875 0.571875 0.5640625 0.571875
4 0.5125 0.56875 0.503125 0.56875 0.503125 0.578125 0.5125 0.578125
4 0.54375 0.615625 0.5375 0.615625 0.5375 0.6328125 0.54375 0.6328125
4 0.540625 0.4203125 0.534375 0.4203125 0.534375 0.4359375 0.540625 0.4359375
4 0.546875 0.3859375000000001 0.5375 0.3859375000000001 0.5375 0.39531250000000007 0.546875 0.39531250000000007
4 0.5796875 0.3968750000000001 0.571875 0.3968750000000001 0.571875 0.409375 0.5796875 0.409375
4 0.59375 0.3968750000000001 0.584375 0.3968750000000001 0.584375 0.40625 0.59375 0.40625
4 0.6125 0.3812500000000001 0.60625 0.3812500000000001 0.60625 0.3906250000000001 0.6125 0.3906250000000001
4 0.4828125 0.39531250000000007 0.475 0.39531250000000007 0.475 0.4015625 0.4828125 0.4015625
4 0.49375 0.3812500000000001 0.484375 0.3812500000000001 0.484375 0.3906250000000001 0.49375 0.3906250000000001
4 0.50625 0.3781250000000001 0.496875 0.3781250000000001 0.496875 0.3859375000000001 0.50625 0.3859375000000001
4 0.509375 0.3890625000000001 0.503125 0.3890625000000001 0.503125 0.3968750000000001 0.509375 0.3968750000000001
4 0.5078125 0.3984375000000001 0.5 0.3984375000000001 0.5 0.4046875 0.5078125 0.4046875
4 0.5 0.3984375000000001 0.4921875 0.3984375000000001 0.4921875 0.409375 0.5 0.409375
4 0.4921875 0.4328125 0.484375 0.4328125 0.484375 0.4390625 0.4921875 0.4390625
4 0.484375 0.43125 0.475 0.43125 0.475 0.440625 0.484375 0.440625
4 0.5015625 0.45625 0.4921875 0.45625 0.4921875 0.4640625 0.5015625 0.4640625
4 0.509375 0.45625 0.5 0.45625 0.5 0.4625 0.509375 0.4625
4 0.4421875 0.4609375 0.4328125 0.4609375 0.4328125 0.46875 0.4421875 0.46875
4 0.38750000000000007 0.4515625 0.3781250000000001 0.4515625 0.3781250000000001 0.4578125 0.38750000000000007 0.4578125
4 0.409375 0.4453125 0.4 0.4453125 0.4 0.4546875 0.409375 0.4546875
4 0.4125 0.4375 0.403125 0.4375 0.403125 0.4453125 0.4125 0.4453125
4 0.4265625 0.4515625 0.41875 0.4515625 0.41875 0.4578125 0.4265625 0.4578125
4 0.4375 0.453125 0.428125 0.453125 0.428125 0.459375 0.4375 0.459375
4 0.4453125 0.4515625 0.4390625 0.4515625 0.4390625 0.4609375 0.4453125 0.4609375
4 0.4515625 0.4328125 0.4421875 0.4328125 0.4421875 0.4390625 0.4515625 0.4390625
4 0.3515625000000001 0.4046875 0.3421875000000001 0.4046875 0.3421875000000001 0.4109375 0.3515625000000001 0.4109375
4 0.2921875000000001 0.4171875 0.2812500000000001 0.4171875 0.2812500000000001 0.428125 0.2921875000000001 0.428125
4 0.3078125000000001 0.4140625 0.2984375000000001 0.4140625 0.2984375000000001 0.4234375 0.3078125000000001 0.4234375
4 0.2718750000000001 0.4265625 0.26250000000000007 0.4265625 0.26250000000000007 0.4328125 0.2718750000000001 0.4328125
4 0.2375000000000001 0.4765625 0.22812500000000008 0.4765625 0.22812500000000008 0.4859375 0.2375000000000001 0.4859375
4 0.19062500000000004 0.384375 0.18281250000000004 0.384375 0.18281250000000004 0.4015625 0.19062500000000004 0.4015625
4 0.18125000000000005 0.4015625 0.17187500000000006 0.4015625 0.17187500000000006 0.4125 0.18125000000000005 0.4125
4 0.20312500000000008 0.428125 0.19062500000000004 0.428125 0.19062500000000004 0.4359375 0.20312500000000008 0.4359375
4 0.21250000000000008 0.4421875 0.2015625000000001 0.4421875 0.2015625000000001 0.45 0.21250000000000008 0.45
4 0.17187500000000006 0.434375 0.16093750000000004 0.434375 0.16093750000000004 0.44375 0.17187500000000006 0.44375
4 0.16562500000000005 0.446875 0.15625000000000006 0.446875 0.15625000000000006 0.4546875 0.16562500000000005 0.4546875
4 0.14062500000000006 0.4453125 0.12968750000000004 0.4453125 0.12968750000000004 0.4546875 0.14062500000000006 0.4546875
4 0.18593750000000003 0.4796875 0.17500000000000004 0.4796875 0.17500000000000004 0.4890625 0.18593750000000003 0.4890625
4 0.03906250000000007 0.5578125 0.029687500000000068 0.5578125 0.029687500000000068 0.5734375 0.03906250000000007 0.5734375
4 0.09062500000000007 0.584375 0.08125000000000007 0.584375 0.08125000000000007 0.5921875 0.09062500000000007 0.5921875
4 0.12343750000000009 0.5859375 0.11562500000000009 0.5859375 0.11562500000000009 0.5953125 0.12343750000000009 0.5953125
4 0.1515625000000001 0.5734375 0.14218750000000008 0.5734375 0.14218750000000008 0.5828125 0.1515625000000001 0.5828125
4 0.1921875000000001 0.58125 0.1828125000000001 0.58125 0.1828125000000001 0.5875 0.1921875000000001 0.5875
4 0.2156250000000001 0.578125 0.2062500000000001 0.578125 0.2062500000000001 0.5859375 0.2156250000000001 0.5859375
4 0.2062500000000001 0.596875 0.19531250000000008 0.596875 0.19531250000000008 0.6046875 0.2062500000000001 0.6046875
4 0.22812500000000008 0.59375 0.2171875000000001 0.59375 0.2171875000000001 0.6046875 0.22812500000000008 0.6046875
4 0.2468750000000001 0.571875 0.23593750000000008 0.571875 0.23593750000000008 0.58125 0.2468750000000001 0.58125
4 0.2765625000000001 0.5703125 0.2656250000000001 0.5703125 0.2656250000000001 0.58125 0.2765625000000001 0.58125
4 0.27812500000000007 0.5796875 0.2687500000000001 0.5796875 0.2687500000000001 0.590625 0.27812500000000007 0.590625
4 0.29375000000000007 0.5640625 0.2843750000000001 0.5640625 0.2843750000000001 0.575 0.29375000000000007 0.575
4 0.3187500000000001 0.5859375 0.30937500000000007 0.5859375 0.30937500000000007 0.5953125 0.3187500000000001 0.5953125
4 0.4328125 0.5609375 0.4234375 0.5609375 0.4234375 0.56875 0.4328125 0.56875
4 0.4265625 0.5703125 0.4171875 0.5703125 0.4171875 0.5765625 0.4265625 0.5765625
4 0.4046875 0.5625 0.39531250000000007 0.5625 0.39531250000000007 0.5703125 0.4046875 0.5703125
4 0.3828125000000001 0.55 0.3734375000000001 0.55 0.3734375000000001 0.5609375 0.3828125000000001 0.5609375
4 0.37968750000000007 0.5609375 0.3687500000000001 0.5609375 0.3687500000000001 0.5703125 0.37968750000000007 0.5703125
4 0.3968750000000001 0.584375 0.3859375000000001 0.584375 0.3859375000000001 0.59375 0.3968750000000001 0.59375