4 0.08437500000000005 0.4265625 0.07031250000000004 0.4265625 0.07031250000000004 0.4375 0.08437500000000005 0.4375
4 0.10625000000000004 0.44375 0.09218750000000005 0.44375 0.09218750000000005 0.453125 0.10625000000000004 0.453125
4 0.13750000000000004 0.428125 0.12500000000000006 0.428125 0.12500000000000006 0.4375 0.13750000000000004 0.4375
4 0.15000000000000005 0.434375 0.13593750000000004 0.434375 0.13593750000000004 0.4453125 0.15000000000000005 0.4453125
4 0.17656250000000004 0.4203125 0.16250000000000003 0.4203125 0.16250000000000003 0.43125 0.17656250000000004 0.43125
4 0.19687500000000005 0.415625 0.18437500000000004 0.415625 0.18437500000000004 0.4265625 0.19687500000000005 0.4265625
3 0.18437500000000004 0.440625 0.15468750000000003 0.440625 0.15468750000000003 0.4625 0.18437500000000004 0.4625
2 0.21093750000000008 0.459375 0.19218750000000004 0.459375 0.19218750000000004 0.475 0.21093750000000008 0.475
2 0.2890625000000001 0.4328125 0.2671875000000001 0.4328125 0.2671875000000001 0.4515625 0.2890625000000001 0.4515625
2 0.2890625000000001 0.45625 0.2609375000000001 0.45625 0.2609375000000001 0.4765625 0.2890625000000001 0.4765625
2 0.3296875000000001 0.43125 0.30937500000000007 0.43125 0.30937500000000007 0.4515625 0.3296875000000001 0.4515625
2 0.3843750000000001 0.4265625 0.3656250000000001 0.4265625 0.3656250000000001 0.4453125 0.3843750000000001 0.4453125
4 0.37187500000000007 0.4578125 0.3578125000000001 0.4578125 0.3578125000000001 0.4671875 0.37187500000000007 0.4671875
4 0.421875 0.453125 0.4109375 0.453125 0.4109375 0.4625 0.421875 0.4625
4 0.465625 0.40625 0.453125 0.40625 0.453125 0.4171875 0.465625 0.4171875
2 0.4546875 0.4234375 0.434375 0.4234375 0.434375 0.4421875 0.4546875 0.4421875
2 0.5234375 0.4125 0.5 0.4125 0.5 0.43125 0.5234375 0.43125
2 0.5234375 0.4375 0.5 0.4375 0.5 0.45625 0.5234375 0.45625
2 0.54375 0.3437500000000001 0.5234375 0.3437500000000001 0.5234375 0.3609375000000001 0.54375 0.3609375000000001
2 0.5734375 0.43125 0.5484375 0.43125 0.5484375 0.4515625 0.5734375 0.4515625
4 0.5578125 0.3984375000000001 0.546875 0.3984375000000001 0.546875 0.409375 0.5578125 0.409375
2 0.621875 0.409375 0.5984375 0.409375 0.5984375 0.4296875 0.621875 0.4296875
2 0.6421875 0.43125 0.6203125 0.43125 0.6203125 0.4484375 0.6421875 0.4484375
0 0.6640625 0.3937500000000001 0.646875 0.3937500000000001 0.646875 0.409375 0.6640625 0.409375
2 0.6765625 0.4078125 0.65625 0.4078125 0.65625 0.428125 0.6765625 0.428125
4 0.70625 0.4046875 0.6953125 0.4046875 0.6953125 0.415625 0.70625 0.415625
2 0.7078125 0.4296875 0.6859375 0.4296875 0.6859375 0.4484375 0.7078125 0.4484375
0 0.7265625 0.3937500000000001 0.7109375 0.3937500000000001 0.7109375 0.4078125000000001 0.7265625 0.4078125000000002
3 0.740625 0.41093750000000007 0.721875 0.4109375 0.721875 0.4312500000000001 0.740625 0.4312500000000002
4 0.7609375 0.3921875000000001 0.746875 0.3921875000000001 0.746875 0.40625000000000017 0.7609375 0.40625000000000017
2 0.771875 0.4265625000000002 0.7484375 0.4265625000000002 0.7484375 0.44531250000000017 0.771875 0.44531250000000017
0 0.8203125 0.4000000000000002 0.8015625 0.4000000000000002 0.8015625 0.41718750000000016 0.8203125 0.41718750000000016
4 0.859375 0.4000000000000002 0.8453125 0.4000000000000002 0.8453125 0.40937500000000016 0.859375 0.40937500000000016
2 0.90625 0.40625000000000017 0.88125 0.40625000000000017 0.88125 0.4265625000000002 0.90625 0.4265625000000002
4 0.928125 0.3890625000000001 0.9140625 0.3890625000000001 0.9140625 0.3984375000000001 0.928125 0.3984375000000001
2 0.9828125 0.4125000000000002 0.9578125 0.4125000000000002 0.9578125 0.4312500000000002 0.9828125 0.4312500000000002
4 0.9765625 0.3968750000000001 0.9671875 0.3968750000000001 0.9671875 0.40625000000000017 0.9765625 0.40625000000000017
4 1 0.37968750000000007 0.990625 0.37968750000000007 0.990625 0.3937500000000001 1 0.3937500000000001
4 0.975 0.5546875000000002 0.959375 0.5546875000000002 0.959375 0.5687500000000002 0.975 0.5687500000000002
3 0.6015625 0.6109375 0.5859375 0.6109375 0.5859375 0.6265625 0.6015625 0.6265625
2 0.32500000000000007 0.7828125 0.3109375000000001 0.7828125 0.3109375000000001 0.8203125 0.32500000000000007 0.8203125
2 0.3062500000000001 0.965625 0.2906250000000001 0.965625 0.2906250000000001 1 0.3062500000000001 1
2 0.7000000000000002 0.825 0.6875000000000002 0.825 0.6875000000000002 0.8609375 0.7000000000000002 0.8609375
2 0.7812500000000001 0.6984375000000002 0.765625 0.6984375000000002 0.7656250000000001 0.7343750000000002 0.7812500000000002 0.7343750000000002
2 0.7187500000000002 0.815625 0.7078125000000002 0.815625 0.7078125000000002 0.8515625 0.7187500000000002 0.8515625
3 0.7375000000000002 0.8078125 0.7234375000000002 0.8078125 0.7234375000000002 0.8515625 0.7375000000000002 0.8515625
2 0.7453125000000002 0.8234375 0.7359375000000001 0.8234375 0.7359375000000001 0.8578125 0.7453125000000002 0.8578125
2 0.7578125000000002 0.828125 0.7484375000000002 0.828125 0.7484375000000002 0.8609375 0.7578125000000002 0.8609375
2 0.5390625 0.2953125000000001 0.528125 0.2953125000000001 0.528125 0.33281250000000007 0.5390625 0.33281250000000007
2 0.434375 0.06406250000000005 0.409375 0.06406250000000005 0.409375 0.08437500000000005 0.434375 0.08437500000000005