4 0.039062500000000056 0.4421875 0.023437500000000056 0.4421875 0.023437500000000056 0.4609375 0.039062500000000056 0.4609375
4 0.06406250000000005 0.4328125 0.050000000000000044 0.4328125 0.050000000000000044 0.446875 0.06406250000000005 0.446875
4 0.03906250000000007 0.54375 0.028125000000000067 0.54375 0.028125000000000067 0.5578125 0.03906250000000007 0.5578125
4 0.12968750000000004 0.528125 0.11875000000000005 0.528125 0.11875000000000005 0.5390625 0.12968750000000004 0.5390625
4 0.12812500000000007 0.54375 0.11562500000000005 0.54375 0.11562500000000006 0.5546875 0.1281250000000001 0.5546875
4 0.1218750000000001 0.553125 0.10937500000000008 0.553125 0.10937500000000008 0.5640625 0.1218750000000001 0.5640625
4 0.13437500000000008 0.5609375 0.12343750000000009 0.5609375 0.12343750000000009 0.5703125 0.13437500000000008 0.5703125
4 0.14062500000000006 0.45 0.12656250000000005 0.45 0.12656250000000005 0.4609375 0.14062500000000006 0.4609375
4 0.2312500000000001 0.4265625 0.2171875000000001 0.4265625 0.2171875000000001 0.4421875 0.2312500000000001 0.4421875
4 0.18593750000000003 0.5203125 0.17500000000000004 0.5203125 0.17500000000000004 0.534375 0.18593750000000003 0.534375
4 0.24375000000000008 0.4625 0.23437500000000008 0.4625 0.23437500000000008 0.471875 0.24375000000000008 0.471875
4 0.2828125000000001 0.421875 0.2718750000000001 0.421875 0.2718750000000001 0.4359375 0.2828125000000001 0.4359375
4 0.2968750000000001 0.4328125 0.2843750000000001 0.4328125 0.2843750000000001 0.446875 0.2968750000000001 0.446875
4 0.3296875000000001 0.41875 0.31718750000000007 0.41875 0.31718750000000007 0.4328125 0.3296875000000001 0.4328125
4 0.34843750000000007 0.4359375 0.3359375000000001 0.4359375 0.3359375000000001 0.4515625 0.34843750000000007 0.4515625
4 0.3546875000000001 0.459375 0.3453125000000001 0.459375 0.3453125000000001 0.471875 0.3546875000000001 0.471875
4 0.2812500000000001 0.5203125 0.2671875000000001 0.5203125 0.2671875000000001 0.528125 0.2812500000000001 0.528125
4 0.30156250000000007 0.521875 0.2906250000000001 0.521875 0.2906250000000001 0.5359375 0.30156250000000007 0.5359375
4 0.3109375000000001 0.515625 0.30156250000000007 0.515625 0.30156250000000007 0.5265625 0.3109375000000001 0.5265625
4 0.2828125000000001 0.5484375 0.2734375000000001 0.5484375 0.2734375000000001 0.559375 0.2828125000000001 0.559375
4 0.2828125000000001 0.559375 0.27031250000000007 0.559375 0.27031250000000007 0.56875 0.2828125000000001 0.56875
4 0.31718750000000007 0.5609375 0.3062500000000001 0.5609375 0.3062500000000001 0.575 0.31718750000000007 0.575
4 0.3281250000000001 0.5359375 0.31718750000000007 0.5359375 0.31718750000000007 0.5515625 0.3281250000000001 0.5515625
4 0.3500000000000001 0.559375 0.3375000000000001 0.559375 0.3375000000000001 0.5734375 0.3500000000000001 0.5734375
4 0.3687500000000001 0.5265625 0.3578125000000001 0.5265625 0.3578125000000001 0.5421875 0.3687500000000001 0.5421875
4 0.3812500000000001 0.521875 0.37187500000000007 0.521875 0.37187500000000007 0.5359375 0.3812500000000001 0.5359375
4 0.4078125 0.459375 0.39531250000000007 0.459375 0.39531250000000007 0.471875 0.4078125 0.471875
4 0.4515625 0.4421875 0.4421875 0.4421875 0.4421875 0.45625 0.4515625 0.45625
4 0.48125 0.4578125 0.471875 0.4578125 0.471875 0.46875 0.48125 0.46875
4 0.4234375 0.51875 0.4125 0.51875 0.4125 0.5296875 0.4234375 0.5296875
4 0.421875 0.534375 0.40625 0.534375 0.40625 0.5453125 0.421875 0.5453125
4 0.440625 0.55625 0.43125 0.55625 0.43125 0.5734375 0.440625 0.5734375
4 0.45 0.51875 0.4375 0.51875 0.4375 0.5328125 0.45 0.5328125
2 0.2640625000000001 0.525 0.24218750000000008 0.525 0.24218750000000008 0.54375 0.2640625000000001 0.54375
0 0.3593750000000001 0.5421875 0.3437500000000001 0.5421875 0.3437500000000001 0.5609375 0.3593750000000001 0.5609375
0 0.3828125000000001 0.4265625 0.3703125000000001 0.4265625 0.3703125000000001 0.446875 0.3828125000000001 0.446875
0 0.4140625 0.44375 0.3984375000000001 0.44375 0.3984375000000001 0.4578125 0.4140625 0.4578125
0 0.428125 0.41875 0.409375 0.41875 0.409375 0.4390625 0.428125 0.4390625
0 0.4859375 0.428125 0.4703125 0.428125 0.4703125 0.446875 0.4859375 0.446875
0 0.4703125 0.540625 0.453125 0.540625 0.453125 0.5609375 0.4703125 0.5609375
0 0.4953125 0.521875 0.48125 0.521875 0.48125 0.540625 0.4953125 0.540625
4 0.5421875 0.4484375 0.53125 0.4484375 0.53125 0.459375 0.5421875 0.459375
4 0.5859375 0.5296875 0.575 0.5296875 0.575 0.540625 0.5859375 0.540625
4 0.575 0.5546875 0.565625 0.5546875 0.565625 0.5671875 0.575 0.5671875
4 0.6 0.521875 0.5890625 0.521875 0.5890625 0.5359375 0.6 0.5359375
4 0.60625 0.5515625 0.596875 0.5515625 0.596875 0.5625 0.60625 0.5625
4 0.628125 0.5171875 0.6171875 0.5171875 0.6171875 0.5265625 0.628125 0.5265625
4 0.653125 0.528125 0.64375 0.528125 0.64375 0.5390625 0.653125 0.5390625
0 0.6171875 0.5375 0.6015625 0.5375 0.6015625 0.553125 0.6171875 0.553125
6 0.5671875 0.5140625 0.5296875 0.5140625 0.5296875 0.5390625 0.5671875 0.5390625
2 0.621875 0.45625 0.6015625 0.45625 0.6015625 0.4703125 0.621875 0.4703125
0 0.625 0.4171875 0.603125 0.4171875 0.603125 0.4375 0.625 0.4375
4 0.6078125 0.409375 0.596875 0.409375 0.596875 0.4203125 0.6078125 0.4203125
4 0.6203125 0.4375 0.6078125 0.4375 0.6078125 0.4546875 0.6203125 0.4546875
0 0.5609375 0.54375 0.546875 0.54375 0.546875 0.559375 0.5609375 0.559375
4 0.6484375 0.415625 0.6375 0.415625 0.6375 0.428125 0.6484375 0.428125
4 0.66875 0.421875 0.65625 0.421875 0.65625 0.43125 0.66875 0.43125
4 0.6890625 0.403125 0.6796875 0.403125 0.6796875 0.415625 0.6890625 0.415625
4 0.6921875 0.440625 0.6796875 0.440625 0.6796875 0.45625 0.6921875 0.45625
4 0.715625 0.55 0.7 0.55 0.7 0.5640625 0.715625 0.5640625
4 0.753125 0.5359375000000002 0.7390625 0.5359375000000002 0.7390625 0.5500000000000002 0.753125 0.5500000000000002
4 0.7921875 0.5281250000000002 0.78125 0.5281250000000002 0.78125 0.5390625000000002 0.7921875 0.5390625000000002
4 0.815625 0.5140625000000002 0.803125 0.5140625000000002 0.803125 0.5250000000000001 0.815625 0.5250000000000001
4 0.834375 0.5156250000000002 0.8234375 0.5156250000000002 0.8234375 0.5265625000000002 0.834375 0.5265625000000002
4 0.853125 0.5093750000000001 0.8390625 0.5093750000000001 0.8390625 0.5203125000000002 0.853125 0.5203125000000002
4 0.840625 0.5265625000000002 0.828125 0.5265625000000002 0.828125 0.5421875000000002 0.840625 0.5421875000000002
4 0.859375 0.5406250000000001 0.85 0.5406250000000001 0.85 0.5562500000000001 0.859375 0.5562500000000001
4 0.871875 0.5453125000000002 0.8609375 0.5453125000000002 0.8609375 0.5546875000000002 0.871875 0.5546875000000002
4 0.8796875 0.5140625000000002 0.86875 0.5140625000000002 0.86875 0.5281250000000002 0.8796875 0.5281250000000002
4 0.7671875 0.4156250000000002 0.75625 0.4156250000000002 0.75625 0.42500000000000016 0.7671875 0.42500000000000016
4 0.8765625 0.4203125000000002 0.8625 0.4203125000000002 0.8625 0.43750000000000017 0.8765625 0.43750000000000017
4 0.909375 0.4359375000000002 0.9 0.4359375000000002 0.9 0.44531250000000017 0.909375 0.44531250000000017
4 0.921875 0.5125000000000002 0.9109375 0.5125000000000002 0.9109375 0.5265625000000002 0.921875 0.5265625000000002
4 0.89375 0.5265625000000002 0.878125 0.5265625000000002 0.878125 0.5406250000000001 0.89375 0.5406250000000001
0 0.815625 0.5406250000000001 0.796875 0.5406250000000001 0.796875 0.5562500000000001 0.815625 0.5562500000000001
6 0.7296875 0.4484375000000001 0.703125 0.4484375 0.703125 0.4703125000000001 0.7296875 0.4703125000000002
2 0.01718750000000007 0.5546875 6.792962714020475e-17 0.5546875 6.926908457677216e-17 0.5765625 0.01718750000000007 0.5765625
4 0.5390625 0.5578125 0.5234375 0.5578125 0.5234375 0.578125 0.5390625 0.578125
4 0.896875 0.5453125000000002 0.875 0.5453125000000002 0.875 0.5765625000000002 0.896875 0.5765625000000002
4 0.9796875 0.5218750000000002 0.9640625 0.5218750000000002 0.9640625 0.5390625000000002 0.9796875 0.5390625000000002
4 0.9921875 0.5078125000000002 0.9703125 0.5078125000000002 0.9703125 0.5234375000000002 0.9921875 0.5234375000000002
4 1 0.4390625000000002 0.978125 0.4390625000000002 0.978125 0.4593750000000002 1 0.4593750000000002
4 0.9984375 0.5359375000000002 0.9734375 0.5359375000000002 0.9734375 0.5562500000000001 0.9984375 0.5562500000000001
4 0.9390625 0.5265625000000002 0.9203125 0.5265625000000002 0.9203125 0.5515625000000002 0.9390625 0.5515625000000002