2 0.3765625 0.28593750000000007 0.359375 0.2859375 0.359375 0.30156250000000007 0.3765625 0.30156250000000007
2 0.4328125 0.2484375000000001 0.421875 0.2484375000000001 0.421875 0.2687500000000001 0.4328125 0.2687500000000001
2 0.4265625 0.2140625000000001 0.409375 0.2140625000000001 0.409375 0.2328125000000001 0.4265625 0.2328125000000001
2 0.5359375 0.3156250000000001 0.5296875 0.3156250000000001 0.5296875 0.3453125000000001 0.5359375 0.3453125000000001
2 0.546875 0.31718750000000007 0.5390625 0.31718750000000007 0.5390625 0.3468750000000001 0.546875 0.3468750000000001
2 0.5875 0.3078125000000001 0.58125 0.3078125000000001 0.58125 0.33281250000000007 0.5875 0.33281250000000007
2 0.5984375 0.30937500000000007 0.5890625 0.30937500000000007 0.5890625 0.33281250000000007 0.5984375 0.33281250000000007
2 1 0.8671875 0.9890625 0.8671875 0.9890625 0.8921875 1 0.8921875
2 0.984375 0.9 0.975 0.9 0.975 0.9265625 0.984375 0.9265625
2 0.7515625 0.6484375000000002 0.7421875 0.6484375000000002 0.7421875 0.6718750000000002 0.7515625 0.6718750000000002
6 0.9359375 0.6312500000000002 0.8953125 0.6312500000000002 0.8953125 0.6515625000000002 0.9359375 0.6515625000000002
5 0.7671875 0.3765625000000001 0.7203125 0.3765625000000001 0.7203125 0.39531250000000007 0.7671875 0.39531250000000007
6 0.709375 0.3765625000000001 0.6671875 0.3765625000000001 0.6671875 0.39531250000000007 0.709375 0.39531250000000007
6 0.3203125000000001 0.6296875 0.2906250000000001 0.6296875 0.2906250000000001 0.6484375 0.3203125000000001 0.6484375
6 0.19531250000000008 0.6390625 0.15625000000000008 0.6390625 0.15625000000000008 0.6578125 0.19531250000000008 0.6578125
6 0.17343750000000008 0.671875 0.13437500000000008 0.671875 0.13437500000000008 0.696875 0.17343750000000008 0.696875
4 0.5765625 0.2750000000000001 0.571875 0.2750000000000001 0.571875 0.2890625000000001 0.5765625 0.2890625000000001
3 0.7968750000000002 0.85 0.7750000000000001 0.85 0.7750000000000001 0.86875 0.7968750000000002 0.86875
3 0.7484375000000002 0.8828125 0.7390625000000002 0.8828125 0.7390625000000002 0.91875 0.7484375000000002 0.91875
4 0.553125 0.2750000000000001 0.55 0.2750000000000001 0.55 0.2890625000000001 0.553125 0.2890625000000001
4 0.5703125 0.2890625000000001 0.5671875 0.2890625000000001 0.5671875 0.3031250000000001 0.5703125 0.3031250000000001
4 0.596875 0.2796875000000001 0.5921875 0.2796875000000001 0.5921875 0.29375000000000007 0.596875 0.29375000000000007
4 0.6078125 0.30156250000000007 0.6046875 0.30156250000000007 0.6046875 0.3156250000000001 0.6078125 0.3156250000000001
4 0.5953125 0.23593750000000008 0.5921875 0.23593750000000008 0.5921875 0.2500000000000001 0.5953125 0.2500000000000001
4 0.5609375 0.22656250000000008 0.5578125 0.22656250000000008 0.5578125 0.23593750000000008 0.5609375 0.23593750000000008
4 0.5703125 0.2250000000000001 0.565625 0.2250000000000001 0.565625 0.2375000000000001 0.5703125 0.2375000000000001
4 0.609375 0.2375000000000001 0.60625 0.2375000000000001 0.60625 0.2500000000000001 0.609375 0.2500000000000001
4 0.5453125 0.2750000000000001 0.5421875 0.2750000000000001 0.5421875 0.2890625000000001 0.5453125 0.2890625000000001
4 0.4421875 0.2687500000000001 0.4375 0.2687500000000001 0.4375 0.2828125000000001 0.4421875 0.2828125000000001
4 0.603125 0.2390625000000001 0.6 0.2390625000000001 0.6 0.2531250000000001 0.603125 0.2531250000000001
4 0.559375 0.2765625000000001 0.55625 0.2765625000000001 0.55625 0.2906250000000001 0.559375 0.2906250000000001
4 0.565625 0.2921875000000001 0.5625 0.2921875000000001 0.5625 0.3046875000000001 0.565625 0.3046875000000001
4 0.5734375 0.2906250000000001 0.5703125 0.2906250000000001 0.5703125 0.3031250000000001 0.5734375 0.3031250000000001
0 0.859375 0.6406250000000002 0.84375 0.6406250000000002 0.84375 0.6562500000000002 0.859375 0.6562500000000002
2 0.7109375 0.640625 0.70625 0.640625 0.70625 0.665625 0.7109375 0.665625
2 0.7046875 0.625 0.6984375 0.625 0.6984375 0.65 0.7046875 0.65
2 0.696875 0.628125 0.690625 0.628125 0.690625 0.65 0.696875 0.65
2 0.7046875 0.65 0.6984375 0.65 0.6984375 0.6703125 0.7046875 0.6703125
0 0.85625 0.6015625000000002 0.8453125 0.6015625000000002 0.8453125 0.6109375000000001 0.85625 0.6109375000000001
5 1 0.5484375000000001 0.9640625 0.5484375000000001 0.9640625 0.5718750000000001 1 0.5718750000000001
2 0.7046875 0.3984375000000001 0.6890625 0.3984375000000001 0.6890625 0.4109375 0.7046875 0.4109375
4 0.1359375000000001 0.5984375 0.12656250000000008 0.5984375 0.12656250000000008 0.609375 0.1359375000000001 0.609375
2 0.596875 0.6234375 0.5859375 0.6234375 0.5859375 0.634375 0.596875 0.634375
2 0.534375 0.4625 0.51875 0.4625 0.51875 0.4734375 0.534375 0.4734375
3 0.9265625 0.6015625000000002 0.9015625 0.6015625000000002 0.9015625 0.6218750000000002 0.9265625 0.6218750000000002
4 0.2406250000000001 0.4859375 0.2234375000000001 0.4859375 0.2234375000000001 0.496875 0.2406250000000001 0.496875
4 0.1828125000000001 0.6171875 0.1750000000000001 0.6171875 0.1750000000000001 0.6265625 0.1828125000000001 0.6265625
4 0.93125 0.5796875000000001 0.921875 0.5796875000000001 0.921875 0.5906250000000002 0.93125 0.5906250000000002
6 0.534375 0.6171875 0.5046875 0.6171875 0.5046875 0.6390625 0.534375 0.6390625
0 0.2609375000000001 0.4109375 0.2500000000000001 0.4109375 0.2500000000000001 0.4203125 0.2609375000000001 0.4203125
4 0.671875 0.4234375 0.6640625 0.4234375 0.6640625 0.4328125 0.671875 0.4328125
6 0.12656250000000005 0.4671875 0.10156250000000004 0.4671875 0.10156250000000004 0.4828125 0.12656250000000005 0.4828125
4 0.5921875 0.58125 0.5859375 0.58125 0.5859375 0.5875 0.5921875 0.5875
3 0.4421875 0.4953125 0.4234375 0.4953125 0.4234375 0.5125 0.4421875 0.5125
2 0.14843750000000008 0.5578125 0.1312500000000001 0.5578125 0.1312500000000001 0.5734375 0.14843750000000008 0.5734375
1 0.628125 0.58125 0.6 0.58125 0.6 0.5984375 0.628125 0.5984375
6 0.8703125 0.46406250000000016 0.840625 0.46406250000000016 0.840625 0.4828125000000002 0.8703125 0.4828125000000002
4 0.3828125000000001 0.5890625 0.3734375000000001 0.5890625 0.3734375000000001 0.6 0.3828125000000001 0.6
4 0.584375 0.5875 0.578125 0.5875 0.578125 0.59375 0.584375 0.59375
4 0.8109375 0.4515625000000002 0.803125 0.4515625000000002 0.803125 0.4593750000000002 0.8109375 0.4593750000000002
2 0.89375 0.40625000000000017 0.8765625 0.40625000000000017 0.8765625 0.42187500000000017 0.89375 0.42187500000000017
4 0.415625 0.59375 0.409375 0.59375 0.409375 0.603125 0.415625 0.603125
6 0.59375 0.6 0.5671875 0.6 0.5671875 0.61875 0.59375 0.61875
4 0.5703125 0.54375 0.5609375 0.54375 0.5609375 0.5578125 0.5703125 0.5578125
6 0.55 0.5578125 0.5328125 0.5578125 0.5328125 0.571875 0.55 0.571875
3 0.3375000000000001 0.4640625 0.3187500000000001 0.4640625 0.3187500000000001 0.4796875 0.3375000000000001 0.4796875
4 0.037500000000000075 0.6234375 0.028125000000000077 0.6234375 0.028125000000000077 0.6328125 0.037500000000000075 0.6328125
2 0.4015625 0.2812500000000001 0.390625 0.2812500000000001 0.390625 0.3078125000000001 0.4015625 0.3078125000000001
4 0.6890625 0.4078125 0.6828125 0.4078125 0.6828125 0.41875 0.6890625 0.41875
4 0.9 0.44531250000000017 0.8921875 0.44531250000000017 0.8921875 0.45625000000000016 0.9 0.45625000000000016
5 0.5109375 0.5375 0.475 0.5375 0.475 0.55625 0.5109375 0.55625
4 0.421875 0.5875 0.4171875 0.5875 0.4171875 0.5953125 0.421875 0.5953125
6 0.36406250000000007 0.5390625 0.3234375000000001 0.5390625 0.3234375000000001 0.5703125 0.36406250000000007 0.5703125
4 0.8828125 0.7437500000000001 0.8796875 0.7437500000000001 0.8796875 0.7578125000000002 0.8828125 0.7578125000000002