5 0.2515625000000001 0.665625 0.18906250000000008 0.665625 0.18906250000000008 0.7078125 0.2515625000000001 0.7078125
5 0.3125000000000001 0.6546875 0.2531250000000001 0.6546875 0.2531250000000001 0.7046875 0.3125000000000001 0.7046875
2 0.14218750000000008 0.815625 0.11093750000000009 0.815625 0.11093750000000009 0.84375 0.14218750000000008 0.84375
2 0.20312500000000008 0.8171875 0.1750000000000001 0.8171875 0.1750000000000001 0.85625 0.20312500000000008 0.85625
2 0.2843750000000001 0.85625 0.2562500000000001 0.85625 0.2562500000000001 0.9046875 0.2843750000000001 0.9046875
2 0.49375 0.64375 0.4703125 0.64375 0.4703125 0.703125 0.49375 0.703125
2 0.5078125000000001 0.7140625 0.48125 0.7140625 0.48125000000000007 0.7546875 0.5078125000000002 0.7546875
2 0.5390625000000002 0.753125 0.5125000000000002 0.753125 0.5125000000000002 0.7984375 0.5390625000000002 0.7984375
2 0.7640625000000002 0.7562500000000002 0.7359375000000001 0.7562500000000002 0.7359375000000001 0.809375 0.7640625000000002 0.809375
2 0.6703125000000002 0.8421875 0.6421875000000001 0.8421875 0.6421875000000001 0.890625 0.6703125000000002 0.890625
2 0.6125000000000002 0.8390625 0.5781250000000002 0.8390625 0.5781250000000002 0.884375 0.6125000000000002 0.884375
2 0.5671875000000002 0.8078125 0.5437500000000002 0.8078125 0.5437500000000002 0.853125 0.5671875000000002 0.853125
2 0.2953125000000001 0.709375 0.25468750000000007 0.709375 0.25468750000000007 0.74375 0.2953125000000001 0.74375
6 0.49218750000000017 0.796875 0.4421875000000002 0.796875 0.4421875000000002 0.84375 0.49218750000000017 0.84375
3 0.3625000000000001 0.6828125 0.3375000000000001 0.6828125 0.3375000000000001 0.7125 0.3625000000000001 0.7125
0 0.51875 0.625 0.5 0.625 0.5 0.6625 0.51875 0.6625
0 0.4734375 0.3984375000000001 0.4625 0.3984375000000001 0.4625 0.4421875 0.4734375 0.4421875
2 0.484375 0.20312500000000008 0.4734375 0.20312500000000008 0.4734375 0.25468750000000007 0.484375 0.25468750000000007
4 0.4625 0.10781250000000005 0.453125 0.10781250000000005 0.453125 0.12968750000000004 0.4625 0.12968750000000004
4 0.1984375000000001 0.7265625 0.17968750000000008 0.7265625 0.17968750000000008 0.7453125 0.1984375000000001 0.7453125
4 0.22031250000000008 0.7890625 0.20312500000000008 0.7890625 0.20312500000000008 0.8125 0.22031250000000008 0.8125
4 0.3375000000000001 0.7875 0.3187500000000001 0.7875 0.3187500000000001 0.8140625 0.3375000000000001 0.8140625
4 0.3546875000000001 0.7625 0.3437500000000001 0.7625 0.3437500000000001 0.7875 0.3546875000000001 0.7875
4 0.3125000000000001 0.91875 0.30156250000000007 0.91875 0.30156250000000007 0.953125 0.3125000000000001 0.953125
2 0.3906250000000001 0.9234375 0.3546875000000001 0.9234375 0.3546875000000001 0.946875 0.3906250000000001 0.946875
2 0.896875 0.803125 0.8671875 0.803125 0.8671875 0.8359375 0.896875 0.8359375
2 0.8875 0.7062500000000002 0.8546875 0.7062500000000002 0.8546875 0.7328125000000002 0.8875 0.7328125000000002
0 0.815625 0.6828125000000002 0.796875 0.6828125000000002 0.796875 0.7156250000000002 0.815625 0.7156250000000002
4 0.6078125 0.6828125 0.584375 0.6828125 0.584375 0.703125 0.6078125 0.703125
4 0.5406250000000001 0.8734375 0.5187500000000002 0.8734375 0.5187500000000002 0.9015625 0.5406250000000001 0.9015625
2 0.11406250000000014 0.9265625 0.08437500000000012 0.9265625 0.08437500000000012 0.9546875 0.11406250000000014 0.9546875
4 0.0796875000000001 0.946875 0.05937500000000011 0.946875 0.05937500000000011 0.965625 0.0796875000000001 0.965625