2 0.020312500000000008 0.0265625 0.0015625000000000036 0.0265625 0.0015625000000000062 0.075 0.02031250000000001 0.075
4 0.021875000000000002 0.007812500000000003 0.0125 0.007812500000000003 0.012500000000000002 0.0265625 0.021875000000000006 0.0265625
2 0.16093750000000004 0.24375 0.13750000000000004 0.24375 0.13750000000000004 0.2890625 0.16093750000000004 0.2890625
5 0.08125000000000004 0.3015625 0.05312500000000005 0.3015625 0.05312500000000005 0.3765625 0.08125000000000004 0.3765625
0 0.20312500000000008 0.3703125 0.18281250000000004 0.3703125 0.18281250000000004 0.3921875 0.20312500000000008 0.3921875
2 0.14531250000000004 0.5109375 0.11718750000000004 0.5109375 0.11718750000000004 0.534375 0.14531250000000004 0.534375
2 0.10312500000000005 0.5109375 0.07968750000000006 0.5109375 0.07968750000000006 0.53125 0.10312500000000005 0.53125
0 0.08281250000000007 0.5453125 0.06250000000000007 0.5453125 0.06250000000000007 0.565625 0.08281250000000007 0.565625
2 0.04375000000000007 0.5515625 0.020312500000000067 0.5515625 0.02031250000000007 0.5734375 0.04375000000000007 0.5734375
2 0.06875000000000006 0.5203125 0.04375000000000007 0.5203125 0.04375000000000007 0.5421875 0.06875000000000006 0.5421875
2 0.12968750000000007 0.5390625 0.10468750000000004 0.5390625 0.10468750000000007 0.5625 0.1296875000000001 0.5625
2 0.1546875000000001 0.5609375 0.1281250000000001 0.5609375 0.1281250000000001 0.5859375 0.1546875000000001 0.5859375
2 0.17812500000000006 0.5359375 0.15312500000000004 0.5359375 0.15312500000000007 0.5609375 0.1781250000000001 0.5609375
2 0.1703125000000001 0.584375 0.1437500000000001 0.584375 0.1437500000000001 0.609375 0.1703125000000001 0.609375
2 0.10937500000000008 0.5640625 0.08750000000000006 0.5640625 0.08750000000000006 0.5875 0.10937500000000008 0.5875
0 0.10156250000000008 0.5890625 0.08281250000000007 0.5890625 0.08281250000000007 0.609375 0.10156250000000008 0.609375
2 0.509375 0.3578125000000001 0.484375 0.3578125000000001 0.484375 0.3828125000000001 0.509375 0.3828125000000001
3 0.9125 0.3234375000000001 0.8828125 0.3234375000000001 0.8828125 0.34843750000000007 0.9125 0.34843750000000007
3 0.99375 0.3203125000000001 0.96875 0.3203125000000001 0.96875 0.3437500000000001 0.99375 0.3437500000000001
2 0.790625 0.23593750000000008 0.7625 0.23593750000000008 0.7625 0.2609375000000001 0.790625 0.2609375000000001
2 0.78125 0.15000000000000008 0.7515625 0.15000000000000008 0.7515625 0.17968750000000008 0.78125 0.17968750000000008
2 0.17031250000000003 0.50625 0.14531250000000004 0.50625 0.14531250000000004 0.5328125 0.17031250000000003 0.5328125
4 0.68125 0.43125 0.6671875 0.43125 0.6671875 0.446875 0.68125 0.446875
2 0.04375000000000003 0.246875 0.023437500000000028 0.246875 0.02343750000000003 0.29375 0.04375000000000003 0.29375
2 0.9796875 0.47656250000000017 0.953125 0.47656250000000017 0.953125 0.5000000000000002 0.9796875 0.5000000000000002
2 0.9484375 0.40625000000000017 0.925 0.40625000000000017 0.925 0.42968750000000017 0.9484375 0.42968750000000017
2 0.2093750000000001 0.525 0.18437500000000004 0.525 0.18437500000000007 0.55 0.2093750000000001 0.55
2 0.2484375000000001 0.571875 0.2234375000000001 0.571875 0.2234375000000001 0.59375 0.2484375000000001 0.59375
4 0.6671875 0.40625 0.653125 0.40625 0.653125 0.4203125 0.6671875 0.4203125
4 0.5703125 0.3343750000000001 0.5578125 0.3343750000000001 0.5578125 0.34843750000000007 0.5703125 0.34843750000000007
4 0.453125 0.5640625 0.440625 0.5640625 0.440625 0.5765625 0.453125 0.5765625
4 0.3156250000000001 0.5765625 0.30156250000000007 0.5765625 0.30156250000000007 0.590625 0.3156250000000001 0.590625
4 0.940625 0.4671875000000002 0.9265625 0.4671875000000002 0.9265625 0.48750000000000016 0.940625 0.48750000000000016