0 0.4093750000000001 0.703125 0.3921875000000001 0.703125 0.3921875000000001 0.728125 0.40937500000000016 0.728125
0 0.3968750000000001 0.66875 0.3812500000000001 0.66875 0.3812500000000001 0.6921875 0.3968750000000001 0.6921875
0 0.3921875000000001 0.64375 0.37968750000000007 0.64375 0.37968750000000007 0.6703125 0.3921875000000001 0.6703125
0 0.38750000000000007 0.725 0.37187500000000007 0.725 0.37187500000000007 0.7484375 0.38750000000000007 0.7484375
0 0.3296875000000001 0.8359375 0.3156250000000001 0.8359375 0.3156250000000001 0.8671875 0.3296875000000001 0.8671875
2 0.4609375 0.6390625 0.4328125 0.6390625 0.4328125 0.6671875 0.4609375 0.6671875
2 0.33437500000000003 0.35625 0.3203125 0.35625 0.32031250000000006 0.39375 0.3343750000000001 0.39375
2 0.2515625 0.14375000000000004 0.23125 0.14375000000000004 0.23125 0.17968750000000006 0.2515625 0.17968750000000006
3 0.2640625 0.2171875 0.2453125 0.2171875 0.2453125 0.2515625 0.2640625 0.2515625
2 0.646875 0.6640625 0.621875 0.6640625 0.621875 0.6984375 0.646875 0.6984375
0 0.7437500000000001 0.871875 0.7203125000000001 0.871875 0.7203125000000001 0.9015625 0.7437500000000001 0.9015625
0 0.64375 0.6078125 0.625 0.6078125 0.625 0.634375 0.64375 0.634375
0 0.609375 0.2312500000000001 0.5921875 0.2312500000000001 0.5921875 0.2562500000000001 0.609375 0.2562500000000001
0 0.6703125 0.21250000000000008 0.6515625 0.21250000000000008 0.6515625 0.23593750000000008 0.6703125 0.23593750000000008
0 0.79375 0.2609375000000001 0.7734375 0.2609375000000001 0.7734375 0.28593750000000007 0.79375 0.28593750000000007
0 0.93125 0.021875000000000113 0.9125 0.02187500000000011 0.9125 0.05156250000000011 0.93125 0.05156250000000011
0 0.8078125 0.5625000000000002 0.7921875 0.5625000000000002 0.7921875 0.5968750000000002 0.8078125 0.5968750000000002
3 0.3812500000000001 0.5671875 0.3625000000000001 0.5671875 0.3625000000000001 0.609375 0.3812500000000001 0.609375
0 0.465625 0.37187500000000007 0.4484375 0.37187500000000007 0.4484375 0.39531250000000007 0.465625 0.39531250000000007
2 0.7125000000000001 0.8375 0.6875000000000002 0.8375 0.6875000000000002 0.88125 0.7125000000000001 0.88125
6 0.5812500000000002 0.91875 0.5453125000000002 0.91875 0.5453125000000002 0.9859375 0.5812500000000002 0.9859375
2 0.7359375000000001 0.9484375 0.7109375000000002 0.9484375 0.7109375000000002 0.9734375 0.7359375000000001 0.9734375
2 0.7671875 0.6093750000000002 0.746875 0.6093750000000002 0.746875 0.6531250000000002 0.7671875 0.6531250000000002
2 0.8578125 0.3656250000000001 0.834375 0.3656250000000001 0.834375 0.4125000000000002 0.8578125 0.4125000000000002
2 0.8796875 0.2718750000000001 0.8546875 0.2718750000000001 0.8546875 0.3062500000000001 0.8796875 0.3062500000000001
2 0.6734375 0.1359375000000001 0.6484375 0.1359375000000001 0.6484375 0.16406250000000008 0.6734375 0.16406250000000008
2 0.5625 0.2296875000000001 0.5359375 0.2296875000000001 0.5359375 0.2609375000000001 0.5625 0.2609375000000001
2 0.5328125 0.25468750000000007 0.503125 0.25468750000000007 0.503125 0.2890625000000001 0.5328125 0.2890625000000001
4 0.2953125000000001 0.9734375 0.28593750000000007 0.9734375 0.28593750000000007 0.99375 0.2953125000000001 0.99375
4 0.25468750000000007 0.91875 0.2406250000000001 0.91875 0.2406250000000001 0.94375 0.25468750000000007 0.94375
4 0.3140625000000001 0.9109375 0.3046875000000001 0.9109375 0.3046875000000001 0.9359375 0.3140625000000001 0.9359375
4 0.32500000000000007 0.8875 0.3140625000000001 0.8875 0.3140625000000001 0.909375 0.32500000000000007 0.909375
4 0.3375000000000001 0.86875 0.3265625000000001 0.86875 0.3265625000000001 0.8875 0.3375000000000001 0.8875
4 0.3062500000000001 0.9375 0.2968750000000001 0.9375 0.2968750000000001 0.9578125 0.3062500000000001 0.9578125
4 0.26250000000000007 0.784375 0.2531250000000001 0.784375 0.2531250000000001 0.803125 0.26250000000000007 0.803125
4 0.3000000000000001 0.7359375 0.2890625000000001 0.7359375 0.2890625000000001 0.7578125 0.3000000000000001 0.7578125
4 0.2984375000000001 0.715625 0.2875000000000001 0.715625 0.2875000000000001 0.7359375 0.2984375000000001 0.7359375
4 0.3312500000000001 0.7875 0.3218750000000001 0.7875 0.3218750000000001 0.8078125 0.3312500000000001 0.8078125
4 0.3296875000000001 0.6953125 0.3187500000000001 0.6953125 0.3187500000000001 0.71875 0.3296875000000001 0.71875
4 0.3734375000000001 0.646875 0.36406250000000007 0.646875 0.36406250000000007 0.6671875 0.3734375000000001 0.6671875
4 0.3890625000000001 0.6234375 0.37968750000000007 0.6234375 0.37968750000000007 0.6421875 0.3890625000000001 0.6421875
4 0.3453125000000001 0.5953125 0.3359375000000001 0.5953125 0.3359375000000001 0.6171875 0.3453125000000001 0.6171875
4 0.3296875000000001 0.565625 0.3187500000000001 0.565625 0.3187500000000001 0.584375 0.3296875000000001 0.584375
4 0.34843750000000007 0.528125 0.3359375000000001 0.528125 0.3359375000000001 0.553125 0.34843750000000007 0.553125
4 0.3734375000000001 0.5046875 0.3593750000000001 0.5046875 0.3593750000000001 0.5234375 0.3734375000000001 0.5234375
4 0.3671875000000001 0.48125 0.35625000000000007 0.48125 0.35625000000000007 0.5 0.3671875000000001 0.5
4 0.3890625000000001 0.4546875 0.3781250000000001 0.4546875 0.3781250000000001 0.4765625 0.3890625000000001 0.4765625
4 0.3625000000000001 0.3953125 0.3531250000000001 0.3953125 0.3531250000000001 0.41875 0.3625000000000001 0.41875
4 0.3078125000000001 0.421875 0.2968750000000001 0.421875 0.2968750000000001 0.440625 0.3078125000000001 0.440625
4 0.33125 0.3 0.321875 0.3 0.321875 0.31875 0.33125 0.31875
4 0.3453125 0.2859375 0.33125 0.2859375 0.33125 0.3046875 0.3453125 0.3046875
0 0.384375 0.2656250000000001 0.3703125 0.2656250000000001 0.3703125 0.2953125000000001 0.384375 0.2953125000000001
4 0.4125 0.3781250000000001 0.4046875 0.3781250000000001 0.4046875 0.4 0.4125 0.4
4 0.41875 0.4203125 0.4125 0.4203125 0.4125 0.4375 0.41875 0.4375
4 0.4625 0.3984375000000001 0.453125 0.3984375000000001 0.453125 0.4171875 0.4625 0.4171875
4 0.44375 0.3312500000000001 0.43125 0.3312500000000001 0.43125 0.34843750000000007 0.44375 0.34843750000000007
4 0.4078125 0.2750000000000001 0.3984375 0.2750000000000001 0.3984375 0.2921875000000001 0.4078125 0.2921875000000001
4 0.359375 0.2453125 0.35 0.2453125 0.35 0.265625 0.359375 0.265625
4 0.365625 0.22656250000000006 0.35625 0.2265625 0.35625 0.24531250000000004 0.365625 0.2453125000000001
4 0.3453125 0.15312500000000004 0.3375 0.15312500000000004 0.3375 0.17500000000000004 0.3453125 0.17500000000000004
4 0.3265625 0.14218750000000005 0.315625 0.14218750000000005 0.315625 0.15937500000000004 0.3265625 0.15937500000000004
2 0.31875 0.09062500000000004 0.2984375 0.09062500000000004 0.2984375 0.12500000000000006 0.31875 0.12500000000000006
2 0.240625 0.17187500000000006 0.221875 0.17187500000000006 0.221875 0.2015625 0.240625 0.2015625
3 0.203125 0.18593750000000003 0.17812500000000003 0.1859375 0.17812500000000003 0.221875 0.203125 0.221875
6 0.20625 0.2234375 0.17812500000000003 0.2234375 0.17812500000000003 0.2734375 0.20625 0.2734375
3 0.225 0.2296875 0.203125 0.2296875 0.203125 0.26875 0.225 0.26875
4 0.271875 0.18437500000000004 0.2609375 0.18437500000000004 0.2609375 0.203125 0.271875 0.203125
4 0.4796875 0.5328125 0.46875 0.5328125 0.46875 0.553125 0.4796875 0.553125
4 0.490625 0.534375 0.4796875 0.534375 0.4796875 0.55 0.490625 0.55
4 0.4984375 0.515625 0.4875 0.515625 0.4875 0.5296875 0.4984375 0.5296875
4 0.5375 0.4890625 0.5265625 0.4890625 0.5265625 0.5046875 0.5375 0.5046875
4 0.5625 0.5046875 0.553125 0.5046875 0.553125 0.5234375 0.5625 0.5234375
4 0.5859375 0.5265625 0.575 0.5265625 0.575 0.546875 0.5859375 0.546875
4 0.5953125 0.590625 0.5828125 0.590625 0.5828125 0.609375 0.5953125 0.609375
4 0.5421875 0.64375 0.5328125 0.64375 0.5328125 0.6640625 0.5421875 0.6640625
4 0.578125 0.6921875 0.5640625 0.6921875 0.5640625 0.70625 0.578125 0.70625
4 0.56875 0.6625 0.5578125 0.6625 0.5578125 0.68125 0.56875 0.68125
4 0.5203125 0.6390625 0.509375 0.6390625 0.509375 0.6578125 0.5203125 0.6578125
4 0.4921875 0.6078125 0.4796875 0.6078125 0.4796875 0.6234375 0.4921875 0.6234375
4 0.4140625 0.6546875 0.403125 0.6546875 0.403125 0.6703125 0.4140625 0.6703125
4 0.43125 0.496875 0.421875 0.496875 0.421875 0.5203125 0.43125 0.5203125
4 0.4921875 0.4296875 0.48125 0.4296875 0.48125 0.4453125 0.4921875 0.4453125
4 0.5109375 0.41875 0.5 0.41875 0.5 0.434375 0.5109375 0.434375
4 0.5453125 0.453125 0.53125 0.453125 0.53125 0.4703125 0.5453125 0.4703125
4 0.5671875 0.3812500000000001 0.55625 0.3812500000000001 0.55625 0.39531250000000007 0.5671875 0.39531250000000007
4 0.521875 0.3531250000000001 0.5078125 0.3531250000000001 0.5078125 0.3671875000000001 0.521875 0.3671875000000001
4 0.5390625 0.2734375000000001 0.528125 0.2734375000000001 0.528125 0.2890625000000001 0.5390625 0.2890625000000001
4 0.590625 0.3078125000000001 0.578125 0.3078125000000001 0.578125 0.3187500000000001 0.590625 0.3187500000000001
4 0.6 0.28593750000000007 0.584375 0.28593750000000007 0.584375 0.3031250000000001 0.6 0.3031250000000001
4 0.590625 0.2687500000000001 0.578125 0.2687500000000001 0.578125 0.2843750000000001 0.590625 0.2843750000000001
4 0.578125 0.2234375000000001 0.5703125 0.2234375000000001 0.5703125 0.24375000000000008 0.578125 0.24375000000000008
4 0.6140625 0.2484375000000001 0.6 0.2484375000000001 0.6 0.2640625000000001 0.6140625 0.2640625000000001
4 0.6375 0.2312500000000001 0.6265625 0.2312500000000001 0.6265625 0.2468750000000001 0.6375 0.2468750000000001
4 0.7453125 0.16406250000000008 0.73125 0.16406250000000008 0.73125 0.17968750000000008 0.7453125 0.17968750000000008
4 0.7640625 0.1218750000000001 0.75 0.1218750000000001 0.75 0.1375000000000001 0.7640625 0.1375000000000001
4 0.815625 0.10000000000000009 0.8 0.10000000000000009 0.8 0.11875000000000009 0.815625 0.11875000000000009
4 0.85 0.06718750000000011 0.8390625 0.06718750000000011 0.8390625 0.08281250000000011 0.85 0.08281250000000011
4 0.875 0.039062500000000104 0.8609375 0.0390625000000001 0.8609375 0.05312500000000011 0.875 0.05312500000000011
4 0.91875 0.12968750000000012 0.9046875 0.1296875000000001 0.9046875 0.1437500000000001 0.91875 0.14375000000000013
4 0.9359375 0.13281250000000014 0.9203125 0.13281250000000014 0.9203125 0.15000000000000013 0.9359375 0.15000000000000013
4 0.89375 0.18906250000000008 0.878125 0.18906250000000008 0.878125 0.2062500000000001 0.89375 0.2062500000000001
4 0.9703125 0.20468750000000008 0.95625 0.20468750000000008 0.95625 0.2218750000000001 0.9703125 0.2218750000000001
4 0.9171875 0.3109375000000001 0.9046875 0.3109375000000001 0.9046875 0.3312500000000001 0.9171875 0.3312500000000001
4 0.9421875 0.2953125000000001 0.928125 0.2953125000000001 0.928125 0.3140625000000001 0.9421875 0.3140625000000001
3 0.8828125 0.3078125000000001 0.8515625 0.3078125000000001 0.8515625 0.3687500000000001 0.8828125 0.3687500000000001
3 0.8546875 0.2906250000000001 0.821875 0.2906250000000001 0.821875 0.3296875000000001 0.8546875 0.3296875000000001
3 0.825 0.3156250000000001 0.8 0.3156250000000001 0.8 0.3453125000000001 0.825 0.3453125000000001
3 0.75 0.3703125000000001 0.721875 0.3703125000000001 0.721875 0.40312500000000007 0.75 0.4031250000000002
3 0.8390625 0.41406250000000017 0.8078125 0.41406250000000017 0.8078125 0.4828125000000002 0.8390625 0.4828125000000002
3 0.8140625 0.4890625000000002 0.796875 0.4890625000000002 0.796875 0.5187500000000002 0.8140625 0.5187500000000002
3 0.6796875 0.565625 0.665625 0.565625 0.665625 0.590625 0.6796875 0.590625
3 0.628125 0.4765625 0.609375 0.4765625 0.609375 0.5 0.628125 0.5
0 0.6359375 0.4484375 0.6171875 0.4484375 0.6171875 0.4703125 0.6359375 0.4703125
4 0.7890625000000002 0.953125 0.7750000000000001 0.953125 0.7750000000000001 0.9734375 0.7890625000000002 0.9734375
4 0.7234375000000002 0.925 0.7140625000000002 0.925 0.7140625000000002 0.94375 0.7234375000000002 0.94375
4 0.7125000000000001 0.9203125 0.7031250000000002 0.9203125 0.7031250000000002 0.9359375 0.7125000000000001 0.9359375
4 0.7093750000000002 0.9625 0.7000000000000002 0.9625 0.7000000000000002 0.9828125 0.7093750000000002 0.9828125
4 0.7843750000000002 0.853125 0.7734375000000002 0.853125 0.7734375000000002 0.871875 0.7843750000000002 0.871875
4 0.846875 0.9578125 0.8359375 0.9578125 0.8359375 0.9765625 0.846875 0.9765625
4 0.7140625000000002 0.78125 0.7046875000000001 0.78125 0.7046875000000001 0.8015625 0.7140625000000002 0.8015625
4 0.7375 0.721875 0.725 0.721875 0.7250000000000001 0.7406250000000001 0.7375000000000002 0.7406250000000002
4 0.6734375000000001 0.71875 0.6578125 0.71875 0.6578125000000001 0.734375 0.6734375000000001 0.734375
4 0.6671875000000002 0.8015625 0.6562500000000002 0.8015625 0.6562500000000002 0.825 0.6671875000000002 0.825
4 0.6187500000000001 0.715625 0.60625 0.715625 0.6062500000000001 0.7328125 0.6187500000000001 0.7328125
4 0.5859375000000001 0.7125 0.5734375 0.7125 0.5734375 0.728125 0.5859375000000002 0.728125
4 0.6640625 0.34062500000000007 0.6484375 0.34062500000000007 0.6484375 0.35625000000000007 0.6640625 0.35625000000000007
4 0.6421875 0.1781250000000001 0.634375 0.1781250000000001 0.634375 0.1921875000000001 0.6421875 0.1921875000000001
4 0.653125 0.16562500000000008 0.640625 0.16562500000000008 0.640625 0.17968750000000008 0.653125 0.17968750000000008
4 0.609375 0.1937500000000001 0.5984375 0.1937500000000001 0.5984375 0.21875000000000008 0.609375 0.21875000000000008
4 0.59375 0.1859375000000001 0.5875 0.1859375000000001 0.5875 0.2062500000000001 0.59375 0.2062500000000001
4 0.6359375 0.1296875000000001 0.6265625 0.1296875000000001 0.6265625 0.1531250000000001 0.6359375 0.1531250000000001
4 0.784375 0.3234375000000001 0.76875 0.3234375000000001 0.76875 0.3421875000000001 0.784375 0.3421875000000001
4 0.775 0.2968750000000001 0.7625 0.2968750000000001 0.7625 0.3109375000000001 0.775 0.3109375000000001
4 0.7578125 0.2750000000000001 0.746875 0.2750000000000001 0.746875 0.29375000000000007 0.7578125 0.29375000000000007
3 0.684375 0.41875 0.65625 0.41875 0.65625 0.45 0.684375 0.45
3 0.6953125 0.565625 0.671875 0.565625 0.671875 0.609375 0.6953125 0.609375
3 0.7296875 0.6250000000000001 0.703125 0.625 0.703125 0.6718750000000001 0.7296875 0.6718750000000002
3 0.740625 0.6562500000000001 0.715625 0.65625 0.715625 0.690625 0.740625 0.6906250000000002
4 0.684375 0.12343750000000009 0.675 0.12343750000000009 0.675 0.1390625000000001 0.684375 0.1390625000000001
4 0.65625 0.453125 0.6421875 0.453125 0.6421875 0.4640625 0.65625 0.4640625
0 0.51875 0.553125 0.503125 0.553125 0.503125 0.5796875 0.51875 0.5796875
3 0.2453125 0.2578125 0.21875 0.2578125 0.21875 0.3078125 0.2453125 0.3078125
2 0.4171875 0.12031250000000004 0.3921875 0.12031250000000004 0.3921875 0.15625000000000006 0.4171875 0.15625000000000006
4 0.2625 0.023437500000000035 0.2515625 0.023437500000000035 0.2515625 0.04375000000000003 0.2625 0.04375000000000003
4 0.78125 0.6906250000000002 0.7703125 0.6906250000000002 0.7703125 0.7140625000000002 0.78125 0.7140625000000002
4 0.7796875000000002 0.7359375000000001 0.7671875000000001 0.7359375000000001 0.7671875000000001 0.7500000000000002 0.7796875000000002 0.7500000000000002
4 0.6062500000000002 0.83125 0.6015625000000002 0.83125 0.6015625000000002 0.846875 0.6062500000000002 0.846875
3 0.53125 0.6875 0.5078125 0.6875 0.5078125 0.7234375 0.53125 0.7234375
6 0.0921875 8.897824400054987e-18 0.053125 6.505936120470313e-18 0.053125 0.06250000000000001 0.0921875 0.06250000000000003
3 0.715625 0.4 0.6859375 0.4 0.6859375 0.4359375 0.715625 0.4359375
3 0.6421875 0.490625 0.61875 0.490625 0.61875 0.5203125 0.6421875 0.5203125
3 0.6765625 0.546875 0.65625 0.546875 0.65625 0.5796875 0.6765625 0.5796875
3 0.6390625 0.5296875 0.6203125 0.5296875 0.6203125 0.553125 0.6390625 0.553125
4 0.6031250000000001 0.825 0.5937500000000002 0.825 0.5937500000000002 0.8453125 0.6031250000000001 0.8453125
4 0.7921875 0.7031250000000002 0.784375 0.7031250000000002 0.784375 0.7125000000000001 0.7921875 0.7125000000000001
4 0.7875000000000001 0.7218750000000002 0.778125 0.7218750000000002 0.7781250000000001 0.7312500000000002 0.7875000000000002 0.7312500000000002
4 0.809375 0.6515625000000002 0.8015625 0.6515625000000002 0.8015625 0.6640625000000002 0.809375 0.6640625000000002
4 0.8125 0.6421875000000001 0.803125 0.6421875000000001 0.803125 0.6531250000000002 0.8125 0.6531250000000002
4 0.8328125 0.5968750000000002 0.821875 0.5968750000000002 0.821875 0.6078125000000002 0.8328125 0.6078125000000002
4 0.821875 0.6296875000000002 0.8125 0.6296875000000002 0.8125 0.6390625000000002 0.821875 0.6390625000000002
4 0.81875 0.6375000000000002 0.8078125 0.6375000000000002 0.8078125 0.6453125000000002 0.81875 0.6453125000000002
4 0.778125 0.5734375000000002 0.7671875 0.5734375000000002 0.7671875 0.5828125000000002 0.778125 0.5828125000000002
4 0.790625 0.5484375000000001 0.78125 0.5484375000000001 0.78125 0.5593750000000002 0.790625 0.5593750000000002
4 0.7953125 0.5375000000000002 0.7828125 0.5375000000000002 0.7828125 0.5500000000000002 0.7953125 0.5500000000000002
4 0.796875 0.5312500000000002 0.7859375 0.5312500000000002 0.7859375 0.5375000000000002 0.796875 0.5375000000000002
4 0.8 0.5171875000000001 0.7890625 0.5171875000000001 0.7890625 0.5265625000000002 0.8 0.5265625000000002
4 0.784375 0.5578125000000002 0.7734375 0.5578125000000002 0.7734375 0.5687500000000002 0.784375 0.5687500000000002
4 0.78125 0.5671875000000002 0.7703125 0.5671875000000002 0.7703125 0.5781250000000002 0.78125 0.5781250000000002
4 0.815625 0.4781250000000002 0.8046875 0.4781250000000002 0.8046875 0.4906250000000002 0.815625 0.4906250000000002
4 0.871875 0.46093750000000017 0.8625 0.46093750000000017 0.8625 0.47968750000000016 0.871875 0.47968750000000016
4 0.875 0.48437500000000017 0.8609375 0.48437500000000017 0.8609375 0.49531250000000016 0.875 0.49531250000000016
4 0.8984375 0.4187500000000002 0.8890625 0.4187500000000002 0.8890625 0.4312500000000002 0.8984375 0.4312500000000002
4 0.8703125 0.4078125000000002 0.859375 0.4078125000000002 0.859375 0.4234375000000002 0.8703125 0.4234375000000002
4 0.896875 0.42968750000000017 0.8859375 0.42968750000000017 0.8859375 0.4421875000000002 0.896875 0.4421875000000002
4 0.9109375 0.3843750000000001 0.9015625 0.3843750000000001 0.9015625 0.4046875000000002 0.9109375 0.4046875000000002
4 0.78125 0.018750000000000093 0.7765625 0.018750000000000093 0.7765625 0.0390625000000001 0.78125 0.0390625000000001
4 0.7875 0.014062500000000094 0.7828125 0.014062500000000094 0.7828125 0.0343750000000001 0.7875 0.0343750000000001
4 0.696875 0.09531250000000009 0.6921875 0.09531250000000009 0.6921875 0.11250000000000009 0.696875 0.11250000000000009
4 0.690625 0.09531250000000009 0.6859375 0.09531250000000009 0.6859375 0.1140625000000001 0.690625 0.1140625000000001
4 0.6859375 0.10000000000000009 0.6796875 0.10000000000000009 0.6796875 0.12031250000000009 0.6859375 0.12031250000000009
4 0.6734375 0.11093750000000009 0.66875 0.11093750000000009 0.66875 0.1281250000000001 0.6734375 0.1281250000000001
4 0.68125 0.10312500000000009 0.675 0.10312500000000009 0.675 0.12031250000000009 0.68125 0.12031250000000009
4 0.6703125 0.11250000000000009 0.6640625 0.11250000000000009 0.6640625 0.1312500000000001 0.6703125 0.1312500000000001
4 0.6640625 0.11250000000000009 0.6578125 0.11250000000000009 0.6578125 0.1312500000000001 0.6640625 0.1312500000000001
4 0.6578125 0.1140625000000001 0.653125 0.1140625000000001 0.653125 0.13437500000000008 0.6578125 0.13437500000000008
4 0.6453125 0.12343750000000009 0.640625 0.12343750000000009 0.640625 0.1437500000000001 0.6453125 0.1437500000000001
4 0.653125 0.11875000000000009 0.646875 0.11875000000000009 0.646875 0.1390625000000001 0.653125 0.1390625000000001
4 0.6140625 0.1468750000000001 0.6078125 0.1468750000000001 0.6078125 0.1671875000000001 0.6140625 0.1671875000000001
4 0.615625 0.1218750000000001 0.60625 0.1218750000000001 0.60625 0.14062500000000008 0.615625 0.14062500000000008
4 0.6078125 0.16406250000000008 0.6015625 0.16406250000000008 0.6015625 0.1828125000000001 0.6078125 0.1828125000000001
4 0.6 0.1687500000000001 0.59375 0.1687500000000001 0.59375 0.18750000000000008 0.6 0.18750000000000008
4 0.59375 0.16406250000000008 0.5890625 0.16406250000000008 0.5890625 0.1843750000000001 0.59375 0.1843750000000001
4 0.5875 0.1750000000000001 0.58125 0.1750000000000001 0.58125 0.1937500000000001 0.5875 0.1937500000000001
4 0.5859375 0.1921875000000001 0.58125 0.1921875000000001 0.58125 0.21250000000000008 0.5859375 0.21250000000000008
4 0.56875 0.1906250000000001 0.5609375 0.1906250000000001 0.5609375 0.2093750000000001 0.56875 0.2093750000000001
4 0.559375 0.1750000000000001 0.553125 0.1750000000000001 0.553125 0.1937500000000001 0.559375 0.1937500000000001
4 0.5515625 0.17968750000000008 0.546875 0.17968750000000008 0.546875 0.2000000000000001 0.5515625 0.2000000000000001
2 0.63125 0.1390625000000001 0.615625 0.1390625000000001 0.615625 0.1828125000000001 0.63125 0.1828125000000001
3 0.5328125 0.20312500000000008 0.5109375 0.20312500000000008 0.5109375 0.2328125000000001 0.5328125 0.2328125000000001
4 0.425 0.2765625000000001 0.41875 0.2765625000000001 0.41875 0.2906250000000001 0.425 0.2906250000000001
4 0.41875 0.2640625000000001 0.4125 0.2640625000000001 0.4125 0.2828125000000001 0.41875 0.2828125000000001
4 0.4125 0.2531250000000001 0.4078125 0.2531250000000001 0.4078125 0.2718750000000001 0.4125 0.2718750000000001
4 0.440625 0.2765625000000001 0.434375 0.2765625000000001 0.434375 0.3000000000000001 0.440625 0.3000000000000001
4 0.434375 0.2765625000000001 0.428125 0.2765625000000001 0.428125 0.2984375000000001 0.434375 0.2984375000000001
4 0.4671875 0.2687500000000001 0.4625 0.2687500000000001 0.4625 0.2843750000000001 0.4671875 0.2843750000000001
4 0.484375 0.2687500000000001 0.478125 0.2687500000000001 0.478125 0.2875000000000001 0.484375 0.2875000000000001
4 0.475 0.2671875000000001 0.46875 0.2671875000000001 0.46875 0.28593750000000007 0.475 0.28593750000000007
4 0.3671875 0.051562500000000046 0.359375 0.051562500000000046 0.359375 0.06875000000000005 0.3671875 0.06875000000000005
4 0.3578125 0.03906250000000004 0.3515625 0.03906250000000004 0.3515625 0.057812500000000044 0.3578125 0.057812500000000044
4 0.346875 0.029687500000000044 0.3390625 0.029687500000000044 0.3390625 0.04843750000000004 0.346875 0.04843750000000004
4 0.3484375 0.059375000000000046 0.3390625 0.059375000000000046 0.3390625 0.07812500000000004 0.3484375 0.07812500000000004
4 0.3828125 0.07031250000000004 0.3734375 0.07031250000000004 0.3734375 0.08750000000000005 0.3828125 0.08750000000000005
4 0.3921875 0.09375000000000004 0.3859375 0.09375000000000004 0.3859375 0.11562500000000005 0.3921875 0.11562500000000005
4 0.3859375 0.10781250000000005 0.3796875 0.10781250000000005 0.3796875 0.12343750000000005 0.3859375 0.12343750000000005
4 0.38125 0.13125000000000003 0.375 0.13125000000000003 0.375 0.15000000000000005 0.38125 0.15000000000000005
4 0.375 0.11718750000000004 0.36875 0.11718750000000004 0.36875 0.13593750000000004 0.375 0.13593750000000004
4 0.384375 0.09218750000000005 0.375 0.09218750000000005 0.375 0.11093750000000005 0.384375 0.11093750000000005
4 0.371875 0.10625000000000004 0.365625 0.10625000000000004 0.365625 0.12187500000000004 0.371875 0.12187500000000004
4 0.3671875 0.08437500000000005 0.3609375 0.08437500000000005 0.3609375 0.10156250000000004 0.3671875 0.10156250000000004
4 0.3625 0.07500000000000004 0.35625 0.07500000000000004 0.35625 0.09531250000000005 0.3625 0.09531250000000005
4 0.3546875 0.08593750000000004 0.346875 0.08593750000000004 0.346875 0.10312500000000005 0.3546875 0.10312500000000005
4 0.334375 0.050000000000000044 0.3296875 0.050000000000000044 0.3296875 0.06718750000000004 0.334375 0.06718750000000004
4 0.3390625 0.05468750000000004 0.33125 0.05468750000000004 0.33125 0.07343750000000004 0.3390625 0.07343750000000004
4 0.3296875 0.06250000000000004 0.31875 0.06250000000000004 0.31875 0.07187500000000005 0.3296875 0.07187500000000005
4 0.334375 0.07187500000000005 0.328125 0.07187500000000005 0.328125 0.08593750000000004 0.334375 0.08593750000000004
4 0.31875 0.07812500000000004 0.3078125 0.07812500000000004 0.3078125 0.09375000000000004 0.31875 0.09375000000000004
4 0.3515625 0.12812500000000004 0.3453125 0.12812500000000004 0.3453125 0.14375000000000004 0.3515625 0.14375000000000004
4 0.346875 0.12500000000000006 0.340625 0.12500000000000006 0.340625 0.14218750000000005 0.346875 0.14218750000000005