2 0.23281250000000003 0.353125 0.21875 0.353125 0.21875000000000006 0.3859375 0.2328125000000001 0.3859375
2 0.2046875 0.290625 0.19375000000000003 0.290625 0.19375000000000003 0.325 0.2046875 0.325
0 0.16406250000000006 0.4015625 0.14843750000000006 0.4015625 0.14843750000000006 0.415625 0.16406250000000006 0.415625
0 0.20156250000000003 0.3453125 0.19218750000000004 0.3453125 0.19218750000000004 0.365625 0.2015625000000001 0.365625
4 0.465625 0.5625 0.45625 0.5625 0.45625 0.575 0.465625 0.575
4 0.559375 0.70625 0.5546875 0.70625 0.5546875 0.7203125 0.559375 0.7203125
4 0.5671875 0.6875 0.5625 0.6875 0.5625 0.703125 0.5671875 0.703125
4 0.5703125 0.7046875 0.565625 0.7046875 0.565625 0.71875 0.5703125 0.71875
4 0.5703125 0.690625 0.5671875 0.690625 0.5671875 0.70625 0.5703125 0.70625
4 0.5718750000000001 0.7203125 0.5671875 0.7203125 0.5671875000000001 0.7375 0.5718750000000001 0.7375
4 0.5671875000000002 0.73125 0.5640625000000001 0.73125 0.5640625000000001 0.75 0.5671875000000002 0.75
0 0.5687500000000002 0.76875 0.5625000000000002 0.76875 0.5625000000000002 0.7921875 0.5687500000000002 0.7921875
0 0.58125 0.640625 0.575 0.640625 0.575 0.6609375 0.58125 0.6609375
4 0.575 0.6421875 0.5703125 0.6421875 0.5703125 0.6578125 0.575 0.6578125
4 0.5703125 0.6375 0.565625 0.6375 0.565625 0.653125 0.5703125 0.653125
4 0.578125 0.6609375 0.575 0.6609375 0.575 0.6765625 0.578125 0.6765625
4 0.58125 0.6609375 0.578125 0.6609375 0.578125 0.675 0.58125 0.675
2 0.5921875 0.653125 0.584375 0.653125 0.584375 0.6859375 0.5921875 0.6859375
2 0.571875 0.6578125 0.5640625 0.6578125 0.5640625 0.6859375 0.571875 0.6859375
2 0.5906250000000001 0.696875 0.58125 0.696875 0.58125 0.7265625 0.5906250000000002 0.7265625
2 0.578125 0.6859375 0.5703125 0.6859375 0.5703125 0.7171875 0.578125 0.7171875
2 0.5796875000000001 0.7234375 0.571875 0.7234375 0.5718750000000001 0.75 0.5796875000000001 0.75
2 0.5890625000000002 0.73125 0.5812500000000002 0.73125 0.5812500000000002 0.7625 0.5890625000000002 0.7625
2 0.5921875000000002 0.7703125 0.5828125000000002 0.7703125 0.5828125000000002 0.8 0.5921875000000002 0.8
2 0.5796875000000001 0.7640625 0.5703125000000002 0.7640625 0.5703125000000002 0.796875 0.5796875000000001 0.796875
2 0.5781250000000002 0.803125 0.5687500000000002 0.803125 0.5687500000000002 0.8375 0.5781250000000002 0.8375
2 0.5687500000000002 0.815625 0.5593750000000002 0.815625 0.5593750000000002 0.846875 0.5687500000000002 0.846875
2 0.5906250000000002 0.8015625 0.5796875000000001 0.8015625 0.5796875000000001 0.8359375 0.5906250000000002 0.8359375
0 0.5750000000000002 0.8828125 0.5671875000000002 0.8828125 0.5671875000000002 0.9078125 0.5750000000000002 0.9078125
0 0.5609375000000002 0.8390625 0.5546875000000002 0.8390625 0.5546875000000002 0.8609375 0.5609375000000002 0.8609375
2 0.5734375000000002 0.96875 0.5609375000000002 0.96875 0.5609375000000002 1 0.5734375000000002 1
4 0.5828125000000002 0.9390625 0.5765625000000002 0.9390625 0.5765625000000002 0.95625 0.5828125000000002 0.95625
0 0.721875 0.5015625 0.709375 0.5015625 0.709375 0.5171875 0.721875 0.5171875
0 0.7046875 0.5296875 0.69375 0.5296875 0.69375 0.540625 0.7046875 0.540625
4 0.6859375 0.5359375 0.6765625 0.5359375 0.6765625 0.546875 0.6859375 0.546875
4 0.684375 0.55625 0.675 0.55625 0.675 0.5640625 0.684375 0.5640625
4 0.69375 0.55625 0.684375 0.55625 0.684375 0.565625 0.69375 0.565625
4 0.7015625 0.5640625 0.6921875 0.5640625 0.6921875 0.5734375 0.7015625 0.5734375
4 0.734375 0.5562500000000001 0.7265625 0.5562500000000001 0.7265625 0.5671875000000002 0.734375 0.5671875000000002
4 0.7484375 0.5453125000000002 0.7390625 0.5453125000000002 0.7390625 0.5546875000000002 0.7484375 0.5546875000000002
4 0.728125 0.5406250000000001 0.7171875 0.540625 0.7171875 0.5515625000000001 0.728125 0.5515625000000002
4 0.715625 0.546875 0.7078125 0.546875 0.7078125 0.553125 0.715625 0.553125
4 0.7125 0.5359375 0.70625 0.5359375 0.70625 0.54375 0.7125 0.54375
4 0.81875 0.5156250000000002 0.8078125 0.5156250000000002 0.8078125 0.5265625000000002 0.81875 0.5265625000000002
4 0.8171875 0.5250000000000001 0.8046875 0.5250000000000001 0.8046875 0.5343750000000002 0.8171875 0.5343750000000002
2 0.7765625 0.5218750000000002 0.759375 0.5218750000000002 0.759375 0.5406250000000001 0.7765625 0.5406250000000001
2 0.7359375 0.5218750000000001 0.715625 0.521875 0.715625 0.5375000000000001 0.7359375 0.5375000000000002
2 0.7671875 0.5062500000000002 0.75 0.5062500000000002 0.75 0.5218750000000002 0.7671875 0.5218750000000002
2 0.70625 0.5421875 0.6875 0.5421875 0.6875 0.55625 0.70625 0.55625
2 0.703125 0.5140625 0.6859375 0.5140625 0.6859375 0.525 0.703125 0.525
0 0.5734375 0.3703125000000001 0.5625 0.3703125000000001 0.5625 0.3859375000000001 0.5734375 0.3859375000000001
0 0.6234375 0.434375 0.609375 0.434375 0.609375 0.45625 0.6234375 0.45625
4 0.596875 0.509375 0.5890625 0.509375 0.5890625 0.5234375 0.596875 0.5234375
4 0.6234375 0.3968750000000001 0.6125 0.3968750000000001 0.6125 0.40625 0.6234375 0.40625
4 0.6390625 0.421875 0.6296875 0.421875 0.6296875 0.4359375 0.6390625 0.4359375
4 0.675 0.3828125000000001 0.6640625 0.3828125000000001 0.6640625 0.3937500000000001 0.675 0.3937500000000001
2 0.840625 0.3359375000000001 0.821875 0.3359375000000001 0.821875 0.3515625000000001 0.840625 0.3515625000000001
2 0.7875 0.3203125000000001 0.78125 0.3203125000000001 0.78125 0.3515625000000001 0.7875 0.3515625000000001
4 0.9421875 0.4890625000000002 0.9328125 0.4890625000000002 0.9328125 0.5015625000000001 0.9421875 0.5015625000000001
4 0.953125 0.5140625000000002 0.940625 0.5140625000000002 0.940625 0.5250000000000001 0.953125 0.5250000000000001
2 0.01875000000000007 0.559375 0.003125000000000068 0.559375 0.0031250000000000696 0.578125 0.018750000000000072 0.578125
2 0.23593750000000008 0.7703125 0.22031250000000008 0.7703125 0.22031250000000008 0.790625 0.23593750000000008 0.790625
2 0.2734375000000001 0.771875 0.2531250000000001 0.771875 0.2531250000000001 0.7875 0.2734375000000001 0.7875
2 0.2078125000000001 0.89375 0.19687500000000008 0.89375 0.1968750000000001 0.925 0.2078125000000001 0.925
4 0.559375 0.6453125 0.5546875 0.6453125 0.5546875 0.6609375 0.559375 0.6609375
4 0.5640625 0.6546875 0.559375 0.6546875 0.559375 0.66875 0.5640625 0.66875
4 0.5640625 0.6671875 0.559375 0.6671875 0.559375 0.68125 0.5640625 0.68125
4 0.6875 0.50625 0.678125 0.50625 0.678125 0.515625 0.6875 0.515625
4 0.4953125 0.453125 0.4859375 0.453125 0.4859375 0.4625 0.4953125 0.4625
4 0.19062500000000004 0.3796875 0.18125000000000005 0.3796875 0.18125000000000005 0.39375 0.19062500000000004 0.39375
4 0.2406250000000001 0.390625 0.23437500000000008 0.390625 0.23437500000000008 0.403125 0.2406250000000001 0.403125
4 0.1593750000000001 0.575 0.1515625000000001 0.575 0.1515625000000001 0.5828125 0.1593750000000001 0.5828125
4 0.18125000000000005 0.3953125 0.17187500000000006 0.3953125 0.17187500000000006 0.4046875 0.18125000000000005 0.4046875
0 0.246875 0.2875 0.2390625 0.2875 0.2390625 0.3046875 0.246875 0.3046875
0 0.25 0.09843750000000002 0.2421875 0.09843750000000002 0.2421875 0.12031250000000004 0.25 0.12031250000000004
4 0.24375 0.13125000000000003 0.2375 0.13125000000000003 0.2375 0.15000000000000005 0.24375 0.15000000000000005
4 0.253125 0.15312500000000004 0.2453125 0.15312500000000004 0.2453125 0.16718750000000004 0.253125 0.16718750000000004