2 0.7453125 0.44218750000000007 0.715625 0.4421875 0.715625 0.4718750000000001 0.7453125 0.47187500000000016
4 0.765625 0.4734375000000002 0.7484375 0.4734375000000002 0.7484375 0.4890625000000002 0.765625 0.4890625000000002
0 0.7140625 0.5359375 0.6953125 0.5359375 0.6953125 0.5609375 0.7140625 0.5609375
4 0.753125 0.5296875000000002 0.740625 0.5296875000000002 0.740625 0.5515625000000002 0.753125 0.5515625000000002
4 0.7859375 0.5484375000000001 0.771875 0.5484375000000001 0.771875 0.5687500000000002 0.7859375 0.5687500000000002
4 0.8921875 0.5109375000000002 0.8796875 0.5109375000000002 0.8796875 0.5312500000000002 0.8921875 0.5312500000000002
1 0.98125 0.5515625000000002 0.9125 0.5515625000000002 0.9125 0.5953125000000001 0.98125 0.5953125000000001
4 0.790625 0.5875000000000001 0.7765625 0.5875000000000001 0.7765625 0.6062500000000002 0.790625 0.6062500000000002
0 0.7765625 0.6281250000000002 0.7625 0.6281250000000002 0.7625 0.6546875000000002 0.7765625 0.6546875000000002
0 0.790625 0.6281250000000002 0.78125 0.6281250000000002 0.78125 0.6531250000000002 0.790625 0.6531250000000002
4 0.7828125 0.6468750000000002 0.775 0.6468750000000002 0.775 0.6656250000000001 0.7828125 0.6656250000000001
2 0.74375 0.5640625000000001 0.715625 0.5640625 0.715625 0.5843750000000001 0.74375 0.5843750000000002
2 0.734375 0.6734375000000001 0.71875 0.6734375 0.71875 0.7187500000000001 0.734375 0.7187500000000002
2 0.7171875000000002 0.79375 0.6921875000000002 0.79375 0.6921875000000002 0.8203125 0.7171875000000002 0.8203125
4 0.7109375 0.6234375 0.6921875 0.6234375 0.6921875 0.6328125 0.7109375 0.6328125
4 0.7078125 0.63125 0.69375 0.63125 0.69375 0.640625 0.7078125 0.640625
4 0.7109375 0.6453125 0.6953125 0.6453125 0.6953125 0.6546875 0.7109375 0.6546875
4 0.7078125 0.6546875 0.6953125 0.6546875 0.6953125 0.6640625 0.7078125 0.6640625
4 0.7390625 0.6406250000000001 0.725 0.640625 0.725 0.6531250000000001 0.7390625 0.6531250000000002
4 0.7359375 0.6531250000000001 0.721875 0.653125 0.721875 0.6640625000000001 0.7359375 0.6640625000000002
4 0.7359375 0.6625000000000001 0.721875 0.6625 0.721875 0.6718750000000001 0.7359375 0.6718750000000002
4 0.8828125 0.3687500000000001 0.8734375 0.3687500000000001 0.8734375 0.3921875000000001 0.8828125 0.3921875000000001
4 0.8265625 0.41406250000000017 0.81875 0.41406250000000017 0.81875 0.43281250000000016 0.8265625 0.43281250000000016
4 0.796875 0.4125000000000002 0.7875 0.4125000000000002 0.7875 0.4312500000000002 0.796875 0.4312500000000002
4 0.765625 0.41406250000000017 0.75625 0.41406250000000017 0.75625 0.4359375000000002 0.765625 0.4359375000000002
4 0.7484375 0.41406250000000017 0.7421875 0.41406250000000017 0.7421875 0.4343750000000002 0.7484375 0.4343750000000002
4 0.7546875 0.4125000000000002 0.7484375 0.4125000000000002 0.7484375 0.4359375000000002 0.7546875 0.4359375000000002
4 0.75625 0.3625000000000001 0.75 0.3625000000000001 0.75 0.3812500000000001 0.75625 0.3812500000000001
4 0.7734375 0.3671875000000001 0.765625 0.3671875000000001 0.765625 0.38750000000000007 0.7734375 0.38750000000000007
4 0.7796875 0.37968750000000007 0.7734375 0.37968750000000007 0.7734375 0.3984375000000001 0.7796875 0.3984375000000001
4 0.8125 0.3609375000000001 0.803125 0.3609375000000001 0.803125 0.3812500000000001 0.8125 0.3812500000000001
4 0.7984375 0.3671875000000001 0.7875 0.3671875000000001 0.7875 0.38750000000000007 0.7984375 0.38750000000000007
4 0.8484375 0.3656250000000001 0.8390625 0.3656250000000001 0.8390625 0.3828125000000001 0.8484375 0.3828125000000001
4 0.8140625 0.4109375000000002 0.8078125 0.4109375000000002 0.8078125 0.43281250000000016 0.8140625 0.43281250000000016
4 0.81875 0.40937500000000016 0.8140625 0.40937500000000016 0.8140625 0.4343750000000002 0.81875 0.4343750000000002
4 0.85 0.4125000000000002 0.8421875 0.4125000000000002 0.8421875 0.4281250000000002 0.85 0.4281250000000002
4 0.8546875 0.4109375000000002 0.8484375 0.4109375000000002 0.8484375 0.4312500000000002 0.8546875 0.4312500000000002
0 0.3500000000000001 0.7734375 0.3343750000000001 0.7734375 0.3343750000000001 0.8015625 0.3500000000000001 0.8015625
0 0.46875000000000017 0.83125 0.4546875000000002 0.83125 0.4546875000000002 0.8609375 0.46875000000000017 0.8609375
0 0.4500000000000002 0.8109375 0.43750000000000017 0.8109375 0.43750000000000017 0.8390625 0.4500000000000002 0.8390625
0 0.4671875000000002 0.7859375 0.45625000000000016 0.7859375 0.45625000000000016 0.8140625 0.4671875000000002 0.8140625
0 0.4531250000000001 0.70625 0.434375 0.70625 0.43437500000000007 0.7359375 0.45312500000000017 0.7359375
0 0.4343750000000002 0.75625 0.42187500000000017 0.75625 0.42187500000000017 0.784375 0.4343750000000002 0.784375
4 0.4890625000000002 0.7921875 0.4750000000000002 0.7921875 0.4750000000000002 0.8140625 0.4890625000000002 0.8140625
4 0.44531250000000017 0.7625 0.4359375000000002 0.7625 0.4359375000000002 0.7859375 0.44531250000000017 0.7859375
4 0.4421875000000002 0.7875 0.43281250000000016 0.7875 0.43281250000000016 0.80625 0.4421875000000002 0.80625
4 0.4312500000000002 0.7859375 0.4203125000000002 0.7859375 0.4203125000000002 0.8046875 0.4312500000000002 0.8046875
4 0.4500000000000002 0.7609375 0.4437500000000002 0.7609375 0.4437500000000002 0.784375 0.4500000000000002 0.784375
4 0.4671875000000002 0.7609375 0.4593750000000002 0.7609375 0.4593750000000002 0.7828125 0.4671875000000002 0.7828125
2 0.4578125000000002 0.7609375 0.4515625000000002 0.7609375 0.4515625000000002 0.7890625 0.4578125000000002 0.7890625
4 0.5265625 0.5421875 0.5171875 0.5421875 0.5171875 0.5640625 0.5265625 0.5640625
4 0.5328125 0.4390625 0.521875 0.4390625 0.521875 0.459375 0.5328125 0.459375
4 0.55625 0.44375 0.546875 0.44375 0.546875 0.4671875 0.55625 0.4671875
4 0.5828125 0.5015625 0.575 0.5015625 0.575 0.5171875 0.5828125 0.5171875
4 0.5765625 0.5765625 0.5671875 0.5765625 0.5671875 0.5984375 0.5765625 0.5984375
4 0.5609375 0.6140625 0.55 0.6140625 0.55 0.6328125 0.5609375 0.6328125
4 0.6765625 0.5484375 0.6625 0.5484375 0.6625 0.565625 0.6765625 0.565625
2 0.6296875 0.5484375 0.603125 0.5484375 0.603125 0.575 0.6296875 0.575
4 0.6390625 0.5546875 0.628125 0.5546875 0.628125 0.56875 0.6390625 0.56875
4 0.48750000000000016 0.84375 0.47656250000000017 0.84375 0.47656250000000017 0.8640625 0.48750000000000016 0.8640625
4 0.4984375000000002 0.8390625 0.4890625000000002 0.8390625 0.4890625000000002 0.8546875 0.4984375000000002 0.8546875
4 0.08593750000000007 0.50625 0.07031250000000007 0.50625 0.07031250000000007 0.5265625 0.08593750000000007 0.5265625
4 0.14218750000000005 0.521875 0.12656250000000005 0.521875 0.12656250000000005 0.540625 0.14218750000000005 0.540625
4 0.12968750000000007 0.54375 0.11562500000000005 0.54375 0.11562500000000006 0.5578125 0.1296875000000001 0.5578125
4 0.1609375000000001 0.58125 0.1515625000000001 0.58125 0.1515625000000001 0.5953125 0.1609375000000001 0.5953125
4 0.2000000000000001 0.5890625 0.18125000000000008 0.5890625 0.18125000000000008 0.6015625 0.2000000000000001 0.6015625
2 0.1921875000000001 0.603125 0.1703125000000001 0.603125 0.1703125000000001 0.6234375 0.1921875000000001 0.6234375
2 0.040625000000000064 0.51875 0.012500000000000061 0.51875 0.012500000000000063 0.55 0.040625000000000064 0.55
2 0.08593750000000007 0.5421875 0.06250000000000007 0.5421875 0.06250000000000007 0.5625 0.08593750000000007 0.5625
2 0.06093750000000007 0.534375 0.040625000000000064 0.534375 0.040625000000000064 0.5609375 0.06093750000000007 0.5609375
2 0.04687500000000007 0.5609375 0.034375000000000065 0.5609375 0.03437500000000007 0.590625 0.046875000000000076 0.590625
2 0.06093750000000007 0.559375 0.04687500000000007 0.559375 0.04687500000000007 0.5984375 0.06093750000000007 0.5984375
2 0.10468750000000009 0.5671875 0.08125000000000007 0.5671875 0.08125000000000007 0.590625 0.10468750000000009 0.590625
2 0.10468750000000009 0.6375 0.08750000000000009 0.6375 0.08750000000000009 0.6625 0.10468750000000009 0.6625
2 0.10312500000000009 0.6640625 0.07656250000000009 0.6640625 0.07656250000000009 0.696875 0.10312500000000009 0.696875
2 0.0906250000000001 0.703125 0.07656250000000009 0.703125 0.07656250000000009 0.74375 0.0906250000000001 0.74375
4 0.09062500000000004 0.365625 0.07656250000000005 0.365625 0.07656250000000005 0.3921875 0.09062500000000004 0.3921875
4 0.15781250000000005 0.39375 0.13906250000000003 0.39375 0.13906250000000003 0.4125 0.15781250000000005 0.4125
4 0.2500000000000001 0.459375 0.2390625000000001 0.459375 0.2390625000000001 0.478125 0.2500000000000001 0.478125
0 0.17812500000000003 0.4203125 0.16250000000000003 0.4203125 0.16250000000000003 0.4421875 0.17812500000000003 0.4421875
4 0.2921875000000001 0.4234375 0.27812500000000007 0.4234375 0.27812500000000007 0.434375 0.2921875000000001 0.434375
4 0.28593750000000007 0.4359375 0.2750000000000001 0.4359375 0.2750000000000001 0.45 0.28593750000000007 0.45
4 0.3234375000000001 0.421875 0.30937500000000007 0.421875 0.30937500000000007 0.434375 0.3234375000000001 0.434375
4 0.3218750000000001 0.434375 0.3078125000000001 0.434375 0.3078125000000001 0.44375 0.3218750000000001 0.44375
4 0.30156250000000007 0.4421875 0.2906250000000001 0.4421875 0.2906250000000001 0.4546875 0.30156250000000007 0.4546875
4 0.3046875000000001 0.459375 0.2875000000000001 0.459375 0.2875000000000001 0.4734375 0.3046875000000001 0.4734375
2 0.31718750000000007 0.475 0.2906250000000001 0.475 0.2906250000000001 0.4984375 0.31718750000000007 0.4984375
2 0.3437500000000001 0.459375 0.3187500000000001 0.459375 0.3187500000000001 0.478125 0.3437500000000001 0.478125
4 0.3937500000000001 0.3687500000000001 0.3843750000000001 0.3687500000000001 0.3843750000000001 0.39531250000000007 0.3937500000000001 0.39531250000000007
4 0.403125 0.3656250000000001 0.39531250000000007 0.3656250000000001 0.39531250000000007 0.3921875000000001 0.403125 0.3921875000000001
4 0.4109375 0.3656250000000001 0.4046875 0.3656250000000001 0.4046875 0.3890625000000001 0.4109375 0.3890625000000001
4 0.4265625 0.3609375000000001 0.421875 0.3609375000000001 0.421875 0.3859375000000001 0.4265625 0.3859375000000001
4 0.4203125 0.3656250000000001 0.4140625 0.3656250000000001 0.4140625 0.3859375000000001 0.4203125 0.3859375000000001
4 0.421875 0.33281250000000007 0.4140625 0.33281250000000007 0.4140625 0.3546875000000001 0.421875 0.3546875000000001
4 0.4421875 0.3156250000000001 0.4296875 0.3156250000000001 0.4296875 0.3312500000000001 0.4421875 0.3312500000000001
4 0.44375 0.3390625000000001 0.434375 0.3390625000000001 0.434375 0.3546875000000001 0.44375 0.3546875000000001
4 0.4625 0.27812500000000007 0.4515625 0.27812500000000007 0.4515625 0.2921875000000001 0.4625 0.2921875000000001
4 0.45 0.2968750000000001 0.4375 0.2968750000000001 0.4375 0.3156250000000001 0.45 0.3156250000000001
4 0.45625 0.3234375000000001 0.44375 0.3234375000000001 0.44375 0.3375000000000001 0.45625 0.3375000000000001
4 0.43125 0.3296875000000001 0.425 0.3296875000000001 0.425 0.3453125000000001 0.43125 0.3453125000000001
4 0.4625 0.3046875000000001 0.453125 0.3046875000000001 0.453125 0.31718750000000007 0.4625 0.31718750000000007
0 0.4765625 0.2984375000000001 0.4640625 0.2984375000000001 0.4640625 0.32500000000000007 0.4765625 0.32500000000000007
2 0.496875 0.17187500000000006 0.484375 0.17187500000000006 0.484375 0.2093750000000001 0.496875 0.2093750000000001
2 0.5234375 0.08750000000000006 0.5046875 0.08750000000000006 0.5046875 0.12343750000000005 0.5234375 0.12343750000000005
0 0.3531250000000001 0.4359375 0.3390625000000001 0.4359375 0.3390625000000001 0.4515625 0.3531250000000001 0.4515625
4 0.3468750000000001 0.45 0.3359375000000001 0.45 0.3359375000000001 0.4609375 0.3468750000000001 0.4609375
4 0.3781250000000001 0.43125 0.3687500000000001 0.43125 0.3687500000000001 0.4453125 0.3781250000000001 0.4453125
4 0.3921875000000001 0.43125 0.3828125000000001 0.43125 0.3828125000000001 0.4453125 0.3921875000000001 0.4453125
4 0.3984375000000001 0.4390625 0.3906250000000001 0.4390625 0.3906250000000001 0.4515625 0.3984375000000001 0.4515625
4 0.3750000000000001 0.4640625 0.3656250000000001 0.4640625 0.3656250000000001 0.4734375 0.3750000000000001 0.4734375
4 0.3625000000000001 0.4640625 0.3515625000000001 0.4640625 0.3515625000000001 0.475 0.3625000000000001 0.475
4 0.3531250000000001 0.471875 0.3437500000000001 0.471875 0.3437500000000001 0.48125 0.3531250000000001 0.48125
0 0.36406250000000007 0.4484375 0.34843750000000007 0.4484375 0.34843750000000007 0.4625 0.36406250000000007 0.4625
4 0.3671875000000001 0.43125 0.3578125000000001 0.43125 0.3578125000000001 0.4421875 0.3671875000000001 0.4421875
4 0.3687500000000001 0.4390625 0.3593750000000001 0.4390625 0.3593750000000001 0.45 0.3687500000000001 0.45
2 0.3937500000000001 0.45 0.3687500000000001 0.45 0.3687500000000001 0.46875 0.3937500000000001 0.46875
2 0.39531250000000007 0.46875 0.3750000000000001 0.46875 0.3750000000000001 0.4875 0.39531250000000007 0.4875
2 0.4015625 0.4890625 0.3765625000000001 0.4890625 0.3765625000000001 0.5046875 0.4015625 0.5046875
2 0.3750000000000001 0.484375 0.3531250000000001 0.484375 0.3531250000000001 0.5015625 0.3750000000000001 0.5015625
4 0.37968750000000007 0.503125 0.3687500000000001 0.503125 0.3687500000000001 0.515625 0.37968750000000007 0.515625
4 0.3921875000000001 0.503125 0.3812500000000001 0.503125 0.3812500000000001 0.5171875 0.3921875000000001 0.5171875
1 0.3312500000000001 0.5015625 0.2593750000000001 0.5015625 0.2593750000000001 0.540625 0.3312500000000001 0.540625
1 0.3843750000000001 0.5171875 0.33281250000000007 0.5171875 0.33281250000000007 0.5515625 0.3843750000000001 0.5515625
3 0.3500000000000001 0.478125 0.3187500000000001 0.478125 0.3187500000000001 0.4984375 0.3500000000000001 0.4984375
4 0.578125 0.2250000000000001 0.5703125 0.2250000000000001 0.5703125 0.24375000000000008 0.578125 0.24375000000000008
2 0.5875 0.2531250000000001 0.5765625 0.2531250000000001 0.5765625 0.2921875000000001 0.5875 0.2921875000000001
0 0.6015625 0.2000000000000001 0.5921875 0.2000000000000001 0.5921875 0.2218750000000001 0.6015625 0.2218750000000001
0 0.59375 0.2250000000000001 0.5828125 0.2250000000000001 0.5828125 0.2484375000000001 0.59375 0.2484375000000001
0 0.5875 0.2062500000000001 0.5796875 0.2062500000000001 0.5796875 0.22656250000000008 0.5875 0.22656250000000008
0 0.60625 0.1218750000000001 0.596875 0.1218750000000001 0.596875 0.1468750000000001 0.60625 0.1468750000000001
0 0.615625 0.11875000000000009 0.60625 0.11875000000000009 0.60625 0.15000000000000008 0.615625 0.15000000000000008
0 0.621875 0.09687500000000007 0.609375 0.09687500000000007 0.609375 0.11875000000000009 0.621875 0.11875000000000009
0 0.61875 0.057812500000000065 0.609375 0.057812500000000065 0.609375 0.08125000000000007 0.61875 0.08125000000000007
0 0.6140625 0.08125000000000007 0.6046875 0.08125000000000007 0.6046875 0.10468750000000009 0.6140625 0.10468750000000009
4 0.6265625 0.08125000000000007 0.6203125 0.08125000000000007 0.6203125 0.10000000000000009 0.6265625 0.10000000000000009
4 0.609375 0.1062500000000001 0.6 0.1062500000000001 0.6 0.12031250000000009 0.609375 0.12031250000000009
4 0.6046875 0.1546875000000001 0.5984375 0.1546875000000001 0.5984375 0.1703125000000001 0.6046875 0.1703125000000001
4 0.6078125 0.1843750000000001 0.5984375 0.1843750000000001 0.5984375 0.1984375000000001 0.6078125 0.1984375000000001
0 0.59375 0.1781250000000001 0.584375 0.1781250000000001 0.584375 0.2015625000000001 0.59375 0.2015625000000001
0 0.5984375 0.15000000000000008 0.590625 0.15000000000000008 0.590625 0.1781250000000001 0.5984375 0.1781250000000001
0 0.575 0.2500000000000001 0.565625 0.2500000000000001 0.565625 0.27812500000000007 0.575 0.27812500000000007
0 0.578125 0.2875000000000001 0.5671875 0.2875000000000001 0.5671875 0.3109375000000001 0.578125 0.3109375000000001
4 0.565625 0.2906250000000001 0.5578125 0.2906250000000001 0.5578125 0.30937500000000007 0.565625 0.30937500000000007
4 0.6203125 0.037500000000000075 0.6125 0.037500000000000075 0.6125 0.05937500000000007 0.6203125 0.05937500000000007
0 0.6296875 0.014062500000000078 0.6203125 0.014062500000000078 0.6203125 0.037500000000000075 0.6296875 0.037500000000000075
6 0.55625 0.3140625000000001 0.525 0.3140625000000001 0.525 0.4078125 0.55625 0.4078125
6 0.5703125 0.2328125000000001 0.5375 0.2328125000000001 0.5375 0.3000000000000001 0.5703125 0.3000000000000001
6 0.5921875 0.1453125000000001 0.5609375 0.1453125000000001 0.5609375 0.2218750000000001 0.5921875 0.2218750000000001
6 0.6078125 0.07031250000000007 0.5796875 0.07031250000000007 0.5796875 0.14843750000000008 0.6078125 0.14843750000000008
0 0.5671875 0.3593750000000001 0.55625 0.3593750000000001 0.55625 0.3843750000000001 0.5671875 0.3843750000000001
0 0.5609375 0.34062500000000007 0.55 0.34062500000000007 0.55 0.3625000000000001 0.5609375 0.3625000000000001
4 0.603125 0.3390625000000001 0.59375 0.3390625000000001 0.59375 0.3515625000000001 0.603125 0.3515625000000001
4 0.603125 0.3578125000000001 0.5953125 0.3578125000000001 0.5953125 0.3734375000000001 0.603125 0.3734375000000001
4 0.6109375 0.37187500000000007 0.6015625 0.37187500000000007 0.6015625 0.38750000000000007 0.6109375 0.38750000000000007
4 0.6109375 0.3390625000000001 0.603125 0.3390625000000001 0.603125 0.3546875000000001 0.6109375 0.3546875000000001
4 0.6171875 0.38750000000000007 0.609375 0.38750000000000007 0.609375 0.4015625 0.6171875 0.4015625