4 0.032812500000000064 0.53125 0.017187500000000067 0.53125 0.017187500000000067 0.5484375 0.032812500000000064 0.5484375
4 0.025000000000000067 0.5421875 0.010937500000000067 0.5421875 0.010937500000000069 0.55625 0.025000000000000067 0.55625
4 0.014062500000000066 0.525 6.429395695523604e-17 0.525 6.53463877982533e-17 0.5421875 0.014062500000000066 0.5421875
4 0.05156250000000007 0.5078125 0.03125000000000007 0.5078125 0.03125000000000007 0.51875 0.05156250000000007 0.51875
4 0.048437500000000064 0.5234375 0.029687500000000068 0.5234375 0.029687500000000068 0.534375 0.048437500000000064 0.534375
4 0.08593750000000004 0.4234375 0.06718750000000004 0.4234375 0.06718750000000004 0.4390625 0.08593750000000004 0.4390625
4 0.08281250000000004 0.4140625 0.06562500000000004 0.4140625 0.06562500000000004 0.425 0.08281250000000004 0.425
4 0.11718750000000004 0.434375 0.10000000000000005 0.434375 0.10000000000000005 0.45625 0.11718750000000004 0.45625
4 0.14687500000000006 0.5390625 0.13281250000000006 0.5390625 0.13281250000000006 0.5609375 0.1468750000000001 0.5609375
4 0.15625000000000006 0.53125 0.14218750000000005 0.53125 0.14218750000000008 0.546875 0.15625000000000008 0.546875
4 0.17187500000000006 0.528125 0.16250000000000003 0.528125 0.16250000000000003 0.5390625 0.17187500000000006 0.5390625
4 0.17187500000000006 0.54375 0.15625000000000006 0.54375 0.15625000000000006 0.559375 0.17187500000000008 0.559375
4 0.17968750000000008 0.55625 0.1625000000000001 0.55625 0.1625000000000001 0.5671875 0.17968750000000008 0.5671875
4 0.18750000000000006 0.5296875 0.17343750000000005 0.5296875 0.17343750000000008 0.546875 0.18750000000000008 0.546875
4 0.21250000000000008 0.534375 0.19843750000000004 0.534375 0.19843750000000007 0.55 0.21250000000000008 0.55
4 0.2468750000000001 0.503125 0.2328125000000001 0.503125 0.2328125000000001 0.5203125 0.2468750000000001 0.5203125
4 0.27031250000000007 0.50625 0.2609375000000001 0.50625 0.2609375000000001 0.521875 0.27031250000000007 0.521875
4 0.2828125000000001 0.50625 0.27031250000000007 0.50625 0.27031250000000007 0.5171875 0.2828125000000001 0.5171875
4 0.2953125000000001 0.5078125 0.2843750000000001 0.5078125 0.2843750000000001 0.521875 0.2953125000000001 0.521875
4 0.30937500000000007 0.5203125 0.2953125000000001 0.5203125 0.2953125000000001 0.5296875 0.30937500000000007 0.5296875
4 0.2968750000000001 0.54375 0.2828125000000001 0.54375 0.2828125000000001 0.5625 0.2968750000000001 0.5625
4 0.3421875000000001 0.521875 0.3265625000000001 0.521875 0.3265625000000001 0.5390625 0.3421875000000001 0.5390625
4 0.3531250000000001 0.515625 0.34062500000000007 0.515625 0.34062500000000007 0.53125 0.3531250000000001 0.53125
4 0.3656250000000001 0.50625 0.3531250000000001 0.50625 0.3531250000000001 0.5265625 0.3656250000000001 0.5265625
0 0.3203125000000001 0.5296875 0.3031250000000001 0.5296875 0.3031250000000001 0.5484375 0.3203125000000001 0.5484375
0 0.3609375000000001 0.5390625 0.3468750000000001 0.5390625 0.3468750000000001 0.559375 0.3609375000000001 0.559375
0 0.4546875 0.53125 0.4359375 0.53125 0.4359375 0.553125 0.4546875 0.553125
0 0.2015625000000001 0.4171875 0.18281250000000004 0.4171875 0.18281250000000004 0.4359375 0.2015625000000001 0.4359375
2 0.17968750000000006 0.434375 0.15625000000000006 0.434375 0.15625000000000006 0.453125 0.17968750000000006 0.453125
2 0.2593750000000001 0.44375 0.2296875000000001 0.44375 0.2296875000000001 0.465625 0.2593750000000001 0.465625
4 0.2093750000000001 0.4375 0.19531250000000006 0.4375 0.19531250000000006 0.459375 0.2093750000000001 0.459375
2 0.17187500000000006 0.5109375 0.14687500000000003 0.5109375 0.14687500000000003 0.5265625 0.17187500000000006 0.5265625
0 0.13281250000000006 0.5203125 0.11562500000000005 0.5203125 0.11562500000000005 0.5375 0.13281250000000006 0.5375
0 0.2390625000000001 0.5390625 0.2234375000000001 0.5390625 0.2234375000000001 0.5625 0.2390625000000001 0.5625
0 0.2718750000000001 0.521875 0.2531250000000001 0.521875 0.2531250000000001 0.54375 0.2718750000000001 0.54375
4 0.07500000000000007 0.521875 0.06406250000000006 0.521875 0.06406250000000006 0.5390625 0.07500000000000007 0.5390625
4 0.2875000000000001 0.4125 0.2734375000000001 0.4125 0.2734375000000001 0.428125 0.2875000000000001 0.428125
4 0.3421875000000001 0.4203125 0.32500000000000007 0.4203125 0.32500000000000007 0.4375 0.3421875000000001 0.4375
2 0.4078125 0.5078125 0.3812500000000001 0.5078125 0.3812500000000001 0.528125 0.4078125 0.528125
4 0.4078125 0.4234375 0.3937500000000001 0.4234375 0.3937500000000001 0.4375 0.4078125 0.4375
4 0.4546875 0.428125 0.44375 0.428125 0.44375 0.4421875 0.4546875 0.4421875
4 0.5015625 0.425 0.4890625 0.425 0.4890625 0.4375 0.5015625 0.4375
2 0.4734375 0.50625 0.453125 0.50625 0.453125 0.5296875 0.4734375 0.5296875
4 0.44375 0.51875 0.434375 0.51875 0.434375 0.5328125 0.44375 0.5328125
4 0.4140625 0.5296875 0.4 0.5296875 0.4 0.54375 0.4140625 0.54375
4 0.4078125 0.5453125 0.39531250000000007 0.5453125 0.39531250000000007 0.55625 0.4078125 0.55625
4 0.4984375 0.5421875 0.484375 0.5421875 0.484375 0.55625 0.4984375 0.55625
4 0.5046875 0.5234375 0.49375 0.5234375 0.49375 0.5328125 0.5046875 0.5328125
4 0.5125 0.5125 0.5015625 0.5125 0.5015625 0.521875 0.5125 0.521875
4 0.540625 0.4359375 0.528125 0.4359375 0.528125 0.446875 0.540625 0.446875
4 0.54375 0.4140625 0.5328125 0.4140625 0.5328125 0.4265625 0.54375 0.4265625
4 0.5859375 0.4328125 0.5765625 0.4328125 0.5765625 0.4484375 0.5859375 0.4484375
4 0.6046875 0.421875 0.5921875 0.421875 0.5921875 0.440625 0.6046875 0.440625
4 0.6015625 0.40625 0.590625 0.40625 0.590625 0.421875 0.6015625 0.421875
4 0.58125 0.5234375 0.5703125 0.5234375 0.5703125 0.5375 0.58125 0.5375
4 0.5328125 0.55 0.521875 0.55 0.521875 0.5640625 0.5328125 0.5640625
4 0.6015625 0.51875 0.5859375 0.51875 0.5859375 0.5328125 0.6015625 0.5328125
4 0.615625 0.509375 0.6046875 0.509375 0.6046875 0.5234375 0.615625 0.5234375
4 0.6421875 0.5234375 0.63125 0.5234375 0.63125 0.5359375 0.6421875 0.5359375
4 0.621875 0.54375 0.6109375 0.54375 0.6109375 0.5578125 0.621875 0.5578125
4 0.6453125 0.55625 0.63125 0.55625 0.63125 0.5703125 0.6453125 0.5703125
4 0.6859375 0.5375 0.671875 0.5375 0.671875 0.55 0.6859375 0.55
4 0.6328125 0.440625 0.621875 0.440625 0.621875 0.45 0.6328125 0.45
4 0.65 0.434375 0.6359375 0.434375 0.6359375 0.44375 0.65 0.44375
0 0.640625 0.4171875 0.621875 0.4171875 0.621875 0.4328125 0.640625 0.4328125
4 0.6796875 0.415625 0.66875 0.415625 0.66875 0.43125 0.6796875 0.43125
4 0.7078125 0.4359375 0.69375 0.4359375 0.69375 0.446875 0.7078125 0.446875
2 0.728125 0.4484375000000001 0.70625 0.4484375 0.70625 0.46562500000000007 0.728125 0.4656250000000002
6 0.721875 0.41875 0.7 0.41875 0.7 0.4375 0.721875 0.4375
0 0.76875 0.4265625000000002 0.7484375 0.4265625000000002 0.7484375 0.4421875000000002 0.76875 0.4421875000000002
4 0.7015625 0.5125 0.690625 0.5125 0.690625 0.528125 0.7015625 0.528125
4 0.725 0.525 0.7140625 0.525 0.7140625 0.5421875 0.725 0.5421875
4 0.7328125 0.5125000000000001 0.71875 0.5125 0.71875 0.5281250000000001 0.7328125 0.5281250000000002
4 0.7421875 0.5531250000000002 0.7265625 0.5531250000000002 0.7265625 0.5671875000000002 0.7421875 0.5671875000000002
4 0.796875 0.5062500000000002 0.7859375 0.5062500000000002 0.7859375 0.5250000000000001 0.796875 0.5250000000000001
4 0.81875 0.5390625000000002 0.803125 0.5390625000000002 0.803125 0.5531250000000002 0.81875 0.5531250000000002
4 0.8265625 0.5546875000000002 0.8125 0.5546875000000002 0.8125 0.5703125000000002 0.8265625 0.5703125000000002
4 0.80625 0.44062500000000016 0.7921875 0.44062500000000016 0.7921875 0.45312500000000017 0.80625 0.45312500000000017
4 0.8046875 0.42500000000000016 0.790625 0.42500000000000016 0.790625 0.4390625000000002 0.8046875 0.4390625000000002
4 0.7828125 0.41406250000000017 0.7734375 0.41406250000000017 0.7734375 0.42500000000000016 0.7828125 0.42500000000000016
4 0.8609375 0.4421875000000002 0.846875 0.4421875000000002 0.846875 0.4578125000000002 0.8609375 0.4578125000000002
4 0.8390625 0.4546875000000002 0.828125 0.4546875000000002 0.828125 0.4671875000000002 0.8390625 0.4671875000000002
4 0.8921875 0.5296875000000002 0.8703125 0.5296875000000002 0.8703125 0.5484375000000001 0.8921875 0.5484375000000001
4 0.9015625 0.5515625000000002 0.8875 0.5515625000000002 0.8875 0.5656250000000002 0.9015625 0.5656250000000002
4 0.928125 0.5390625000000002 0.9125 0.5390625000000002 0.9125 0.5531250000000002 0.928125 0.5531250000000002
4 0.9 0.44062500000000016 0.8859375 0.44062500000000016 0.8859375 0.4515625000000002 0.9 0.4515625000000002
4 0.878125 0.44531250000000017 0.8671875 0.44531250000000017 0.8671875 0.45625000000000016 0.878125 0.45625000000000016
4 0.9125 0.4031250000000002 0.896875 0.4031250000000002 0.896875 0.41718750000000016 0.9125 0.41718750000000016
4 0.9515625 0.40937500000000016 0.9390625 0.40937500000000016 0.9390625 0.41718750000000016 0.9515625 0.41718750000000016
4 0.9546875 0.4234375000000002 0.940625 0.4234375000000002 0.940625 0.44531250000000017 0.9546875 0.44531250000000017
0 0.9203125 0.4156250000000002 0.903125 0.4156250000000002 0.903125 0.4359375000000002 0.9203125 0.4359375000000002
0 0.884375 0.4156250000000002 0.8609375 0.4156250000000002 0.8609375 0.43750000000000017 0.884375 0.43750000000000017
0 0.85 0.4265625000000002 0.8328125 0.4265625000000002 0.8328125 0.44062500000000016 0.85 0.44062500000000016
0 0.6125 0.53125 0.59375 0.53125 0.59375 0.5546875 0.6125 0.5546875
2 0.5625 0.4421875 0.5375 0.4421875 0.5375 0.4703125 0.5625 0.4703125
0 1 0.5421875000000002 0.978125 0.5421875000000002 0.978125 0.5656250000000002 1 0.5656250000000002
1 1 0.4421875000000002 0.953125 0.4421875000000002 0.953125 0.47187500000000016 1 0.47187500000000016
0 0.08437500000000006 0.5453125 0.06406250000000006 0.5453125 0.06406250000000006 0.5671875 0.08437500000000006 0.5671875
4 0.10468750000000007 0.53125 0.08906250000000007 0.53125 0.08906250000000007 0.5484375 0.10468750000000009 0.5484375
4 0.12031250000000007 0.534375 0.10937500000000004 0.534375 0.10937500000000007 0.5546875 0.12031250000000009 0.5546875
2 0.014062500000000052 0.4140625 5.070803152719509e-17 0.4140625 5.281289321322961e-17 0.4484375 0.014062500000000056 0.4484375
4 0.3828125000000001 0.53125 0.3656250000000001 0.53125 0.3656250000000001 0.5515625 0.3828125000000001 0.5515625
0 0.3859375000000001 0.39687500000000003 0.3609375000000001 0.396875 0.3609375000000001 0.4265625 0.3859375000000001 0.4265625
4 0.6359375 0.5046875 0.621875 0.5046875 0.621875 0.521875 0.6359375 0.521875
2 0.665625 0.4421875 0.6359375 0.4421875 0.6359375 0.4671875 0.665625 0.4671875