4 0.04062500000000004 0.3765625 0.025000000000000043 0.3765625 0.025000000000000043 0.3875 0.04062500000000004 0.3875
4 0.07187500000000005 0.365625 0.057812500000000044 0.365625 0.057812500000000044 0.375 0.07187500000000005 0.375
4 0.09531250000000005 0.353125 0.07812500000000004 0.353125 0.07812500000000004 0.3640625 0.09531250000000005 0.3640625
4 0.09375000000000004 0.3734375 0.07656250000000005 0.3734375 0.07656250000000005 0.384375 0.09375000000000004 0.384375
4 0.12812500000000004 0.3734375 0.10937500000000004 0.3734375 0.10937500000000004 0.384375 0.12812500000000004 0.384375
4 0.15625000000000006 0.38125 0.14062500000000006 0.38125 0.14062500000000006 0.396875 0.15625000000000006 0.396875
4 0.14687500000000003 0.3546875 0.13125000000000003 0.3546875 0.13125000000000003 0.36875 0.14687500000000003 0.36875
4 0.21250000000000005 0.3515625 0.19687500000000005 0.3515625 0.19687500000000005 0.365625 0.21250000000000008 0.365625
4 0.25625000000000003 0.35625 0.240625 0.35625 0.24062500000000003 0.3703125 0.2562500000000001 0.3703125
4 0.28593750000000007 0.35 0.26875 0.35 0.26875000000000004 0.365625 0.28593750000000007 0.365625
4 0.25468750000000007 0.3703125 0.24218750000000008 0.3703125 0.24218750000000008 0.38125 0.25468750000000007 0.38125
4 0.2765625000000001 0.3765625 0.26250000000000007 0.3765625 0.26250000000000007 0.3921875 0.2765625000000001 0.3921875
4 0.2984375000000001 0.3671875 0.2843750000000001 0.3671875 0.2843750000000001 0.378125 0.2984375000000001 0.378125
4 0.2875000000000001 0.3875 0.2765625000000001 0.3875 0.2765625000000001 0.4015625 0.2875000000000001 0.4015625
4 0.2328125000000001 0.475 0.2171875000000001 0.475 0.2171875000000001 0.490625 0.2328125000000001 0.490625
4 0.14531250000000004 0.3046875 0.13281250000000006 0.3046875 0.13281250000000006 0.3140625 0.14531250000000004 0.3140625
4 0.16875000000000004 0.3078125 0.15312500000000004 0.3078125 0.15312500000000004 0.3203125 0.16875000000000004 0.3203125
4 0.18906250000000005 0.3171875 0.17656250000000004 0.3171875 0.17656250000000004 0.3328125 0.18906250000000005 0.3328125
4 0.36406250000000007 0.36250000000000004 0.3515625 0.3625 0.35156250000000006 0.38125000000000003 0.36406250000000007 0.3812500000000001
4 0.3578125000000001 0.3890625 0.3453125000000001 0.3890625 0.3453125000000001 0.403125 0.3578125000000001 0.403125
4 0.4203125 0.3500000000000001 0.409375 0.3500000000000001 0.409375 0.3625000000000001 0.4203125 0.3625000000000001
4 0.440625 0.3828125000000001 0.4296875 0.3828125000000001 0.4296875 0.39531250000000007 0.440625 0.39531250000000007
4 0.475 0.3593750000000001 0.4640625 0.3593750000000001 0.4640625 0.3734375000000001 0.475 0.3734375000000001
4 0.4546875 0.3703125000000001 0.440625 0.3703125000000001 0.440625 0.3812500000000001 0.4546875 0.3812500000000001
4 0.4765625 0.3859375000000001 0.4625 0.3859375000000001 0.4625 0.3968750000000001 0.4765625 0.3968750000000001
4 0.5171875 0.3765625000000001 0.5046875 0.3765625000000001 0.5046875 0.38750000000000007 0.5171875 0.38750000000000007
4 0.515625 0.38750000000000007 0.5015625 0.38750000000000007 0.5015625 0.3984375000000001 0.515625 0.3984375000000001
4 0.559375 0.34843750000000007 0.54375 0.34843750000000007 0.54375 0.3609375000000001 0.559375 0.3609375000000001
4 0.5359375 0.3593750000000001 0.5234375 0.3593750000000001 0.5234375 0.3703125000000001 0.5359375 0.3703125000000001
4 0.54375 0.3765625000000001 0.53125 0.3765625000000001 0.53125 0.38750000000000007 0.54375 0.38750000000000007
4 0.528125 0.3906250000000001 0.5171875 0.3906250000000001 0.5171875 0.4046875 0.528125 0.4046875
4 0.5609375 0.37968750000000007 0.5453125 0.37968750000000007 0.5453125 0.3921875000000001 0.5609375 0.3921875000000001
4 0.6015625 0.3578125000000001 0.5890625 0.3578125000000001 0.5890625 0.3671875000000001 0.6015625 0.3671875000000001
4 0.628125 0.3625000000000001 0.615625 0.3625000000000001 0.615625 0.3750000000000001 0.628125 0.3750000000000001
4 0.659375 0.3593750000000001 0.6453125 0.3593750000000001 0.6453125 0.3703125000000001 0.659375 0.3703125000000001
4 0.65625 0.4 0.6421875 0.4 0.6421875 0.4140625 0.65625 0.4140625
4 0.684375 0.3593750000000001 0.671875 0.3593750000000001 0.671875 0.37187500000000007 0.684375 0.37187500000000007
4 0.709375 0.35625000000000007 0.696875 0.35625000000000007 0.696875 0.3687500000000001 0.709375 0.3687500000000001
4 0.69375 0.37968750000000007 0.68125 0.37968750000000007 0.68125 0.3921875000000001 0.69375 0.3921875000000001
4 0.68125 0.39531250000000007 0.66875 0.39531250000000007 0.66875 0.40625 0.68125 0.40625
4 0.6984375 0.39531250000000007 0.6859375 0.39531250000000007 0.6859375 0.4078125 0.6984375 0.4078125
4 0.746875 0.3531250000000001 0.7328125 0.3531250000000001 0.7328125 0.36406250000000007 0.746875 0.36406250000000007
4 0.734375 0.3609375000000001 0.721875 0.3609375000000001 0.721875 0.3734375000000001 0.734375 0.3734375000000001
4 0.73125 0.37968750000000007 0.721875 0.37968750000000007 0.721875 0.3890625000000001 0.73125 0.3890625000000001
4 0.7703125 0.3734375000000001 0.759375 0.3734375000000001 0.759375 0.3843750000000001 0.7703125 0.3843750000000001
4 0.759375 0.3671875000000001 0.74375 0.3671875000000001 0.74375 0.37968750000000007 0.759375 0.37968750000000007
4 0.73125 0.3187500000000001 0.71875 0.3187500000000001 0.71875 0.33281250000000007 0.73125 0.33281250000000007
4 0.7578125 0.31718750000000007 0.746875 0.31718750000000007 0.746875 0.3312500000000001 0.7578125 0.3312500000000001
4 0.6640625 0.3234375000000001 0.6484375 0.3234375000000001 0.6484375 0.3343750000000001 0.6640625 0.3343750000000001
4 0.6296875 0.3062500000000001 0.615625 0.3062500000000001 0.615625 0.3187500000000001 0.6296875 0.3187500000000001
4 0.4640625 0.48125 0.453125 0.48125 0.453125 0.49375 0.4640625 0.49375
4 0.784375 0.5218750000000002 0.7703125 0.5218750000000002 0.7703125 0.5343750000000002 0.784375 0.5343750000000002
4 0.7203125 0.5171875 0.70625 0.5171875 0.70625 0.528125 0.7203125 0.528125
4 0.696875 0.5328125 0.678125 0.5328125 0.678125 0.54375 0.696875 0.54375
4 0.6578125 0.5515625 0.64375 0.5515625 0.64375 0.5609375 0.6578125 0.5609375
4 0.571875 0.5140625 0.559375 0.5140625 0.559375 0.5234375 0.571875 0.5234375
4 0.55 0.5203125 0.540625 0.5203125 0.540625 0.528125 0.55 0.528125
4 0.5375 0.525 0.5328125 0.525 0.5328125 0.546875 0.5375 0.546875
4 0.5203125 0.54375 0.5140625 0.54375 0.5140625 0.5609375 0.5203125 0.5609375
4 0.5109375 0.5625 0.5046875 0.5625 0.5046875 0.5796875 0.5109375 0.5796875
4 0.5234375 0.596875 0.5171875 0.596875 0.5171875 0.615625 0.5234375 0.615625
4 0.5203125 0.6203125 0.5140625 0.6203125 0.5140625 0.6390625 0.5203125 0.6390625
4 0.515625 0.6890625 0.50625 0.6890625 0.50625 0.70625 0.515625 0.70625
4 0.534375 0.6828125 0.525 0.6828125 0.525 0.703125 0.534375 0.703125
4 0.4703125000000002 0.75 0.4625000000000002 0.75 0.4625000000000002 0.7671875 0.4703125000000002 0.7671875
4 0.4593750000000002 0.80625 0.4515625000000002 0.80625 0.4515625000000002 0.828125 0.4593750000000002 0.828125
4 0.4937500000000002 0.790625 0.48750000000000016 0.790625 0.48750000000000016 0.8109375 0.4937500000000002 0.8109375
4 0.5 0.5375 0.49375 0.5375 0.49375 0.553125 0.5 0.553125
4 0.50625 0.515625 0.4984375 0.515625 0.4984375 0.5328125 0.50625 0.5328125
4 0.51875 0.5125 0.5109375 0.5125 0.5109375 0.5328125 0.51875 0.5328125
4 0.415625 0.659375 0.4046875 0.659375 0.4046875 0.6796875 0.415625 0.6796875
4 0.9609375 0.3515625000000001 0.9484375 0.3515625000000001 0.9484375 0.36406250000000007 0.9609375 0.36406250000000007
4 0.9671875 0.3703125000000001 0.9515625 0.3703125000000001 0.9515625 0.3843750000000001 0.9671875 0.3843750000000001
4 0.953125 0.38750000000000007 0.9390625 0.38750000000000007 0.9390625 0.4000000000000002 0.953125 0.4000000000000002
4 0.9125 0.3546875000000001 0.8984375 0.3546875000000001 0.8984375 0.3671875000000001 0.9125 0.3671875000000001
4 0.9203125 0.3375000000000001 0.9046875 0.3375000000000001 0.9046875 0.3515625000000001 0.9203125 0.3515625000000001
4 0.8796875 0.3453125000000001 0.86875 0.3453125000000001 0.86875 0.3578125000000001 0.8796875 0.3578125000000001
4 0.8421875 0.3515625000000001 0.828125 0.3515625000000001 0.828125 0.3625000000000001 0.8421875 0.3625000000000001
4 0.8296875 0.3656250000000001 0.8171875 0.3656250000000001 0.8171875 0.3765625000000001 0.8296875 0.3765625000000001
4 0.83125 0.37968750000000007 0.8203125 0.37968750000000007 0.8203125 0.3921875000000001 0.83125 0.3921875000000001
4 0.828125 0.3921875000000001 0.8109375 0.3921875000000001 0.8109375 0.4046875000000002 0.828125 0.4046875000000002
4 0.8453125 0.37187500000000007 0.8328125 0.37187500000000007 0.8328125 0.3859375000000001 0.8453125 0.3859375000000001
4 0.8515625 0.3843750000000001 0.8390625 0.3843750000000001 0.8390625 0.3984375000000001 0.8515625 0.3984375000000001
4 0.8390625 0.22031250000000008 0.828125 0.22031250000000008 0.828125 0.2375000000000001 0.8390625 0.2375000000000001
4 0.825 0.2390625000000001 0.8140625 0.2390625000000001 0.8140625 0.25468750000000007 0.825 0.25468750000000007
4 0.8171875 0.3000000000000001 0.8046875 0.3000000000000001 0.8046875 0.3140625000000001 0.8171875 0.3140625000000001
4 0.7046875 0.4734375 0.6921875 0.4734375 0.6921875 0.4875 0.7046875 0.4875
4 0.2156250000000001 0.5390625 0.2000000000000001 0.5390625 0.2000000000000001 0.553125 0.2156250000000001 0.553125
4 0.24218750000000008 0.5234375 0.22812500000000008 0.5234375 0.22812500000000008 0.5375 0.24218750000000008 0.5375
4 0.3312500000000001 0.53125 0.31718750000000007 0.53125 0.31718750000000007 0.546875 0.3312500000000001 0.546875
4 0.43750000000000017 0.9375 0.4281250000000002 0.9375 0.4281250000000002 0.9625 0.43750000000000017 0.9625
4 0.4625000000000002 0.9359375 0.45625000000000016 0.9359375 0.45625000000000016 0.9578125 0.4625000000000002 0.9578125
4 0.4703125000000002 0.9515625 0.4625000000000002 0.9515625 0.4625000000000002 0.9703125 0.4703125000000002 0.9703125
4 0.47656250000000017 0.8515625 0.47187500000000016 0.8515625 0.47187500000000016 0.8671875 0.47656250000000017 0.8671875
4 0.71875 0.3703125000000001 0.709375 0.3703125000000001 0.709375 0.3781250000000001 0.71875 0.3781250000000001
4 0.715625 0.3781250000000001 0.7046875 0.3781250000000001 0.7046875 0.3906250000000001 0.715625 0.3906250000000001
0 0.85625 0.4750000000000002 0.834375 0.4750000000000002 0.834375 0.49531250000000016 0.85625 0.49531250000000016
0 0.559375 0.3062500000000001 0.5453125 0.3062500000000001 0.5453125 0.3218750000000001 0.559375 0.3218750000000001
0 0.5296875 0.3078125000000001 0.5125 0.3078125000000001 0.5125 0.3281250000000001 0.5296875 0.3281250000000001
0 0.509375 0.2984375000000001 0.49375 0.2984375000000001 0.49375 0.3125000000000001 0.509375 0.3125000000000001
0 0.4796875 0.3109375000000001 0.4640625 0.3109375000000001 0.4640625 0.3265625000000001 0.4796875 0.3265625000000001
0 0.5046875 0.2796875000000001 0.4890625 0.2796875000000001 0.4890625 0.2921875000000001 0.5046875 0.2921875000000001
0 0.640625 0.528125 0.625 0.528125 0.625 0.5421875 0.640625 0.5421875
0 0.5015625 0.5578125 0.4859375 0.5578125 0.4859375 0.571875 0.5015625 0.571875
0 0.471875 0.528125 0.45625 0.528125 0.45625 0.5375 0.471875 0.5375
0 0.4625 0.675 0.453125 0.675 0.453125 0.70625 0.4625 0.70625
0 0.4515625000000002 0.7390625 0.44062500000000016 0.7390625 0.44062500000000016 0.76875 0.4515625000000002 0.76875
0 0.4515625000000002 0.771875 0.43750000000000017 0.771875 0.43750000000000017 0.8 0.4515625000000002 0.8
0 0.3593750000000001 0.5734375 0.3468750000000001 0.5734375 0.3468750000000001 0.5984375 0.3593750000000001 0.5984375
0 0.3421875000000001 0.5796875 0.3265625000000001 0.5796875 0.3265625000000001 0.59375 0.3421875000000001 0.59375
0 0.3593750000000001 0.5359375 0.3421875000000001 0.5359375 0.3421875000000001 0.553125 0.3593750000000001 0.553125
0 0.93125 0.27031250000000007 0.9140625 0.27031250000000007 0.9140625 0.28593750000000007 0.93125 0.28593750000000007
0 0.9328125 0.3062500000000001 0.9171875 0.3062500000000001 0.9171875 0.3218750000000001 0.9328125 0.3218750000000001
2 0.8671875 0.3609375000000001 0.8484375 0.3609375000000001 0.8484375 0.3750000000000001 0.8671875 0.3750000000000001
2 0.8 0.39531250000000007 0.7765625 0.39531250000000007 0.7765625 0.40937500000000016 0.8 0.40937500000000016
2 0.7546875 0.3921875000000001 0.728125 0.3921875000000001 0.728125 0.4125000000000002 0.7546875 0.4125000000000002
2 0.5875 0.4421875 0.5640625 0.4421875 0.5640625 0.4609375 0.5875 0.4609375
0 0.15937500000000004 0.2890625 0.14375000000000004 0.2890625 0.14375000000000004 0.3046875 0.15937500000000004 0.3046875
0 0.19062500000000004 0.2875 0.17187500000000006 0.2875 0.17187500000000006 0.303125 0.19062500000000004 0.303125
0 0.225 0.2859375 0.2078125 0.2859375 0.2078125 0.303125 0.225 0.303125
0 0.2125 0.309375 0.19531250000000006 0.309375 0.19531250000000006 0.325 0.2125 0.325
0 0.246875 0.3078125 0.228125 0.3078125 0.228125 0.3234375 0.246875 0.3234375
0 0.296875 0.315625 0.2765625 0.315625 0.2765625 0.33125 0.296875 0.33125
0 0.31875 0.30625 0.3015625 0.30625 0.3015625 0.3234375 0.31875 0.3234375
3 0.11562500000000005 0.253125 0.09687500000000002 0.253125 0.09687500000000002 0.2703125 0.11562500000000005 0.2703125
0 0.14687500000000006 0.5359375 0.13125000000000003 0.5359375 0.13125000000000006 0.546875 0.1468750000000001 0.546875
0 0.15937500000000004 0.515625 0.14687500000000003 0.515625 0.14687500000000003 0.53125 0.15937500000000004 0.53125
0 0.2093750000000001 0.5109375 0.19375000000000003 0.5109375 0.19375000000000003 0.521875 0.2093750000000001 0.521875
0 0.18750000000000006 0.5296875 0.17031250000000003 0.5296875 0.17031250000000006 0.546875 0.18750000000000008 0.546875
3 0.11875000000000005 0.3875 0.09531250000000005 0.3875 0.09531250000000005 0.4109375 0.11875000000000005 0.4109375
0 0.5140625000000002 0.7984375 0.5031250000000002 0.7984375 0.5031250000000002 0.825 0.5140625000000002 0.825
0 0.5203125000000002 0.7546875 0.5078125000000002 0.7546875 0.5078125000000002 0.784375 0.5203125000000002 0.784375