2 0.78125 0.15781250000000008 0.7546875 0.15781250000000008 0.7546875 0.1859375000000001 0.78125 0.1859375000000001
2 0.790625 0.23593750000000008 0.7609375 0.23593750000000008 0.7609375 0.27031250000000007 0.790625 0.27031250000000007
4 0.934375 0.3671875000000001 0.91875 0.3671875000000001 0.91875 0.3828125000000001 0.934375 0.3828125000000001
4 0.9515625 0.5234375000000002 0.9359375 0.5234375000000002 0.9359375 0.5390625000000002 0.9515625 0.5390625000000002
3 0.884375 0.49218750000000017 0.8546875 0.49218750000000017 0.8546875 0.5171875000000001 0.884375 0.5171875000000001
2 0.509375 0.3578125000000001 0.4828125 0.3578125000000001 0.4828125 0.37968750000000007 0.509375 0.37968750000000007
4 0.5109375 0.5375 0.496875 0.5375 0.496875 0.553125 0.5109375 0.553125
6 0.484375 0.5734375 0.4421875 0.5734375 0.4421875 0.6046875 0.484375 0.6046875
4 0.3375000000000001 0.4328125 0.32500000000000007 0.4328125 0.32500000000000007 0.446875 0.3375000000000001 0.446875
4 0.2390625000000001 0.5671875 0.2250000000000001 0.5671875 0.2250000000000001 0.58125 0.2390625000000001 0.58125
0 0.20312500000000008 0.3671875 0.18281250000000004 0.3671875 0.18281250000000004 0.3859375 0.20312500000000008 0.3859375
4 0.11406250000000007 0.5375 0.10000000000000005 0.5375 0.10000000000000006 0.553125 0.1140625000000001 0.553125
4 0.13437500000000005 0.45 0.12031250000000004 0.45 0.12031250000000004 0.4671875 0.13437500000000005 0.4671875
2 0.16250000000000003 0.24375 0.14218750000000005 0.24375 0.14218750000000005 0.2875 0.16250000000000003 0.2875
3 0.08281250000000004 0.296875 0.05468750000000004 0.296875 0.05468750000000004 0.3640625 0.08281250000000004 0.3640625
2 0.07031250000000001 0.0765625 0.053125 0.0765625 0.05312500000000001 0.1171875 0.07031250000000003 0.1171875
2 0.05625000000000002 0.1171875 0.03750000000000001 0.1171875 0.03750000000000002 0.165625 0.05625000000000002 0.165625
2 0.06562500000000002 0.1359375 0.04843750000000001 0.1359375 0.048437500000000015 0.1765625 0.06562500000000002 0.1765625
4 0.26250000000000007 0.3640625 0.2500000000000001 0.3640625 0.2500000000000001 0.375 0.26250000000000007 0.375
2 0.042187500000000024 0.165625 0.02343750000000002 0.165625 0.023437500000000024 0.215625 0.042187500000000024 0.215625
2 0.05468750000000002 0.1796875 0.035937500000000025 0.1796875 0.035937500000000025 0.2234375 0.05468750000000002 0.2234375
2 0.03125000000000003 0.2125 0.010937500000000025 0.2125 0.010937500000000029 0.2671875 0.031250000000000035 0.2671875
2 0.045312500000000026 0.21875 0.02812500000000002 0.21875 0.02812500000000003 0.26875 0.04531250000000003 0.26875
4 0.05000000000000003 0.2546875 0.040625000000000036 0.2546875 0.040625000000000036 0.2765625 0.050000000000000044 0.2765625
0 0.03750000000000003 0.2703125 0.018750000000000034 0.2703125 0.018750000000000037 0.3015625 0.03750000000000003 0.3015625
4 0.012500000000000034 0.2703125 0.0015625000000000333 0.2703125 0.0015625000000000343 0.2890625 0.012500000000000034 0.2890625
2 0.023437500000000007 0.023437500000000003 0.004687500000000002 0.0234375 0.004687500000000006 0.0703125 0.02343750000000001 0.0703125
4 0.025 0.003125000000000002 0.015625 0.0031250000000000015 0.015625000000000003 0.023437500000000003 0.025 0.023437500000000007
4 0.0140625 1.0524308430172566e-18 0.003125 3.827021247335479e-19 0.0031250000000000015 0.01875 0.0140625 0.01875