2 0.2984375 0.051562500000000046 0.278125 0.051562500000000046 0.278125 0.08750000000000005 0.2984375 0.08750000000000005
0 0.378125 0.03281250000000004 0.3625 0.03281250000000004 0.3625 0.059375000000000046 0.378125 0.059375000000000046
4 0.390625 0.09531250000000005 0.3859375 0.09531250000000005 0.3859375 0.10781250000000005 0.390625 0.10781250000000005
2 0.3984375 0.3078125000000001 0.384375 0.3078125000000001 0.384375 0.3437500000000001 0.3984375 0.3437500000000001
0 0.4734375 0.3109375000000001 0.4625 0.3109375000000001 0.4625 0.3375000000000001 0.4734375 0.3375000000000001
4 0.39531250000000007 0.3890625000000001 0.3890625000000001 0.3890625000000001 0.3890625000000001 0.40625 0.39531250000000007 0.40625
4 0.3859375000000001 0.43125 0.3781250000000001 0.43125 0.3781250000000001 0.4421875 0.3859375000000001 0.4421875
0 0.3437500000000001 0.5171875 0.3296875000000001 0.5171875 0.3296875000000001 0.5359375 0.3437500000000001 0.5359375
2 0.4203125 0.45 0.40625 0.45 0.40625 0.4890625 0.4203125 0.4890625
2 0.4734375 0.459375 0.4625 0.459375 0.4625 0.503125 0.4734375 0.503125
4 0.4765625 0.4125 0.471875 0.4125 0.471875 0.434375 0.4765625 0.434375
2 0.4390625 0.578125 0.4203125 0.578125 0.4203125 0.609375 0.4390625 0.609375
4 0.4 0.5 0.3906250000000001 0.5 0.3906250000000001 0.5125 0.4 0.5125
4 0.409375 0.5 0.4 0.5 0.4 0.515625 0.409375 0.515625
4 0.4015625 0.5296875 0.3921875000000001 0.5296875 0.3921875000000001 0.5421875 0.4015625 0.5421875
2 0.2078125000000001 0.66875 0.18750000000000008 0.66875 0.18750000000000008 0.703125 0.2078125000000001 0.703125
2 0.1781250000000001 0.7140625 0.1609375000000001 0.7140625 0.1609375000000001 0.75 0.1781250000000001 0.75
2 0.19687500000000008 0.7765625 0.1781250000000001 0.7765625 0.1781250000000001 0.8109375 0.19687500000000008 0.8109375
0 0.2375000000000001 0.6828125 0.2234375000000001 0.6828125 0.2234375000000001 0.703125 0.2375000000000001 0.703125
2 0.15312500000000012 0.9390625 0.13437500000000013 0.9390625 0.13437500000000013 0.9734375 0.15312500000000012 0.9734375
2 0.17656250000000012 0.903125 0.15781250000000008 0.903125 0.1578125000000001 0.9359375 0.17656250000000012 0.9359375
2 0.18593750000000014 0.9234375 0.16875000000000012 0.9234375 0.16875000000000012 0.9546875 0.18593750000000014 0.9546875
2 0.17187500000000014 0.9484375 0.15156250000000013 0.9484375 0.15156250000000013 0.9875 0.17187500000000014 0.9875
2 0.15468750000000014 0.98125 0.13906250000000014 0.98125 0.13906250000000014 1 0.15468750000000014 1
2 0.2140625000000001 0.93125 0.19218750000000012 0.93125 0.19218750000000012 0.9703125 0.2140625000000001 0.9703125
2 0.2078125000000001 0.8515625 0.18906250000000008 0.8515625 0.18906250000000008 0.8828125 0.2078125000000001 0.8828125
2 0.2093750000000001 0.89375 0.1906250000000001 0.89375 0.1906250000000001 0.9234375 0.2093750000000001 0.9234375
2 0.2250000000000001 0.865625 0.2078125000000001 0.865625 0.2078125000000001 0.896875 0.2250000000000001 0.896875
2 0.23437500000000008 0.80625 0.2140625000000001 0.80625 0.2140625000000001 0.8421875 0.23437500000000008 0.8421875
2 0.2406250000000001 0.840625 0.2218750000000001 0.840625 0.2218750000000001 0.8703125 0.2406250000000001 0.8703125
2 0.26250000000000007 0.8 0.24375000000000008 0.8 0.24375000000000008 0.8328125 0.26250000000000007 0.8328125
2 0.2812500000000001 0.76875 0.2609375000000001 0.76875 0.2609375000000001 0.8015625 0.2812500000000001 0.8015625
6 0.3078125000000001 0.728125 0.2765625000000001 0.728125 0.2765625000000001 0.7796875 0.3078125000000001 0.7796875
2 0.3062500000000001 0.79375 0.28593750000000007 0.79375 0.28593750000000007 0.828125 0.3062500000000001 0.828125
2 0.3265625000000001 0.696875 0.30937500000000007 0.696875 0.30937500000000007 0.7265625 0.3265625000000001 0.7265625
2 0.3515625000000001 0.7171875 0.3343750000000001 0.7171875 0.3343750000000001 0.7484375 0.3515625000000001 0.7484375
2 0.3296875000000001 0.6453125 0.3109375000000001 0.6453125 0.3109375000000001 0.6796875 0.3296875000000001 0.6796875
2 0.3546875000000001 0.665625 0.3343750000000001 0.665625 0.3343750000000001 0.6953125 0.3546875000000001 0.6953125
2 0.3734375000000001 0.578125 0.35625000000000007 0.578125 0.35625000000000007 0.6078125 0.3734375000000001 0.6078125
2 0.3781250000000001 0.6046875 0.3625000000000001 0.6046875 0.3625000000000001 0.628125 0.3781250000000001 0.628125
3 0.3687500000000001 0.63125 0.3500000000000001 0.63125 0.3500000000000001 0.6640625 0.3687500000000001 0.6640625
2 0.39531250000000007 0.6484375 0.3765625000000001 0.6484375 0.3765625000000001 0.6796875 0.39531250000000007 0.6796875
2 0.3968750000000001 0.5875 0.37968750000000007 0.5875 0.37968750000000007 0.6125 0.3968750000000001 0.6125
2 0.26250000000000007 0.9671875 0.2453125000000001 0.9671875 0.2453125000000001 0.9984375 0.26250000000000007 0.9984375
4 0.2484375000000001 0.928125 0.2390625000000001 0.928125 0.2390625000000001 0.940625 0.2484375000000001 0.940625
4 0.13593750000000013 0.9703125 0.12656250000000013 0.9703125 0.12656250000000013 0.9828125 0.13593750000000013 0.9828125
4 0.13750000000000012 0.9859375 0.12812500000000013 0.9859375 0.12812500000000013 0.9984375 0.13750000000000012 0.9984375
4 0.16875000000000012 0.9375 0.15937500000000013 0.9375 0.15937500000000013 0.9515625 0.16875000000000012 0.9515625
4 0.18750000000000014 0.9125 0.17343750000000013 0.9125 0.17343750000000013 0.925 0.18750000000000014 0.925
4 0.1953125000000001 0.9 0.1859375000000001 0.9 0.18593750000000012 0.9125 0.19531250000000014 0.9125
4 0.2484375000000001 0.7765625 0.2390625000000001 0.7765625 0.2390625000000001 0.7921875 0.2484375000000001 0.7921875
4 0.2609375000000001 0.759375 0.2515625000000001 0.759375 0.2515625000000001 0.771875 0.2609375000000001 0.771875
4 0.2562500000000001 0.7796875 0.2468750000000001 0.7796875 0.2468750000000001 0.7921875 0.2562500000000001 0.7921875
4 0.2593750000000001 0.7890625 0.2500000000000001 0.7890625 0.2500000000000001 0.803125 0.2593750000000001 0.803125
4 0.3062500000000001 0.6875 0.2968750000000001 0.6875 0.2968750000000001 0.7078125 0.3062500000000001 0.7078125
4 0.3062500000000001 0.7125 0.3000000000000001 0.7125 0.3000000000000001 0.7265625 0.3062500000000001 0.7265625
4 0.3203125000000001 0.68125 0.3140625000000001 0.68125 0.3140625000000001 0.696875 0.3203125000000001 0.696875
4 0.3312500000000001 0.675 0.3218750000000001 0.675 0.3218750000000001 0.6859375 0.3312500000000001 0.6859375
4 0.3359375000000001 0.6859375 0.3265625000000001 0.6859375 0.3265625000000001 0.6984375 0.3359375000000001 0.6984375
4 0.3468750000000001 0.64375 0.34062500000000007 0.64375 0.34062500000000007 0.65625 0.3468750000000001 0.65625
4 0.3375000000000001 0.6625 0.3312500000000001 0.6625 0.3312500000000001 0.6734375 0.3375000000000001 0.6734375
4 0.3468750000000001 0.61875 0.3375000000000001 0.61875 0.3375000000000001 0.6328125 0.3468750000000001 0.6328125
4 0.3515625000000001 0.6046875 0.3421875000000001 0.6046875 0.3421875000000001 0.615625 0.3515625000000001 0.615625
4 0.403125 0.6734375 0.3937500000000001 0.6734375 0.3937500000000001 0.684375 0.403125 0.684375
4 0.421875 0.6234375 0.415625 0.6234375 0.415625 0.6390625 0.421875 0.6390625
4 0.35625000000000007 0.6140625 0.34843750000000007 0.6140625 0.34843750000000007 0.6265625 0.35625000000000007 0.6265625
4 0.3859375000000001 0.5734375 0.37968750000000007 0.5734375 0.37968750000000007 0.5875 0.3859375000000001 0.5875
2 0.3437500000000001 0.8671875 0.32500000000000007 0.8671875 0.32500000000000007 0.903125 0.3437500000000001 0.903125
4 0.5671875 0.22656250000000008 0.55625 0.22656250000000008 0.55625 0.24218750000000008 0.5671875 0.24218750000000008
4 0.6453125 0.1921875000000001 0.6359375 0.1921875000000001 0.6359375 0.20312500000000008 0.6453125 0.20312500000000008
0 0.6703125 0.0750000000000001 0.6578125 0.0750000000000001 0.6578125 0.0984375000000001 0.6703125 0.0984375000000001
0 0.6859375 0.06562500000000009 0.671875 0.06562500000000009 0.671875 0.08593750000000008 0.6859375 0.08593750000000008
2 0.7171875 8.668203125214859e-17 0.6984375 8.553392487794795e-17 0.6984375 0.021875000000000085 0.7171875 0.02187500000000009
2 0.734375 0.006250000000000087 0.7109375 0.006250000000000086 0.7109375 0.03906250000000009 0.734375 0.03906250000000009
4 0.8375 0.006250000000000101 0.8265625 0.0062500000000001 0.8265625 0.0234375000000001 0.8375 0.0234375000000001
4 0.8390625 0.023437500000000104 0.828125 0.0234375000000001 0.828125 0.0390625000000001 0.8390625 0.0390625000000001
4 0.8125 0.10781250000000009 0.8015625 0.10781250000000009 0.8015625 0.12500000000000008 0.8125 0.12500000000000008
6 0.840625 0.11250000000000009 0.815625 0.11250000000000009 0.815625 0.14843750000000008 0.840625 0.14843750000000008
2 0.8765625 0.16406250000000008 0.859375 0.16406250000000008 0.859375 0.1984375000000001 0.8765625 0.1984375000000001
4 0.75 0.05312500000000009 0.740625 0.05312500000000009 0.740625 0.07187500000000009 0.75 0.07187500000000009
4 0.709375 0.03906250000000009 0.7 0.03906250000000009 0.7 0.05312500000000009 0.709375 0.05312500000000009
2 0.7734375 0.11718750000000008 0.7546875 0.11718750000000008 0.7546875 0.14843750000000008 0.7734375 0.14843750000000008
2 0.7546875 0.1218750000000001 0.734375 0.1218750000000001 0.734375 0.1515625000000001 0.7546875 0.1515625000000001
2 0.7859375 0.12500000000000008 0.765625 0.12500000000000008 0.765625 0.15625000000000008 0.7859375 0.15625000000000008
2 0.759375 0.1515625000000001 0.7421875 0.1515625000000001 0.7421875 0.1781250000000001 0.759375 0.1781250000000001
2 0.7328125 0.1593750000000001 0.7125 0.1593750000000001 0.7125 0.1921875000000001 0.7328125 0.1921875000000001
0 0.74375 0.2000000000000001 0.7296875 0.2000000000000001 0.7296875 0.22656250000000008 0.74375 0.22656250000000008
0 0.7546875 0.1843750000000001 0.74375 0.1843750000000001 0.74375 0.20468750000000008 0.7546875 0.20468750000000008
4 0.765625 0.18750000000000008 0.75625 0.18750000000000008 0.75625 0.2015625000000001 0.765625 0.2015625000000001
4 0.7828125 0.1843750000000001 0.7734375 0.1843750000000001 0.7734375 0.19687500000000008 0.7828125 0.19687500000000008
2 0.7109375 0.1984375000000001 0.690625 0.1984375000000001 0.690625 0.22812500000000008 0.7109375 0.22812500000000008
2 0.7296875 0.2140625000000001 0.7140625 0.2140625000000001 0.7140625 0.24218750000000008 0.7296875 0.24218750000000008
2 0.69375 0.2296875000000001 0.675 0.2296875000000001 0.675 0.2593750000000001 0.69375 0.2593750000000001
2 0.7171875 0.2406250000000001 0.696875 0.2406250000000001 0.696875 0.27812500000000007 0.7171875 0.27812500000000007
2 0.678125 0.25468750000000007 0.659375 0.25468750000000007 0.659375 0.28593750000000007 0.678125 0.28593750000000007
3 0.65625 0.3515625000000001 0.6359375 0.3515625000000001 0.6359375 0.3843750000000001 0.65625 0.3843750000000001
5 0.665625 0.2875000000000001 0.634375 0.2875000000000001 0.634375 0.3515625000000001 0.665625 0.3515625000000001
2 0.6296875 0.35625000000000007 0.6125 0.35625000000000007 0.6125 0.3859375000000001 0.6296875 0.3859375000000001
2 0.625 0.4109375 0.6046875 0.4109375 0.6046875 0.4453125 0.625 0.4453125
0 0.6890625 0.2593750000000001 0.6765625 0.2593750000000001 0.6765625 0.2812500000000001 0.6890625 0.2812500000000001
0 0.696875 0.2890625000000001 0.6828125 0.2890625000000001 0.6828125 0.30937500000000007 0.696875 0.30937500000000007
0 0.68125 0.3062500000000001 0.6703125 0.3062500000000001 0.6703125 0.3296875000000001 0.68125 0.3296875000000001
2 0.6390625 0.3828125000000001 0.6234375 0.3828125000000001 0.6234375 0.4109375 0.6390625 0.4109375
0 0.6796875 0.2843750000000001 0.6671875 0.2843750000000001 0.6671875 0.3062500000000001 0.6796875 0.3062500000000001
4 0.7390625 0.2375000000000001 0.73125 0.2375000000000001 0.73125 0.25468750000000007 0.7390625 0.25468750000000007
4 0.725 0.2515625000000001 0.7171875 0.2515625000000001 0.7171875 0.26250000000000007 0.725 0.26250000000000007
4 0.7109375 0.2750000000000001 0.703125 0.2750000000000001 0.703125 0.28593750000000007 0.7109375 0.28593750000000007
4 0.703125 0.2796875000000001 0.6953125 0.2796875000000001 0.6953125 0.2953125000000001 0.703125 0.2953125000000001
4 0.6984375 0.26250000000000007 0.690625 0.26250000000000007 0.690625 0.2750000000000001 0.6984375 0.2750000000000001
4 0.6984375 0.32500000000000007 0.690625 0.32500000000000007 0.690625 0.3375000000000001 0.6984375 0.3375000000000001
4 0.7234375 0.3125000000000001 0.7140625 0.3125000000000001 0.7140625 0.32500000000000007 0.7234375 0.32500000000000007
4 0.675 0.3375000000000001 0.665625 0.3375000000000001 0.665625 0.34843750000000007 0.675 0.34843750000000007
4 0.6328125 0.3281250000000001 0.6234375 0.3281250000000001 0.6234375 0.3437500000000001 0.6328125 0.3437500000000001
4 0.6265625 0.3437500000000001 0.621875 0.3437500000000001 0.621875 0.35625000000000007 0.6265625 0.35625000000000007
4 0.615625 0.3671875000000001 0.6078125 0.3671875000000001 0.6078125 0.37968750000000007 0.615625 0.37968750000000007
4 0.6078125 0.3843750000000001 0.6015625 0.3843750000000001 0.6015625 0.3937500000000001 0.6078125 0.3937500000000001
4 0.6171875 0.4421875 0.609375 0.4421875 0.609375 0.453125 0.6171875 0.453125
4 0.625 0.4296875 0.61875 0.4296875 0.61875 0.4453125 0.625 0.4453125
4 0.6203125 0.45 0.6140625 0.45 0.6140625 0.4640625 0.6203125 0.4640625
4 0.6265625 0.44375 0.6203125 0.44375 0.6203125 0.4546875 0.6265625 0.4546875
4 0.628125 0.4546875 0.6203125 0.4546875 0.6203125 0.465625 0.628125 0.465625
4 0.6296875 0.46875 0.6234375 0.46875 0.6234375 0.4828125 0.6296875 0.4828125
4 0.621875 0.3937500000000001 0.6171875 0.3937500000000001 0.6171875 0.4046875 0.621875 0.4046875
2 0.7046875 0.6453125 0.6859375 0.6453125 0.6859375 0.68125 0.7046875 0.68125
2 0.7140625 0.6828125 0.7 0.6828125 0.7 0.7125 0.7140625 0.7125
0 0.6781250000000002 0.771875 0.6640625000000002 0.771875 0.6640625000000002 0.79375 0.6781250000000002 0.79375
4 0.7031250000000002 0.8546875 0.6953125000000002 0.8546875 0.6953125000000002 0.871875 0.7031250000000002 0.871875
2 0.6578125000000001 0.828125 0.6390625000000002 0.828125 0.6390625000000002 0.8703125 0.6578125000000001 0.8703125
3 0.6359375000000002 0.796875 0.6171875000000002 0.796875 0.6171875000000002 0.8359375 0.6359375000000002 0.8359375
2 0.6343750000000001 0.8328125 0.6156250000000002 0.8328125 0.6156250000000002 0.871875 0.6343750000000001 0.871875
2 0.6140625000000002 0.79375 0.5968750000000002 0.79375 0.5968750000000002 0.828125 0.6140625000000002 0.828125
2 0.6234375000000002 0.7546875 0.6093750000000002 0.7546875 0.6093750000000002 0.7875 0.6234375000000002 0.7875
0 0.6125 0.6203125 0.6015625 0.6203125 0.6015625 0.646875 0.6125 0.646875
0 0.5734375 0.640625 0.5625 0.640625 0.5625 0.6640625 0.5734375 0.6640625
2 0.565625 0.6546875 0.546875 0.6546875 0.546875 0.69375 0.565625 0.69375
0 0.565625 0.7078125 0.5546875 0.7078125 0.5546875000000001 0.7296875 0.5656250000000002 0.7296875
0 0.5890625000000002 0.765625 0.5781250000000002 0.765625 0.5781250000000002 0.7890625 0.5890625000000002 0.7890625
3 0.5515625 0.6890625 0.5359375 0.6890625 0.5359375 0.725 0.5515625 0.725
4 0.5359375 0.675 0.528125 0.675 0.528125 0.69375 0.5359375 0.69375
4 0.546875 0.65625 0.5390625 0.65625 0.5390625 0.671875 0.546875 0.671875
4 0.5484375 0.6375 0.54375 0.6375 0.54375 0.6515625 0.5484375 0.6515625
4 0.55625 0.6265625 0.546875 0.6265625 0.546875 0.6453125 0.55625 0.6453125
4 0.58125 0.6546875 0.571875 0.6546875 0.571875 0.6734375 0.58125 0.6734375
4 0.571875 0.6765625 0.565625 0.6765625 0.565625 0.690625 0.571875 0.690625
4 0.571875 0.6921875 0.565625 0.6921875 0.565625 0.7109375 0.571875 0.7109375
4 0.6234375 0.6859375 0.6140625 0.6859375 0.6140625 0.70625 0.6234375 0.70625
4 0.6656250000000001 0.7921875 0.6562500000000002 0.7921875 0.6562500000000002 0.8078125 0.6656250000000001 0.8078125
2 0.6312500000000002 0.925 0.6125000000000002 0.925 0.6125000000000002 0.9578125 0.6312500000000002 0.9578125
1 0.6125 0.6828125 0.5734375 0.6828125 0.5734375 0.7609375 0.6125000000000002 0.7609375