2 0.3421875 0.07187500000000005 0.3234375 0.07187500000000005 0.3234375 0.10781250000000005 0.3421875 0.10781250000000005
2 0.390625 0.16718750000000004 0.3734375 0.16718750000000004 0.3734375 0.19687500000000005 0.390625 0.19687500000000005
2 0.446875 0.5578125 0.428125 0.5578125 0.428125 0.5921875 0.446875 0.5921875
6 0.35625000000000007 0.65625 0.3296875000000001 0.65625 0.3296875000000001 0.7 0.35625000000000007 0.7
2 0.640625 0.32500000000000007 0.6234375 0.32500000000000007 0.6234375 0.3593750000000001 0.640625 0.3593750000000001
1 0.6406250000000002 0.753125 0.5953125000000001 0.753125 0.5953125000000001 0.84375 0.6406250000000002 0.84375
2 0.4125 0.565625 0.3937500000000001 0.565625 0.3937500000000001 0.59375 0.4125 0.59375
0 0.3421875000000001 0.5140625 0.3281250000000001 0.5140625 0.3281250000000001 0.5328125 0.3421875000000001 0.5328125
2 0.1921875000000001 0.7765625 0.1765625000000001 0.7765625 0.1765625000000001 0.8078125 0.1921875000000001 0.8078125
4 0.3906250000000001 0.5859375 0.3812500000000001 0.5859375 0.3812500000000001 0.6 0.3906250000000001 0.6
0 0.23593750000000008 0.684375 0.2218750000000001 0.684375 0.2218750000000001 0.7046875 0.23593750000000008 0.7046875
2 0.3265625000000001 0.70625 0.3078125000000001 0.70625 0.3078125000000001 0.7375 0.3265625000000001 0.7375
2 0.675 0.2656250000000001 0.653125 0.2656250000000001 0.653125 0.2984375000000001 0.675 0.2984375000000001
2 0.3765625000000001 0.6296875 0.3546875000000001 0.6296875 0.3546875000000001 0.659375 0.3765625000000001 0.659375
2 0.6234375 0.4 0.603125 0.4 0.603125 0.4375 0.6234375 0.4375
2 0.6703125000000002 0.7296875 0.6531250000000002 0.7296875 0.6531250000000002 0.765625 0.6703125000000002 0.765625
2 0.5687500000000001 0.71875 0.55 0.71875 0.55 0.753125 0.5687500000000002 0.753125
2 0.5937500000000001 0.7234375 0.575 0.7234375 0.5750000000000001 0.759375 0.5937500000000002 0.759375
2 0.5906250000000002 0.7515625 0.5703125000000002 0.7515625 0.5703125000000002 0.7890625 0.5906250000000002 0.7890625
1 0.590625 0.6359375 0.55625 0.6359375 0.55625 0.715625 0.590625 0.715625
2 0.7531250000000002 0.9078125 0.7328125000000002 0.9078125 0.7328125000000002 0.9453125 0.7531250000000002 0.9453125
2 0.7296875000000002 0.8546875 0.7093750000000002 0.8546875 0.7093750000000002 0.878125 0.7296875000000002 0.878125
4 0.553125 0.65 0.5453125 0.65 0.5453125 0.6671875 0.553125 0.6671875
4 0.54375 0.6640625 0.5375 0.6640625 0.5375 0.678125 0.54375 0.678125
4 0.5453125 0.6796875 0.5375 0.6796875 0.5375 0.696875 0.5453125 0.696875
4 0.546875 0.7 0.5390625 0.7 0.5390625 0.715625 0.546875 0.715625
4 0.5375 0.7 0.53125 0.7 0.53125 0.7140625 0.5375 0.7140625
2 0.7140625 0.2140625000000001 0.6953125 0.2140625000000001 0.6953125 0.2390625000000001 0.7140625 0.2390625000000001
2 0.8421875 0.12031250000000009 0.815625 0.12031250000000009 0.815625 0.15781250000000008 0.8421875 0.15781250000000008
2 0.73125 0.01562500000000009 0.7125 0.01562500000000009 0.7125 0.04687500000000009 0.73125 0.04687500000000009
0 0.6859375 0.06875000000000009 0.671875 0.06875000000000009 0.671875 0.09375000000000008 0.6859375 0.09375000000000008
0 0.6703125 0.08125000000000009 0.659375 0.08125000000000009 0.659375 0.10468750000000009 0.6703125 0.10468750000000009
2 0.2953125 0.020312500000000035 0.275 0.020312500000000032 0.275 0.06406250000000005 0.2953125 0.06406250000000005
2 0.2453125000000001 0.828125 0.22656250000000008 0.828125 0.22656250000000008 0.859375 0.2453125000000001 0.859375
2 0.2687500000000001 0.7953125 0.24375000000000008 0.7953125 0.24375000000000008 0.8359375 0.2687500000000001 0.8359375
2 0.2062500000000001 0.665625 0.1859375000000001 0.665625 0.1859375000000001 0.7015625 0.2062500000000001 0.7015625
2 0.30937500000000007 0.7265625 0.2890625000000001 0.7265625 0.2890625000000001 0.7609375 0.30937500000000007 0.7609375
2 0.28593750000000007 0.7625 0.2656250000000001 0.7625 0.2656250000000001 0.79375 0.28593750000000007 0.79375
2 0.3937500000000001 0.6015625 0.3750000000000001 0.6015625 0.3750000000000001 0.6296875 0.3937500000000001 0.6296875
2 0.38125 0.08906250000000004 0.365625 0.08906250000000004 0.365625 0.11875000000000005 0.38125 0.11875000000000005
0 0.365625 0.30156250000000007 0.3515625 0.3015625 0.3515625 0.32500000000000007 0.365625 0.32500000000000007
2 0.3140625000000001 0.675 0.2921875000000001 0.675 0.2921875000000001 0.7140625 0.3140625000000001 0.7140625
2 0.4859375 0.3968750000000001 0.471875 0.3968750000000001 0.471875 0.4375 0.4859375 0.4375
5 0.6453125 0.3781250000000001 0.625 0.3781250000000001 0.625 0.4140625 0.6453125 0.4140625
2 0.24375000000000008 0.5 0.22812500000000008 0.5 0.22812500000000008 0.5359375 0.24375000000000008 0.5359375
4 0.3750000000000001 0.615625 0.3687500000000001 0.615625 0.3687500000000001 0.628125 0.3750000000000001 0.628125
4 0.3375000000000001 0.6953125 0.3281250000000001 0.6953125 0.3281250000000001 0.7140625 0.3375000000000001 0.7140625
2 0.6609375 0.32500000000000007 0.640625 0.32500000000000007 0.640625 0.3593750000000001 0.6609375 0.3593750000000001
2 0.6234375 0.3656250000000001 0.6046875 0.3656250000000001 0.6046875 0.3984375000000001 0.6234375 0.3984375000000001
4 0.53125 0.6875 0.5203125 0.6875 0.5203125 0.7046875 0.53125 0.7046875
2 0.4890625 0.4609375 0.475 0.4609375 0.475 0.5078125 0.4890625 0.5078125
4 0.6171875 0.4484375 0.6078125 0.4484375 0.6078125 0.4625 0.6171875 0.4625
4 0.6046875 0.434375 0.5953125 0.434375 0.5953125 0.4546875 0.6046875 0.4546875
4 0.746875 0.03281250000000009 0.7375 0.03281250000000009 0.7375 0.05625000000000009 0.746875 0.05625000000000009
2 0.3375000000000001 0.740625 0.3187500000000001 0.740625 0.3187500000000001 0.771875 0.3375000000000001 0.771875
2 0.16562500000000013 0.9171875 0.14687500000000014 0.9171875 0.14687500000000014 0.9484375 0.16562500000000013 0.9484375
4 0.4125 0.5515625 0.40625 0.5515625 0.40625 0.565625 0.4125 0.565625
2 0.4125 0.5078125 0.3937500000000001 0.5078125 0.3937500000000001 0.5484375 0.4125 0.5484375
2 0.659375 0.29375000000000007 0.6421875 0.29375000000000007 0.6421875 0.3281250000000001 0.659375 0.3281250000000001
4 0.5984375 0.70625 0.590625 0.70625 0.590625 0.721875 0.5984375 0.721875
4 0.5375000000000001 0.7140625 0.5296875 0.7140625 0.5296875000000001 0.734375 0.5375000000000002 0.734375
2 0.41875 0.17187500000000006 0.4 0.17187500000000006 0.4 0.20312500000000008 0.41875 0.20312500000000008
2 0.471875 0.5140625 0.4515625 0.5140625 0.4515625 0.54375 0.471875 0.54375
2 0.675 0.3000000000000001 0.65625 0.3000000000000001 0.65625 0.3312500000000001 0.675 0.3312500000000001
2 0.403125 0.64375 0.3781250000000001 0.64375 0.3781250000000001 0.675 0.403125 0.675
2 0.46875 0.3625000000000001 0.4546875 0.3625000000000001 0.4546875 0.4015625 0.46875 0.4015625
2 0.4671875 0.55 0.45 0.55 0.45 0.584375 0.4671875 0.584375
2 0.4328125 0.2593750000000001 0.4125 0.2593750000000001 0.4125 0.2984375000000001 0.4328125 0.2984375000000001
2 0.4328125 0.625 0.4109375 0.625 0.4109375 0.6546875 0.4328125 0.6546875
2 0.24218750000000008 0.8875 0.21875000000000008 0.8875 0.21875000000000008 0.91875 0.24218750000000008 0.91875
4 0.2734375000000001 0.8859375 0.2640625000000001 0.8859375 0.2640625000000001 0.9 0.2734375000000001 0.9
2 0.1890625000000001 0.8828125 0.1687500000000001 0.8828125 0.16875000000000012 0.915625 0.18906250000000013 0.915625
2 0.37968750000000007 0.571875 0.3609375000000001 0.571875 0.3609375000000001 0.60625 0.37968750000000007 0.60625
2 0.3375000000000001 0.6328125 0.3203125000000001 0.6328125 0.3203125000000001 0.6671875 0.3375000000000001 0.6671875
2 0.4203125 0.3578125000000001 0.4015625 0.3578125000000001 0.4015625 0.3968750000000001 0.4203125 0.3968750000000001
2 0.3078125 0.009375000000000038 0.290625 0.009375000000000036 0.290625 0.04375000000000003 0.3078125 0.04375000000000003
2 0.484375 0.3468750000000001 0.46875 0.3468750000000001 0.46875 0.3828125000000001 0.484375 0.3828125000000001
2 0.7328125000000002 0.934375 0.7140625000000002 0.934375 0.7140625000000002 0.96875 0.7328125000000002 0.96875
0 0.7203125 0.0906250000000001 0.7015625 0.0906250000000001 0.7015625 0.12031250000000009 0.7203125 0.12031250000000009
4 0.790625 0.012500000000000094 0.7765625 0.012500000000000094 0.7765625 0.0296875000000001 0.790625 0.0296875000000001
2 0.7921875 0.11250000000000009 0.771875 0.11250000000000009 0.771875 0.14843750000000008 0.7921875 0.14843750000000008
2 0.21250000000000008 0.8421875 0.1921875000000001 0.8421875 0.1921875000000001 0.8796875 0.21250000000000008 0.8796875
4 0.22656250000000008 0.825 0.2171875000000001 0.825 0.2171875000000001 0.8453125 0.22656250000000008 0.8453125
4 0.3531250000000001 0.6453125 0.3437500000000001 0.6453125 0.3437500000000001 0.65625 0.3531250000000001 0.65625
4 0.35625000000000007 0.634375 0.3468750000000001 0.634375 0.3468750000000001 0.6453125 0.35625000000000007 0.6453125
2 0.3609375 0.11250000000000004 0.3453125 0.11250000000000004 0.3453125 0.15000000000000005 0.3609375 0.15000000000000005
0 0.6828125 0.1593750000000001 0.6703125 0.1593750000000001 0.6703125 0.1843750000000001 0.6828125 0.1843750000000001
2 0.4671875 0.2671875000000001 0.4515625 0.2671875000000001 0.4515625 0.2968750000000001 0.4671875 0.2968750000000001
4 0.484375 0.3281250000000001 0.4765625 0.3281250000000001 0.4765625 0.3453125000000001 0.484375 0.3453125000000001
4 0.4671875 0.3421875000000001 0.4609375 0.3421875000000001 0.4609375 0.3593750000000001 0.4671875 0.3593750000000001
2 0.640625 0.6640625 0.628125 0.6640625 0.628125 0.7 0.640625 0.7
2 0.75 0.21250000000000008 0.73125 0.21250000000000008 0.73125 0.24218750000000008 0.75 0.24218750000000008
2 0.725 0.1750000000000001 0.709375 0.1750000000000001 0.709375 0.20312500000000008 0.725 0.20312500000000008
1 0.7234375 0.2562500000000001 0.675 0.2562500000000001 0.675 0.3468750000000001 0.7234375 0.3468750000000001
2 0.7421875 0.1531250000000001 0.721875 0.1531250000000001 0.721875 0.18906250000000008 0.7421875 0.18906250000000008
4 0.6265625 0.45625 0.6203125 0.45625 0.6203125 0.46875 0.6265625 0.46875
4 0.6296875 0.4375 0.6234375 0.4375 0.6234375 0.4515625 0.6296875 0.4515625
4 0.6328125 0.421875 0.6265625 0.421875 0.6265625 0.4359375 0.6328125 0.4359375
4 0.621875 0.471875 0.6140625 0.471875 0.6140625 0.484375 0.621875 0.484375
4 0.6656250000000001 0.7796875 0.6562500000000002 0.7796875 0.6562500000000002 0.8015625 0.6656250000000001 0.8015625
2 0.41875 0.428125 0.4046875 0.428125 0.4046875 0.465625 0.41875 0.465625
2 0.14843750000000014 0.9421875 0.12812500000000013 0.9421875 0.12812500000000013 0.9796875 0.14843750000000014 0.9796875
0 0.5546875 0.4703125 0.540625 0.4703125 0.540625 0.4984375 0.5546875 0.4984375
2 0.40625 0.21250000000000008 0.390625 0.21250000000000008 0.390625 0.24375000000000008 0.40625 0.24375000000000008
4 0.3609375 0.08437500000000005 0.3515625 0.08437500000000005 0.3515625 0.10156250000000004 0.3609375 0.10156250000000004
4 0.8328125 0.0421875000000001 0.8203125 0.0421875000000001 0.8203125 0.05937500000000011 0.8328125 0.05937500000000011
0 0.8671875 0.0031250000000001056 0.8515625 0.0031250000000001043 0.8515625 0.026562500000000107 0.8671875 0.02656250000000011
4 0.7609375 0.17968750000000008 0.75 0.17968750000000008 0.75 0.1984375000000001 0.7609375 0.1984375000000001
0 0.7296875 0.2328125000000001 0.7171875 0.2328125000000001 0.7171875 0.2531250000000001 0.7296875 0.2531250000000001
4 0.7359375 0.26250000000000007 0.7265625 0.26250000000000007 0.7265625 0.2765625000000001 0.7359375 0.2765625000000001
2 0.2484375000000001 0.9078125 0.22812500000000008 0.9078125 0.22812500000000008 0.9390625 0.2484375000000001 0.9390625
4 0.3359375000000001 0.7859375 0.3281250000000001 0.7859375 0.3281250000000001 0.8015625 0.3359375000000001 0.8015625
4 0.3609375000000001 0.7328125 0.3531250000000001 0.7328125 0.3531250000000001 0.746875 0.3609375000000001 0.746875
4 0.2453125000000001 0.803125 0.23593750000000008 0.803125 0.23593750000000008 0.8171875 0.2453125000000001 0.8171875
4 0.2562500000000001 0.775 0.2500000000000001 0.775 0.2500000000000001 0.790625 0.2562500000000001 0.790625
4 0.28593750000000007 0.7140625 0.2750000000000001 0.7140625 0.2750000000000001 0.7296875 0.28593750000000007 0.7296875
4 0.28593750000000007 0.728125 0.27812500000000007 0.728125 0.27812500000000007 0.7421875 0.28593750000000007 0.7421875
4 0.3546875000000001 0.5953125 0.3453125000000001 0.5953125 0.3453125000000001 0.615625 0.3546875000000001 0.615625
4 0.471875 0.471875 0.465625 0.471875 0.465625 0.490625 0.471875 0.490625
4 0.459375 0.44375 0.4546875 0.44375 0.4546875 0.465625 0.459375 0.465625
4 0.49375 0.5234375 0.4875 0.5234375 0.4875 0.5421875 0.49375 0.5421875
2 0.453125 0.3109375000000001 0.4375 0.3109375000000001 0.4375 0.34062500000000007 0.453125 0.34062500000000007
2 0.446875 0.21093750000000008 0.428125 0.21093750000000008 0.428125 0.2453125000000001 0.446875 0.2453125000000001
2 0.3984375 0.12187500000000004 0.3828125 0.12187500000000004 0.3828125 0.15312500000000004 0.3984375 0.15312500000000004
4 0.4140625 0.13593750000000004 0.4046875 0.13593750000000004 0.4046875 0.15937500000000004 0.4140625 0.15937500000000004
2 0.328125 0.00468750000000004 0.3125 0.004687500000000039 0.3125 0.04531250000000004 0.328125 0.04531250000000005
4 0.34375 0.025000000000000043 0.334375 0.025000000000000043 0.334375 0.043750000000000046 0.34375 0.043750000000000046
4 0.340625 0.003125000000000041 0.33125 0.00312500000000004 0.33125 0.02187500000000004 0.340625 0.021875000000000044
0 0.453125 0.14218750000000005 0.4390625 0.14218750000000005 0.4390625 0.16406250000000006 0.453125 0.16406250000000006
2 0.7390625 0.1921875000000001 0.7203125 0.1921875000000001 0.7203125 0.22031250000000008 0.7390625 0.22031250000000008
4 0.671875 0.25468750000000007 0.665625 0.25468750000000007 0.665625 0.27031250000000007 0.671875 0.27031250000000007
0 0.5984375 0.6171875 0.584375 0.6171875 0.584375 0.640625 0.5984375 0.640625
2 0.7125000000000001 0.8890625 0.6953125000000002 0.8890625 0.6953125000000002 0.9234375 0.7125000000000001 0.9234375
6 0.6453125000000002 0.853125 0.6140625000000002 0.853125 0.6140625000000002 0.909375 0.6453125000000002 0.909375
2 0.6656250000000001 0.90625 0.6468750000000002 0.90625 0.6468750000000002 0.9375 0.6656250000000001 0.9375
2 0.5687500000000002 0.75 0.5500000000000002 0.75 0.5500000000000002 0.78125 0.5687500000000002 0.78125
4 0.4625 0.5 0.453125 0.5 0.453125 0.5140625 0.4625 0.5140625
2 0.17343750000000013 0.953125 0.15312500000000012 0.953125 0.15312500000000012 0.984375 0.17343750000000013 0.984375
2 0.18750000000000014 0.9203125 0.16875000000000012 0.9203125 0.16875000000000012 0.9515625 0.18750000000000014 0.9515625
4 0.3046875000000001 0.7125 0.2968750000000001 0.7125 0.2968750000000001 0.7265625 0.3046875000000001 0.7265625
4 0.6859375000000002 0.771875 0.6781250000000002 0.771875 0.6781250000000002 0.790625 0.6859375000000002 0.790625