2 0.023437500000000066 0.53125 0.004687500000000065 0.53125 0.004687500000000067 0.5515625 0.023437500000000066 0.5515625
0 0.10781250000000009 0.6171875 0.09531250000000006 0.6171875 0.09531250000000006 0.6265625 0.10781250000000009 0.6265625
0 0.09843750000000007 0.5703125 0.08750000000000006 0.5703125 0.08750000000000006 0.58125 0.09843750000000007 0.58125
5 0.14062500000000006 0.5359375 0.09687500000000007 0.5359375 0.09687500000000007 0.5671875 0.14062500000000008 0.5671875
5 0.14843750000000008 0.6671875 0.10781250000000009 0.6671875 0.10781250000000009 0.6875 0.14843750000000008 0.6875
5 0.17343750000000008 0.634375 0.13281250000000008 0.634375 0.13281250000000008 0.6546875 0.17343750000000008 0.6546875
0 0.23437500000000008 0.609375 0.22031250000000008 0.609375 0.22031250000000008 0.6203125 0.23437500000000008 0.6203125
5 0.3031250000000001 0.628125 0.2687500000000001 0.628125 0.2687500000000001 0.6484375 0.3031250000000001 0.6484375
4 0.3234375000000001 0.6109375 0.3140625000000001 0.6109375 0.3140625000000001 0.625 0.3234375000000001 0.625
5 0.44375 0.534375 0.403125 0.534375 0.403125 0.5578125 0.44375 0.5578125
5 0.4171875 0.403125 0.37968750000000007 0.403125 0.37968750000000007 0.428125 0.4171875 0.428125
2 0.3578125 0.2796875 0.3390625 0.2796875 0.3390625 0.3 0.3578125 0.3
2 0.5171875 0.3125000000000001 0.509375 0.3125000000000001 0.509375 0.3468750000000001 0.5171875 0.3468750000000001
2 0.5296875 0.3140625000000001 0.5203125 0.3140625000000001 0.5203125 0.3453125000000001 0.5296875 0.3453125000000001
2 0.56875 0.3062500000000001 0.5625 0.3062500000000001 0.5625 0.3296875000000001 0.56875 0.3296875000000001
2 0.578125 0.3062500000000001 0.5703125 0.3062500000000001 0.5703125 0.33281250000000007 0.578125 0.33281250000000007
6 0.5171875 0.6140625 0.4859375 0.6140625 0.4859375 0.634375 0.5171875 0.634375
2 0.55625 0.5890625 0.5375 0.5890625 0.5375 0.6046875 0.55625 0.6046875
4 0.4828125 0.55625 0.471875 0.55625 0.471875 0.5703125 0.4828125 0.5703125
3 0.5921875 0.6203125 0.5765625 0.6203125 0.5765625 0.634375 0.5921875 0.634375
4 0.634375 0.615625 0.6234375 0.615625 0.6234375 0.625 0.634375 0.625
2 0.7203125 0.609375 0.7046875 0.609375 0.7046875 0.6296875 0.7203125 0.6296875
2 0.73125 0.6406250000000001 0.721875 0.640625 0.721875 0.6703125000000001 0.73125 0.6703125000000002
0 0.8328125 0.5984375000000002 0.8234375 0.5984375000000002 0.8234375 0.6156250000000002 0.8328125 0.6156250000000002
0 0.840625 0.5640625000000001 0.8296875 0.5640625000000001 0.8296875 0.5843750000000002 0.840625 0.5843750000000002
1 0.690625 0.3750000000000001 0.6421875 0.3750000000000001 0.6421875 0.3968750000000001 0.690625 0.3968750000000001
5 0.753125 0.3765625000000001 0.7015625 0.3765625000000001 0.7015625 0.3937500000000001 0.753125 0.3937500000000001
4 0.740625 0.39531250000000007 0.7296875 0.39531250000000007 0.7296875 0.40937500000000016 0.740625 0.40937500000000016
6 0.715625 0.44375 0.6828125 0.44375 0.6828125 0.4625 0.715625 0.4625
2 0.7296875 0.47343750000000007 0.7109375 0.4734375 0.7109375 0.4875000000000001 0.7296875 0.48750000000000016
3 0.7890625 0.4390625000000002 0.765625 0.4390625000000002 0.765625 0.45312500000000017 0.7890625 0.45312500000000017
2 0.815625 0.4187500000000002 0.79375 0.4187500000000002 0.79375 0.43750000000000017 0.815625 0.43750000000000017
3 0.840625 0.4812500000000002 0.8171875 0.4812500000000002 0.8171875 0.5015625000000001 0.840625 0.5015625000000001
4 0.828125 0.3859375000000001 0.8171875 0.3859375000000001 0.8171875 0.4000000000000002 0.828125 0.4000000000000002
5 0.915625 0.5250000000000001 0.875 0.5250000000000001 0.875 0.5562500000000001 0.915625 0.5562500000000001
5 0.9140625 0.6156250000000002 0.875 0.6156250000000002 0.875 0.6546875000000002 0.9140625 0.6546875000000002
0 0.9578125 0.6031250000000001 0.94375 0.6031250000000001 0.94375 0.6187500000000001 0.9578125 0.6187500000000001
2 0.99375 0.5968750000000002 0.9734375 0.5968750000000002 0.9734375 0.6171875000000002 0.99375 0.6171875000000002