2 0.02187500000000001 0.028125 0.0031250000000000028 0.028125 0.0031250000000000062 0.075 0.021875000000000012 0.075
4 0.023437500000000003 0.006250000000000001 0.0109375 0.00625 0.010937500000000001 0.0265625 0.023437500000000007 0.0265625
4 0.010937500000000001 7.654042494670958e-19 0.0015625 1.9135106236677395e-19 0.0015625000000000014 0.021875 0.010937500000000003 0.021875
3 0.07968750000000005 0.3 0.051562500000000046 0.3 0.051562500000000046 0.36875 0.07968750000000005 0.36875
2 0.16093750000000004 0.24375 0.13593750000000004 0.24375 0.13593750000000004 0.2890625 0.16093750000000004 0.2890625
0 0.029687500000000054 0.4375 0.009375000000000053 0.4375 0.009375000000000053 0.4578125 0.029687500000000054 0.4578125
4 0.026562500000000055 0.4609375 0.012500000000000056 0.4609375 0.012500000000000056 0.4703125 0.026562500000000055 0.4703125
0 0.2015625000000001 0.371875 0.18125000000000005 0.371875 0.18125000000000005 0.3875 0.2015625000000001 0.3875
4 0.26250000000000007 0.365625 0.2484375000000001 0.365625 0.2484375000000001 0.3765625 0.26250000000000007 0.3765625
4 0.3734375000000001 0.4046875 0.3578125000000001 0.4046875 0.3578125000000001 0.4203125 0.3734375000000001 0.4203125
2 0.50625 0.3609375000000001 0.4828125 0.3609375000000001 0.4828125 0.3812500000000001 0.50625 0.3812500000000001
4 0.565625 0.3906250000000001 0.5515625 0.3906250000000001 0.5515625 0.4078125 0.565625 0.4078125
3 0.81875 0.4078125000000002 0.7921875 0.4078125000000002 0.7921875 0.42968750000000017 0.81875 0.42968750000000017
2 0.778125 0.1593750000000001 0.7515625 0.1593750000000001 0.7515625 0.17968750000000008 0.778125 0.17968750000000008
2 0.7890625 0.24218750000000008 0.7578125 0.24218750000000008 0.7578125 0.26250000000000007 0.7890625 0.26250000000000007
2 0.9078125 0.32500000000000007 0.8796875 0.32500000000000007 0.8796875 0.3515625000000001 0.9078125 0.3515625000000001
3 0.9859375 0.3968750000000001 0.9609375 0.3968750000000001 0.9609375 0.4187500000000002 0.9859375 0.4187500000000002
4 0.9171875 0.5015625000000001 0.9 0.5015625000000001 0.9 0.5187500000000002 0.9171875 0.5187500000000002
2 0.7359375 0.5109375 0.709375 0.5109375 0.709375 0.5359375000000001 0.7359375 0.5359375000000002
2 0.715625 0.4875 0.690625 0.4875 0.690625 0.5078125 0.715625 0.5078125
2 0.5859375 0.5078125 0.5609375 0.5078125 0.5609375 0.53125 0.5859375 0.53125
2 0.5515625 0.484375 0.525 0.484375 0.525 0.509375 0.5515625 0.509375
4 0.4375 0.5578125 0.4234375 0.5578125 0.4234375 0.571875 0.4375 0.571875
2 0.38750000000000007 0.5203125 0.3609375000000001 0.5203125 0.3609375000000001 0.5453125 0.38750000000000007 0.5453125
2 0.3687500000000001 0.49375 0.3468750000000001 0.49375 0.3468750000000001 0.515625 0.3687500000000001 0.515625
0 0.28593750000000007 0.5390625 0.2671875000000001 0.5390625 0.2671875000000001 0.559375 0.28593750000000007 0.559375
2 0.18281250000000004 0.5125 0.15625000000000006 0.5125 0.15625000000000006 0.5359375 0.18281250000000004 0.5359375
2 0.16093750000000007 0.540625 0.13281250000000006 0.540625 0.13281250000000006 0.5640625 0.1609375000000001 0.5640625
2 0.1687500000000001 0.5765625 0.1437500000000001 0.5765625 0.1437500000000001 0.596875 0.1687500000000001 0.596875
2 0.09218750000000006 0.5453125 0.06718750000000007 0.5453125 0.06718750000000007 0.5671875 0.09218750000000006 0.5671875
4 0.08593750000000007 0.571875 0.07187500000000006 0.571875 0.07187500000000006 0.584375 0.08593750000000007 0.584375
2 0.021875000000000075 0.5921875 7.252205263700732e-17 0.5921875 7.386151007357473e-17 0.6140625 0.02187500000000008 0.6140625
2 0.07031250000000007 0.509375 0.04687500000000007 0.509375 0.04687500000000007 0.528125 0.07031250000000007 0.528125
2 0.07343750000000007 0.5296875 0.050000000000000065 0.5296875 0.050000000000000065 0.5484375 0.07343750000000007 0.5484375
0 0.042187500000000065 0.5109375 0.02187500000000006 0.5109375 0.021875000000000065 0.5265625 0.042187500000000065 0.5265625
2 0.04687500000000007 0.5265625 0.018750000000000065 0.5265625 0.018750000000000065 0.55 0.04687500000000007 0.55
2 0.06718750000000007 0.5515625 0.040625000000000064 0.5515625 0.040625000000000064 0.56875 0.06718750000000007 0.56875
0 0.06406250000000006 0.56875 0.04531250000000007 0.56875 0.04531250000000007 0.5875 0.06406250000000006 0.5875
4 0.032812500000000064 0.559375 0.018750000000000065 0.559375 0.01875000000000007 0.571875 0.032812500000000064 0.571875
4 0.03750000000000007 0.5703125 0.023437500000000073 0.5703125 0.023437500000000073 0.58125 0.03750000000000007 0.58125
4 0.04531250000000007 0.5796875 0.03125000000000007 0.5796875 0.03125000000000007 0.5890625 0.04531250000000007 0.5890625