4 0.9578125 0.4656250000000002 0.9390625 0.4656250000000002 0.9390625 0.48750000000000016 0.9578125 0.48750000000000016
2 1 0.3000000000000001 0.96875 0.3000000000000001 0.96875 0.3234375000000001 1 0.3234375000000001
2 0.9140625 0.3078125000000001 0.8875 0.3078125000000001 0.8875 0.3343750000000001 0.9140625 0.3343750000000001
2 0.90625 0.4515625000000002 0.88125 0.4515625000000002 0.88125 0.4750000000000002 0.90625 0.4750000000000002
2 0.8421875 0.4500000000000002 0.81875 0.4500000000000002 0.81875 0.4781250000000002 0.8421875 0.4781250000000002
6 0.84375 0.3734375000000001 0.8234375 0.3734375000000001 0.8234375 0.3937500000000001 0.84375 0.3937500000000001
2 0.7875 0.2328125000000001 0.7625 0.2328125000000001 0.7625 0.2500000000000001 0.7875 0.2500000000000001
4 0.8359375 0.3984375000000001 0.825 0.3984375000000001 0.825 0.40937500000000016 0.8359375 0.40937500000000016
2 0.7796875 0.14843750000000008 0.753125 0.14843750000000008 0.753125 0.1687500000000001 0.7796875 0.1687500000000001
2 0.678125 0.49375 0.6546875 0.49375 0.6546875 0.5125 0.678125 0.5125
4 0.6546875 0.5421875 0.64375 0.5421875 0.64375 0.553125 0.6546875 0.553125
4 0.56875 0.3343750000000001 0.5546875 0.3343750000000001 0.5546875 0.3437500000000001 0.56875 0.3437500000000001
2 0.509375 0.3625000000000001 0.484375 0.3625000000000001 0.484375 0.3781250000000001 0.509375 0.3781250000000001
2 0.515625 0.5078125 0.49375 0.5078125 0.49375 0.5234375 0.515625 0.5234375
4 0.2578125000000001 0.584375 0.24375000000000008 0.584375 0.24375000000000008 0.6046875 0.2578125000000001 0.6046875
2 0.2578125000000001 0.559375 0.2312500000000001 0.559375 0.2312500000000001 0.58125 0.2578125000000001 0.58125
2 0.1843750000000001 0.5953125 0.15781250000000008 0.5953125 0.15781250000000008 0.6171875 0.1843750000000001 0.6171875
2 0.15468750000000003 0.259375 0.13906250000000003 0.259375 0.13906250000000003 0.303125 0.15468750000000003 0.303125
2 0.14843750000000006 0.5359375 0.12187500000000004 0.5359375 0.12187500000000007 0.5625 0.14843750000000008 0.5625
2 0.1468750000000001 0.578125 0.11875000000000009 0.578125 0.11875000000000009 0.5984375 0.1468750000000001 0.5984375
2 0.09218750000000006 0.571875 0.06718750000000007 0.571875 0.06718750000000007 0.5921875 0.09218750000000006 0.5921875
2 0.09218750000000006 0.553125 0.06718750000000007 0.553125 0.06718750000000007 0.5671875 0.09218750000000006 0.5671875
2 0.05312500000000007 0.5765625 0.029687500000000068 0.5765625 0.02968750000000007 0.5921875 0.05312500000000007 0.5921875
2 0.06093750000000007 0.553125 0.03906250000000007 0.553125 0.03906250000000007 0.56875 0.06093750000000007 0.56875
2 0.06718750000000007 0.5328125 0.04687500000000007 0.5328125 0.04687500000000007 0.5484375 0.06718750000000007 0.5484375
2 0.03125000000000007 0.540625 0.009375000000000067 0.540625 0.009375000000000067 0.5609375 0.03125000000000007 0.5609375
2 0.03750000000000003 0.2703125 0.018750000000000034 0.2703125 0.018750000000000037 0.315625 0.03750000000000003 0.315625
2 0.01093750000000004 0.3 3.6739403974420595e-17 0.3 3.865291459808834e-17 0.33125 0.010937500000000041 0.33125
4 0.2015625000000001 0.453125 0.19062500000000004 0.453125 0.19062500000000004 0.4625 0.2015625000000001 0.4625
4 0.057812500000000065 0.4625 0.039062500000000056 0.4625 0.039062500000000056 0.4875 0.057812500000000065 0.4875
4 0.09843750000000007 0.5328125 0.08437500000000006 0.5328125 0.08437500000000006 0.553125 0.09843750000000007 0.553125
3 0.04062500000000008 0.5921875 0.028125000000000077 0.5921875 0.028125000000000077 0.6109375 0.04062500000000008 0.6109375
4 0.04218750000000008 0.609375 0.028125000000000077 0.609375 0.028125000000000077 0.61875 0.04218750000000008 0.61875
4 0.020312500000000074 0.575 0.010937500000000069 0.575 0.01093750000000007 0.5828125 0.020312500000000074 0.5828125
4 0.03593750000000007 0.5609375 0.025000000000000067 0.5609375 0.025000000000000067 0.5703125 0.03593750000000007 0.5703125
4 0.042187500000000065 0.5359375 0.03125000000000007 0.5359375 0.03125000000000007 0.5453125 0.042187500000000065 0.5453125
4 0.032812500000000064 0.5296875 0.021875000000000068 0.5296875 0.021875000000000068 0.5375 0.032812500000000064 0.5375
4 0.006250000000000035 0.2796875 3.425184016365254e-17 0.2796875 3.501724441311963e-17 0.2921875 0.006250000000000036 0.2921875
3 0.018750000000000037 0.2765625 0.009375000000000033 0.2765625 0.009375000000000034 0.296875 0.018750000000000037 0.296875
0 0.19843750000000004 0.3796875 0.17968750000000006 0.3796875 0.17968750000000006 0.403125 0.19843750000000004 0.403125