0 0.5171875 0.13125000000000003 0.496875 0.13125000000000003 0.496875 0.16250000000000003 0.5171875 0.16250000000000003
4 0.43125 0.17343750000000005 0.4171875 0.17343750000000005 0.4171875 0.19687500000000005 0.43125 0.19687500000000005
4 0.43125 0.2078125000000001 0.415625 0.2078125000000001 0.415625 0.22812500000000008 0.43125 0.22812500000000008
4 0.4296875 0.2218750000000001 0.4140625 0.2218750000000001 0.4140625 0.2453125000000001 0.4296875 0.2453125000000001
2 0.3015625 0.17187500000000006 0.2765625 0.17187500000000006 0.2765625 0.20625 0.3015625 0.20625
4 0.2875 0.3296875 0.2734375 0.3296875 0.2734375 0.35 0.2875 0.35
6 0.3578125000000001 0.3890625 0.3343750000000001 0.3890625 0.3343750000000001 0.4234375 0.3578125000000001 0.4234375
4 0.3078125000000001 0.56875 0.2921875000000001 0.56875 0.2921875000000001 0.5890625 0.3078125000000001 0.5890625
4 0.3078125000000001 0.5796875 0.2890625000000001 0.5796875 0.2890625000000001 0.59375 0.3078125000000001 0.59375
4 0.3046875000000001 0.584375 0.2890625000000001 0.584375 0.2890625000000001 0.60625 0.3046875000000001 0.60625
2 0.10156250000000008 0.546875 0.07500000000000007 0.546875 0.07500000000000007 0.571875 0.10156250000000008 0.571875
2 0.056250000000000064 0.5375 0.032812500000000064 0.5375 0.032812500000000064 0.565625 0.056250000000000064 0.565625
2 0.05156250000000007 0.5625 0.025000000000000067 0.5625 0.02500000000000007 0.5921875 0.05156250000000007 0.5921875
2 0.04375000000000008 0.6515625 0.02187500000000008 0.6515625 0.021875000000000082 0.6796875 0.04375000000000008 0.6796875
4 0.15781250000000005 0.3234375 0.14375000000000004 0.3234375 0.14375000000000004 0.35 0.15781250000000005 0.35
4 0.13750000000000004 0.340625 0.12187500000000004 0.340625 0.12187500000000004 0.35625 0.13750000000000004 0.35625
3 0.03437500000000004 0.3 0.014062500000000039 0.3 0.014062500000000039 0.33125 0.034375000000000044 0.33125
4 0.1 0.06250000000000001 0.0875 0.0625 0.08750000000000001 0.09375000000000001 0.1 0.09375000000000003
4 0.04062500000000001 0.10625 0.02031250000000001 0.10625 0.020312500000000015 0.128125 0.04062500000000001 0.128125
2 0.2625 0.14687500000000003 0.2359375 0.14687500000000003 0.2359375 0.17812500000000003 0.2625 0.17812500000000003
4 0.2296875 0.17187500000000006 0.2140625 0.17187500000000006 0.2140625 0.19375000000000003 0.2296875 0.19375000000000003
0 0.053125 5.1664786839028965e-18 0.03125 3.827021247335479e-18 0.03125 0.026562500000000006 0.053125 0.02656250000000001
4 0.021875000000000006 0.0390625 0.004687500000000004 0.0390625 0.004687500000000006 0.0578125 0.021875000000000006 0.0578125
4 0.023437500000000007 0.05 0.0062500000000000056 0.05 0.006250000000000007 0.06875 0.02343750000000001 0.06875
2 0.09375 0.0031250000000000097 0.0734375 0.0031250000000000084 0.0734375 0.04843750000000001 0.09375 0.04843750000000001
2 0.5703125 0.06406250000000006 0.5515625 0.06406250000000006 0.5515625 0.09843750000000007 0.5703125 0.09843750000000007
2 0.553125 6.649449417245395e-17 0.5328125 6.52507122670699e-17 0.5328125 0.018750000000000065 0.553125 0.018750000000000065
2 0.6328125 7.654042494670958e-17 0.6171875 7.558366963487571e-17 0.6171875 0.031250000000000076 0.6328125 0.031250000000000076
2 0.646875 7.835826003919392e-17 0.6328125 7.749718025854345e-17 0.6328125 0.02187500000000008 0.646875 0.02187500000000008
4 0.6890625 0.11093750000000009 0.675 0.11093750000000009 0.675 0.1437500000000001 0.6890625 0.1437500000000001
4 0.703125 0.11562500000000009 0.690625 0.11562500000000009 0.690625 0.1390625000000001 0.703125 0.1390625000000001
4 0.7125 0.12031250000000009 0.7046875 0.12031250000000009 0.7046875 0.14062500000000008 0.7125 0.14062500000000008
4 0.778125 0.1765625000000001 0.7578125 0.1765625000000001 0.7578125 0.2015625000000001 0.778125 0.2015625000000001
4 0.8296875 0.2000000000000001 0.8125 0.2000000000000001 0.8125 0.2312500000000001 0.8296875 0.2312500000000001
2 0.7875 0.1375000000000001 0.7703125 0.1375000000000001 0.7703125 0.18125000000000008 0.7875 0.18125000000000008
2 0.8296875 0.010937500000000102 0.8125 0.0109375000000001 0.8125 0.0515625000000001 0.8296875 0.05156250000000011
4 0.8671875 0.18125000000000008 0.8515625 0.18125000000000008 0.8515625 0.2062500000000001 0.8671875 0.2062500000000001
2 0.8515625 0.1671875000000001 0.828125 0.1671875000000001 0.828125 0.19531250000000008 0.8515625 0.19531250000000008
4 0.990625 0.4046875000000002 0.96875 0.4046875000000002 0.96875 0.4312500000000002 0.990625 0.4312500000000002
4 0.903125 0.4109375000000002 0.8859375 0.4109375000000002 0.8859375 0.44062500000000016 0.903125 0.44062500000000016
2 0.8375 0.4000000000000002 0.8125 0.4000000000000002 0.8125 0.4312500000000002 0.8375 0.4312500000000002
2 0.8328125 0.36406250000000007 0.8078125 0.36406250000000007 0.8078125 0.3906250000000001 0.8328125 0.3906250000000001
2 0.8046875 0.36406250000000007 0.778125 0.36406250000000007 0.778125 0.3921875000000001 0.8046875 0.3921875000000001
2 0.790625 0.3843750000000001 0.7625 0.3843750000000001 0.7625 0.40937500000000016 0.790625 0.40937500000000016
2 0.7984375 0.42500000000000016 0.7734375 0.42500000000000016 0.7734375 0.44843750000000016 0.7984375 0.44843750000000016
2 0.75 0.4250000000000001 0.7234375 0.425 0.7234375 0.45000000000000007 0.75 0.4500000000000002
4 0.7546875 0.40937500000000016 0.7375 0.40937500000000016 0.7375 0.42968750000000017 0.7546875 0.42968750000000017
4 0.759375 0.35625000000000007 0.7296875 0.35625000000000007 0.7296875 0.3812500000000001 0.759375 0.3812500000000001
4 0.7328125 0.3531250000000001 0.703125 0.3531250000000001 0.703125 0.37968750000000007 0.7328125 0.37968750000000007
2 0.73125 0.3765625000000001 0.70625 0.3765625000000001 0.70625 0.4046875000000001 0.73125 0.4046875000000002
2 0.721875 0.403125 0.696875 0.403125 0.696875 0.4296875 0.721875 0.4296875
3 0.7015625 0.425 0.675 0.425 0.675 0.4484375 0.7015625 0.4484375
2 0.75625 0.3937500000000001 0.734375 0.3937500000000001 0.734375 0.41718750000000016 0.75625 0.41718750000000016
0 0.740625 0.4015625000000001 0.7203125 0.4015625 0.7203125 0.4312500000000001 0.740625 0.4312500000000002
4 0.7015625 0.403125 0.684375 0.403125 0.684375 0.421875 0.7015625 0.421875
4 0.6859375 0.3937500000000001 0.6640625 0.3937500000000001 0.6640625 0.4203125 0.6859375 0.4203125
4 0.665625 0.3968750000000001 0.6484375 0.3968750000000001 0.6484375 0.415625 0.665625 0.415625
4 0.65625 0.3781250000000001 0.6421875 0.3781250000000001 0.6421875 0.403125 0.65625 0.403125
4 0.6546875 0.37187500000000007 0.640625 0.37187500000000007 0.640625 0.3890625000000001 0.6546875 0.3890625000000001
4 0.65 0.3390625000000001 0.634375 0.3390625000000001 0.634375 0.36406250000000007 0.65 0.36406250000000007
4 0.6390625 0.3375000000000001 0.6203125 0.3375000000000001 0.6203125 0.3515625000000001 0.6390625 0.3515625000000001
4 0.640625 0.3453125000000001 0.6234375 0.3453125000000001 0.6234375 0.3609375000000001 0.640625 0.3609375000000001
2 0.6515625 0.3546875000000001 0.6265625 0.3546875000000001 0.6265625 0.37968750000000007 0.6515625 0.37968750000000007
2 0.678125 0.3468750000000001 0.65 0.3468750000000001 0.65 0.3781250000000001 0.678125 0.3781250000000001
2 0.70625 0.34843750000000007 0.678125 0.34843750000000007 0.678125 0.3781250000000001 0.70625 0.3781250000000001
2 0.684375 0.3750000000000001 0.653125 0.3750000000000001 0.653125 0.403125 0.684375 0.403125
2 0.7078125 0.3734375000000001 0.678125 0.3734375000000001 0.678125 0.4046875 0.7078125 0.4046875
4 0.6359375 0.3890625000000001 0.6203125 0.3890625000000001 0.6203125 0.409375 0.6359375 0.409375
4 0.6390625 0.3984375000000001 0.6234375 0.3984375000000001 0.6234375 0.41875 0.6390625 0.41875
4 0.6390625 0.409375 0.6234375 0.409375 0.6234375 0.425 0.6390625 0.425
4 0.6296875 0.4171875 0.6140625 0.4171875 0.6140625 0.4359375 0.6296875 0.4359375
4 0.6390625 0.4203125 0.6234375 0.4203125 0.6234375 0.4328125 0.6390625 0.4328125
4 0.65625 0.421875 0.6421875 0.421875 0.6421875 0.440625 0.65625 0.440625
4 0.6640625 0.428125 0.653125 0.428125 0.653125 0.4484375 0.6640625 0.4484375
0 0.6734375 0.409375 0.6546875 0.409375 0.6546875 0.43125 0.6734375 0.43125
0 0.6890625 0.4109375 0.671875 0.4109375 0.671875 0.43125 0.6890625 0.43125
4 0.65 0.4078125 0.6390625 0.4078125 0.6390625 0.4234375 0.65 0.4234375
2 0.640625 0.43125 0.6171875 0.43125 0.6171875 0.4625 0.640625 0.4625
3 0.646875 0.3750000000000001 0.621875 0.3750000000000001 0.621875 0.4 0.646875 0.4
4 0.515625 0.3046875000000001 0.496875 0.3046875000000001 0.496875 0.3296875000000001 0.515625 0.3296875000000001
4 0.496875 0.3390625000000001 0.4859375 0.3390625000000001 0.4859375 0.3656250000000001 0.496875 0.3656250000000001
4 0.4890625 0.37187500000000007 0.478125 0.37187500000000007 0.478125 0.3937500000000001 0.4890625 0.3937500000000001
4 0.4953125 0.3703125000000001 0.4859375 0.3703125000000001 0.4859375 0.3984375000000001 0.4953125 0.3984375000000001
4 0.5125 0.38750000000000007 0.5015625 0.38750000000000007 0.5015625 0.4125 0.5125 0.4125
4 0.503125 0.3968750000000001 0.490625 0.3968750000000001 0.490625 0.4234375 0.503125 0.4234375
4 0.5125 0.4109375 0.503125 0.4109375 0.503125 0.4359375 0.5125 0.4359375
4 0.5234375 0.4234375 0.509375 0.4234375 0.509375 0.4546875 0.5234375 0.4546875
4 0.5703125 0.3312500000000001 0.55625 0.3312500000000001 0.55625 0.3546875000000001 0.5703125 0.3546875000000001
4 0.571875 0.3156250000000001 0.5609375 0.3156250000000001 0.5609375 0.34062500000000007 0.571875 0.34062500000000007
4 0.5640625 0.30156250000000007 0.5546875 0.30156250000000007 0.5546875 0.3296875000000001 0.5640625 0.3296875000000001
2 0.525 0.3515625000000001 0.5078125 0.3515625000000001 0.5078125 0.4015625 0.525 0.4015625
2 0.5796875 0.5109375 0.559375 0.5109375 0.559375 0.55625 0.5796875 0.55625
2 0.5343750000000002 0.8265625 0.5187500000000002 0.8265625 0.5187500000000002 0.8671875 0.5343750000000002 0.8671875
0 0.5171875000000001 0.81875 0.5031250000000002 0.81875 0.5031250000000002 0.853125 0.5171875000000001 0.853125
4 0.5281250000000002 0.7859375 0.5171875000000001 0.7859375 0.5171875000000001 0.8203125 0.5281250000000002 0.8203125
4 0.5296875000000002 0.8984375 0.5156250000000002 0.8984375 0.5156250000000002 0.9296875 0.5296875000000002 0.9296875
2 0.4625000000000002 0.9703125 0.4468750000000002 0.9703125 0.4468750000000002 1 0.4625000000000002 1
2 0.4656250000000002 0.9234375 0.4515625000000002 0.9234375 0.4515625000000002 0.9734375 0.4656250000000002 0.9734375
2 0.4703125000000002 0.875 0.45312500000000017 0.875 0.45312500000000017 0.9171875 0.4703125000000002 0.9171875
2 0.4781250000000002 0.828125 0.46406250000000016 0.828125 0.46406250000000016 0.8734375 0.4781250000000002 0.8734375
2 0.46093750000000017 0.7953125 0.44531250000000017 0.7953125 0.44531250000000017 0.8421875 0.46093750000000017 0.8421875
2 0.47968750000000016 0.775 0.46406250000000016 0.775 0.46406250000000016 0.8203125 0.47968750000000016 0.8203125
4 0.4515625000000002 0.7796875 0.44062500000000016 0.7796875 0.44062500000000016 0.8078125 0.4515625000000002 0.8078125
3 0.45312500000000017 0.7265625 0.43281250000000016 0.7265625 0.43281250000000016 0.778125 0.45312500000000017 0.778125
2 0.4640625000000001 0.6984375 0.4484375 0.6984375 0.4484375000000001 0.74375 0.46406250000000016 0.74375
2 0.47343750000000007 0.7109375 0.4546875 0.7109375 0.4546875000000001 0.7625 0.4734375000000002 0.7625
2 0.4937500000000001 0.6765625 0.475 0.6765625 0.4750000000000001 0.728125 0.4937500000000002 0.728125
2 0.496875 0.63125 0.4796875 0.63125 0.4796875 0.671875 0.496875 0.671875
2 0.478125 0.675 0.4609375 0.675 0.4609375 0.715625 0.478125 0.715625
4 0.4859375 0.565625 0.471875 0.565625 0.471875 0.5921875 0.4859375 0.5921875
4 0.4765625 0.5890625 0.4625 0.5890625 0.4625 0.6140625 0.4765625 0.6140625
4 0.4671875 0.61875 0.4578125 0.61875 0.4578125 0.6421875 0.4671875 0.6421875
4 0.46875 0.634375 0.4578125 0.634375 0.4578125 0.6609375 0.46875 0.6609375
4 0.4625 0.653125 0.45 0.653125 0.45 0.678125 0.4625 0.678125
4 0.4515625 0.6625 0.440625 0.6625 0.440625 0.6859375 0.4515625 0.6859375
4 0.4484375 0.625 0.4390625 0.625 0.4390625 0.653125 0.4484375 0.653125
2 0.4609375 0.6203125 0.4453125 0.6203125 0.4453125 0.66875 0.4609375 0.66875
2 0.46875 0.571875 0.453125 0.571875 0.453125 0.621875 0.46875 0.621875
2 0.4796875 0.5328125 0.4640625 0.5328125 0.4640625 0.5828125 0.4796875 0.5828125
2 0.49375 0.5203125 0.478125 0.5203125 0.478125 0.5640625 0.49375 0.5640625
4 0.5 0.5125 0.4875 0.5125 0.4875 0.5375 0.5 0.5375
4 0.515625 0.5125 0.503125 0.5125 0.503125 0.5359375 0.515625 0.5359375
4 0.484375 0.4890625 0.4734375 0.4890625 0.4734375 0.5125 0.484375 0.5125
2 0.4859375 0.6 0.46875 0.6 0.46875 0.6484375 0.4859375 0.6484375
0 0.475 0.6390625 0.4609375 0.6390625 0.4609375 0.675 0.475 0.675
0 0.46875 0.66875 0.4546875 0.66875 0.4546875 0.703125 0.46875 0.703125
4 0.4953125 0.4328125 0.4859375 0.4328125 0.4859375 0.45625 0.4953125 0.45625
4 0.503125 0.425 0.4890625 0.425 0.4890625 0.4546875 0.503125 0.4546875
4 0.4828125 0.440625 0.4734375 0.440625 0.4734375 0.4703125 0.4828125 0.4703125
4 0.4875 0.4546875 0.4765625 0.4546875 0.4765625 0.484375 0.4875 0.484375
4 0.478125 0.4609375 0.46875 0.4609375 0.46875 0.4953125 0.478125 0.4953125
4 0.475 0.3453125000000001 0.4609375 0.3453125000000001 0.4609375 0.3781250000000001 0.475 0.3781250000000001
4 0.45625 0.3375000000000001 0.4375 0.3375000000000001 0.4375 0.3671875000000001 0.45625 0.3671875000000001
2 0.5 0.46875 0.484375 0.46875 0.484375 0.5140625 0.5 0.5140625
2 0.5140625 0.446875 0.4953125 0.446875 0.4953125 0.4921875 0.5140625 0.4921875
2 0.50625 0.5671875 0.4875 0.5671875 0.4875 0.60625 0.50625 0.60625
2 0.4703125000000002 0.7609375 0.4546875000000002 0.7609375 0.4546875000000002 0.8015625 0.4703125000000002 0.8015625
2 0.4843750000000001 0.7203125 0.46875 0.7203125 0.4687500000000001 0.7734375 0.48437500000000017 0.7734375
4 0.5171875 0.4640625 0.5078125 0.4640625 0.5078125 0.49375 0.5171875 0.49375
0 0.475 0.609375 0.4609375 0.609375 0.4609375 0.6421875 0.475 0.6421875
4 0.5562500000000001 0.725 0.5453125 0.725 0.5453125000000001 0.75625 0.5562500000000001 0.75625
4 0.6921875 0.440625 0.6734375 0.440625 0.6734375 0.459375 0.6921875 0.459375
3 0.9390625 0.17343750000000013 0.9171875 0.17343750000000013 0.9171875 0.19375000000000014 0.9390625 0.19375000000000014