0 0.584375 0.54375 0.5671875 0.54375 0.5671875 0.5671875 0.584375 0.5671875
0 0.4390625 0.634375 0.425 0.634375 0.425 0.659375 0.4390625 0.659375
0 0.3984375000000001 0.678125 0.3843750000000001 0.678125 0.3843750000000001 0.703125 0.3984375000000001 0.703125
0 0.4125 0.7 0.3984375000000001 0.7 0.3984375000000001 0.721875 0.4125 0.721875
0 0.3859375000000001 0.715625 0.3703125000000001 0.715625 0.3703125000000001 0.740625 0.3859375000000001 0.740625
0 0.6359375 0.4484375 0.6203125 0.4484375 0.6203125 0.4703125 0.6359375 0.4703125
2 0.4046875 0.3109375000000001 0.384375 0.3109375000000001 0.384375 0.3578125000000001 0.4046875 0.3578125000000001
2 0.34375000000000006 0.325 0.325 0.325 0.32500000000000007 0.36875 0.3437500000000001 0.36875
0 0.2953125 0.06562500000000004 0.278125 0.06562500000000004 0.278125 0.09531250000000005 0.2953125 0.09531250000000005
0 0.2890625 0.08906250000000003 0.2703125 0.08906250000000002 0.2703125 0.11406250000000004 0.2890625 0.11406250000000004
2 0.9625 0.16093750000000012 0.93125 0.16093750000000012 0.93125 0.21250000000000008 0.9625 0.21250000000000008
2 1 0.21250000000000008 0.9734375 0.21250000000000008 0.9734375 0.24375000000000008 1 0.24375000000000008
2 0.88125 0.2765625000000001 0.853125 0.2765625000000001 0.853125 0.3062500000000001 0.88125 0.3062500000000001
2 0.2656250000000001 0.903125 0.2468750000000001 0.903125 0.2468750000000001 0.95 0.2656250000000001 0.95
0 0.2890625000000001 0.9703125 0.2750000000000001 0.9703125 0.2750000000000001 0.996875 0.2890625000000001 0.996875
0 0.23593750000000008 0.9453125 0.22031250000000008 0.9453125 0.22031250000000008 0.978125 0.23593750000000008 0.978125
0 0.3343750000000001 0.5296875 0.3218750000000001 0.5296875 0.3218750000000001 0.559375 0.3343750000000001 0.559375
2 0.2453125 0.16718750000000004 0.2203125 0.16718750000000004 0.2203125 0.2015625 0.2453125 0.2015625
2 0.5640625 0.2296875000000001 0.5390625 0.2296875000000001 0.5390625 0.2609375000000001 0.5640625 0.2609375000000001
4 0.49375 0.4890625 0.478125 0.4890625 0.478125 0.5109375 0.49375 0.5109375
4 0.5125 0.425 0.4984375 0.425 0.4984375 0.4375 0.5125 0.4375
4 0.5515625 0.4640625 0.5421875 0.4640625 0.5421875 0.484375 0.5515625 0.484375
4 0.5796875 0.5015625 0.5703125 0.5015625 0.5703125 0.51875 0.5796875 0.51875
4 0.5484375 0.5375 0.5390625 0.5375 0.5390625 0.55625 0.5484375 0.55625
4 0.521875 0.471875 0.509375 0.471875 0.509375 0.490625 0.521875 0.490625
4 0.51875 0.4578125 0.5078125 0.4578125 0.5078125 0.475 0.51875 0.475
4 0.515625 0.4390625 0.5046875 0.4390625 0.5046875 0.459375 0.515625 0.459375
4 0.4984375 0.5078125 0.4875 0.5078125 0.4875 0.5328125 0.4984375 0.5328125
4 0.4671875 0.5203125 0.4578125 0.5203125 0.4578125 0.54375 0.4671875 0.54375
4 0.45625 0.528125 0.4453125 0.528125 0.4453125 0.54375 0.45625 0.54375
4 0.4609375 0.5453125 0.446875 0.5453125 0.446875 0.5625 0.4609375 0.5625
4 0.4109375 0.559375 0.403125 0.559375 0.403125 0.5796875 0.4109375 0.5796875
4 0.4 0.5203125 0.3906250000000001 0.5203125 0.3906250000000001 0.5453125 0.4 0.5453125
4 0.4125 0.4703125 0.4046875 0.4703125 0.4046875 0.5 0.4125 0.5
4 0.3968750000000001 0.4609375 0.38750000000000007 0.4609375 0.38750000000000007 0.484375 0.3968750000000001 0.484375
4 0.3890625000000001 0.4 0.37968750000000007 0.4 0.37968750000000007 0.425 0.3890625000000001 0.425
4 0.3609375000000001 0.4359375 0.3515625000000001 0.4359375 0.3515625000000001 0.4515625 0.3609375000000001 0.4515625
4 0.3625000000000001 0.5015625 0.3500000000000001 0.5015625 0.3500000000000001 0.5203125 0.3625000000000001 0.5203125
4 0.3734375000000001 0.51875 0.3609375000000001 0.51875 0.3609375000000001 0.54375 0.3734375000000001 0.54375
4 0.3812500000000001 0.5203125 0.37187500000000007 0.5203125 0.37187500000000007 0.5421875 0.3812500000000001 0.5421875
4 0.3828125000000001 0.565625 0.37187500000000007 0.565625 0.37187500000000007 0.5796875 0.3828125000000001 0.5796875
4 0.4 0.56875 0.3906250000000001 0.56875 0.3906250000000001 0.5875 0.4 0.5875
4 0.3593750000000001 0.5703125 0.3468750000000001 0.5703125 0.3468750000000001 0.59375 0.3593750000000001 0.59375
4 0.37187500000000007 0.5875 0.3609375000000001 0.5875 0.3609375000000001 0.6046875 0.37187500000000007 0.6046875
4 0.37968750000000007 0.5875 0.3703125000000001 0.5875 0.3703125000000001 0.6046875 0.37968750000000007 0.6046875
4 0.403125 0.628125 0.3906250000000001 0.628125 0.3906250000000001 0.646875 0.403125 0.646875
4 0.3937500000000001 0.653125 0.3859375000000001 0.653125 0.3859375000000001 0.671875 0.3937500000000001 0.671875
4 0.4109375 0.678125 0.4015625 0.678125 0.4015625 0.6984375 0.4109375 0.6984375
4 0.4640625 0.653125 0.4546875 0.653125 0.4546875 0.6671875 0.4640625 0.6671875
4 0.3703125000000001 0.690625 0.3609375000000001 0.690625 0.3609375000000001 0.7125 0.3703125000000001 0.7125
4 0.35625000000000007 0.6890625 0.34843750000000007 0.6890625 0.34843750000000007 0.7140625 0.35625000000000007 0.7140625
4 0.34843750000000007 0.71875 0.3421875000000001 0.71875 0.3421875000000001 0.74375 0.34843750000000007 0.74375
4 0.35625000000000007 0.734375 0.3468750000000001 0.734375 0.3468750000000001 0.7546875 0.35625000000000007 0.7546875
4 0.3359375000000001 0.8046875 0.3265625000000001 0.8046875 0.3265625000000001 0.828125 0.3359375000000001 0.828125
4 0.2609375000000001 0.846875 0.2468750000000001 0.846875 0.2468750000000001 0.871875 0.2609375000000001 0.871875
4 0.2375000000000001 0.8671875 0.2296875000000001 0.8671875 0.2296875000000001 0.8890625 0.2375000000000001 0.8890625
4 0.24375000000000008 0.9265625 0.23437500000000008 0.9265625 0.23437500000000008 0.9453125 0.24375000000000008 0.9453125
2 0.3359375000000001 0.8953125 0.31718750000000007 0.8953125 0.31718750000000007 0.93125 0.3359375000000001 0.93125
4 0.30937500000000007 0.6421875 0.3000000000000001 0.6421875 0.3000000000000001 0.665625 0.30937500000000007 0.665625
4 0.3109375 0.2625 0.3015625 0.2625 0.3015625 0.28125 0.3109375 0.28125
4 0.328125 0.17343750000000005 0.315625 0.17343750000000005 0.315625 0.18906250000000005 0.328125 0.18906250000000005
4 0.375 0.22031250000000005 0.3609375 0.2203125 0.3609375 0.24218750000000006 0.375 0.24218750000000008
4 0.26875 0.17500000000000004 0.259375 0.17500000000000004 0.259375 0.19218750000000004 0.26875 0.19218750000000004
4 0.2984375 0.2140625 0.284375 0.2140625 0.284375 0.2421875 0.2984375 0.2421875
4 0.2125 0.07500000000000002 0.2015625 0.07500000000000002 0.2015625 0.09375000000000003 0.2125 0.09375000000000003
4 0.2421875 0.014062500000000028 0.2296875 0.014062500000000028 0.2296875 0.04218750000000003 0.2421875 0.04218750000000003
4 0.2453125 0.2265625 0.2375 0.2265625 0.2375 0.246875 0.2453125 0.246875
3 0.265625 0.2171875 0.2453125 0.2171875 0.2453125 0.246875 0.265625 0.246875
3 0.2 0.184375 0.17968750000000006 0.184375 0.17968750000000006 0.21875 0.2 0.21875
3 0.2234375 0.228125 0.2015625 0.228125 0.2015625 0.2671875 0.2234375 0.2671875
6 0.2078125 0.2203125 0.17656250000000004 0.2203125 0.17656250000000004 0.2734375 0.2078125 0.2734375
4 0.434375 0.3984375000000001 0.4234375 0.3984375000000001 0.4234375 0.4125 0.434375 0.4125
4 0.4578125 0.3546875000000001 0.446875 0.3546875000000001 0.446875 0.3734375000000001 0.4578125 0.3734375000000001
4 0.4828125 0.3968750000000001 0.4734375 0.3968750000000001 0.4734375 0.4109375 0.4828125 0.4109375
4 0.5109375 0.3343750000000001 0.5 0.3343750000000001 0.5 0.3500000000000001 0.5109375 0.3500000000000001
4 0.5 0.3000000000000001 0.4890625 0.3000000000000001 0.4890625 0.3125000000000001 0.5 0.3125000000000001
4 0.46875 0.3078125000000001 0.4578125 0.3078125000000001 0.4578125 0.3218750000000001 0.46875 0.3218750000000001
4 0.4515625 0.3109375000000001 0.440625 0.3109375000000001 0.440625 0.32500000000000007 0.4515625 0.32500000000000007
4 0.453125 0.2875000000000001 0.44375 0.2875000000000001 0.44375 0.3046875000000001 0.453125 0.3046875000000001
4 0.5078125 0.2843750000000001 0.4953125 0.2843750000000001 0.4953125 0.2984375000000001 0.5078125 0.2984375000000001
4 0.546875 0.30937500000000007 0.5359375 0.30937500000000007 0.5359375 0.3265625000000001 0.546875 0.3265625000000001
4 0.5546875 0.33281250000000007 0.54375 0.33281250000000007 0.54375 0.34843750000000007 0.5546875 0.34843750000000007
4 0.4390625 0.2953125000000001 0.4265625 0.2953125000000001 0.4265625 0.3125000000000001 0.4390625 0.3125000000000001
4 0.421875 0.2593750000000001 0.409375 0.2593750000000001 0.409375 0.2828125000000001 0.421875 0.2828125000000001
4 0.4140625 0.2515625000000001 0.4046875 0.2515625000000001 0.4046875 0.2734375000000001 0.4140625 0.2734375000000001
4 0.3984375 0.09843750000000004 0.3921875 0.09843750000000004 0.3921875 0.12187500000000004 0.3984375 0.12187500000000004
4 0.3921875 0.11875000000000005 0.384375 0.11875000000000005 0.384375 0.14062500000000006 0.3921875 0.14062500000000006
2 0.4140625 0.12031250000000004 0.3953125 0.12031250000000004 0.3953125 0.15781250000000005 0.4140625 0.15781250000000005
4 0.5921875 0.23437500000000008 0.5796875 0.23437500000000008 0.5796875 0.2515625000000001 0.5921875 0.2515625000000001
4 0.6 0.2453125000000001 0.5859375 0.2453125000000001 0.5859375 0.2609375000000001 0.6 0.2609375000000001
4 0.5828125 0.2656250000000001 0.5703125 0.2656250000000001 0.5703125 0.2796875000000001 0.5828125 0.2796875000000001
4 0.5890625 0.2875000000000001 0.5734375 0.2875000000000001 0.5734375 0.3062500000000001 0.5890625 0.3062500000000001
4 0.665625 0.2171875000000001 0.6546875 0.2171875000000001 0.6546875 0.2328125000000001 0.665625 0.2328125000000001
4 0.684375 0.21093750000000008 0.6703125 0.21093750000000008 0.6703125 0.2250000000000001 0.684375 0.2250000000000001
4 0.7203125 0.18750000000000008 0.70625 0.18750000000000008 0.70625 0.20468750000000008 0.7203125 0.20468750000000008
4 0.728125 0.1593750000000001 0.7109375 0.1593750000000001 0.7109375 0.1765625000000001 0.728125 0.1765625000000001
4 0.75 0.12343750000000009 0.7390625 0.12343750000000009 0.7390625 0.14218750000000008 0.75 0.14218750000000008
4 0.7546875 0.17187500000000008 0.74375 0.17187500000000008 0.74375 0.1859375000000001 0.7546875 0.1859375000000001
4 0.8140625 0.12031250000000009 0.8015625 0.12031250000000009 0.8015625 0.1359375000000001 0.8140625 0.1359375000000001
4 0.8140625 0.08125000000000009 0.7984375 0.08125000000000009 0.7984375 0.10468750000000009 0.8140625 0.10468750000000009
4 0.8328125 0.09843750000000011 0.81875 0.09843750000000011 0.81875 0.11250000000000009 0.8328125 0.11250000000000009
4 0.859375 0.08281250000000011 0.8421875 0.08281250000000011 0.8421875 0.10000000000000009 0.859375 0.10000000000000009
4 0.8859375 0.0718750000000001 0.871875 0.0718750000000001 0.871875 0.09062500000000011 0.8859375 0.09062500000000011
4 0.9078125 0.0640625000000001 0.8890625 0.0640625000000001 0.8890625 0.0796875000000001 0.9078125 0.0796875000000001
4 0.821875 0.21250000000000008 0.8078125 0.21250000000000008 0.8078125 0.2312500000000001 0.821875 0.2312500000000001
4 0.9328125 0.2687500000000001 0.91875 0.2687500000000001 0.91875 0.2921875000000001 0.9328125 0.2921875000000001
3 0.8859375 0.3046875000000001 0.8515625 0.3046875000000001 0.8515625 0.3687500000000001 0.8859375 0.3687500000000001
3 0.8546875 0.2890625000000001 0.8234375 0.2890625000000001 0.8234375 0.33281250000000007 0.8546875 0.33281250000000007
3 0.821875 0.3156250000000001 0.7984375 0.3156250000000001 0.7984375 0.34843750000000007 0.821875 0.34843750000000007
3 0.8375 0.41718750000000016 0.809375 0.41718750000000016 0.809375 0.4781250000000002 0.8375 0.4781250000000002
3 0.75 0.37187500000000007 0.7234375 0.37187500000000007 0.7234375 0.4046875000000001 0.75 0.4046875000000002
3 0.684375 0.4203125 0.6578125 0.4203125 0.6578125 0.4515625 0.684375 0.4515625
3 0.6765625 0.546875 0.65625 0.546875 0.65625 0.5796875 0.6765625 0.5796875
3 0.703125 0.5921875 0.6796875 0.5921875 0.6796875 0.6296875 0.703125 0.6296875
3 0.728125 0.6296875000000001 0.7015625 0.6296875 0.7015625 0.6671875 0.728125 0.6671875000000002
3 0.7375 0.6562500000000001 0.7140625 0.65625 0.7140625 0.6921875000000001 0.7375 0.6921875000000002
2 0.76875 0.6125000000000002 0.7453125 0.6125000000000002 0.7453125 0.6531250000000002 0.76875 0.6531250000000002
2 0.8609375 0.3656250000000001 0.8328125 0.3656250000000001 0.8328125 0.4125000000000002 0.8609375 0.4125000000000002
3 0.8125 0.4890625000000002 0.7953125 0.4890625000000002 0.7953125 0.5218750000000002 0.8125 0.5218750000000002
4 0.8140625 0.5312500000000002 0.7984375 0.5312500000000002 0.7984375 0.5562500000000001 0.8140625 0.5562500000000001
4 0.8453125 0.49218750000000017 0.8359375 0.49218750000000017 0.8359375 0.5109375000000002 0.8453125 0.5109375000000002
4 0.725 0.3375000000000001 0.7125 0.3375000000000001 0.7125 0.35625000000000007 0.725 0.35625000000000007
4 0.715625 0.3843750000000001 0.7015625 0.3843750000000001 0.7015625 0.3984375000000001 0.715625 0.3984375000000001
4 0.659375 0.3843750000000001 0.6453125 0.3843750000000001 0.6453125 0.4 0.659375 0.4
4 0.628125 0.3828125000000001 0.615625 0.3828125000000001 0.615625 0.3984375000000001 0.628125 0.3984375000000001
4 0.6546875 0.45 0.6375 0.45 0.6375 0.46875 0.6546875 0.46875
4 0.6375 0.421875 0.6234375 0.421875 0.6234375 0.4421875 0.6375 0.4421875
4 0.603125 0.5359375 0.5953125 0.5359375 0.5953125 0.5609375 0.603125 0.5609375
4 0.628125 0.5828125 0.61875 0.5828125 0.61875 0.6046875 0.628125 0.6046875
4 0.6171875 0.5921875 0.60625 0.5921875 0.60625 0.60625 0.6171875 0.60625
4 0.6359375 0.6453125 0.621875 0.6453125 0.621875 0.6671875 0.6359375 0.6671875
4 0.6515625 0.6421875 0.640625 0.6421875 0.640625 0.6609375 0.6515625 0.6609375
4 0.6859375 0.6703125 0.6734375 0.6703125 0.6734375 0.69375 0.6859375 0.69375
4 0.69375 0.6984375 0.6796875 0.6984375 0.6796875 0.71875 0.69375 0.71875
4 0.6875000000000001 0.7203125 0.6765625 0.7203125 0.6765625000000001 0.7375 0.6875000000000002 0.7375
4 0.6734375000000001 0.7203125 0.6625 0.7203125 0.6625000000000001 0.7359375 0.6734375000000001 0.7359375
4 0.5984375000000001 0.7140625 0.5828125 0.7140625 0.5828125000000001 0.734375 0.5984375000000002 0.734375
4 0.6171875000000002 0.73125 0.6062500000000002 0.73125 0.6062500000000002 0.7515625 0.6171875000000002 0.7515625
4 0.6265625000000001 0.7609375 0.6156250000000002 0.7609375 0.6156250000000002 0.784375 0.6265625000000001 0.784375
4 0.54375 0.6296875 0.528125 0.6296875 0.528125 0.6484375 0.54375 0.6484375
4 0.575 0.6796875 0.5640625 0.6796875 0.5640625 0.6953125 0.575 0.6953125
4 0.51875 0.609375 0.50625 0.609375 0.50625 0.628125 0.51875 0.628125
4 0.7984375000000001 0.875 0.7875000000000002 0.875 0.7875000000000002 0.8921875 0.7984375000000001 0.8921875
4 0.7156250000000002 0.7671875 0.7046875000000001 0.7671875 0.7046875000000001 0.7859375 0.7156250000000002 0.7859375
4 0.83125 0.9375 0.8203125 0.9375 0.8203125 0.95625 0.83125 0.95625
4 0.825 0.903125 0.8140625 0.903125 0.8140625 0.9234375 0.825 0.9234375
4 0.853125 0.9515625 0.840625 0.9515625 0.840625 0.971875 0.853125 0.971875
4 0.85 0.965625 0.8359375 0.965625 0.8359375 0.98125 0.85 0.98125
4 0.875 0.96875 0.865625 0.96875 0.865625 0.9875 0.875 0.9875
2 0.7343750000000002 0.9484375 0.7093750000000002 0.9484375 0.7093750000000002 0.9734375 0.7343750000000002 0.9734375
4 0.7125000000000001 0.921875 0.7031250000000002 0.921875 0.7031250000000002 0.9375 0.7125000000000001 0.9375
6 0.5812500000000002 0.9203125 0.5453125000000002 0.9203125 0.5453125000000002 0.98125 0.5812500000000002 0.98125
4 0.3125000000000001 0.571875 0.3031250000000001 0.571875 0.3031250000000001 0.5953125 0.3125000000000001 0.5953125
2 0.671875 0.1375000000000001 0.65 0.1375000000000001 0.65 0.1625000000000001 0.671875 0.1625000000000001
2 0.63125 0.13437500000000008 0.615625 0.13437500000000008 0.615625 0.1781250000000001 0.63125 0.1781250000000001
4 0.6859375 0.1218750000000001 0.675 0.1218750000000001 0.675 0.1359375000000001 0.6859375 0.1359375000000001
4 0.40937500000000016 0.7296875 0.3984375000000001 0.7296875 0.3984375000000001 0.74375 0.40937500000000016 0.74375
3 0.640625 0.4890625 0.6203125 0.4890625 0.6203125 0.5234375 0.640625 0.5234375
3 0.6296875 0.478125 0.609375 0.478125 0.609375 0.4984375 0.6296875 0.4984375
3 0.715625 0.3984375000000001 0.6828125 0.3984375000000001 0.6828125 0.4375 0.715625 0.4375
3 0.6796875 0.56875 0.665625 0.56875 0.665625 0.5921875 0.6796875 0.5921875
3 0.6921875 0.5671875 0.671875 0.5671875 0.671875 0.60625 0.6921875 0.60625
3 0.7140625 0.621875 0.69375 0.621875 0.69375 0.653125 0.7140625 0.653125
4 0.78125 0.6609375000000002 0.7703125 0.6609375000000002 0.7703125 0.6843750000000002 0.78125 0.6843750000000002
4 0.8 0.5171875000000001 0.7890625 0.5171875000000001 0.7890625 0.5265625000000002 0.8 0.5265625000000002
4 0.7953125 0.5375000000000002 0.7859375 0.5375000000000002 0.7859375 0.5515625000000002 0.7953125 0.5515625000000002
4 0.7890625 0.5500000000000002 0.7796875 0.5500000000000002 0.7796875 0.5625000000000002 0.7890625 0.5625000000000002
4 0.83125 0.5968750000000002 0.821875 0.5968750000000002 0.821875 0.6062500000000002 0.83125 0.6062500000000002
4 0.821875 0.6234375000000002 0.8125 0.6234375000000002 0.8125 0.6328125000000002 0.821875 0.6328125000000002
4 0.8203125 0.6296875000000002 0.8109375 0.6296875000000002 0.8109375 0.6406250000000002 0.8203125 0.6406250000000002
4 0.8125 0.6406250000000002 0.803125 0.6406250000000002 0.803125 0.6562500000000002 0.8125 0.6562500000000002
4 0.8109375 0.6500000000000001 0.8 0.6500000000000001 0.8 0.6640625000000002 0.8109375 0.6640625000000002
4 0.80625 0.6656250000000001 0.7953125 0.6656250000000001 0.7953125 0.6765625000000002 0.80625 0.6765625000000002
4 0.7781250000000002 0.7375000000000002 0.7687500000000002 0.7375000000000002 0.7687500000000002 0.7500000000000002 0.7781250000000002 0.7500000000000002
4 0.7921875 0.7062500000000002 0.7828125 0.7062500000000002 0.7828125 0.7125000000000001 0.7921875 0.7125000000000001
4 0.7953125 0.6984375000000002 0.7859375 0.6984375000000002 0.7859375 0.7062500000000002 0.7953125 0.7062500000000002
4 0.7875000000000001 0.7218750000000002 0.775 0.7218750000000002 0.7750000000000001 0.7312500000000002 0.7875000000000002 0.7312500000000002
4 0.7843750000000002 0.7281250000000001 0.7734375000000002 0.7281250000000001 0.7734375000000002 0.7406250000000002 0.7843750000000002 0.7406250000000002
4 0.78125 0.5687500000000002 0.7703125 0.5687500000000002 0.7703125 0.5765625000000002 0.78125 0.5765625000000002
4 0.7859375 0.5609375000000002 0.771875 0.5609375000000002 0.771875 0.5687500000000002 0.7859375 0.5687500000000002
4 0.871875 0.4859375000000002 0.8609375 0.4859375000000002 0.8609375 0.49531250000000016 0.871875 0.49531250000000016
4 0.8703125 0.4593750000000002 0.8640625 0.4593750000000002 0.8640625 0.47968750000000016 0.8703125 0.47968750000000016
4 0.8859375 0.43281250000000016 0.8796875 0.43281250000000016 0.8796875 0.4546875000000002 0.8859375 0.4546875000000002
4 0.8953125 0.4265625000000002 0.8859375 0.4265625000000002 0.8859375 0.4421875000000002 0.8953125 0.4421875000000002
4 0.9 0.4203125000000002 0.8875 0.4203125000000002 0.8875 0.4312500000000002 0.9 0.4312500000000002
4 0.9125 0.3750000000000001 0.9046875 0.3750000000000001 0.9046875 0.3937500000000001 0.9125 0.3937500000000001
4 0.909375 0.3859375000000001 0.9015625 0.3859375000000001 0.9015625 0.40625000000000017 0.909375 0.40625000000000017
4 0.790625 0.010937500000000096 0.78125 0.010937500000000095 0.78125 0.0343750000000001 0.790625 0.0343750000000001
4 0.7828125 0.017187500000000095 0.7734375 0.017187500000000095 0.7734375 0.0406250000000001 0.7828125 0.0406250000000001
4 0.7109375 0.10781250000000009 0.7 0.10781250000000009 0.7 0.11875000000000009 0.7109375 0.11875000000000009
4 0.696875 0.09375000000000008 0.690625 0.09375000000000008 0.690625 0.1140625000000001 0.696875 0.1140625000000001
4 0.6921875 0.09687500000000009 0.6859375 0.09687500000000009 0.6859375 0.11562500000000009 0.6921875 0.11562500000000009
4 0.6875 0.10000000000000009 0.68125 0.10000000000000009 0.68125 0.11875000000000009 0.6875 0.11875000000000009
4 0.671875 0.1140625000000001 0.6640625 0.1140625000000001 0.6640625 0.13281250000000008 0.671875 0.13281250000000008
4 0.665625 0.1140625000000001 0.6609375 0.1140625000000001 0.6609375 0.13281250000000008 0.665625 0.13281250000000008
4 0.659375 0.11562500000000009 0.653125 0.11562500000000009 0.653125 0.1359375000000001 0.659375 0.1359375000000001
4 0.653125 0.11875000000000009 0.646875 0.11875000000000009 0.646875 0.1375000000000001 0.653125 0.1375000000000001
4 0.6375 0.1312500000000001 0.6265625 0.1312500000000001 0.6265625 0.1515625000000001 0.6375 0.1515625000000001
4 0.6140625 0.1218750000000001 0.6046875 0.1218750000000001 0.6046875 0.14218750000000008 0.6140625 0.14218750000000008
4 0.615625 0.1453125000000001 0.6078125 0.1453125000000001 0.6078125 0.17343750000000008 0.615625 0.17343750000000008
4 0.60625 0.1625000000000001 0.6 0.1625000000000001 0.6 0.18125000000000008 0.60625 0.18125000000000008
4 0.6 0.1671875000000001 0.59375 0.1671875000000001 0.59375 0.1859375000000001 0.6 0.1859375000000001
4 0.59375 0.18906250000000008 0.5875 0.18906250000000008 0.5875 0.2078125000000001 0.59375 0.2078125000000001
4 0.56875 0.1921875000000001 0.559375 0.1921875000000001 0.559375 0.2093750000000001 0.56875 0.2093750000000001
4 0.55625 0.17187500000000008 0.5515625 0.17187500000000008 0.5515625 0.1906250000000001 0.55625 0.1906250000000001
4 0.553125 0.1781250000000001 0.5453125 0.1781250000000001 0.5453125 0.2015625000000001 0.553125 0.2015625000000001
4 0.5546875 0.1984375000000001 0.5484375 0.1984375000000001 0.5484375 0.22031250000000008 0.5546875 0.22031250000000008
4 0.5796875 0.17343750000000008 0.5734375 0.17343750000000008 0.5734375 0.19531250000000008 0.5796875 0.19531250000000008
4 0.5859375 0.1765625000000001 0.5796875 0.1765625000000001 0.5796875 0.1921875000000001 0.5859375 0.1921875000000001
4 0.4875 0.2515625000000001 0.48125 0.2515625000000001 0.48125 0.2734375000000001 0.4875 0.2734375000000001
4 0.484375 0.2640625000000001 0.478125 0.2640625000000001 0.478125 0.2843750000000001 0.484375 0.2843750000000001
4 0.5203125 0.23437500000000008 0.5109375 0.23437500000000008 0.5109375 0.25468750000000007 0.5203125 0.25468750000000007
3 0.534375 0.20312500000000008 0.5109375 0.20312500000000008 0.5109375 0.2328125000000001 0.534375 0.2328125000000001
4 0.4390625 0.2796875000000001 0.434375 0.2796875000000001 0.434375 0.2953125000000001 0.4390625 0.2953125000000001
4 0.434375 0.2765625000000001 0.428125 0.2765625000000001 0.428125 0.29375000000000007 0.434375 0.29375000000000007
4 0.39375 0.2062500000000001 0.384375 0.2062500000000001 0.384375 0.2156250000000001 0.39375 0.2156250000000001
4 0.4140625 0.2375000000000001 0.4015625 0.2375000000000001 0.4015625 0.2484375000000001 0.4140625 0.2484375000000001
4 0.39375 0.17812500000000003 0.3875 0.17812500000000003 0.3875 0.19687500000000005 0.39375 0.19687500000000005
4 0.3671875 0.050000000000000044 0.359375 0.050000000000000044 0.359375 0.06875000000000005 0.3671875 0.06875000000000005
4 0.3578125 0.03906250000000004 0.35 0.03906250000000004 0.35 0.05468750000000004 0.3578125 0.05468750000000004
4 0.3078125 0.06093750000000005 0.3 0.06093750000000005 0.3 0.07656250000000005 0.3078125 0.07656250000000005
4 0.31875 0.07656250000000005 0.3078125 0.07656250000000005 0.3078125 0.08906250000000004 0.31875 0.08906250000000004
4 0.3296875 0.059375000000000046 0.3203125 0.059375000000000046 0.3203125 0.07343750000000004 0.3296875 0.07343750000000004
4 0.334375 0.04843750000000004 0.328125 0.04843750000000004 0.328125 0.06562500000000004 0.334375 0.06562500000000004
4 0.3484375 0.026562500000000044 0.3390625 0.026562500000000044 0.3390625 0.04843750000000004 0.3484375 0.04843750000000004
4 0.346875 0.0031250000000000422 0.3390625 0.003125000000000042 0.3390625 0.01875000000000004 0.346875 0.018750000000000044
4 0.35 0.059375000000000046 0.340625 0.059375000000000046 0.340625 0.07500000000000004 0.35 0.07500000000000004
4 0.3390625 0.051562500000000046 0.3328125 0.051562500000000046 0.3328125 0.06718750000000004 0.3390625 0.06718750000000004
4 0.334375 0.06875000000000005 0.3265625 0.06875000000000005 0.3265625 0.08437500000000005 0.334375 0.08437500000000005
4 0.321875 0.08593750000000004 0.315625 0.08593750000000004 0.315625 0.10156250000000004 0.321875 0.10156250000000004
4 0.3453125 0.09218750000000005 0.3359375 0.09218750000000005 0.3359375 0.10937500000000004 0.3453125 0.10937500000000004
4 0.3484375 0.10156250000000004 0.340625 0.10156250000000004 0.340625 0.11718750000000004 0.3484375 0.11718750000000004
4 0.353125 0.08437500000000005 0.346875 0.08437500000000005 0.346875 0.10312500000000005 0.353125 0.10312500000000005
4 0.3578125 0.09218750000000005 0.3484375 0.09218750000000005 0.3484375 0.11093750000000005 0.3578125 0.11093750000000005
4 0.3703125 0.10625000000000004 0.3640625 0.10625000000000004 0.3640625 0.12031250000000004 0.3703125 0.12031250000000004
4 0.3640625 0.10781250000000005 0.35625 0.10781250000000005 0.35625 0.12187500000000004 0.3640625 0.12187500000000004
4 0.3671875 0.08593750000000004 0.359375 0.08593750000000004 0.359375 0.10156250000000004 0.3671875 0.10156250000000004
4 0.3625 0.07812500000000004 0.35625 0.07812500000000004 0.35625 0.09375000000000004 0.3625 0.09375000000000004
4 0.353125 0.12656250000000005 0.346875 0.12656250000000005 0.346875 0.14218750000000005 0.353125 0.14218750000000005
4 0.346875 0.12187500000000004 0.340625 0.12187500000000004 0.340625 0.14062500000000006 0.346875 0.14062500000000006
4 0.34375 0.11562500000000005 0.3375 0.11562500000000005 0.3375 0.13125000000000003 0.34375 0.13125000000000003
4 0.3875 0.10468750000000004 0.38125 0.10468750000000004 0.38125 0.12343750000000005 0.3875 0.12343750000000005
4 0.38125 0.11093750000000005 0.375 0.11093750000000005 0.375 0.12187500000000004 0.38125 0.12187500000000004
4 0.384375 0.09218750000000005 0.3765625 0.09218750000000005 0.3765625 0.10781250000000005 0.384375 0.10781250000000005
4 0.3796875 0.07187500000000005 0.3734375 0.07187500000000005 0.3734375 0.08750000000000005 0.3796875 0.08750000000000005
4 0.3765625 0.06562500000000004 0.3671875 0.06562500000000004 0.3671875 0.08593750000000004 0.3765625 0.08593750000000004
4 0.23125 0.221875 0.2203125 0.221875 0.2203125 0.234375 0.23125 0.234375
4 0.240625 0.23125 0.23125 0.23125 0.23125 0.246875 0.240625 0.246875
4 0.15000000000000002 0.1703125 0.14375 0.1703125 0.14375000000000002 0.1921875 0.15000000000000005 0.1921875
4 0.14687500000000003 0.1671875 0.1390625 0.1671875 0.13906250000000003 0.1859375 0.14687500000000003 0.1859375
4 0.1203125 0.103125 0.1109375 0.103125 0.1109375 0.1296875 0.1203125 0.1296875
6 0.096875 9.47187758715531e-18 0.0578125 7.079989307570636e-18 0.0578125 0.05781250000000001 0.096875 0.057812500000000024
3 0.2265625 0.2578125 0.2078125 0.2578125 0.2078125 0.2890625 0.2265625 0.2890625
3 0.24375 0.2546875 0.221875 0.2546875 0.221875 0.3015625 0.24375 0.3015625
4 0.2531250000000001 0.7734375 0.2453125000000001 0.7734375 0.2453125000000001 0.7953125 0.2531250000000001 0.7953125
4 0.2296875000000001 0.8296875 0.21875000000000008 0.8296875 0.21875000000000008 0.840625 0.2296875000000001 0.840625
4 0.2328125000000001 0.8140625 0.2234375000000001 0.8140625 0.2234375000000001 0.825 0.2328125000000001 0.825
4 0.2375000000000001 0.796875 0.22656250000000008 0.796875 0.22656250000000008 0.809375 0.2375000000000001 0.809375
4 0.24218750000000008 0.7796875 0.2328125000000001 0.7796875 0.2328125000000001 0.7890625 0.24218750000000008 0.7890625
4 0.2406250000000001 0.7875 0.2312500000000001 0.7875 0.2312500000000001 0.796875 0.2406250000000001 0.796875
3 0.2843750000000001 0.65625 0.2687500000000001 0.65625 0.2687500000000001 0.6875 0.2843750000000001 0.6875
4 0.3828125 0.12812500000000004 0.375 0.12812500000000004 0.375 0.14687500000000003 0.3828125 0.14687500000000003
4 0.375 0.11562500000000005 0.36875 0.11562500000000005 0.36875 0.13437500000000005 0.375 0.13437500000000005
4 0.478125 0.2687500000000001 0.46875 0.2687500000000001 0.46875 0.2875000000000001 0.478125 0.2875000000000001
4 0.5234375 0.2562500000000001 0.5125 0.2562500000000001 0.5125 0.27031250000000007 0.5234375 0.27031250000000007
4 0.75625 0.3656250000000001 0.746875 0.3656250000000001 0.746875 0.3843750000000001 0.75625 0.3843750000000001