1 0.2578125000000001 0.646875 0.20468750000000008 0.646875 0.20468750000000008 0.675 0.2578125000000001 0.675
1 0.3140625000000001 0.640625 0.2609375000000001 0.640625 0.2609375000000001 0.66875 0.3140625000000001 0.66875
4 0.04843750000000009 0.7046875 0.03750000000000009 0.7046875 0.03750000000000009 0.715625 0.04843750000000009 0.715625
2 0.0406250000000001 0.8015625 0.0203125000000001 0.8015625 0.0203125000000001 0.81875 0.0406250000000001 0.81875
0 0.13437500000000008 0.76875 0.11875000000000009 0.76875 0.11875000000000009 0.784375 0.13437500000000008 0.784375
2 0.1750000000000001 0.796875 0.15625000000000008 0.796875 0.15625000000000008 0.815625 0.1750000000000001 0.815625
4 0.2390625000000001 0.7875 0.22812500000000008 0.7875 0.22812500000000008 0.7984375 0.2390625000000001 0.7984375
2 0.2484375000000001 0.8625 0.22812500000000008 0.8625 0.22812500000000008 0.88125 0.2484375000000001 0.88125
3 0.2796875000000001 0.840625 0.2609375000000001 0.840625 0.2609375000000001 0.8625 0.2796875000000001 0.8625
0 0.2796875000000001 0.7609375 0.2656250000000001 0.7609375 0.2656250000000001 0.775 0.2796875000000001 0.775
4 0.31718750000000007 0.79375 0.3062500000000001 0.79375 0.3062500000000001 0.8046875 0.31718750000000007 0.8046875
4 0.3609375000000001 0.7796875 0.34843750000000007 0.7796875 0.34843750000000007 0.790625 0.3609375000000001 0.790625
2 0.3656250000000001 0.8796875 0.3468750000000001 0.8796875 0.3468750000000001 0.9 0.3656250000000001 0.9
5 0.3906250000000001 0.8359375 0.3625000000000001 0.8359375 0.3625000000000001 0.8625 0.3906250000000001 0.8625
2 0.47187500000000016 0.8484375 0.45312500000000017 0.8484375 0.45312500000000017 0.86875 0.47187500000000016 0.86875
0 0.4671875000000002 0.875 0.4546875000000002 0.875 0.4546875000000002 0.890625 0.4671875000000002 0.890625
2 0.42968750000000017 0.7390625 0.40937500000000016 0.7390625 0.40937500000000016 0.759375 0.42968750000000017 0.759375
2 0.2890625000000001 0.69375 0.2687500000000001 0.69375 0.2687500000000001 0.7078125 0.2890625000000001 0.7078125
2 0.4078125 0.678125 0.3890625000000001 0.678125 0.3890625000000001 0.6953125 0.4078125 0.6953125
0 0.3781250000000001 0.6625 0.36406250000000007 0.6625 0.36406250000000007 0.678125 0.3781250000000001 0.678125
2 0.5265625000000002 0.803125 0.5171875000000001 0.803125 0.5171875000000001 0.840625 0.5265625000000002 0.840625
4 0.5312500000000002 0.7765625 0.5218750000000002 0.7765625 0.5218750000000002 0.7859375 0.5312500000000002 0.7859375
2 0.5500000000000002 0.85625 0.5296875000000002 0.85625 0.5296875000000002 0.875 0.5500000000000002 0.875
4 0.5703125000000002 0.8203125 0.5609375000000002 0.8203125 0.5609375000000002 0.83125 0.5703125000000002 0.83125
4 0.6109375000000001 0.83125 0.6000000000000002 0.83125 0.6000000000000002 0.8421875 0.6109375000000001 0.8421875
4 0.6406250000000002 0.8359375 0.6296875000000002 0.8359375 0.6296875000000002 0.8453125 0.6406250000000002 0.8453125
2 0.5828125000000002 0.7875 0.5625000000000002 0.7875 0.5625000000000002 0.8046875 0.5828125000000002 0.8046875
2 0.6078125000000002 0.7390625 0.5859375000000002 0.7390625 0.5859375000000002 0.7625 0.6078125000000002 0.7625
4 0.5718750000000001 0.7140625 0.5609375 0.7140625 0.5609375000000001 0.7296875 0.5718750000000001 0.7296875
2 0.5453125 0.6609375 0.5296875 0.6609375 0.5296875 0.7 0.5453125 0.7
2 0.5234375 0.5375 0.5140625 0.5375 0.5140625 0.5765625 0.5234375 0.5765625
2 0.496875 0.50625 0.4875 0.50625 0.4875 0.5421875 0.496875 0.5421875
4 0.534375 0.55625 0.5296875 0.55625 0.5296875 0.575 0.534375 0.575
4 0.4796875 0.453125 0.4765625 0.453125 0.4765625 0.46875 0.4796875 0.46875
4 0.4765625 0.2406250000000001 0.471875 0.2406250000000001 0.471875 0.2578125000000001 0.4765625 0.2578125000000001
2 0.521875 0.18125000000000005 0.5109375 0.18125000000000005 0.5109375 0.2312500000000001 0.521875 0.2312500000000001
2 0.528125 0.07343750000000007 0.5171875 0.07343750000000007 0.5171875 0.11718750000000004 0.528125 0.11718750000000004
3 0.6937500000000002 0.8390625 0.6671875000000002 0.8390625 0.6671875000000002 0.859375 0.6937500000000002 0.859375
2 0.7406250000000002 0.83125 0.7203125000000001 0.83125 0.7203125000000001 0.85 0.7406250000000002 0.85
1 0.8171875 0.8625 0.7562500000000002 0.8625 0.7562500000000002 0.8953125 0.8171875 0.8953125
2 0.859375 0.84375 0.8328125 0.84375 0.8328125 0.865625 0.859375 0.865625
0 0.9421875 0.8703125 0.9234375 0.8703125 0.9234375 0.8890625 0.9421875 0.8890625
4 1 0.86875 0.9859375 0.86875 0.9859375 0.8796875 1 0.8796875
2 0.978125 0.8375 0.95625 0.8375 0.95625 0.85625 0.978125 0.85625
4 0.7109375000000002 0.7484375 0.6968750000000001 0.7484375 0.6968750000000001 0.7578125 0.7109375000000002 0.7578125
4 0.7875000000000002 0.7671875000000001 0.7750000000000001 0.7671875000000001 0.7750000000000001 0.7765625000000002 0.7875000000000002 0.7765625000000002
4 0.84375 0.7593750000000001 0.834375 0.7593750000000001 0.834375 0.7687500000000002 0.84375 0.7687500000000002
4 0.946875 0.7125000000000001 0.9359375 0.7125000000000001 0.9359375 0.7218750000000002 0.946875 0.7218750000000002
0 0.9828125 0.6906250000000002 0.96875 0.6906250000000002 0.96875 0.7046875000000001 0.9828125 0.7046875000000001
4 0.834375 0.6796875000000002 0.8234375 0.6796875000000002 0.8234375 0.6890625000000001 0.834375 0.6890625000000001
4 0.8140625 0.6984375000000002 0.803125 0.6984375000000002 0.803125 0.7078125000000002 0.8140625 0.7078125000000002
4 0.8078125 0.6859375000000002 0.796875 0.6859375000000002 0.796875 0.6953125000000002 0.8078125 0.6953125000000002
4 0.8046875 0.6765625000000002 0.796875 0.6765625000000002 0.796875 0.6828125000000002 0.8046875 0.6828125000000002
4 0.765625 0.6812500000000001 0.75625 0.6812500000000001 0.75625 0.6890625000000001 0.765625 0.6890625000000001
4 0.653125 0.6609375 0.64375 0.6609375 0.64375 0.671875 0.653125 0.671875
0 0.16093750000000012 0.9390625 0.14687500000000014 0.9390625 0.14687500000000014 0.9546875 0.16093750000000012 0.9546875