4 0.1531250000000001 0.7203125 0.14062500000000008 0.7203125 0.14062500000000008 0.7328125 0.1531250000000001 0.7328125
0 0.07968750000000009 0.6484375 0.06406250000000009 0.6484375 0.06406250000000009 0.6640625 0.07968750000000009 0.6640625
0 0.2796875000000001 0.74375 0.2640625000000001 0.74375 0.2640625000000001 0.7578125 0.2796875000000001 0.7578125
3 0.2765625000000001 0.615625 0.26250000000000007 0.615625 0.26250000000000007 0.63125 0.2765625000000001 0.63125
4 0.2875000000000001 0.6 0.2734375000000001 0.6 0.2734375000000001 0.6140625 0.2875000000000001 0.6140625
4 0.240625 0.2375 0.228125 0.2375 0.228125 0.2484375 0.240625 0.2484375
0 0.3531250000000001 0.65625 0.3375000000000001 0.65625 0.3375000000000001 0.6703125 0.3531250000000001 0.6703125
0 0.3828125000000001 0.628125 0.3703125000000001 0.628125 0.3703125000000001 0.64375 0.3828125000000001 0.64375
4 0.55 0.60625 0.540625 0.60625 0.540625 0.621875 0.55 0.621875
4 0.63125 0.33281250000000007 0.6203125 0.33281250000000007 0.6203125 0.3468750000000001 0.63125 0.3468750000000001
4 0.728125 0.3906250000000001 0.7203125 0.3906250000000001 0.7203125 0.4062500000000001 0.728125 0.40625000000000017
4 0.646875 0.3203125000000001 0.6359375 0.3203125000000001 0.6359375 0.3359375000000001 0.646875 0.3359375000000001
0 0.7796875 0.3062500000000001 0.76875 0.3062500000000001 0.76875 0.3281250000000001 0.7796875 0.3281250000000001
0 0.7640625 0.06562500000000009 0.753125 0.06562500000000009 0.753125 0.08750000000000009 0.7640625 0.08750000000000009
4 0.04062500000000009 0.765625 0.02656250000000009 0.765625 0.026562500000000093 0.7765625 0.0406250000000001 0.7765625
0 0.4328125 0.65 0.4234375 0.65 0.4234375 0.659375 0.4328125 0.659375
4 0.425 0.534375 0.4140625 0.534375 0.4140625 0.5453125 0.425 0.5453125
4 0.2062500000000001 0.6390625 0.1937500000000001 0.6390625 0.1937500000000001 0.6484375 0.2062500000000001 0.6484375
4 0.415625 0.63125 0.4046875 0.63125 0.4046875 0.6453125 0.415625 0.6453125
4 0.2890625 0.2765625 0.2796875 0.2765625 0.2796875 0.2921875 0.2890625 0.2921875
4 0.4671875 0.603125 0.45625 0.603125 0.45625 0.61875 0.4671875 0.61875
4 0.2609375 0.2546875 0.253125 0.2546875 0.253125 0.26875 0.2609375 0.26875
2 0.3109375 0.2375 0.290625 0.2375 0.290625 0.2578125 0.3109375 0.2578125
4 0.22812500000000008 0.365625 0.2171875000000001 0.365625 0.2171875000000001 0.3828125 0.22812500000000008 0.3828125
0 0.2593750000000001 0.409375 0.2484375000000001 0.409375 0.2484375000000001 0.425 0.2593750000000001 0.425
4 0.18125 0.14375 0.1703125 0.14375 0.1703125 0.1578125 0.18125 0.1578125
2 0.2296875000000001 0.3921875 0.2093750000000001 0.3921875 0.2093750000000001 0.421875 0.2296875000000001 0.421875
0 0.621875 0.565625 0.6109375 0.565625 0.6109375 0.58125 0.621875 0.58125
4 0.5671875 0.6328125 0.55625 0.6328125 0.55625 0.6484375 0.5671875 0.6484375
4 0.634375 0.3515625000000001 0.6234375 0.3515625000000001 0.6234375 0.36406250000000007 0.634375 0.36406250000000007
4 0.775 0.6671875000000002 0.7640625 0.6671875000000002 0.7640625 0.6859375000000002 0.775 0.6859375000000002
0 0.8140625 0.7437500000000001 0.8015625 0.7437500000000001 0.8015625 0.7640625000000002 0.8140625 0.7640625000000002
3 0.6921875 0.609375 0.6796875 0.609375 0.6796875 0.6296875 0.6921875 0.6296875
0 0.8359375 0.7578125000000002 0.8171875 0.7578125000000002 0.8171875 0.7843750000000002 0.8359375 0.7843750000000002
4 0.88125 0.8203125 0.8703125 0.8203125 0.8703125 0.840625 0.88125 0.840625
0 0.825 0.7750000000000001 0.8109375 0.7750000000000001 0.8109375 0.7937500000000002 0.825 0.7937500000000002
4 0.8765625 0.8515625 0.865625 0.8515625 0.865625 0.865625 0.8765625 0.865625
4 0.896875 0.859375 0.8859375 0.859375 0.8859375 0.878125 0.896875 0.878125
4 0.8328125 0.8046875 0.8203125 0.8046875 0.8203125 0.8234375 0.8328125 0.8234375
4 0.85625 0.828125 0.8484375 0.828125 0.8484375 0.846875 0.85625 0.846875
0 0.5984375 0.596875 0.5828125 0.596875 0.5828125 0.6171875 0.5984375 0.6171875
4 0.95625 0.9515625 0.9453125 0.9515625 0.9453125 0.9640625 0.95625 0.9640625
2 0.7640625 0.6140625000000002 0.746875 0.6140625000000002 0.746875 0.6453125000000002 0.7640625 0.6453125000000002
0 0.6890625 0.5203125 0.6796875 0.5203125 0.6796875 0.5421875 0.6890625 0.5421875
0 0.6703125 0.48125 0.6609375 0.48125 0.6609375 0.5 0.6703125 0.5
0 0.7609375 0.4890625000000002 0.753125 0.4890625000000002 0.753125 0.5078125000000002 0.7609375 0.5078125000000002
4 0.7984375 0.24375000000000008 0.790625 0.24375000000000008 0.790625 0.2593750000000001 0.7984375 0.2593750000000001
4 0.765625 0.6796875000000002 0.75625 0.6796875000000002 0.75625 0.6953125000000002 0.765625 0.6953125000000002
0 0.7796875 0.4078125000000002 0.76875 0.4078125000000002 0.76875 0.4312500000000002 0.7796875 0.4312500000000002
4 0.2109375 0.3390625 0.19531250000000006 0.3390625 0.19531250000000006 0.3609375 0.2109375 0.3609375
0 0.45625 0.63125 0.4453125 0.63125 0.4453125 0.65 0.45625 0.65
4 0.55625 0.6609375 0.5453125 0.6609375 0.5453125 0.671875 0.55625 0.671875
4 0.5375 0.4765625 0.53125 0.4765625 0.53125 0.4921875 0.5375 0.4921875
4 0.55 0.415625 0.5421875 0.415625 0.5421875 0.434375 0.55 0.434375
4 0.6859375 0.2687500000000001 0.6765625 0.2687500000000001 0.6765625 0.27812500000000007 0.6859375 0.27812500000000007
4 0.61875 0.33281250000000007 0.6078125 0.33281250000000007 0.6078125 0.3437500000000001 0.61875 0.3437500000000001
2 0.51875 0.5125 0.5109375 0.5125 0.5109375 0.534375 0.51875 0.534375
4 0.9421875 0.8625 0.9296875 0.8625 0.9296875 0.875 0.9421875 0.875
3 0.7015625000000002 0.8234375 0.6859375000000002 0.8234375 0.6859375000000002 0.834375 0.7015625000000002 0.834375
0 0.8515625 0.7812500000000002 0.8375 0.7812500000000002 0.8375 0.7953125000000002 0.8515625 0.7953125000000002
2 0.73125 0.6781250000000001 0.7125 0.678125 0.7125 0.7078125000000001 0.73125 0.7078125000000002
4 0.7937500000000002 0.7406250000000002 0.7843750000000002 0.7406250000000002 0.7843750000000002 0.7546875000000002 0.7937500000000002 0.7546875000000002
4 0.753125 0.7031250000000002 0.7453125 0.7031250000000002 0.7453125 0.7187500000000002 0.753125 0.7187500000000002
4 0.30937500000000007 0.4234375 0.30156250000000007 0.4234375 0.30156250000000007 0.4375 0.30937500000000007 0.4375
3 0.503125 0.36406250000000007 0.4859375 0.36406250000000007 0.4859375 0.3859375000000001 0.503125 0.3859375000000001
2 0.15000000000000005 0.2578125 0.12968750000000004 0.2578125 0.12968750000000004 0.28125 0.15000000000000005 0.28125
4 0.2828125000000001 0.5796875 0.2718750000000001 0.5796875 0.2718750000000001 0.6 0.2828125000000001 0.6
3 0.2062500000000001 0.753125 0.1921875000000001 0.753125 0.1921875000000001 0.775 0.2062500000000001 0.775
4 0.24375000000000008 0.6234375 0.2312500000000001 0.6234375 0.2312500000000001 0.6390625 0.24375000000000008 0.6390625
4 0.50625 0.6375 0.4953125 0.6375 0.4953125 0.6484375 0.50625 0.6484375
4 0.6578125 0.3203125000000001 0.65 0.3203125000000001 0.65 0.3375000000000001 0.6578125 0.3375000000000001
4 0.5515625 0.4625 0.540625 0.4625 0.540625 0.478125 0.5515625 0.478125
4 0.43125 0.3765625000000001 0.4203125 0.3765625000000001 0.4203125 0.38750000000000007 0.43125 0.38750000000000007
0 0.7018670599954379 0.6809920759402213 0.6851300859375 0.6607266015625001 0.6753220025045621 0.668826961559779 0.6920589765624999 0.6890924359375001
0 0.815625 0.2578125000000001 0.803125 0.2578125000000001 0.803125 0.2796875000000001 0.815625 0.2796875000000001
4 0.659375 0.2968750000000001 0.65 0.2968750000000001 0.65 0.3125000000000001 0.659375 0.3125000000000001
0 0.621875 0.3750000000000001 0.6109375 0.3750000000000001 0.6109375 0.3890625000000001 0.621875 0.3890625000000001
2 0.5140625 0.4328125 0.4921875 0.4328125 0.4921875 0.45 0.5140625 0.45
4 0.93125 0.8625 0.921875 0.8625 0.921875 0.878125 0.93125 0.878125
4 0.928125 0.8796875 0.9203125 0.8796875 0.9203125 0.8984375 0.928125 0.8984375
4 0.959375 0.9078125 0.946875 0.9078125 0.946875 0.928125 0.959375 0.928125
4 0.9234375 0.9078125 0.9140625 0.9078125 0.9140625 0.9234375 0.9234375 0.9234375
4 0.9734375 0.9578125 0.9625 0.9578125 0.9625 0.9796875 0.9734375 0.9796875
4 0.9921875 0.9546875 0.9796875 0.9546875 0.9796875 0.9765625 0.9921875 0.9765625
0 0.86875 0.8109375 0.8546875 0.8109375 0.8546875 0.828125 0.86875 0.828125
2 0.7375000000000002 0.8109375 0.7156250000000002 0.8109375 0.7156250000000002 0.8390625 0.7375000000000002 0.8390625
4 0.6984375000000002 0.7796875 0.6890625000000001 0.7796875 0.6890625000000001 0.79375 0.6984375000000002 0.79375
0 0.6390625000000001 0.709375 0.63125 0.709375 0.6312500000000001 0.7296875 0.6390625000000002 0.7296875
4 0.8484375 0.915625 0.828125 0.915625 0.828125 0.946875 0.8484375 0.946875
4 0.575 0.6015625 0.5640625 0.6015625 0.5640625 0.6125 0.575 0.6125
4 0.5453125 0.66875 0.534375 0.66875 0.534375 0.6796875 0.5453125 0.6796875
4 0.3531250000000001 0.565625 0.3437500000000001 0.565625 0.3437500000000001 0.5796875 0.3531250000000001 0.5796875
4 0.3500000000000001 0.4921875 0.34062500000000007 0.4921875 0.34062500000000007 0.5078125 0.3500000000000001 0.5078125
4 0.4671875 0.4046875 0.459375 0.4046875 0.459375 0.41875 0.4671875 0.41875
0 0.38750000000000007 0.3968750000000001 0.3765625000000001 0.3968750000000001 0.3765625000000001 0.4171875 0.38750000000000007 0.4171875
4 0.3375 0.3171875 0.328125 0.3171875 0.328125 0.334375 0.3375 0.334375
0 0.3703125 0.33281250000000007 0.3578125 0.3328125 0.3578125 0.34687500000000004 0.3703125 0.3468750000000001
4 0.2828125 0.2625 0.2734375 0.2625 0.2734375 0.2734375 0.2828125 0.2734375
4 0.2578125 0.2296875 0.2484375 0.2296875 0.2484375 0.24375 0.2578125 0.24375
4 0.2171875 0.2265625 0.2046875 0.2265625 0.2046875 0.240625 0.2171875 0.240625
4 0.146875 0.1515625 0.134375 0.1515625 0.134375 0.1703125 0.146875 0.1703125
4 0.615625 0.5296875 0.60625 0.5296875 0.60625 0.546875 0.615625 0.546875
4 0.59375 0.53125 0.5890625 0.53125 0.5890625 0.55 0.59375 0.55
4 0.578125 0.48125 0.571875 0.48125 0.571875 0.4953125 0.578125 0.4953125
4 0.5796875 0.5078125 0.571875 0.5078125 0.571875 0.5234375 0.5796875 0.5234375
4 0.60625 0.56875 0.6 0.56875 0.6 0.58125 0.60625 0.58125
4 0.7515625 0.28593750000000007 0.74375 0.28593750000000007 0.74375 0.3000000000000001 0.7515625 0.3000000000000001
4 0.8671875 0.1359375000000001 0.8546875 0.1359375000000001 0.8546875 0.1546875000000001 0.8671875 0.1546875000000001
4 0.7546875 0.04843750000000009 0.7453125 0.04843750000000009 0.7453125 0.06250000000000008 0.7546875 0.06250000000000008
4 0.7484375 0.11875000000000009 0.7375 0.11875000000000009 0.7375 0.13437500000000008 0.7484375 0.13437500000000008
4 0.8734375 0.15781250000000008 0.8546875 0.15781250000000008 0.8546875 0.17343750000000008 0.8734375 0.17343750000000008
4 0.8046875 0.0156250000000001 0.79375 0.0156250000000001 0.79375 0.0312500000000001 0.8046875 0.0312500000000001
4 0.8578125 0.9734375 0.8453125 0.9734375 0.8453125 0.990625 0.8578125 0.990625
2 0.7890625000000002 0.86875 0.7687500000000002 0.86875 0.7687500000000002 0.89375 0.7890625000000002 0.89375
0 0.7718750000000001 0.7250000000000002 0.7578125 0.7250000000000002 0.7578125000000001 0.7437500000000001 0.7718750000000002 0.7437500000000001
0 0.4296875 0.609375 0.4140625 0.609375 0.4140625 0.628125 0.4296875 0.628125
4 0.0828125000000001 0.6921875 0.0671875000000001 0.6921875 0.0671875000000001 0.70625 0.0828125000000001 0.70625
2 0.03750000000000002 0.1171875 0.015625000000000017 0.1171875 0.015625000000000017 0.1453125 0.03750000000000002 0.1453125
2 0.184375 0.10937500000000003 0.1640625 0.109375 0.1640625 0.13906250000000003 0.184375 0.13906250000000003
0 0.1171875 0.109375 0.103125 0.109375 0.103125 0.134375 0.1171875 0.134375
3 0.15625000000000006 0.290625 0.13125000000000003 0.290625 0.13125000000000003 0.321875 0.15625000000000006 0.321875
2 0.703125 0.459375 0.6890625 0.459375 0.6890625 0.4875 0.703125 0.4875
4 0.7359375 0.4031250000000002 0.728125 0.4031250000000002 0.728125 0.4156250000000002 0.7359375 0.4156250000000002
4 0.775 0.3625000000000001 0.7671875 0.3625000000000001 0.7671875 0.3750000000000001 0.775 0.3750000000000001
4 0.684375 0.4796875 0.6765625 0.4796875 0.6765625 0.4921875 0.684375 0.4921875
0 0.6515625 0.603125 0.6375 0.603125 0.6375 0.6265625 0.6515625 0.6265625
0 0.6703125 0.5015625 0.6578125 0.5015625 0.6578125 0.51875 0.6703125 0.51875
2 0.790625 0.6906250000000002 0.7703125 0.6906250000000002 0.7703125 0.7218750000000002 0.790625 0.7218750000000002
2 0.3515625000000001 0.45 0.3343750000000001 0.45 0.3343750000000001 0.4765625 0.3515625000000001 0.4765625
6 0.06718750000000001 0.0671875 0.039062500000000014 0.0671875 0.039062500000000014 0.1 0.06718750000000002 0.1
0 0.328125 0.328125 0.3171875 0.328125 0.3171875 0.35 0.328125 0.35
2 0.534237647723075 0.6411663192895858 0.5148796015625 0.6175816765625002 0.5045787893817797 0.6260364833617056 0.5239368355423547 0.6496211260887912
3 0.5471925757801458 0.6293309101473993 0.5293663484375 0.6083123046875001 0.5199507195323543 0.616297855477601 0.537776946875 0.6373164609375002
5 0.5578125 0.3546875000000001 0.5171875 0.3546875000000001 0.5171875 0.39531250000000007 0.5578125 0.39531250000000007
1 0.65625 0.5109375 0.6375 0.5109375 0.6375 0.59375 0.65625 0.59375
1 0.7359375 0.3234375000000001 0.690625 0.3234375000000001 0.690625 0.40312500000000007 0.7359375 0.4031250000000002
0 0.50625 0.4875 0.4921875 0.4875 0.4921875 0.5234375 0.50625 0.5234375
0 0.4984375 0.5921875 0.484375 0.5921875 0.484375 0.6171875 0.4984375 0.6171875
2 0.5328125 0.55625 0.5140625 0.55625 0.5140625 0.6 0.5328125 0.6
2 0.3031250000000001 0.53125 0.2812500000000001 0.53125 0.2812500000000001 0.5515625 0.3031250000000001 0.5515625
0 0.6140625 0.3187500000000001 0.6 0.3187500000000001 0.6 0.3421875000000001 0.6140625 0.3421875000000001
2 0.715625 0.6015625 0.6953125 0.6015625 0.6953125 0.634375 0.715625 0.634375
2 0.73125 0.6218750000000001 0.715625 0.621875 0.715625 0.6546875000000001 0.73125 0.6546875000000002
3 0.7578125 0.6578125000000001 0.7359375 0.6578125000000001 0.7359375 0.6937500000000002 0.7578125 0.6937500000000002
3 0.7984375000000001 0.90625 0.7750000000000001 0.90625 0.7750000000000001 0.9453125 0.7984375000000001 0.9453125