2 0.99375 0.3000000000000001 0.965625 0.3000000000000001 0.965625 0.3203125000000001 0.99375 0.3203125000000001
2 0.7890625 0.2234375000000001 0.7609375 0.2234375000000001 0.7609375 0.2468750000000001 0.7890625 0.2468750000000001
2 0.778125 0.14218750000000008 0.7484375 0.14218750000000008 0.7484375 0.1625000000000001 0.778125 0.1625000000000001
2 0.9140625 0.3000000000000001 0.8859375 0.3000000000000001 0.8859375 0.3296875000000001 0.9140625 0.3296875000000001
2 0.8515625 0.4656250000000002 0.8265625 0.4656250000000002 0.8265625 0.49218750000000017 0.8515625 0.49218750000000017
4 0.7390625 0.5093750000000001 0.71875 0.509375 0.71875 0.5359375000000001 0.7390625 0.5359375000000002
3 0.659375 0.528125 0.6375 0.528125 0.6375 0.5484375 0.659375 0.5484375
4 0.56875 0.32500000000000007 0.5578125 0.32500000000000007 0.5578125 0.3437500000000001 0.56875 0.3437500000000001
4 0.475 0.4171875 0.45625 0.4171875 0.45625 0.4359375 0.475 0.4359375
4 0.475 0.5609375 0.465625 0.5609375 0.465625 0.5765625 0.475 0.5765625
4 0.04062500000000007 0.5828125 0.029687500000000068 0.5828125 0.02968750000000007 0.596875 0.04062500000000008 0.596875
3 0.11875000000000005 0.4359375 0.10312500000000005 0.4359375 0.10312500000000005 0.4515625 0.11875000000000005 0.4515625
2 0.15000000000000005 0.2625 0.13750000000000004 0.2625 0.13750000000000004 0.29375 0.15000000000000005 0.29375
2 0.07031250000000001 0.0734375 0.05625 0.0734375 0.05625000000000001 0.11875 0.07031250000000003 0.11875
2 0.046875000000000014 0.1125 0.03593750000000001 0.1125 0.03593750000000002 0.1484375 0.04687500000000002 0.1484375
2 0.05468750000000002 0.1578125 0.042187500000000024 0.1578125 0.042187500000000024 0.2015625 0.05468750000000002 0.2015625
2 0.04843750000000003 0.2078125 0.034375000000000024 0.2078125 0.03437500000000003 0.2375 0.048437500000000036 0.2375
2 0.034375000000000024 0.1765625 0.021875000000000023 0.1765625 0.021875000000000026 0.2125 0.034375000000000024 0.2125
2 0.028125000000000032 0.2296875 0.014062500000000028 0.2296875 0.01406250000000003 0.275 0.028125000000000032 0.275
2 0.02968750000000004 0.284375 0.018750000000000034 0.284375 0.018750000000000037 0.3234375 0.029687500000000044 0.3234375
3 0.046875000000000035 0.2625 0.032812500000000036 0.2625 0.032812500000000036 0.2859375 0.046875000000000035 0.2859375
4 0.01093750000000002 0.15 0.001562500000000018 0.15 0.0015625000000000194 0.171875 0.010937500000000022 0.171875
4 0.051562500000000025 0.2421875 0.04218750000000003 0.2421875 0.04218750000000003 0.259375 0.051562500000000025 0.259375
4 0.03437500000000003 0.2546875 0.028125000000000032 0.2546875 0.028125000000000032 0.2671875 0.03437500000000003 0.2671875
4 0.010937500000000032 0.25 0.0031250000000000305 0.25 0.0031250000000000314 0.2640625 0.010937500000000034 0.2640625
4 0.009375000000000034 0.26875 0.0015625000000000326 0.26875 0.0015625000000000337 0.284375 0.009375000000000036 0.284375
0 0.19375000000000003 0.38125 0.17968750000000006 0.38125 0.17968750000000006 0.3984375 0.19375000000000003 0.3984375