2 0.525 0.44375 0.5 0.44375 0.5 0.475 0.525 0.475
4 0.490625 0.4671875 0.4703125 0.4671875 0.4703125 0.4859375 0.490625 0.4859375
0 0.453125 0.2562500000000001 0.44375 0.2562500000000001 0.44375 0.2812500000000001 0.453125 0.2812500000000001
2 0.4421875 0.2718750000000001 0.4171875 0.2718750000000001 0.4171875 0.3109375000000001 0.4421875 0.3109375000000001
2 0.40625 0.19531250000000006 0.3859375 0.19531250000000006 0.3859375 0.22812500000000008 0.40625 0.22812500000000008
2 0.4234375 0.15937500000000004 0.4 0.15937500000000004 0.4 0.19687500000000005 0.4234375 0.19687500000000005
2 0.38125 0.15312500000000004 0.3625 0.15312500000000004 0.3625 0.18750000000000006 0.38125 0.18750000000000006
2 0.35 0.13437500000000005 0.334375 0.13437500000000005 0.334375 0.16562500000000005 0.35 0.16562500000000005
2 0.378125 0.25000000000000006 0.353125 0.25 0.353125 0.29218750000000004 0.378125 0.2921875000000001
4 0.415625 0.21250000000000008 0.403125 0.21250000000000008 0.403125 0.2312500000000001 0.415625 0.2312500000000001
4 0.4359375 0.2593750000000001 0.4265625 0.2593750000000001 0.4265625 0.2734375000000001 0.4359375 0.2734375000000001
4 0.403125 0.11406250000000004 0.3921875 0.11406250000000004 0.3921875 0.13437500000000005 0.403125 0.13437500000000005
2 0.3453125 0.07343750000000004 0.325 0.07343750000000004 0.325 0.10937500000000004 0.3453125 0.10937500000000004
2 0.259375 0.00468750000000003 0.2375 0.004687500000000029 0.2375 0.03750000000000003 0.259375 0.03750000000000003
2 0.29375 0.021875000000000033 0.275 0.021875000000000033 0.275 0.05625000000000004 0.29375 0.05625000000000004
4 0.271875 0.051562500000000025 0.259375 0.051562500000000025 0.259375 0.07187500000000002 0.271875 0.07187500000000002
4 0.2828125 0.05156250000000003 0.2703125 0.051562500000000025 0.2703125 0.07187500000000004 0.2828125 0.07187500000000005
2 0.375 0.015625000000000045 0.35 0.015625000000000045 0.35 0.059375000000000046 0.375 0.059375000000000046
2 0.4140625 0.3656250000000001 0.3921875000000001 0.3656250000000001 0.3921875000000001 0.40625 0.4140625 0.40625
2 0.415625 0.5078125 0.3906250000000001 0.5078125 0.3906250000000001 0.5390625 0.415625 0.5390625
2 0.4421875 0.53125 0.41875 0.53125 0.41875 0.5578125 0.4421875 0.5578125
4 0.440625 0.5078125 0.4296875 0.5078125 0.4296875 0.5234375 0.440625 0.5234375
4 0.4546875 0.4875 0.44375 0.4875 0.44375 0.503125 0.4546875 0.503125
4 0.4640625 0.5015625 0.453125 0.5015625 0.453125 0.515625 0.4640625 0.515625
4 0.5109375 0.4109375 0.5 0.4109375 0.5 0.4265625 0.5109375 0.4265625
4 0.5140625 0.39531250000000007 0.503125 0.39531250000000007 0.503125 0.409375 0.5140625 0.409375
4 0.528125 0.3984375000000001 0.51875 0.3984375000000001 0.51875 0.4140625 0.528125 0.4140625
4 0.54375 0.3937500000000001 0.5296875 0.3937500000000001 0.5296875 0.409375 0.54375 0.409375
4 0.3906250000000001 0.5453125 0.3812500000000001 0.5453125 0.3812500000000001 0.5609375 0.3906250000000001 0.5609375
4 0.4109375 0.546875 0.4 0.546875 0.4 0.5609375 0.4109375 0.5609375
4 0.4015625 0.5609375 0.3906250000000001 0.5609375 0.3906250000000001 0.571875 0.4015625 0.571875
4 0.415625 0.5640625 0.403125 0.5640625 0.403125 0.575 0.415625 0.575
4 0.37968750000000007 0.559375 0.3687500000000001 0.559375 0.3687500000000001 0.5765625 0.37968750000000007 0.5765625
4 0.3765625000000001 0.5921875 0.3671875000000001 0.5921875 0.3671875000000001 0.6078125 0.3765625000000001 0.6078125
4 0.3671875000000001 0.609375 0.3609375000000001 0.609375 0.3609375000000001 0.61875 0.3671875000000001 0.61875
4 0.37968750000000007 0.6140625 0.3671875000000001 0.6140625 0.3671875000000001 0.625 0.37968750000000007 0.625
4 0.3687500000000001 0.6234375 0.3593750000000001 0.6234375 0.3593750000000001 0.6328125 0.3687500000000001 0.6328125
4 0.3609375000000001 0.63125 0.3515625000000001 0.63125 0.3515625000000001 0.6421875 0.3609375000000001 0.6421875
2 0.3593750000000001 0.5984375 0.34062500000000007 0.5984375 0.34062500000000007 0.628125 0.3593750000000001 0.628125
6 0.36406250000000007 0.6484375 0.3390625000000001 0.6484375 0.3390625000000001 0.6890625 0.36406250000000007 0.6890625
4 0.3375000000000001 0.6484375 0.33281250000000007 0.6484375 0.33281250000000007 0.6625 0.3375000000000001 0.6625
4 0.3296875000000001 0.6546875 0.32500000000000007 0.6546875 0.32500000000000007 0.66875 0.3296875000000001 0.66875
4 0.3203125000000001 0.6578125 0.3109375000000001 0.6578125 0.3109375000000001 0.6703125 0.3203125000000001 0.6703125
4 0.3359375000000001 0.671875 0.3312500000000001 0.671875 0.3312500000000001 0.6890625 0.3359375000000001 0.6890625
4 0.3359375000000001 0.6265625 0.3281250000000001 0.6265625 0.3281250000000001 0.640625 0.3359375000000001 0.640625
2 0.3125000000000001 0.6765625 0.2953125000000001 0.6765625 0.2953125000000001 0.70625 0.3125000000000001 0.70625
2 0.3265625000000001 0.7015625 0.3078125000000001 0.7015625 0.3078125000000001 0.734375 0.3265625000000001 0.734375
2 0.3062500000000001 0.728125 0.2875000000000001 0.728125 0.2875000000000001 0.759375 0.3062500000000001 0.759375
2 0.2765625000000001 0.7390625 0.2578125000000001 0.7390625 0.2578125000000001 0.7703125 0.2765625000000001 0.7703125
2 0.2875000000000001 0.7671875 0.2671875000000001 0.7671875 0.2671875000000001 0.7984375 0.2875000000000001 0.7984375
5 0.2656250000000001 0.79375 0.2468750000000001 0.79375 0.2468750000000001 0.8375 0.2656250000000001 0.8375
2 0.23593750000000008 0.8 0.2171875000000001 0.8 0.2171875000000001 0.8390625 0.23593750000000008 0.8390625
2 0.24375000000000008 0.8296875 0.22656250000000008 0.8296875 0.22656250000000008 0.8609375 0.24375000000000008 0.8609375
4 0.2375000000000001 0.9453125 0.22812500000000008 0.9453125 0.22812500000000008 0.95625 0.2375000000000001 0.95625
4 0.2234375000000001 0.8390625 0.21250000000000008 0.8390625 0.21250000000000008 0.853125 0.2234375000000001 0.853125
2 0.2250000000000001 0.8546875 0.2062500000000001 0.8546875 0.2062500000000001 0.8828125 0.2250000000000001 0.8828125
2 0.2062500000000001 0.8546875 0.1843750000000001 0.8546875 0.1843750000000001 0.8890625 0.2062500000000001 0.8890625
2 0.21093750000000008 0.8890625 0.18750000000000008 0.8890625 0.1875000000000001 0.9234375 0.21093750000000008 0.9234375
2 0.17812500000000012 0.9015625 0.15781250000000008 0.9015625 0.1578125000000001 0.9296875 0.17812500000000014 0.9296875
2 0.18906250000000013 0.9171875 0.16875000000000012 0.9171875 0.16875000000000012 0.9484375 0.18906250000000013 0.9484375
2 0.15937500000000013 0.9359375 0.13906250000000014 0.9359375 0.13906250000000014 0.9671875 0.15937500000000013 0.9671875
2 0.17656250000000012 0.9515625 0.15312500000000012 0.9515625 0.15312500000000012 0.9796875 0.17656250000000012 0.9796875
2 0.15156250000000013 0.9734375 0.13281250000000014 0.9734375 0.13281250000000014 1 0.15156250000000013 1
2 0.19531250000000008 0.78125 0.17343750000000008 0.78125 0.17343750000000008 0.80625 0.19531250000000008 0.80625
2 0.2062500000000001 0.6703125 0.17968750000000008 0.6703125 0.17968750000000008 0.703125 0.2062500000000001 0.703125
2 0.1781250000000001 0.715625 0.1593750000000001 0.715625 0.1593750000000001 0.75 0.1781250000000001 0.75
0 0.23593750000000008 0.68125 0.22031250000000008 0.68125 0.22031250000000008 0.70625 0.23593750000000008 0.70625
2 0.7359375000000001 0.85 0.7140625000000002 0.85 0.7140625000000002 0.8734375 0.7359375000000001 0.8734375
0 0.7937500000000002 0.9765625 0.7781250000000002 0.9765625 0.7781250000000002 1 0.7937500000000002 1
4 0.6781250000000002 0.9328125 0.6687500000000002 0.9328125 0.6687500000000002 0.9484375 0.6781250000000002 0.9484375
2 0.6375000000000002 0.934375 0.6109375000000001 0.934375 0.6109375000000001 0.9578125 0.6375000000000002 0.9578125
2 0.70625 0.646875 0.6875 0.646875 0.6875 0.6828125 0.70625 0.6828125
2 0.715625 0.684375 0.7 0.684375 0.7 0.715625 0.715625 0.715625
0 0.625 0.5359375 0.6109375 0.5359375 0.6109375 0.546875 0.625 0.546875
4 0.6203125 0.553125 0.6140625 0.553125 0.6140625 0.5609375 0.6203125 0.5609375
4 0.625 0.559375 0.615625 0.559375 0.615625 0.56875 0.625 0.56875
4 0.6296875 0.546875 0.61875 0.546875 0.61875 0.5546875 0.6296875 0.5546875
4 0.628125 0.525 0.6140625 0.525 0.6140625 0.534375 0.628125 0.534375
4 0.63125 0.5171875 0.61875 0.5171875 0.61875 0.5234375 0.63125 0.5234375
4 0.6234375 0.503125 0.6140625 0.503125 0.6140625 0.5140625 0.6234375 0.5140625
4 0.6203125 0.4921875 0.6125 0.4921875 0.6125 0.5 0.6203125 0.5
4 0.6109375 0.496875 0.603125 0.496875 0.603125 0.5078125 0.6109375 0.5078125
4 0.6109375 0.5078125 0.603125 0.5078125 0.603125 0.5171875 0.6109375 0.5171875
4 0.6609375 0.4515625 0.6546875 0.4515625 0.6546875 0.465625 0.6609375 0.465625
4 0.65 0.4671875 0.6453125 0.4671875 0.6453125 0.4859375 0.65 0.4859375
4 0.6453125 0.4640625 0.640625 0.4640625 0.640625 0.4796875 0.6453125 0.4796875
2 0.64375 0.4828125 0.6328125 0.4828125 0.6328125 0.51875 0.64375 0.51875
4 0.6421875 0.4515625 0.6328125 0.4515625 0.6328125 0.4609375 0.6421875 0.4609375
4 0.6265625 0.4484375 0.6171875 0.4484375 0.6171875 0.4546875 0.6265625 0.4546875
4 0.634375 0.4609375 0.625 0.4609375 0.625 0.4703125 0.634375 0.4703125
4 0.6265625 0.471875 0.615625 0.471875 0.615625 0.48125 0.6265625 0.48125
4 0.615625 0.4546875 0.60625 0.4546875 0.60625 0.4625 0.615625 0.4625
4 0.6078125 0.4390625 0.5984375 0.4390625 0.5984375 0.45 0.6078125 0.45
4 0.6375 0.4328125 0.6328125 0.4328125 0.6328125 0.4484375 0.6375 0.4484375
4 0.640625 0.4171875 0.6359375 0.4171875 0.6359375 0.4296875 0.640625 0.4296875
4 0.628125 0.415625 0.621875 0.415625 0.621875 0.428125 0.628125 0.428125
4 0.634375 0.415625 0.628125 0.415625 0.628125 0.43125 0.634375 0.43125
2 0.6234375 0.4046875 0.6046875 0.4046875 0.6046875 0.4359375 0.6234375 0.4359375
2 0.6203125 0.3750000000000001 0.6046875 0.3750000000000001 0.6046875 0.4078125 0.6203125 0.4078125
3 0.646875 0.3734375000000001 0.6265625 0.3734375000000001 0.6265625 0.409375 0.646875 0.409375
2 0.2453125000000001 0.5 0.2250000000000001 0.5 0.2250000000000001 0.540625 0.2453125000000001 0.540625
0 0.3468750000000001 0.5171875 0.3281250000000001 0.5171875 0.3281250000000001 0.5359375 0.3468750000000001 0.5359375
4 0.33281250000000007 0.5296875 0.32500000000000007 0.5296875 0.32500000000000007 0.546875 0.33281250000000007 0.546875
0 0.6421875 0.3578125000000001 0.63125 0.3578125000000001 0.63125 0.3750000000000001 0.6421875 0.3750000000000001
2 0.64375 0.3203125000000001 0.625 0.3203125000000001 0.625 0.3531250000000001 0.64375 0.3531250000000001
2 0.6625 0.3218750000000001 0.64375 0.3218750000000001 0.64375 0.3546875000000001 0.6625 0.3546875000000001
2 0.6609375 0.2906250000000001 0.6421875 0.2906250000000001 0.6421875 0.3203125000000001 0.6609375 0.3203125000000001
2 0.6765625 0.3000000000000001 0.659375 0.3000000000000001 0.659375 0.3265625000000001 0.6765625 0.3265625000000001
2 0.675 0.2609375000000001 0.65625 0.2609375000000001 0.65625 0.2906250000000001 0.675 0.2906250000000001
1 0.7265625 0.2500000000000001 0.6765625 0.2500000000000001 0.6765625 0.3359375000000001 0.7265625 0.3359375000000001
4 0.678125 0.2453125000000001 0.66875 0.2453125000000001 0.66875 0.2562500000000001 0.678125 0.2562500000000001
4 0.6734375 0.21093750000000008 0.6625 0.21093750000000008 0.6625 0.2218750000000001 0.6734375 0.2218750000000001
4 0.6984375 0.2140625000000001 0.6875 0.2140625000000001 0.6875 0.2234375000000001 0.6984375 0.2234375000000001
4 0.684375 0.2296875000000001 0.675 0.2296875000000001 0.675 0.2406250000000001 0.684375 0.2406250000000001
2 0.715625 0.20468750000000008 0.6984375 0.20468750000000008 0.6984375 0.2328125000000001 0.715625 0.2328125000000001
2 0.728125 0.1765625000000001 0.7078125 0.1765625000000001 0.7078125 0.20312500000000008 0.728125 0.20312500000000008
2 0.746875 0.1515625000000001 0.7234375 0.1515625000000001 0.7234375 0.1765625000000001 0.746875 0.1765625000000001
2 0.7578125 0.17343750000000008 0.7328125 0.17343750000000008 0.7328125 0.1984375000000001 0.7578125 0.1984375000000001
2 0.734375 0.19531250000000008 0.7171875 0.19531250000000008 0.7171875 0.22656250000000008 0.734375 0.22656250000000008
2 0.7515625 0.20468750000000008 0.73125 0.20468750000000008 0.73125 0.23593750000000008 0.7515625 0.23593750000000008
2 0.7796875 0.17968750000000008 0.7609375 0.17968750000000008 0.7609375 0.2093750000000001 0.7796875 0.2093750000000001
0 0.759375 0.1437500000000001 0.746875 0.1437500000000001 0.746875 0.16406250000000008 0.759375 0.16406250000000008
0 0.7921875 0.14843750000000008 0.7765625 0.14843750000000008 0.7765625 0.1687500000000001 0.7921875 0.1687500000000001
3 0.771875 0.1625000000000001 0.75625 0.1625000000000001 0.75625 0.18125000000000008 0.771875 0.18125000000000008
4 0.7578125 0.2062500000000001 0.75 0.2062500000000001 0.75 0.21875000000000008 0.7578125 0.21875000000000008
4 0.7734375 0.2093750000000001 0.765625 0.2093750000000001 0.765625 0.2234375000000001 0.7734375 0.2234375000000001
4 0.803125 0.1765625000000001 0.79375 0.1765625000000001 0.79375 0.18750000000000008 0.803125 0.18750000000000008
4 0.7703125 0.15000000000000008 0.759375 0.15000000000000008 0.759375 0.1609375000000001 0.7703125 0.1609375000000001
4 0.7984375 0.15625000000000008 0.790625 0.15625000000000008 0.790625 0.1703125000000001 0.7984375 0.1703125000000001
0 0.7859375 0.1218750000000001 0.771875 0.1218750000000001 0.771875 0.14218750000000008 0.7859375 0.14218750000000008
0 0.8 0.1218750000000001 0.7875 0.1218750000000001 0.7875 0.14062500000000008 0.8 0.14062500000000008
3 0.7671875 0.11718750000000008 0.75 0.11718750000000008 0.75 0.14062500000000008 0.7671875 0.14062500000000008
2 0.7421875 0.10156250000000008 0.721875 0.10156250000000008 0.721875 0.1296875000000001 0.7421875 0.1296875000000001
0 0.7359375 0.07656250000000009 0.7203125 0.07656250000000009 0.7203125 0.09687500000000009 0.7359375 0.09687500000000009
2 0.7859375 0.08593750000000008 0.7671875 0.08593750000000008 0.7671875 0.11562500000000009 0.7859375 0.11562500000000009
2 0.803125 0.09531250000000009 0.7859375 0.09531250000000009 0.7859375 0.1218750000000001 0.803125 0.1218750000000001
0 0.803125 0.07812500000000008 0.7875 0.07812500000000008 0.7875 0.09375000000000008 0.803125 0.09375000000000008
4 0.8234375 0.0812500000000001 0.815625 0.08125000000000009 0.815625 0.0968750000000001 0.8234375 0.09687500000000011
4 0.815625 0.1140625000000001 0.80625 0.1140625000000001 0.80625 0.1281250000000001 0.815625 0.1281250000000001
4 0.81875 0.12343750000000009 0.809375 0.12343750000000009 0.809375 0.1375000000000001 0.81875 0.1375000000000001
3 0.7484375 0.2328125000000001 0.734375 0.2328125000000001 0.734375 0.25468750000000007 0.7484375 0.25468750000000007
6 0.8453125 0.1140625000000001 0.81875 0.1140625000000001 0.81875 0.1515625000000001 0.8453125 0.1515625000000001
2 0.88125 0.1703125000000001 0.865625 0.1703125000000001 0.865625 0.20312500000000008 0.88125 0.20312500000000008
2 0.9359375 0.2953125000000001 0.9203125 0.2953125000000001 0.9203125 0.33281250000000007 0.9359375 0.33281250000000007
2 0.9546875 0.3671875000000001 0.934375 0.3671875000000001 0.934375 0.3859375000000001 0.9546875 0.3859375000000001
2 0.984375 0.36406250000000007 0.96875 0.36406250000000007 0.96875 0.39531250000000007 0.984375 0.39531250000000007
2 1 0.4000000000000002 0.98125 0.4000000000000002 0.98125 0.4343750000000002 1 0.4343750000000002
4 0.8484375 0.057812500000000114 0.834375 0.057812500000000114 0.834375 0.0718750000000001 0.8484375 0.0718750000000001
2 0.7359375 0.01093750000000009 0.715625 0.01093750000000009 0.715625 0.042187500000000086 0.7359375 0.042187500000000086
2 0.7015625 0.021875000000000082 0.69375 0.021875000000000082 0.69375 0.05625000000000009 0.7015625 0.05625000000000009
0 0.6859375 0.06562500000000009 0.6734375 0.06562500000000009 0.6734375 0.08750000000000009 0.6859375 0.08750000000000009
0 0.6734375 0.07656250000000009 0.659375 0.07656250000000009 0.659375 0.10156250000000008 0.6734375 0.10156250000000008
2 0.8203125 0.0375000000000001 0.8 0.0375000000000001 0.8 0.0703125000000001 0.8203125 0.07031250000000011
6 0.4421875 0.18906250000000005 0.4140625 0.18906250000000005 0.4140625 0.2484375000000001 0.4421875 0.2484375000000001