4 0.07812500000000008 0.765625 0.05937500000000009 0.765625 0.05937500000000009 0.78125 0.07812500000000008 0.78125
0 0.11250000000000009 0.6890625 0.09375000000000008 0.6890625 0.09375000000000008 0.70625 0.11250000000000009 0.70625
0 0.07656250000000009 0.653125 0.06093750000000009 0.653125 0.06093750000000009 0.6703125 0.07656250000000009 0.6703125
0 0.07500000000000008 0.6328125 0.06406250000000006 0.6328125 0.06406250000000008 0.6484375 0.0750000000000001 0.6484375
0 0.27812500000000007 0.7421875 0.2593750000000001 0.7421875 0.2593750000000001 0.759375 0.27812500000000007 0.759375
0 0.23593750000000008 0.5890625 0.2171875000000001 0.5890625 0.2171875000000001 0.5984375 0.23593750000000008 0.5984375
0 0.24375000000000008 0.559375 0.2296875000000001 0.559375 0.2296875000000001 0.5765625 0.24375000000000008 0.5765625
0 0.27031250000000007 0.5734375 0.25468750000000007 0.5734375 0.25468750000000007 0.590625 0.27031250000000007 0.590625
4 0.37968750000000007 0.54375 0.3656250000000001 0.54375 0.3656250000000001 0.5609375 0.37968750000000007 0.5609375
0 0.3671875000000001 0.6046875 0.34843750000000007 0.6046875 0.34843750000000007 0.625 0.3671875000000001 0.625
4 0.434375 0.546875 0.41875 0.546875 0.41875 0.5609375 0.434375 0.5609375
0 0.3421875000000001 0.5765625 0.3265625000000001 0.5765625 0.3265625000000001 0.5921875 0.3421875000000001 0.5921875
0 0.490625 0.4390625 0.471875 0.4390625 0.471875 0.4546875 0.490625 0.4546875
0 0.4890625 0.45625 0.475 0.45625 0.475 0.4703125 0.4890625 0.4703125
4 0.3906250000000001 0.5234375 0.3765625000000001 0.5234375 0.3765625000000001 0.5390625 0.3906250000000001 0.5390625
0 0.3968750000000001 0.553125 0.37968750000000007 0.553125 0.37968750000000007 0.56875 0.3968750000000001 0.56875
2 0.4859375 0.596875 0.4671875 0.596875 0.4671875 0.63125 0.4859375 0.63125
0 0.4296875 0.6265625 0.415625 0.6265625 0.415625 0.6484375 0.4296875 0.6484375
4 0.4640625 0.4296875 0.4546875 0.4296875 0.4546875 0.440625 0.4640625 0.440625
3 0.6265625 0.5015625 0.615625 0.5015625 0.615625 0.525 0.6265625 0.525
0 0.55625 0.6109375 0.5421875 0.6109375 0.5421875 0.625 0.55625 0.625
0 0.509375 0.64375 0.4953125 0.64375 0.4953125 0.6625 0.509375 0.6625
0 0.7796875000000002 0.86875 0.7640625000000002 0.86875 0.7640625000000002 0.8875 0.7796875000000002 0.8875
4 0.7953125 0.6968750000000001 0.7796875 0.6968750000000001 0.7796875 0.7156250000000002 0.7953125 0.7156250000000002
0 0.7531250000000002 0.8296875 0.7375000000000002 0.8296875 0.7375000000000002 0.8515625 0.7531250000000002 0.8515625
0 0.7796875000000001 0.7234375000000002 0.7625 0.7234375000000002 0.7625000000000001 0.7421875000000002 0.7796875000000002 0.7421875000000002
4 0.996875 0.9703125 0.98125 0.9703125 0.98125 0.9890625 0.996875 0.9890625
0 0.7109375 0.4359375 0.6984375 0.4359375 0.6984375 0.4546875 0.7109375 0.4546875
0 0.7296875 0.3828125000000001 0.71875 0.3828125000000001 0.71875 0.4093750000000001 0.7296875 0.40937500000000016
4 0.725 0.440625 0.7140625 0.440625 0.7140625 0.4578125 0.725 0.4578125
0 0.7109375 0.48125 0.7 0.48125 0.7 0.4921875 0.7109375 0.4921875
0 0.7015625 0.4734375 0.6921875 0.4734375 0.6921875 0.490625 0.7015625 0.490625
0 0.7890625 0.3609375000000001 0.7765625 0.3609375000000001 0.7765625 0.3843750000000001 0.7890625 0.3843750000000001
0 0.765625 0.4125000000000002 0.7546875 0.4125000000000002 0.7546875 0.4312500000000002 0.765625 0.4312500000000002
0 0.7765625 0.40625000000000017 0.7640625 0.40625000000000017 0.7640625 0.43281250000000016 0.7765625 0.43281250000000016
0 0.759375 0.4828125000000002 0.7484375 0.4828125000000002 0.7484375 0.5109375000000002 0.759375 0.5109375000000002
0 0.6234375 0.26250000000000007 0.6125 0.26250000000000007 0.6125 0.2812500000000001 0.6234375 0.2812500000000001
0 0.575 0.34843750000000007 0.5640625 0.34843750000000007 0.5640625 0.3687500000000001 0.575 0.3687500000000001
4 0.7046875 0.1937500000000001 0.690625 0.1937500000000001 0.690625 0.2171875000000001 0.7046875 0.2171875000000001
4 0.7265625 0.18125000000000008 0.7140625 0.18125000000000008 0.7140625 0.2015625000000001 0.7265625 0.2015625000000001
4 0.6890625 0.2156250000000001 0.675 0.2156250000000001 0.675 0.2390625000000001 0.6890625 0.2390625000000001
0 0.790625 0.006250000000000096 0.778125 0.006250000000000094 0.778125 0.0265625000000001 0.790625 0.0265625000000001
0 0.3546875000000001 0.515625 0.3437500000000001 0.515625 0.3437500000000001 0.53125 0.3546875000000001 0.53125
0 0.29375000000000007 0.4640625 0.2750000000000001 0.4640625 0.2750000000000001 0.4875 0.29375000000000007 0.4875
0 0.509375 0.4359375 0.496875 0.4359375 0.496875 0.453125 0.509375 0.453125
2 0.15000000000000002 0.159375 0.128125 0.159375 0.12812500000000002 0.1890625 0.15000000000000005 0.1890625
2 0.271875 0.2734375 0.2515625 0.2734375 0.2515625 0.296875 0.271875 0.296875
0 0.2406250000000001 0.36875 0.2234375000000001 0.36875 0.2234375000000001 0.3890625 0.2406250000000001 0.3890625
4 0.22812500000000008 0.3875 0.2156250000000001 0.3875 0.2156250000000001 0.4 0.22812500000000008 0.4
3 0.39062500000000006 0.3609375000000001 0.36875 0.3609375000000001 0.36875 0.38750000000000007 0.3906250000000001 0.38750000000000007
0 0.534375 0.3625000000000001 0.521875 0.3625000000000001 0.521875 0.3750000000000001 0.534375 0.3750000000000001
4 0.4921875 0.3812500000000001 0.48125 0.3812500000000001 0.48125 0.3921875000000001 0.4921875 0.3921875000000001
4 0.4546875 0.4078125 0.4453125 0.4078125 0.4453125 0.421875 0.4546875 0.421875
4 0.21718750000000003 0.35625 0.209375 0.35625 0.20937500000000003 0.3671875 0.2171875000000001 0.3671875
0 0.471875 0.36406250000000007 0.4609375 0.36406250000000007 0.4609375 0.37968750000000007 0.471875 0.37968750000000007
4 0.540625 0.3843750000000001 0.53125 0.3843750000000001 0.53125 0.3984375000000001 0.540625 0.3984375000000001
4 0.4734375 0.3921875000000001 0.4625 0.3921875000000001 0.4625 0.4046875 0.4734375 0.4046875
4 0.4 0.4765625 0.3859375000000001 0.4765625 0.3859375000000001 0.4890625 0.4 0.4890625
3 0.5359375 0.446875 0.521875 0.446875 0.521875 0.4625 0.5359375 0.4625
0 0.484375 0.4265625 0.4734375 0.4265625 0.4734375 0.440625 0.484375 0.440625
4 0.471875 0.4203125 0.4625 0.4203125 0.4625 0.434375 0.471875 0.434375
0 0.51875 0.4640625 0.5078125 0.4640625 0.5078125 0.478125 0.51875 0.478125
0 0.525 0.4328125 0.5140625 0.4328125 0.5140625 0.4484375 0.525 0.4484375
4 0.5765625 0.3921875000000001 0.5640625 0.3921875000000001 0.5640625 0.40625 0.5765625 0.40625
4 0.603125 0.40625 0.59375 0.40625 0.59375 0.4203125 0.603125 0.4203125
2 0.7578125 0.3468750000000001 0.7390625 0.3468750000000001 0.7390625 0.37968750000000007 0.7578125 0.37968750000000007
4 0.596875 0.434375 0.5859375 0.434375 0.5859375 0.453125 0.596875 0.453125
4 0.7640625 0.3593750000000001 0.7546875 0.3593750000000001 0.7546875 0.3781250000000001 0.7640625 0.3781250000000001
2 0.634375 0.546875 0.61875 0.546875 0.61875 0.5765625 0.634375 0.5765625
4 0.6390625 0.5234375 0.6296875 0.5234375 0.6296875 0.54375 0.6390625 0.54375
0 0.56875 0.6375 0.5546875 0.6375 0.5546875 0.6578125 0.56875 0.6578125
0 0.5828125 0.6765625 0.56875 0.6765625 0.56875 0.7 0.5828125 0.7
4 0.584375 0.6421875 0.575 0.6421875 0.575 0.653125 0.584375 0.653125
4 0.459375 0.58125 0.453125 0.58125 0.453125 0.6 0.459375 0.6
4 0.5703125 0.628125 0.5609375 0.628125 0.5609375 0.6421875 0.5703125 0.6421875
4 0.4984375 0.628125 0.490625 0.628125 0.490625 0.6453125 0.4984375 0.6453125
4 0.534375 0.6375 0.5234375 0.6375 0.5234375 0.6546875 0.534375 0.6546875
3 0.425 0.6671875 0.409375 0.6671875 0.409375 0.6828125 0.425 0.6828125
4 0.3906250000000001 0.5 0.3781250000000001 0.5 0.3781250000000001 0.515625 0.3906250000000001 0.515625
2 0.3343750000000001 0.453125 0.3156250000000001 0.453125 0.3156250000000001 0.475 0.3343750000000001 0.475
2 0.22656250000000008 0.3953125 0.2062500000000001 0.3953125 0.2062500000000001 0.425 0.22656250000000008 0.425
3 0.035937500000000025 0.1828125 0.02031250000000002 0.1828125 0.020312500000000025 0.209375 0.035937500000000025 0.209375
3 0.2078125000000001 0.7609375 0.18906250000000008 0.7609375 0.18906250000000008 0.7765625 0.2078125000000001 0.7765625
4 0.2562500000000001 0.6390625 0.2453125000000001 0.6390625 0.2453125000000001 0.65625 0.2562500000000001 0.65625
4 0.2609375000000001 0.6203125 0.2468750000000001 0.6203125 0.2468750000000001 0.6359375 0.2609375000000001 0.6359375
4 0.3812500000000001 0.5703125 0.3703125000000001 0.5703125 0.3703125000000001 0.5859375 0.3812500000000001 0.5859375
0 0.21250000000000008 0.625 0.1937500000000001 0.625 0.1937500000000001 0.64375 0.21250000000000008 0.64375
2 0.5296875 0.5984375 0.5109375 0.5984375 0.5109375 0.621875 0.5296875 0.621875
4 0.471875 0.4359375 0.4640625 0.4359375 0.4640625 0.4546875 0.471875 0.4546875
2 0.7125 0.65625 0.6921875 0.65625 0.6921875 0.68125 0.7125 0.68125
2 0.646875 0.5859375 0.6265625 0.5859375 0.6265625 0.6203125 0.646875 0.6203125
2 0.6734375 0.6296875 0.653125 0.6296875 0.653125 0.6625 0.6734375 0.6625
4 0.6328125 0.4765625 0.625 0.4765625 0.625 0.4953125 0.6328125 0.4953125
2 0.7359375 0.6843750000000001 0.7171875 0.684375 0.7171875 0.7156250000000001 0.7359375 0.7156250000000002
2 0.7125 0.6015625 0.690625 0.6015625 0.690625 0.63125 0.7125 0.63125
2 0.7328125 0.6250000000000001 0.7109375 0.625 0.7109375 0.6546875000000001 0.7328125 0.6546875000000002
4 0.7515625 0.6812500000000001 0.7390625 0.6812500000000001 0.7390625 0.7015625000000002 0.7515625 0.7015625000000002
4 0.6734375000000001 0.7515625 0.6625000000000002 0.7515625 0.6625000000000002 0.765625 0.6734375000000001 0.765625
4 0.8546875 0.7953125000000002 0.84375 0.7953125000000002 0.84375 0.8109375 0.8546875 0.8109375
4 0.8296875 0.7750000000000001 0.8234375 0.7750000000000001 0.8234375 0.7875000000000002 0.8296875 0.7875000000000002
4 0.840625 0.7640625000000002 0.8296875 0.7640625000000002 0.8296875 0.7781250000000002 0.840625 0.7781250000000002
4 0.809375 0.7406250000000002 0.7968750000000002 0.7406250000000002 0.7968750000000002 0.7562500000000002 0.809375 0.7562500000000002
4 0.7796875000000002 0.7500000000000002 0.7687500000000002 0.7500000000000002 0.7687500000000002 0.7656250000000002 0.7796875000000002 0.7656250000000002
4 0.7984375000000001 0.7218750000000002 0.7890625 0.7218750000000002 0.7890625000000001 0.7375000000000002 0.7984375000000001 0.7375000000000002
4 0.784375 0.7125000000000001 0.7765625 0.7125000000000001 0.7765625 0.7234375000000002 0.784375 0.7234375000000002
2 0.88125 0.8234375 0.859375 0.8234375 0.859375 0.8546875 0.88125 0.8546875
4 0.996875 0.9375 0.9828125 0.9375 0.9828125 0.9640625 0.996875 0.9640625
3 0.8296875 0.7812500000000002 0.8109375 0.7812500000000002 0.8109375 0.8015625 0.8296875 0.8015625
4 0.8703125 0.953125 0.859375 0.953125 0.859375 0.9734375 0.8703125 0.9734375
4 0.821875 0.9125 0.809375 0.9125 0.809375 0.9375 0.821875 0.9375
4 0.7875000000000002 0.8609375 0.7734375000000002 0.8609375 0.7734375000000002 0.875 0.7875000000000002 0.875
3 0.6531250000000002 0.74375 0.6359375000000002 0.74375 0.6359375000000002 0.76875 0.6531250000000002 0.76875
4 0.7718750000000002 0.8890625 0.7593750000000001 0.8890625 0.7593750000000001 0.903125 0.7718750000000002 0.903125
3 0.7031250000000002 0.81875 0.6843750000000002 0.81875 0.6843750000000002 0.8390625 0.7031250000000002 0.8390625
0 0.7328125000000002 0.8296875 0.7218750000000002 0.8296875 0.7218750000000002 0.8515625 0.7328125000000002 0.8515625
2 0.5859375 0.653125 0.565625 0.653125 0.565625 0.678125 0.5859375 0.678125
2 0.6171310668774808 0.5628497554815344 0.6060194171874999 0.5251015718750001 0.5926574345413824 0.5290348384892262 0.6037690842313633 0.5667830220957605
0 0.03437500000000001 0.0484375 0.017187500000000005 0.0484375 0.01718750000000001 0.0734375 0.03437500000000001 0.0734375
2 0.08281250000000001 0.0875 0.0578125 0.0875 0.05781250000000001 0.1265625 0.08281250000000002 0.1265625
2 0.24375 0.225 0.2234375 0.225 0.2234375 0.253125 0.24375 0.253125
4 0.5453125 0.625 0.5359375 0.625 0.5359375 0.6390625 0.5453125 0.6390625
4 0.5890625 0.6984375 0.5796875 0.6984375 0.5796875 0.7171875 0.5890625 0.7171875
4 0.6359375 0.725 0.621875 0.725 0.6218750000000001 0.7375 0.6359375000000002 0.7375
4 0.5875 0.4296875 0.5796875 0.4296875 0.5796875 0.4421875 0.5875 0.4421875
4 0.609375 0.4234375 0.6 0.4234375 0.6 0.434375 0.609375 0.434375
4 0.6 0.37968750000000007 0.590625 0.37968750000000007 0.590625 0.3968750000000001 0.6 0.3968750000000001
0 0.61875 0.3703125000000001 0.6078125 0.3703125000000001 0.6078125 0.3906250000000001 0.61875 0.3906250000000001
3 0.565625 0.4015625 0.5484375 0.4015625 0.5484375 0.4171875 0.565625 0.4171875
4 0.5203125 0.3750000000000001 0.5078125 0.3750000000000001 0.5078125 0.3921875000000001 0.5203125 0.3921875000000001
4 0.8234375 0.2640625000000001 0.8140625 0.2640625000000001 0.8140625 0.2843750000000001 0.8234375 0.2843750000000001
4 0.6953125 0.4484375 0.684375 0.4484375 0.684375 0.4625 0.6953125 0.4625
4 0.6953125 0.465625 0.6859375 0.465625 0.6859375 0.4765625 0.6953125 0.4765625
3 0.6890625 0.4796875 0.675 0.4796875 0.675 0.5015625 0.6890625 0.5015625
4 0.675 0.50625 0.6640625 0.50625 0.6640625 0.51875 0.675 0.51875
4 0.7609375 0.08437500000000009 0.7515625 0.08437500000000009 0.7515625 0.10000000000000009 0.7609375 0.10000000000000009
4 0.740625 0.1140625000000001 0.7234375 0.1140625000000001 0.7234375 0.1296875000000001 0.740625 0.1296875000000001
4 0.8671875 0.1140625000000001 0.85625 0.1140625000000001 0.85625 0.13281250000000008 0.8671875 0.13281250000000008
4 0.85 0.1515625000000001 0.8375 0.1515625000000001 0.8375 0.1703125000000001 0.85 0.1703125000000001
4 0.8296875 0.1671875000000001 0.8203125 0.1671875000000001 0.8203125 0.1843750000000001 0.8296875 0.1843750000000001
4 0.85 0.1296875000000001 0.8359375 0.1296875000000001 0.8359375 0.15000000000000008 0.85 0.15000000000000008
4 0.859375 0.1671875000000001 0.8484375 0.1671875000000001 0.8484375 0.1906250000000001 0.859375 0.1906250000000001
0 0.80625 0.25468750000000007 0.7921875 0.25468750000000007 0.7921875 0.2765625000000001 0.80625 0.2765625000000001
4 0.6625 0.24375000000000008 0.6515625 0.24375000000000008 0.6515625 0.2750000000000001 0.6625 0.2750000000000001
2 0.603125 0.3062500000000001 0.5875 0.3062500000000001 0.5875 0.3343750000000001 0.603125 0.3343750000000001
0 0.18437500000000004 0.3296875 0.16875000000000004 0.3296875 0.16875000000000004 0.3515625 0.18437500000000004 0.3515625
4 0.12812500000000004 0.26875 0.11093750000000005 0.26875 0.11093750000000005 0.29375 0.12812500000000004 0.29375
4 0.09375000000000003 0.25625 0.07812500000000003 0.25625 0.07812500000000003 0.2765625 0.09375000000000004 0.2765625
4 0.565625 0.434375 0.55625 0.434375 0.55625 0.45 0.565625 0.45
2 0.9390625 0.8828125 0.9109375 0.8828125 0.9109375 0.928125 0.9390625 0.928125
1 0.521875 0.4796875 0.5015625 0.4796875 0.5015625 0.5890625 0.521875 0.5890625
3 0.5 0.3937500000000001 0.4734375 0.3937500000000001 0.4734375 0.4265625 0.5 0.4265625
3 0.55625 0.3984375000000001 0.50625 0.3984375000000001 0.50625 0.4421875 0.55625 0.4421875
2 0.5859375 0.4109375 0.5625 0.4109375 0.5625 0.4390625 0.5859375 0.4390625
3 0.565625 0.453125 0.540625 0.453125 0.540625 0.4859375 0.565625 0.4859375
2 0.45625 0.428125 0.434375 0.428125 0.434375 0.4625 0.45625 0.4625
2 0.30156250000000007 0.5328125 0.27812500000000007 0.5328125 0.27812500000000007 0.559375 0.30156250000000007 0.559375
0 0.5328125 0.6671875 0.51875 0.6671875 0.51875 0.6859375 0.5328125 0.6859375
3 0.584375 0.621875 0.5703125 0.621875 0.5703125 0.640625 0.584375 0.640625
3 0.5796875 0.5984375 0.5640625 0.5984375 0.5640625 0.6203125 0.5796875 0.6203125
3 0.5640625 0.6140625 0.546875 0.6140625 0.546875 0.6359375 0.5640625 0.6359375
3 0.6921875 0.49375 0.671875 0.49375 0.671875 0.5421875 0.6921875 0.5421875
0 0.6984375 0.4984375 0.690625 0.4984375 0.690625 0.525 0.6984375 0.525
3 0.875 0.7578125000000002 0.85 0.7578125000000002 0.85 0.7984375000000001 0.875 0.7984375000000001
0 0.671875 0.603125 0.6578125 0.603125 0.6578125 0.6265625 0.671875 0.6265625
0 0.65625 0.559375 0.6453125 0.559375 0.6453125 0.584375 0.65625 0.584375
0 0.1687500000000001 0.6578125 0.15000000000000008 0.6578125 0.15000000000000008 0.675 0.1687500000000001 0.675