3 0.017187500000000074 0.5921875 7.252205263700732e-17 0.5921875 7.376583454239135e-17 0.6125 0.017187500000000078 0.6125
0 0.046875000000000056 0.465625 0.031250000000000056 0.465625 0.031250000000000056 0.4765625 0.046875000000000056 0.4765625
2 0.09843750000000007 0.5546875 0.07812500000000007 0.5546875 0.07812500000000007 0.5734375 0.09843750000000007 0.5734375
0 0.07031250000000007 0.609375 0.057812500000000065 0.609375 0.057812500000000065 0.6265625 0.07031250000000007 0.6265625
5 0.15781250000000008 0.6625 0.11562500000000009 0.6625 0.11562500000000009 0.684375 0.15781250000000008 0.684375
5 0.1828125000000001 0.6296875 0.14218750000000008 0.6296875 0.14218750000000008 0.6515625 0.1828125000000001 0.6515625
6 0.2015625000000001 0.4 0.17187500000000006 0.4 0.17187500000000006 0.421875 0.2015625000000001 0.421875
2 0.18437500000000004 0.4796875 0.16875000000000004 0.4796875 0.16875000000000004 0.4953125 0.18437500000000004 0.4953125
2 0.2015625000000001 0.4609375 0.18125000000000005 0.4609375 0.18125000000000005 0.475 0.2015625000000001 0.475
2 0.2687500000000001 0.525 0.25468750000000007 0.525 0.25468750000000007 0.5421875 0.2687500000000001 0.5421875
2 0.3000000000000001 0.4671875 0.2812500000000001 0.4671875 0.2812500000000001 0.4859375 0.3000000000000001 0.4859375
6 0.30937500000000007 0.625 0.2765625000000001 0.625 0.2765625000000001 0.646875 0.30937500000000007 0.646875
6 0.3656250000000001 0.49375 0.34062500000000007 0.49375 0.34062500000000007 0.5125 0.3656250000000001 0.5125
2 0.3703125 0.28125000000000006 0.3484375 0.28125 0.3484375 0.2984375 0.3703125 0.2984375000000001
2 0.4453125 0.3078125000000001 0.4265625 0.3078125000000001 0.4265625 0.3281250000000001 0.4453125 0.3281250000000001
3 0.509375 0.4203125 0.4875 0.4203125 0.4875 0.4359375 0.509375 0.4359375
4 0.4640625 0.4578125 0.4515625 0.4578125 0.4515625 0.4703125 0.4640625 0.4703125
2 0.5265625 0.31718750000000007 0.5171875 0.31718750000000007 0.5171875 0.3468750000000001 0.5265625 0.3468750000000001
2 0.5390625 0.3156250000000001 0.528125 0.3156250000000001 0.528125 0.34843750000000007 0.5390625 0.34843750000000007
2 0.578125 0.3109375000000001 0.56875 0.3109375000000001 0.56875 0.3359375000000001 0.578125 0.3359375000000001
2 0.5875 0.3125000000000001 0.5796875 0.3125000000000001 0.5796875 0.3375000000000001 0.5875 0.3375000000000001
6 0.521875 0.6171875 0.49375 0.6171875 0.49375 0.6359375 0.521875 0.6359375
3 0.596875 0.625 0.584375 0.625 0.584375 0.6375 0.596875 0.6375
2 0.603125 0.609375 0.584375 0.609375 0.584375 0.6203125 0.603125 0.6203125
4 0.5984375 0.5859375 0.5890625 0.5859375 0.5890625 0.5953125 0.5984375 0.5953125
2 0.6203125 0.54375 0.603125 0.54375 0.603125 0.559375 0.6203125 0.559375
4 0.684375 0.5828125 0.6734375 0.5828125 0.6734375 0.603125 0.684375 0.603125
2 0.7375 0.6546875000000002 0.7296875 0.6546875000000002 0.7296875 0.6765625000000002 0.7375 0.6765625000000002
6 0.734375 0.5390625000000001 0.7046875 0.5390625 0.7046875 0.5578125 0.734375 0.5578125000000002
0 0.7578125 0.5718750000000001 0.7421875 0.5718750000000001 0.7421875 0.5906250000000002 0.7578125 0.5906250000000002
0 0.7671875 0.6109375000000001 0.753125 0.6109375000000001 0.753125 0.6265625000000001 0.7671875 0.6265625000000001
1 0.6984375 0.3812500000000001 0.6546875 0.3812500000000001 0.6546875 0.4015625 0.6984375 0.4015625
4 0.6859375 0.4078125 0.6765625 0.4078125 0.6765625 0.4203125 0.6859375 0.4203125
5 0.75625 0.3812500000000001 0.7109375 0.3812500000000001 0.7109375 0.4015625000000001 0.75625 0.40156250000000016
6 0.796875 0.4703125000000002 0.7578125 0.4703125000000002 0.7578125 0.49218750000000017 0.796875 0.49218750000000017
6 0.8171875 0.41406250000000017 0.7875 0.41406250000000017 0.7875 0.4281250000000002 0.8171875 0.4281250000000002
0 0.8296875 0.4312500000000002 0.81875 0.4312500000000002 0.81875 0.4421875000000002 0.8296875 0.4421875000000002
0 0.8421875 0.6078125000000002 0.83125 0.6078125000000002 0.83125 0.6234375000000002 0.8421875 0.6234375000000002
5 0.921875 0.6421875000000001 0.88125 0.6421875000000001 0.88125 0.6640625000000002 0.921875 0.6640625000000002
2 0.9640625 0.6015625000000002 0.94375 0.6015625000000002 0.94375 0.6156250000000002 0.9640625 0.6156250000000002
3 0.9890625 0.5953125000000001 0.9703125 0.5953125000000001 0.9703125 0.6140625000000002 0.9890625 0.6140625000000002