2 0.03281250000000006 0.425 0.007812500000000052 0.425 0.007812500000000054 0.446875 0.03281250000000006 0.446875
4 0.05468750000000004 0.396875 0.04062500000000004 0.396875 0.04062500000000005 0.4109375 0.05468750000000004 0.4109375
4 0.07656250000000005 0.3984375 0.06250000000000004 0.3984375 0.06250000000000004 0.415625 0.07656250000000005 0.415625
2 0.07656250000000006 0.4375 0.05625000000000004 0.4375 0.05625000000000006 0.45625 0.07656250000000006 0.45625
3 0.12187500000000004 0.4171875 0.09375000000000004 0.4171875 0.09375000000000004 0.4359375 0.12187500000000004 0.4359375
4 0.09531250000000005 0.40625 0.08437500000000005 0.40625 0.08437500000000005 0.4171875 0.09531250000000005 0.4171875
2 0.14375000000000004 0.4453125 0.11406250000000004 0.4453125 0.11406250000000004 0.4671875 0.14375000000000004 0.4671875
4 0.15937500000000004 0.409375 0.14843750000000006 0.409375 0.14843750000000006 0.421875 0.15937500000000004 0.421875
2 0.17656250000000004 0.4296875 0.15312500000000004 0.4296875 0.15312500000000004 0.45 0.17656250000000004 0.45
3 0.2078125000000001 0.425 0.18281250000000004 0.425 0.18281250000000004 0.446875 0.2078125000000001 0.446875
2 0.2093750000000001 0.45 0.18437500000000004 0.45 0.18437500000000004 0.471875 0.2093750000000001 0.471875
4 0.23437500000000008 0.4625 0.22031250000000008 0.4625 0.22031250000000008 0.4765625 0.23437500000000008 0.4765625
0 0.3609375000000001 0.6109375 0.3421875000000001 0.6109375 0.3421875000000001 0.6296875 0.3609375000000001 0.6296875
4 0.2812500000000001 0.465625 0.2687500000000001 0.465625 0.2687500000000001 0.4796875 0.2812500000000001 0.4796875
4 0.2765625000000001 0.4265625 0.2640625000000001 0.4265625 0.2640625000000001 0.4375 0.2765625000000001 0.4375
2 0.3000000000000001 0.4109375 0.27812500000000007 0.4109375 0.27812500000000007 0.4265625 0.3000000000000001 0.4265625
2 0.3437500000000001 0.4171875 0.3187500000000001 0.4171875 0.3187500000000001 0.4375 0.3437500000000001 0.4375
2 0.3625000000000001 0.4390625 0.34062500000000007 0.4390625 0.34062500000000007 0.459375 0.3625000000000001 0.459375
2 0.3171875 0.13437500000000005 0.3015625 0.13437500000000005 0.3015625 0.17968750000000006 0.3171875 0.17968750000000006
2 0.309375 0.2515625 0.29375 0.2515625 0.29375 0.2890625 0.309375 0.2890625
0 0.3078125 0.3125 0.296875 0.3125 0.296875 0.3421875 0.3078125 0.3421875
4 0.35625 0.015625000000000045 0.35 0.015625000000000045 0.35 0.042187500000000044 0.35625 0.042187500000000044
4 0.346875 0.30625 0.3375 0.30625 0.3375 0.33125 0.346875 0.33125
2 0.39531250000000007 0.45625 0.37187500000000007 0.45625 0.37187500000000007 0.475 0.39531250000000007 0.475
2 0.3984375000000001 0.4125 0.3750000000000001 0.4125 0.3750000000000001 0.43125 0.3984375000000001 0.43125
4 0.3937500000000001 0.3984375000000001 0.3812500000000001 0.3984375000000001 0.3812500000000001 0.4078125 0.3937500000000001 0.4078125
2 0.43125 0.4359375 0.409375 0.4359375 0.409375 0.453125 0.43125 0.453125
2 0.4328125 0.4109375 0.4109375 0.4109375 0.4109375 0.4328125 0.4328125 0.4328125
4 0.4484375 0.3781250000000001 0.4375 0.3781250000000001 0.4375 0.3921875000000001 0.4484375 0.3921875000000001
2 0.4671875 0.421875 0.4453125 0.421875 0.4453125 0.4453125 0.4671875 0.4453125
4 0.4875 0.37968750000000007 0.4734375 0.37968750000000007 0.4734375 0.3921875000000001 0.4875 0.3921875000000001
4 0.4890625 0.39531250000000007 0.478125 0.39531250000000007 0.478125 0.40625 0.4890625 0.40625
0 0.490625 0.4109375 0.4703125 0.4109375 0.4703125 0.434375 0.490625 0.434375
0 0.521875 0.4453125 0.503125 0.4453125 0.503125 0.4640625 0.521875 0.4640625
0 0.5390625 0.38750000000000007 0.5234375 0.38750000000000007 0.5234375 0.40625 0.5390625 0.40625
0 0.55 0.3671875000000001 0.5359375 0.3671875000000001 0.5359375 0.3859375000000001 0.55 0.3859375000000001
4 0.55625 0.4046875 0.546875 0.4046875 0.546875 0.4171875 0.55625 0.4171875
2 0.565625 0.4359375 0.5421875 0.4359375 0.5421875 0.45625 0.565625 0.45625
2 0.5796875 0.3937500000000001 0.559375 0.3937500000000001 0.559375 0.4140625 0.5796875 0.4140625
2 0.609375 0.40625 0.5875 0.40625 0.5875 0.43125 0.609375 0.43125
4 0.6203125 0.4390625 0.6109375 0.4390625 0.6109375 0.4515625 0.6203125 0.4515625
2 0.6234375 0.3515625000000001 0.59375 0.3515625000000001 0.59375 0.3750000000000001 0.6234375 0.3750000000000001
2 0.6171875 0.3765625000000001 0.5921875 0.3765625000000001 0.5921875 0.4 0.6171875 0.4
2 0.653125 0.37968750000000007 0.6296875 0.37968750000000007 0.6296875 0.3984375000000001 0.653125 0.3984375000000001
0 0.6484375 0.428125 0.634375 0.428125 0.634375 0.440625 0.6484375 0.440625
2 0.6671875 0.421875 0.6484375 0.421875 0.6484375 0.4375 0.6671875 0.4375
2 0.646875 0.4046875 0.6265625 0.4046875 0.6265625 0.4265625 0.646875 0.4265625
4 0.6796875 0.4265625 0.66875 0.4265625 0.66875 0.4375 0.6796875 0.4375
2 0.68125 0.3921875000000001 0.659375 0.3921875000000001 0.659375 0.4109375 0.68125 0.4109375
2 0.6765625 0.37187500000000007 0.65625 0.37187500000000007 0.65625 0.38750000000000007 0.6765625 0.38750000000000007
0 0.671875 0.3578125000000001 0.65625 0.3578125000000001 0.65625 0.3703125000000001 0.671875 0.3703125000000001
4 0.6453125 0.34062500000000007 0.6359375 0.34062500000000007 0.6359375 0.3531250000000001 0.6453125 0.3531250000000001
4 0.659375 0.34062500000000007 0.65 0.34062500000000007 0.65 0.3500000000000001 0.659375 0.3500000000000001
4 0.6515625 0.3531250000000001 0.64375 0.3531250000000001 0.64375 0.3625000000000001 0.6515625 0.3625000000000001
4 0.675 0.3468750000000001 0.6640625 0.3468750000000001 0.6640625 0.3578125000000001 0.675 0.3578125000000001
4 0.6984375 0.3437500000000001 0.6890625 0.3437500000000001 0.6890625 0.3546875000000001 0.6984375 0.3546875000000001
4 0.7078125 0.33281250000000007 0.6984375 0.33281250000000007 0.6984375 0.3453125000000001 0.7078125 0.3453125000000001
4 0.725 0.3515625000000001 0.7125 0.3515625000000001 0.7125 0.3671875000000001 0.725 0.3671875000000001
4 0.7390625 0.3343750000000001 0.7296875 0.3343750000000001 0.7296875 0.3515625000000001 0.7390625 0.3515625000000001
2 0.6390625 0.5796875 0.61875 0.5796875 0.61875 0.61875 0.6390625 0.61875
2 0.7625000000000002 0.925 0.7484375000000002 0.925 0.7484375000000002 0.9640625 0.7625000000000002 0.9640625
2 0.7765625000000002 0.94375 0.7640625000000002 0.94375 0.7640625000000002 0.99375 0.7765625000000002 0.99375
0 0.7578125000000002 0.7421875000000002 0.7500000000000002 0.7421875000000002 0.7500000000000002 0.7687500000000002 0.7578125000000002 0.7687500000000002
2 0.7703125000000002 0.828125 0.7593750000000001 0.828125 0.7593750000000001 0.8671875 0.7703125000000002 0.8671875
4 0.7546875000000002 0.8484375 0.7484375000000002 0.8484375 0.7484375000000002 0.8671875 0.7546875000000002 0.8671875
4 0.7484375000000002 0.859375 0.7421875000000002 0.859375 0.7421875000000002 0.8734375 0.7484375000000002 0.8734375
2 0.7406250000000002 0.7953125000000002 0.7296875000000002 0.7953125000000002 0.7296875000000002 0.83125 0.7406250000000002 0.83125
2 0.7546875000000002 0.7812500000000002 0.7421875000000002 0.7812500000000002 0.7421875000000002 0.8203125 0.7546875000000002 0.8203125
3 0.7671875000000001 0.7750000000000001 0.7562500000000002 0.7750000000000001 0.7562500000000002 0.8109375 0.7671875000000001 0.8109375
2 0.7796875000000002 0.7812500000000002 0.7687500000000002 0.7812500000000002 0.7687500000000002 0.8171875 0.7796875000000002 0.8171875
0 0.7484375 0.6687500000000002 0.7375 0.6687500000000002 0.7375 0.6937500000000002 0.7484375 0.6937500000000002
0 0.7640625 0.6718750000000002 0.7546875 0.6718750000000002 0.7546875 0.7000000000000002 0.7640625 0.7000000000000002
0 0.7578125 0.6312500000000002 0.7484375 0.6312500000000002 0.7484375 0.6562500000000002 0.7578125 0.6562500000000002
2 0.78125 0.6671875000000002 0.7703125 0.6671875000000002 0.7703125 0.7062500000000002 0.78125 0.7062500000000002
2 0.7703125 0.6156250000000002 0.759375 0.6156250000000002 0.759375 0.6515625000000002 0.7703125 0.6515625000000002
2 0.78125 0.5953125000000001 0.771875 0.5953125000000001 0.771875 0.6359375000000002 0.78125 0.6359375000000002
0 0.7515625 0.5781250000000002 0.7421875 0.5781250000000002 0.7421875 0.6015625000000002 0.7515625 0.6015625000000002
4 0.75625 0.5531250000000002 0.75 0.5531250000000002 0.75 0.5718750000000001 0.75625 0.5718750000000001
4 0.784375 0.5750000000000002 0.775 0.5750000000000002 0.775 0.5906250000000002 0.784375 0.5906250000000002
2 0.775 0.5328125000000001 0.7609375 0.5328125000000001 0.7609375 0.5703125000000002 0.775 0.5703125000000002
2 0.8 0.5140625000000002 0.784375 0.5140625000000002 0.784375 0.5531250000000002 0.8 0.5531250000000002
4 0.7640625 0.5078125000000002 0.7546875 0.5078125000000002 0.7546875 0.5265625000000002 0.7640625 0.5265625000000002
0 0.8140625 0.4593750000000002 0.8 0.4593750000000002 0.8 0.4828125000000002 0.8140625 0.4828125000000002
4 0.7921875 0.43750000000000017 0.78125 0.43750000000000017 0.78125 0.4546875000000002 0.7921875 0.4546875000000002
4 0.796875 0.3921875000000001 0.7890625 0.3921875000000001 0.7890625 0.4046875000000002 0.796875 0.4046875000000002
4 0.8125 0.38750000000000007 0.803125 0.38750000000000007 0.803125 0.40156250000000016 0.8125 0.40156250000000016
0 0.8078125 0.40625000000000017 0.79375 0.40625000000000017 0.79375 0.42968750000000017 0.8078125 0.42968750000000017
2 0.83125 0.3937500000000001 0.8125 0.3937500000000001 0.8125 0.4234375000000002 0.83125 0.4234375000000002
2 0.840625 0.4234375000000002 0.8203125 0.4234375000000002 0.8203125 0.4593750000000002 0.840625 0.4593750000000002
2 0.865625 0.3890625000000001 0.8453125 0.3890625000000001 0.8453125 0.4187500000000002 0.865625 0.4187500000000002
0 0.790625 0.31718750000000007 0.775 0.31718750000000007 0.775 0.3312500000000001 0.790625 0.3312500000000001
4 0.796875 0.33281250000000007 0.7875 0.33281250000000007 0.7875 0.34062500000000007 0.796875 0.34062500000000007
3 0.88125 0.3421875000000001 0.8609375 0.3421875000000001 0.8609375 0.3609375000000001 0.88125 0.3609375000000001
2 0.8859375 0.36406250000000007 0.8640625 0.36406250000000007 0.8640625 0.3859375000000001 0.8859375 0.3859375000000001
4 0.9015625 0.35625000000000007 0.8921875 0.35625000000000007 0.8921875 0.3656250000000001 0.9015625 0.3656250000000001
4 0.9046875 0.3296875000000001 0.89375 0.3296875000000001 0.89375 0.34062500000000007 0.9046875 0.34062500000000007
4 0.9203125 0.3500000000000001 0.909375 0.3500000000000001 0.909375 0.3609375000000001 0.9203125 0.3609375000000001
4 0.9328125 0.33281250000000007 0.921875 0.33281250000000007 0.921875 0.3453125000000001 0.9328125 0.3453125000000001
2 0.96875 0.29375000000000007 0.940625 0.29375000000000007 0.940625 0.31718750000000007 0.96875 0.31718750000000007
0 0.9828125 0.3625000000000001 0.9640625 0.3625000000000001 0.9640625 0.3781250000000001 0.9828125 0.3781250000000001
2 0.9984375 0.3234375000000001 0.975 0.3234375000000001 0.975 0.34062500000000007 0.9984375 0.34062500000000007