2 0.12500000000000006 0.409375 0.09843750000000004 0.409375 0.09843750000000004 0.44375 0.12500000000000006 0.44375
2 0.03906250000000007 0.5296875 0.014062500000000066 0.5296875 0.014062500000000066 0.559375 0.03906250000000007 0.559375
2 0.08593750000000007 0.5515625 0.06562500000000007 0.5515625 0.06562500000000007 0.571875 0.08593750000000007 0.571875
2 0.06406250000000006 0.5484375 0.03906250000000007 0.5484375 0.03906250000000007 0.56875 0.06406250000000006 0.56875
2 0.04687500000000007 0.575 0.034375000000000065 0.575 0.03437500000000007 0.603125 0.046875000000000076 0.603125
2 0.05937500000000007 0.571875 0.04687500000000007 0.571875 0.04687500000000007 0.603125 0.05937500000000007 0.603125
2 0.10468750000000009 0.64375 0.08906250000000009 0.64375 0.08906250000000009 0.6734375 0.10468750000000009 0.6734375
2 0.10156250000000008 0.6765625 0.08125000000000009 0.6765625 0.08125000000000009 0.7078125 0.10156250000000008 0.7078125
2 0.09375000000000008 0.7140625 0.0750000000000001 0.7140625 0.0750000000000001 0.746875 0.09375000000000008 0.746875
2 0.1906250000000001 0.609375 0.1703125000000001 0.609375 0.1703125000000001 0.634375 0.1906250000000001 0.634375
2 0.22812500000000008 0.5671875 0.21093750000000008 0.5671875 0.21093750000000008 0.603125 0.22812500000000008 0.603125
4 0.11718750000000007 0.5390625 0.10000000000000005 0.5390625 0.10000000000000006 0.553125 0.11718750000000008 0.553125
4 0.02812500000000006 0.490625 0.014062500000000061 0.490625 0.014062500000000061 0.5109375 0.028125000000000067 0.5109375
4 0.059375000000000046 0.36875 0.043750000000000046 0.36875 0.043750000000000046 0.384375 0.059375000000000046 0.384375
4 0.08281250000000004 0.378125 0.07031250000000004 0.378125 0.07031250000000004 0.39375 0.08281250000000004 0.39375
4 0.1937500000000001 0.5640625 0.17968750000000008 0.5640625 0.17968750000000008 0.584375 0.1937500000000001 0.584375
4 0.1921875000000001 0.596875 0.18125000000000008 0.596875 0.18125000000000008 0.6109375 0.1921875000000001 0.6109375
4 0.24375000000000008 0.5734375 0.23437500000000008 0.5734375 0.23437500000000008 0.5875 0.24375000000000008 0.5875
4 0.2609375000000001 0.6078125 0.2500000000000001 0.6078125 0.2500000000000001 0.6234375 0.2609375000000001 0.6234375
4 0.4109375000000002 0.834375 0.4000000000000002 0.834375 0.4000000000000002 0.8546875 0.4109375000000002 0.8546875
4 0.4859375000000002 0.8078125 0.47656250000000017 0.8078125 0.47656250000000017 0.8296875 0.4859375000000002 0.8296875
4 0.5375 0.640625 0.5234375 0.640625 0.5234375 0.659375 0.5375 0.659375
0 0.475 0.6859375 0.465625 0.6859375 0.465625 0.7140625 0.475 0.7140625
0 0.4625000000000001 0.7109375 0.453125 0.7109375 0.4531250000000001 0.7359375 0.4625000000000002 0.7359375
0 0.43281250000000016 0.74375 0.42500000000000016 0.74375 0.42500000000000016 0.76875 0.43281250000000016 0.76875
0 0.4390625000000002 0.746875 0.43281250000000016 0.746875 0.43281250000000016 0.775 0.4390625000000002 0.775
0 0.45312500000000017 0.7625 0.4437500000000002 0.7625 0.4437500000000002 0.7875 0.45312500000000017 0.7875
0 0.4468750000000002 0.790625 0.44062500000000016 0.790625 0.44062500000000016 0.815625 0.4468750000000002 0.815625
0 0.46093750000000017 0.7953125 0.44843750000000016 0.7953125 0.44843750000000016 0.8265625 0.46093750000000017 0.8265625
4 0.4421875000000002 0.778125 0.4343750000000002 0.778125 0.4343750000000002 0.79375 0.4421875000000002 0.79375
4 0.4468750000000002 0.821875 0.43750000000000017 0.821875 0.43750000000000017 0.8390625 0.4468750000000002 0.8390625
4 0.44531250000000017 0.7578125 0.44062500000000016 0.7578125 0.44062500000000016 0.778125 0.44531250000000017 0.778125
4 0.46406250000000016 0.7265625 0.4593750000000002 0.7265625 0.4593750000000002 0.746875 0.46406250000000016 0.746875
4 0.47187500000000016 0.73125 0.4671875000000002 0.73125 0.4671875000000002 0.7515625 0.47187500000000016 0.7515625
4 0.4781250000000002 0.9546875 0.46875000000000017 0.9546875 0.46875000000000017 0.9796875 0.4781250000000002 0.9796875
0 0.4203125000000002 0.8859375 0.40625000000000017 0.8859375 0.40625000000000017 0.915625 0.4203125000000002 0.915625
0 0.4359375000000002 0.909375 0.42500000000000016 0.909375 0.42500000000000016 0.9375 0.4359375000000002 0.9375
0 0.4859375000000002 0.896875 0.47187500000000016 0.896875 0.47187500000000016 0.921875 0.4859375000000002 0.921875
0 0.4343750000000002 0.965625 0.42500000000000016 0.965625 0.42500000000000016 0.9953125 0.4343750000000002 0.9953125
0 0.44843750000000016 0.9421875 0.4359375000000002 0.9421875 0.4359375000000002 0.971875 0.44843750000000016 0.971875
0 0.3468750000000001 0.78125 0.3359375000000001 0.78125 0.3359375000000001 0.8078125 0.3468750000000001 0.8078125
2 0.38750000000000007 0.7875 0.3687500000000001 0.7875 0.3687500000000001 0.8265625 0.38750000000000007 0.8265625
2 0.2921875000000001 0.4578125 0.2734375000000001 0.4578125 0.2734375000000001 0.48125 0.2921875000000001 0.48125
2 0.3203125000000001 0.4625 0.2984375000000001 0.4625 0.2984375000000001 0.478125 0.3203125000000001 0.478125
2 0.3500000000000001 0.44375 0.3265625000000001 0.44375 0.3265625000000001 0.4640625 0.3500000000000001 0.4640625
2 0.31718750000000007 0.484375 0.2968750000000001 0.484375 0.2968750000000001 0.5015625 0.31718750000000007 0.5015625
2 0.3437500000000001 0.484375 0.32500000000000007 0.484375 0.32500000000000007 0.5 0.3437500000000001 0.5
2 0.3687500000000001 0.484375 0.3515625000000001 0.484375 0.3515625000000001 0.5 0.3687500000000001 0.5
2 0.3984375000000001 0.484375 0.3828125000000001 0.484375 0.3828125000000001 0.5 0.3984375000000001 0.5
0 0.18750000000000006 0.421875 0.16875000000000004 0.421875 0.16875000000000004 0.440625 0.18750000000000006 0.440625
0 0.2531250000000001 0.4375 0.2375000000000001 0.4375 0.2375000000000001 0.4578125 0.2531250000000001 0.4578125
0 0.2828125000000001 0.44375 0.2671875000000001 0.44375 0.2671875000000001 0.4578125 0.2828125000000001 0.4578125
0 0.3765625000000001 0.45 0.3625000000000001 0.45 0.3625000000000001 0.4640625 0.3765625000000001 0.4640625
0 0.37968750000000007 0.465625 0.3687500000000001 0.465625 0.3687500000000001 0.4796875 0.37968750000000007 0.4796875
0 0.39531250000000007 0.4625 0.3843750000000001 0.4625 0.3843750000000001 0.48125 0.39531250000000007 0.48125
0 0.3812500000000001 0.5015625 0.3671875000000001 0.5015625 0.3671875000000001 0.515625 0.3812500000000001 0.515625
0 0.3968750000000001 0.5046875 0.3828125000000001 0.5046875 0.3828125000000001 0.51875 0.3968750000000001 0.51875
4 0.3937500000000001 0.3765625000000001 0.3828125000000001 0.3765625000000001 0.3828125000000001 0.3968750000000001 0.3937500000000001 0.3968750000000001
4 0.2656250000000001 0.4421875 0.2562500000000001 0.4421875 0.2562500000000001 0.45625 0.2656250000000001 0.45625
4 0.39531250000000007 0.43125 0.3859375000000001 0.43125 0.3859375000000001 0.4421875 0.39531250000000007 0.4421875
4 0.3859375000000001 0.434375 0.3750000000000001 0.434375 0.3750000000000001 0.4453125 0.3859375000000001 0.4453125
4 0.36406250000000007 0.4421875 0.3546875000000001 0.4421875 0.3546875000000001 0.4515625 0.36406250000000007 0.4515625
4 0.3500000000000001 0.4703125 0.3421875000000001 0.4703125 0.3421875000000001 0.4796875 0.3500000000000001 0.4796875
4 0.3609375000000001 0.4578125 0.3546875000000001 0.4578125 0.3546875000000001 0.4640625 0.3609375000000001 0.4640625
4 0.3687500000000001 0.471875 0.3593750000000001 0.471875 0.3593750000000001 0.4796875 0.3687500000000001 0.4796875
4 0.39531250000000007 0.45 0.3859375000000001 0.45 0.3859375000000001 0.459375 0.39531250000000007 0.459375
4 0.4015625 0.3703125000000001 0.39531250000000007 0.3703125000000001 0.39531250000000007 0.3890625000000001 0.4015625 0.3890625000000001
4 0.4140625 0.3687500000000001 0.409375 0.3687500000000001 0.409375 0.3890625000000001 0.4140625 0.3890625000000001
4 0.4265625 0.3703125000000001 0.421875 0.3703125000000001 0.421875 0.3890625000000001 0.4265625 0.3890625000000001
4 0.44375 0.3468750000000001 0.434375 0.3468750000000001 0.434375 0.3593750000000001 0.44375 0.3593750000000001
4 0.4390625 0.3234375000000001 0.4296875 0.3234375000000001 0.4296875 0.3343750000000001 0.4390625 0.3343750000000001
4 0.4390625 0.3078125000000001 0.43125 0.3078125000000001 0.43125 0.3203125000000001 0.4390625 0.3203125000000001
4 0.4515625 0.29375000000000007 0.44375 0.29375000000000007 0.44375 0.30156250000000007 0.4515625 0.30156250000000007
4 0.4703125 0.2953125000000001 0.4578125 0.2953125000000001 0.4578125 0.3062500000000001 0.4703125 0.3062500000000001
4 0.453125 0.3265625000000001 0.4453125 0.3265625000000001 0.4453125 0.3375000000000001 0.453125 0.3375000000000001
4 0.4875 0.31718750000000007 0.4796875 0.31718750000000007 0.4796875 0.3359375000000001 0.4875 0.3359375000000001
4 0.4609375 0.3078125000000001 0.453125 0.3078125000000001 0.453125 0.3203125000000001 0.4609375 0.3203125000000001
4 0.484375 0.2093750000000001 0.4734375 0.2093750000000001 0.4734375 0.22031250000000008 0.484375 0.22031250000000008
4 0.465625 0.26250000000000007 0.45625 0.26250000000000007 0.45625 0.27812500000000007 0.465625 0.27812500000000007
4 0.4640625 0.2468750000000001 0.4578125 0.2468750000000001 0.4578125 0.2562500000000001 0.4640625 0.2562500000000001
0 0.51875 0.18125000000000005 0.5046875 0.18125000000000005 0.5046875 0.2156250000000001 0.51875 0.2156250000000001
0 0.4765625 0.3000000000000001 0.465625 0.3000000000000001 0.465625 0.3234375000000001 0.4765625 0.3234375000000001
2 0.5234375 0.08593750000000007 0.503125 0.08593750000000007 0.503125 0.12656250000000005 0.5234375 0.12656250000000005
2 0.4984375 0.17812500000000003 0.48125 0.17812500000000003 0.48125 0.2093750000000001 0.4984375 0.2093750000000001
4 0.5484375 0.026562500000000065 0.534375 0.026562500000000065 0.534375 0.042187500000000065 0.5484375 0.042187500000000065
4 0.484375 0.22031250000000008 0.471875 0.22031250000000008 0.471875 0.2312500000000001 0.484375 0.2312500000000001
4 0.60625 0.10937500000000008 0.6 0.10937500000000008 0.6 0.12656250000000008 0.60625 0.12656250000000008
4 0.584375 0.2984375000000001 0.578125 0.2984375000000001 0.578125 0.3203125000000001 0.584375 0.3203125000000001
4 0.5765625 0.2984375000000001 0.5703125 0.2984375000000001 0.5703125 0.31718750000000007 0.5765625 0.31718750000000007
6 0.609375 0.09531250000000006 0.56875 0.09531250000000006 0.56875 0.18125000000000008 0.609375 0.18125000000000008
6 0.5890625 0.1843750000000001 0.5515625 0.1843750000000001 0.5515625 0.2468750000000001 0.5890625 0.2468750000000001
6 0.571875 0.2515625000000001 0.5421875 0.2515625000000001 0.5421875 0.34843750000000007 0.571875 0.34843750000000007
0 0.56875 0.2984375000000001 0.5578125 0.2984375000000001 0.5578125 0.3281250000000001 0.56875 0.3281250000000001
0 0.575 0.2671875000000001 0.5640625 0.2671875000000001 0.5640625 0.2906250000000001 0.575 0.2906250000000001
4 0.6109375 0.40625 0.5984375 0.40625 0.5984375 0.4265625 0.6109375 0.4265625
4 0.596875 0.37187500000000007 0.5875 0.37187500000000007 0.5875 0.3968750000000001 0.596875 0.3968750000000001
4 0.6015625 0.3421875000000001 0.5921875 0.3421875000000001 0.5921875 0.3515625000000001 0.6015625 0.3515625000000001
4 0.6125 0.3437500000000001 0.6046875 0.3437500000000001 0.6046875 0.35625000000000007 0.6125 0.35625000000000007
4 0.6046875 0.3578125000000001 0.596875 0.3578125000000001 0.596875 0.3703125000000001 0.6046875 0.3703125000000001
4 0.6109375 0.3750000000000001 0.603125 0.3750000000000001 0.603125 0.3843750000000001 0.6109375 0.3843750000000001
4 0.61875 0.3906250000000001 0.6125 0.3906250000000001 0.6125 0.4015625 0.61875 0.4015625
4 0.75625 0.3625000000000001 0.7515625 0.3625000000000001 0.7515625 0.3859375000000001 0.75625 0.3859375000000001
4 0.775 0.3656250000000001 0.76875 0.3656250000000001 0.76875 0.38750000000000007 0.775 0.38750000000000007
4 0.7640625 0.3687500000000001 0.759375 0.3687500000000001 0.759375 0.38750000000000007 0.7640625 0.38750000000000007
4 0.75 0.41406250000000017 0.7453125 0.41406250000000017 0.7453125 0.43281250000000016 0.75 0.43281250000000016
4 0.75625 0.4109375000000002 0.7515625 0.4109375000000002 0.7515625 0.4312500000000002 0.75625 0.4312500000000002
4 0.796875 0.4109375000000002 0.7890625 0.4109375000000002 0.7890625 0.4312500000000002 0.796875 0.4312500000000002
4 0.796875 0.4812500000000002 0.7875 0.4812500000000002 0.7875 0.49531250000000016 0.796875 0.49531250000000016
4 0.8 0.3656250000000001 0.7921875 0.3656250000000001 0.7921875 0.3812500000000001 0.8 0.3812500000000001
4 0.7796875 0.3781250000000001 0.7765625 0.3781250000000001 0.7765625 0.39531250000000007 0.7796875 0.39531250000000007
4 0.8109375 0.3609375000000001 0.80625 0.3609375000000001 0.80625 0.3812500000000001 0.8109375 0.3812500000000001
4 0.846875 0.36406250000000007 0.840625 0.36406250000000007 0.840625 0.3812500000000001 0.846875 0.3812500000000001
4 0.8609375 0.36406250000000007 0.85625 0.36406250000000007 0.85625 0.37968750000000007 0.8609375 0.37968750000000007
4 0.884375 0.3687500000000001 0.878125 0.3687500000000001 0.878125 0.38750000000000007 0.884375 0.38750000000000007
4 0.8296875 0.4109375000000002 0.8234375 0.4109375000000002 0.8234375 0.4312500000000002 0.8296875 0.4312500000000002
4 0.815625 0.40937500000000016 0.8109375 0.40937500000000016 0.8109375 0.42968750000000017 0.815625 0.42968750000000017
4 0.85 0.4078125000000002 0.84375 0.4078125000000002 0.84375 0.4312500000000002 0.85 0.4312500000000002
4 0.871875 0.40625000000000017 0.8671875 0.40625000000000017 0.8671875 0.4265625000000002 0.871875 0.4265625000000002
4 0.7375 0.5703125000000001 0.7234375 0.5703125 0.7234375 0.5937500000000001 0.7375 0.5937500000000002
4 0.7 0.571875 0.6859375 0.571875 0.6859375 0.5828125 0.7 0.5828125
4 0.784375 0.6468750000000002 0.778125 0.6468750000000002 0.778125 0.6656250000000001 0.784375 0.6656250000000001
4 0.821875 0.40937500000000016 0.8171875 0.40937500000000016 0.8171875 0.43281250000000016 0.821875 0.43281250000000016
4 0.7109375 0.6234375 0.696875 0.6234375 0.696875 0.6328125 0.7109375 0.6328125
4 0.709375 0.6453125 0.6984375 0.6453125 0.6984375 0.65625 0.709375 0.65625
4 0.709375 0.634375 0.696875 0.634375 0.696875 0.64375 0.709375 0.64375
4 0.7390625 0.6406250000000002 0.728125 0.6406250000000002 0.728125 0.6531250000000002 0.7390625 0.6531250000000002
4 0.7390625 0.6531250000000001 0.725 0.653125 0.725 0.6625000000000001 0.7390625 0.6625000000000002
4 0.70625 0.65625 0.6953125 0.65625 0.6953125 0.6625 0.70625 0.6625
4 0.7375 0.6625000000000002 0.7265625 0.6625000000000002 0.7265625 0.6718750000000002 0.7375 0.6718750000000002
2 0.7453125 0.4453125000000001 0.7171875 0.4453125 0.7171875 0.4703125000000001 0.7453125 0.4703125000000002
2 0.7203125 0.540625 0.696875 0.540625 0.696875 0.5640625 0.7203125 0.5640625
2 0.6875 0.553125 0.6640625 0.553125 0.6640625 0.5703125 0.6875 0.5703125
2 0.634375 0.5171875 0.6125 0.5171875 0.6125 0.5359375 0.634375 0.5359375
2 0.659375 0.54375 0.6375 0.54375 0.6375 0.559375 0.659375 0.559375
2 0.634375 0.54375 0.6125 0.54375 0.6125 0.5578125 0.634375 0.5578125
2 0.6609375 0.5625 0.6421875 0.5625 0.6421875 0.5765625 0.6609375 0.5765625
2 0.6375 0.571875 0.6171875 0.571875 0.6171875 0.5890625 0.6375 0.5890625
2 0.7390625 0.675 0.7203125 0.675 0.7203125 0.7156250000000001 0.7390625 0.7156250000000002
2 0.7187500000000002 0.7953125 0.6953125000000002 0.7953125 0.6953125000000002 0.821875 0.7187500000000002 0.821875
0 0.8453125 0.5609375000000002 0.825 0.5609375000000002 0.825 0.5859375000000002 0.8453125 0.5859375000000002
0 0.775 0.6250000000000002 0.765625 0.6250000000000002 0.765625 0.6562500000000002 0.775 0.6562500000000002
0 0.7953125 0.6250000000000002 0.78125 0.6250000000000002 0.78125 0.6500000000000001 0.7953125 0.6500000000000001
0 0.7125 0.521875 0.690625 0.521875 0.690625 0.5375 0.7125 0.5375
0 0.646875 0.503125 0.6296875 0.503125 0.6296875 0.5203125 0.646875 0.5203125
4 0.61875 0.5078125 0.609375 0.5078125 0.609375 0.51875 0.61875 0.51875
4 0.628125 0.496875 0.6203125 0.496875 0.6203125 0.5125 0.628125 0.5125
4 0.61875 0.5609375 0.6078125 0.5609375 0.6078125 0.5703125 0.61875 0.5703125
4 0.6359375 0.5609375 0.621875 0.5609375 0.621875 0.5703125 0.6359375 0.5703125
4 0.615625 0.5828125 0.6078125 0.5828125 0.6078125 0.59375 0.615625 0.59375