2 0.090625 0.04531250000000001 0.071875 0.04531250000000001 0.071875 0.0859375 0.090625 0.0859375
4 0.01875 0.006250000000000001 0.0078125 0.00625 0.007812500000000002 0.021875 0.01875 0.021875
2 0.01875000000000001 0.0265625 3.2529680602351567e-18 0.0265625 5.836207402186606e-18 0.06875 0.01875000000000001 0.06875
5 0.07500000000000004 0.2953125 0.046875000000000035 0.2953125 0.04687500000000004 0.36875 0.07500000000000004 0.36875
2 0.07031250000000006 0.4390625 0.04062500000000006 0.4390625 0.04062500000000006 0.4640625 0.07031250000000007 0.4640625
2 0.04218750000000006 0.4703125 0.012500000000000056 0.4703125 0.012500000000000058 0.4953125 0.04218750000000006 0.4953125
2 0.16250000000000003 0.43125 0.13750000000000004 0.43125 0.13750000000000004 0.45625 0.16250000000000003 0.45625
2 0.16093750000000004 0.465625 0.13593750000000004 0.465625 0.13593750000000004 0.490625 0.16093750000000004 0.490625
2 0.2218750000000001 0.434375 0.19375000000000003 0.434375 0.19375000000000003 0.4625 0.2218750000000001 0.4625
2 0.10312500000000005 0.5125 0.07500000000000007 0.5125 0.07500000000000007 0.5375 0.10312500000000005 0.5375
2 0.07187500000000006 0.5109375 0.04687500000000007 0.5109375 0.04687500000000007 0.5359375 0.07187500000000006 0.5359375
2 0.04531250000000007 0.546875 0.020312500000000067 0.546875 0.02031250000000007 0.5703125 0.04531250000000007 0.5703125
2 0.04531250000000007 0.515625 0.01718750000000006 0.515625 0.017187500000000064 0.534375 0.04531250000000007 0.534375
4 0.06406250000000006 0.5875 0.05156250000000007 0.5875 0.05156250000000007 0.6 0.06406250000000006 0.6
4 0.12500000000000008 0.5609375 0.11250000000000009 0.5609375 0.11250000000000009 0.5765625 0.12500000000000008 0.5765625
4 0.2093750000000001 0.5296875 0.19843750000000004 0.5296875 0.19843750000000007 0.546875 0.2093750000000001 0.546875
4 0.05156250000000007 0.5734375 0.03906250000000007 0.5734375 0.03906250000000007 0.5890625 0.05156250000000007 0.5890625
4 0.03906250000000007 0.5765625 0.025000000000000067 0.5765625 0.025000000000000067 0.5890625 0.03906250000000007 0.5890625
0 0.023437500000000073 0.5859375 0.003125000000000072 0.5859375 0.003125000000000073 0.60625 0.023437500000000073 0.60625
0 0.2718750000000001 0.5390625 0.2531250000000001 0.5390625 0.2531250000000001 0.5625 0.2718750000000001 0.5625
0 0.2093750000000001 0.465625 0.19375000000000003 0.465625 0.19375000000000003 0.484375 0.2093750000000001 0.484375
0 0.19843750000000004 0.36875 0.17812500000000003 0.36875 0.17812500000000003 0.3875 0.19843750000000004 0.3875
0 0.2609375000000001 0.4046875 0.24218750000000008 0.4046875 0.24218750000000008 0.425 0.2609375000000001 0.425
2 0.3515625000000001 0.4546875 0.3265625000000001 0.4546875 0.3265625000000001 0.4796875 0.3515625000000001 0.4796875
2 0.2984375000000001 0.4421875 0.2734375000000001 0.4421875 0.2734375000000001 0.4671875 0.2984375000000001 0.4671875
4 0.2015625000000001 0.3890625 0.19062500000000004 0.3890625 0.19062500000000004 0.4 0.2015625000000001 0.4
4 0.3109375000000001 0.4171875 0.2984375000000001 0.4171875 0.2984375000000001 0.434375 0.3109375000000001 0.434375
4 0.3828125000000001 0.425 0.3687500000000001 0.425 0.3687500000000001 0.44375 0.3828125000000001 0.44375
4 0.4734375 0.3906250000000001 0.459375 0.3906250000000001 0.459375 0.409375 0.4734375 0.409375
4 0.5296875 0.3859375000000001 0.515625 0.3859375000000001 0.515625 0.4015625 0.5296875 0.4015625
4 0.5703125 0.3281250000000001 0.553125 0.3281250000000001 0.553125 0.34843750000000007 0.5703125 0.34843750000000007
4 0.5875 0.4046875 0.5734375 0.4046875 0.5734375 0.4203125 0.5875 0.4203125
4 0.584375 0.421875 0.5703125 0.421875 0.5703125 0.4328125 0.584375 0.4328125
4 0.6859375 0.4171875 0.6703125 0.4171875 0.6703125 0.43125 0.6859375 0.43125
4 0.5578125 0.5296875 0.54375 0.5296875 0.54375 0.5453125 0.5578125 0.5453125
4 0.6015625 0.5125 0.5875 0.5125 0.5875 0.528125 0.6015625 0.528125
4 0.775 0.4000000000000002 0.7609375 0.4000000000000002 0.7609375 0.41718750000000016 0.775 0.41718750000000016
2 0.50625 0.35625000000000007 0.4828125 0.35625000000000007 0.4828125 0.3812500000000001 0.50625 0.3812500000000001
2 0.5046875 0.44375 0.4796875 0.44375 0.4796875 0.465625 0.5046875 0.465625
2 0.575 0.4765625 0.546875 0.4765625 0.546875 0.50625 0.575 0.50625
2 0.521875 0.50625 0.49375 0.50625 0.49375 0.5359375 0.521875 0.5359375
2 0.5984375 0.4375 0.5734375 0.4375 0.5734375 0.4625 0.5984375 0.4625
2 0.6453125 0.5 0.621875 0.5 0.621875 0.5265625 0.6453125 0.5265625
2 0.74375 0.5203125000000001 0.7171875 0.5203125 0.7171875 0.5468750000000001 0.74375 0.5468750000000002
2 0.728125 0.4093750000000001 0.703125 0.409375 0.703125 0.4375000000000001 0.728125 0.43750000000000017
0 0.63125 0.409375 0.6109375 0.409375 0.6109375 0.4296875 0.63125 0.4296875
0 0.575 0.546875 0.55625 0.546875 0.55625 0.5640625 0.575 0.5640625
4 0.8765625 0.3843750000000001 0.8578125 0.3843750000000001 0.8578125 0.4031250000000002 0.8765625 0.4031250000000002
4 0.9015625 0.36406250000000007 0.8859375 0.36406250000000007 0.8859375 0.37968750000000007 0.9015625 0.37968750000000007
4 0.8203125 0.3703125000000001 0.8015625 0.3703125000000001 0.8015625 0.3890625000000001 0.8203125 0.3890625000000001
2 0.9109375 0.3187500000000001 0.88125 0.3187500000000001 0.88125 0.3453125000000001 0.9109375 0.3453125000000001
2 0.99375 0.3156250000000001 0.9671875 0.3156250000000001 0.9671875 0.3390625000000001 0.99375 0.3390625000000001
2 0.7875 0.23593750000000008 0.759375 0.23593750000000008 0.759375 0.26250000000000007 0.7875 0.26250000000000007
2 0.7765625 0.1531250000000001 0.7515625 0.1531250000000001 0.7515625 0.17968750000000008 0.7765625 0.17968750000000008
5 0.09687500000000007 0.5390625 0.04687500000000007 0.5390625 0.04687500000000007 0.571875 0.09687500000000007 0.571875
2 0.15781250000000005 0.2421875 0.13281250000000006 0.2421875 0.13281250000000006 0.290625 0.15781250000000005 0.290625