0 0.6265625000000001 0.85 0.6187500000000001 0.85 0.6187500000000001 0.8703125 0.6265625000000001 0.8703125
0 0.6078125 0.5703125 0.5984375 0.5703125 0.5984375 0.5921875 0.6078125 0.5921875
0 0.5828125 0.59375 0.575 0.59375 0.575 0.6140625 0.5828125 0.6140625
0 0.7671875 0.5500000000000002 0.75625 0.5500000000000002 0.75625 0.5640625000000001 0.7671875 0.5640625000000001
0 0.7984375 0.5625000000000002 0.784375 0.5625000000000002 0.784375 0.5750000000000002 0.7984375 0.5750000000000002
0 0.8796875 0.5187500000000002 0.8671875 0.5187500000000002 0.8671875 0.5328125000000001 0.8796875 0.5328125000000001
0 0.990625 0.3671875000000001 0.9765625 0.3671875000000001 0.9765625 0.3812500000000001 0.990625 0.3812500000000001
0 0.5734375 0.3734375000000001 0.5640625 0.3734375000000001 0.5640625 0.3843750000000001 0.5734375 0.3843750000000001
0 0.4625 0.4265625 0.4515625 0.4265625 0.4515625 0.4375 0.4625 0.4375
0 0.46875 0.4359375 0.4578125 0.4359375 0.4578125 0.4484375 0.46875 0.4484375
0 0.4953125 0.434375 0.4859375 0.434375 0.4859375 0.44375 0.4953125 0.44375
0 0.440625 0.440625 0.43125 0.440625 0.43125 0.4484375 0.440625 0.4484375
0 0.421875 0.4421875 0.409375 0.4421875 0.409375 0.4546875 0.421875 0.4546875
0 0.3031250000000001 0.421875 0.2890625000000001 0.421875 0.2890625000000001 0.4359375 0.3031250000000001 0.4359375
0 0.26250000000000007 0.4234375 0.2484375000000001 0.4234375 0.2484375000000001 0.434375 0.26250000000000007 0.434375
0 0.16093750000000004 0.3953125 0.15000000000000005 0.3953125 0.15000000000000005 0.4078125 0.16093750000000004 0.4078125
2 0.2046875 0.2875 0.19531250000000006 0.2875 0.19531250000000006 0.3171875 0.2046875 0.3171875
3 0.2390625000000001 0.4359375 0.2234375000000001 0.4359375 0.2234375000000001 0.45 0.2390625000000001 0.45
2 0.2765625000000001 0.4375 0.26250000000000007 0.4375 0.26250000000000007 0.45625 0.2765625000000001 0.45625
2 0.2296875000000001 0.459375 0.2093750000000001 0.459375 0.2093750000000001 0.478125 0.2296875000000001 0.478125
2 0.3187500000000001 0.434375 0.30156250000000007 0.434375 0.30156250000000007 0.453125 0.3187500000000001 0.453125
2 0.3390625000000001 0.440625 0.3218750000000001 0.440625 0.3218750000000001 0.4578125 0.3390625000000001 0.4578125
2 0.3593750000000001 0.4359375 0.34062500000000007 0.4359375 0.34062500000000007 0.45 0.3593750000000001 0.45
2 0.37968750000000007 0.4359375 0.3625000000000001 0.4359375 0.3625000000000001 0.45 0.37968750000000007 0.45
2 0.3750000000000001 0.4515625 0.35625000000000007 0.4515625 0.35625000000000007 0.465625 0.3750000000000001 0.465625
2 0.3984375000000001 0.4546875 0.37968750000000007 0.4546875 0.37968750000000007 0.46875 0.3984375000000001 0.46875
2 0.3906250000000001 0.4140625 0.37187500000000007 0.4140625 0.37187500000000007 0.4296875 0.3906250000000001 0.4296875
2 0.4109375 0.403125 0.3906250000000001 0.403125 0.3906250000000001 0.4203125 0.4109375 0.4203125
2 0.425 0.415625 0.409375 0.415625 0.409375 0.4296875 0.425 0.4296875
2 0.409375 0.4296875 0.3906250000000001 0.4296875 0.3906250000000001 0.44375 0.409375 0.44375
2 0.41875 0.45625 0.4 0.45625 0.4 0.46875 0.41875 0.46875
2 0.440625 0.4515625 0.4234375 0.4515625 0.4234375 0.465625 0.440625 0.465625
2 0.4578125 0.4546875 0.44375 0.4546875 0.44375 0.4671875 0.4578125 0.4671875
2 0.45625 0.4375 0.4421875 0.4375 0.4421875 0.4484375 0.45625 0.4484375
2 0.4421875 0.3984375000000001 0.425 0.3984375000000001 0.425 0.409375 0.4421875 0.409375
2 0.46875 0.4078125 0.453125 0.4078125 0.453125 0.41875 0.46875 0.41875
2 0.484375 0.4109375 0.46875 0.4109375 0.46875 0.4234375 0.484375 0.4234375
2 0.4828125 0.4265625 0.4671875 0.4265625 0.4671875 0.4375 0.4828125 0.4375
2 0.4984375 0.44375 0.4828125 0.44375 0.4828125 0.4578125 0.4984375 0.4578125
2 0.478125 0.453125 0.4625 0.453125 0.4625 0.4640625 0.478125 0.4640625
2 0.5171875 0.565625 0.503125 0.565625 0.503125 0.5875 0.5171875 0.5875
2 0.5921875 0.621875 0.58125 0.621875 0.58125 0.65 0.5921875 0.65
2 0.665625 0.5984375 0.65 0.5984375 0.65 0.6234375 0.665625 0.6234375
2 0.6343750000000001 0.7015625 0.621875 0.7015625 0.6218750000000001 0.73125 0.6343750000000001 0.73125
2 0.7734375 0.5625000000000002 0.7546875 0.5625000000000002 0.7546875 0.5796875000000001 0.7734375 0.5796875000000001
2 0.753125 0.5484375000000001 0.7359375 0.5484375000000001 0.7359375 0.5625000000000002 0.753125 0.5625000000000002
2 0.75 0.5359375000000002 0.734375 0.5359375000000002 0.734375 0.5500000000000002 0.75 0.5500000000000002
2 0.7671875 0.5218750000000002 0.7515625 0.5218750000000002 0.7515625 0.5406250000000001 0.7671875 0.5406250000000001
2 0.7609375 0.5062500000000002 0.74375 0.5062500000000002 0.74375 0.5203125000000002 0.7609375 0.5203125000000002
2 0.7328125 0.5093750000000001 0.715625 0.509375 0.715625 0.5250000000000001 0.7328125 0.5250000000000001
2 0.7203125 0.5328125 0.7046875 0.5328125 0.7046875 0.5484375 0.7203125 0.5484375
2 0.6921875 0.525 0.6734375 0.525 0.6734375 0.5390625 0.6921875 0.5390625
2 0.7140625 0.55 0.7 0.55 0.7 0.5625 0.7140625 0.5625
2 0.84375 0.5468750000000002 0.8234375 0.5468750000000002 0.8234375 0.5625000000000002 0.84375 0.5625000000000002
2 0.8734375 0.5359375000000002 0.8546875 0.5359375000000002 0.8546875 0.5515625000000002 0.8734375 0.5515625000000002
2 0.8609375 0.5187500000000002 0.8421875 0.5187500000000002 0.8421875 0.5343750000000002 0.8609375 0.5343750000000002
2 0.8609375 0.5000000000000002 0.8421875 0.5000000000000002 0.8421875 0.5171875000000001 0.8609375 0.5171875000000001
2 0.8421875 0.4968750000000002 0.825 0.4968750000000002 0.825 0.5078125000000002 0.8421875 0.5078125000000002
2 0.840625 0.5156250000000002 0.8234375 0.5156250000000002 0.8234375 0.5312500000000002 0.840625 0.5312500000000002
2 0.9671875 0.5265625000000002 0.946875 0.5265625000000002 0.946875 0.5437500000000002 0.9671875 0.5437500000000002
2 0.9640625 0.47968750000000016 0.940625 0.47968750000000016 0.940625 0.49531250000000016 0.9640625 0.49531250000000016
1 0.9375 0.4937500000000002 0.88125 0.4937500000000002 0.88125 0.5187500000000002 0.9375 0.5187500000000002
1 0.8234375 0.5250000000000001 0.771875 0.5250000000000001 0.771875 0.5484375000000001 0.8234375 0.5484375000000001
1 0.8203125 0.5031250000000002 0.7703125 0.5031250000000002 0.7703125 0.5234375000000002 0.8203125 0.5234375000000002
4 0.22812500000000008 0.4078125 0.2171875000000001 0.4078125 0.2171875000000001 0.4171875 0.22812500000000008 0.4171875
4 0.2296875000000001 0.4265625 0.21875000000000008 0.4265625 0.21875000000000008 0.4359375 0.2296875000000001 0.4359375
4 0.19843750000000004 0.453125 0.18593750000000003 0.453125 0.18593750000000003 0.4625 0.19843750000000004 0.4625
4 0.2687500000000001 0.4078125 0.2593750000000001 0.4078125 0.2593750000000001 0.415625 0.2687500000000001 0.415625
4 0.3046875000000001 0.4078125 0.2953125000000001 0.4078125 0.2953125000000001 0.415625 0.3046875000000001 0.415625
4 0.26250000000000007 0.4359375 0.2531250000000001 0.4359375 0.2531250000000001 0.4421875 0.26250000000000007 0.4421875
4 0.3125000000000001 0.4609375 0.30156250000000007 0.4609375 0.30156250000000007 0.4671875 0.3125000000000001 0.4671875
4 0.3359375000000001 0.40625 0.3265625000000001 0.40625 0.3265625000000001 0.4125 0.3359375000000001 0.4125
4 0.3515625000000001 0.4015625 0.3390625000000001 0.4015625 0.3390625000000001 0.4109375 0.3515625000000001 0.4109375
4 0.36406250000000007 0.465625 0.3546875000000001 0.465625 0.3546875000000001 0.4703125 0.36406250000000007 0.4703125
4 0.3750000000000001 0.40625 0.3656250000000001 0.40625 0.3656250000000001 0.415625 0.3750000000000001 0.415625
4 0.425 0.4 0.4140625 0.4 0.4140625 0.4109375 0.425 0.4109375
4 0.440625 0.4125 0.4328125 0.4125 0.4328125 0.4203125 0.440625 0.4203125
4 0.3625000000000001 0.4703125 0.3531250000000001 0.4703125 0.3531250000000001 0.4765625 0.3625000000000001 0.4765625
4 0.4515625 0.4203125 0.4421875 0.4203125 0.4421875 0.428125 0.4515625 0.428125
4 0.4484375 0.4140625 0.440625 0.4140625 0.440625 0.4203125 0.4484375 0.4203125
4 0.453125 0.40625 0.44375 0.40625 0.44375 0.4125 0.453125 0.4125
4 0.4703125 0.41875 0.4609375 0.41875 0.4609375 0.428125 0.4703125 0.428125
4 0.4859375 0.403125 0.475 0.403125 0.475 0.409375 0.4859375 0.409375
4 0.4984375 0.37968750000000007 0.4890625 0.37968750000000007 0.4890625 0.38750000000000007 0.4984375 0.38750000000000007
4 0.5078125 0.4375 0.4984375 0.4375 0.4984375 0.44375 0.5078125 0.44375
4 0.509375 0.3984375000000001 0.5015625 0.3984375000000001 0.5015625 0.40625 0.509375 0.40625
4 0.571875 0.39531250000000007 0.5625 0.39531250000000007 0.5625 0.403125 0.571875 0.403125
4 0.5687500000000002 0.8171875 0.5640625000000001 0.8171875 0.5640625000000001 0.8359375 0.5687500000000002 0.8359375
4 0.728125 0.565625 0.71875 0.565625 0.71875 0.5718750000000001 0.728125 0.5718750000000001
4 0.7375 0.5703125000000002 0.728125 0.5703125000000002 0.728125 0.5765625000000002 0.7375 0.5765625000000002
4 0.7359375 0.5500000000000002 0.7265625 0.5500000000000002 0.7265625 0.5578125000000002 0.7359375 0.5578125000000002
4 0.7484375 0.5671875000000002 0.7375 0.5671875000000002 0.7375 0.5734375000000002 0.7484375 0.5734375000000002
4 0.7265625 0.5484375000000001 0.715625 0.5484375 0.715625 0.5546875000000001 0.7265625 0.5546875000000002
4 0.721875 0.5578125 0.7140625 0.5578125 0.7140625 0.5640625 0.721875 0.5640625
4 0.7125 0.565625 0.703125 0.565625 0.703125 0.5734375 0.7125 0.5734375
4 0.684375 0.5140625 0.675 0.5140625 0.675 0.5203125 0.684375 0.5203125
4 0.69375 0.5390625 0.684375 0.5390625 0.684375 0.54375 0.69375 0.54375
4 0.6859375 0.5421875 0.6765625 0.5421875 0.6765625 0.5484375 0.6859375 0.5484375
4 0.69375 0.546875 0.684375 0.546875 0.684375 0.5515625 0.69375 0.5515625
4 0.6875 0.55 0.6765625 0.55 0.6765625 0.5546875 0.6875 0.5546875
4 0.69375 0.5546875 0.684375 0.5546875 0.684375 0.559375 0.69375 0.559375
4 0.7015625 0.5609375 0.6921875 0.5609375 0.6921875 0.5671875 0.7015625 0.5671875
4 0.69375 0.559375 0.684375 0.559375 0.684375 0.56875 0.69375 0.56875
4 0.6859375 0.559375 0.6765625 0.559375 0.6765625 0.5640625 0.6859375 0.5640625
4 0.684375 0.5703125 0.675 0.5703125 0.675 0.578125 0.684375 0.578125
4 0.690625 0.5765625 0.6828125 0.5765625 0.6828125 0.584375 0.690625 0.584375
4 0.7515625 0.5250000000000001 0.740625 0.5250000000000001 0.740625 0.5375000000000002 0.7515625 0.5375000000000002
4 0.7890625 0.5500000000000002 0.7796875 0.5500000000000002 0.7796875 0.5562500000000001 0.7890625 0.5562500000000001
4 0.8078125 0.5453125000000002 0.7984375 0.5453125000000002 0.7984375 0.5515625000000002 0.8078125 0.5515625000000002
4 0.8171875 0.5500000000000002 0.809375 0.5500000000000002 0.809375 0.5578125000000002 0.8171875 0.5578125000000002
4 0.8109375 0.4968750000000002 0.8015625 0.4968750000000002 0.8015625 0.5031250000000002 0.8109375 0.5031250000000002
4 0.8234375 0.4937500000000002 0.815625 0.4937500000000002 0.815625 0.5031250000000002 0.8234375 0.5031250000000002
4 0.8515625 0.49218750000000017 0.8421875 0.49218750000000017 0.8421875 0.4968750000000002 0.8515625 0.4968750000000002
4 0.8640625 0.5125000000000002 0.85625 0.5125000000000002 0.85625 0.5187500000000002 0.8640625 0.5187500000000002
4 0.8859375 0.5281250000000002 0.878125 0.5281250000000002 0.878125 0.5375000000000002 0.8859375 0.5375000000000002
4 0.9109375 0.5406250000000001 0.9 0.5406250000000001 0.9 0.5484375000000001 0.9109375 0.5484375000000001
4 0.940625 0.5296875000000002 0.93125 0.5296875000000002 0.93125 0.5390625000000002 0.940625 0.5390625000000002
4 0.95 0.5062500000000002 0.940625 0.5062500000000002 0.940625 0.5125000000000002 0.95 0.5125000000000002
4 0.9640625 0.5046875000000002 0.95 0.5046875000000002 0.95 0.5140625000000002 0.9640625 0.5140625000000002
4 0.9578125 0.5156250000000002 0.9484375 0.5156250000000002 0.9484375 0.5218750000000002 0.9578125 0.5218750000000002
4 0.9796875 0.5140625000000002 0.96875 0.5140625000000002 0.96875 0.5203125000000002 0.9796875 0.5203125000000002
4 0.9796875 0.5000000000000002 0.96875 0.5000000000000002 0.96875 0.5078125000000002 0.9796875 0.5078125000000002
4 0.990625 0.5046875000000002 0.9828125 0.5046875000000002 0.9828125 0.5140625000000002 0.990625 0.5140625000000002
4 1 0.5078125000000002 0.9890625 0.5078125000000002 0.9890625 0.5156250000000002 1 0.5156250000000002
2 1 0.3343750000000001 0.984375 0.3343750000000001 0.984375 0.3500000000000001 1 0.3500000000000001
4 0.9234375 0.36406250000000007 0.9125 0.36406250000000007 0.9125 0.3734375000000001 0.9234375 0.3734375000000001
4 0.790625 0.40156250000000016 0.78125 0.40156250000000016 0.78125 0.4109375000000002 0.790625 0.4109375000000002
4 0.7890625 0.3828125000000001 0.7796875 0.3828125000000001 0.7796875 0.3937500000000001 0.7890625 0.3937500000000001
4 0.6796875 0.4046875 0.66875 0.4046875 0.66875 0.4140625 0.6796875 0.4140625
4 0.66875 0.39531250000000007 0.6609375 0.39531250000000007 0.6609375 0.4046875 0.66875 0.4046875
4 0.715625 0.3812500000000001 0.70625 0.3812500000000001 0.70625 0.3906250000000001 0.715625 0.3906250000000001
4 0.74375 0.3921875000000001 0.7375 0.3921875000000001 0.7375 0.4000000000000002 0.74375 0.4000000000000002
4 0.596875 0.39531250000000007 0.5890625 0.39531250000000007 0.5890625 0.4015625 0.596875 0.4015625
2 0.790625 0.3296875000000001 0.778125 0.3296875000000001 0.778125 0.35625000000000007 0.790625 0.35625000000000007
2 0.7171875 0.415625 0.6984375 0.415625 0.6984375 0.43125 0.7171875 0.43125
2 0.8390625 0.3437500000000001 0.8234375 0.3437500000000001 0.8234375 0.3593750000000001 0.8390625 0.3593750000000001
2 0.04687500000000007 0.5734375 0.028125000000000067 0.5734375 0.028125000000000074 0.590625 0.046875000000000076 0.590625
4 0.045312500000000054 0.425 0.03593750000000005 0.425 0.03593750000000005 0.434375 0.045312500000000054 0.434375
4 0.026562500000000055 0.4125 0.01718750000000005 0.4125 0.01718750000000005 0.41875 0.026562500000000055 0.41875
0 0.2328125 0.3328125 0.2265625 0.3328125 0.2265625 0.35 0.2328125 0.35
4 0.2546875 0.10156250000000004 0.25 0.10156250000000004 0.25 0.11562500000000005 0.2546875 0.11562500000000005
4 0.240625 0.16875000000000004 0.2359375 0.16875000000000004 0.2359375 0.18125000000000005 0.240625 0.18125000000000005
4 0.19843750000000004 0.359375 0.18906250000000005 0.359375 0.18906250000000005 0.36875 0.19843750000000004 0.36875