2 0.040625000000000064 0.521875 0.028125000000000067 0.521875 0.028125000000000067 0.578125 0.040625000000000064 0.578125
2 0.2171875000000001 0.3703125 0.2078125000000001 0.3703125 0.2078125000000001 0.40625 0.2171875000000001 0.40625
2 0.22812500000000008 0.4671875 0.2171875000000001 0.4671875 0.2171875000000001 0.50625 0.22812500000000008 0.50625
2 0.2234375000000001 0.509375 0.2156250000000001 0.509375 0.2156250000000001 0.540625 0.2234375000000001 0.540625
2 0.06406250000000008 0.63125 0.04375000000000008 0.63125 0.04375000000000008 0.65 0.06406250000000009 0.65
2 0.24218750000000008 0.68125 0.2234375000000001 0.68125 0.2234375000000001 0.696875 0.24218750000000008 0.696875
2 0.2640625000000001 0.66875 0.2453125000000001 0.66875 0.2453125000000001 0.6875 0.2640625000000001 0.6875
2 0.3140625000000001 0.6734375 0.29375000000000007 0.6734375 0.29375000000000007 0.696875 0.3140625000000001 0.696875
2 0.36406250000000007 0.675 0.3421875000000001 0.675 0.3421875000000001 0.690625 0.36406250000000007 0.690625
2 0.3937500000000001 0.6640625 0.3734375000000001 0.6640625 0.3734375000000001 0.684375 0.3937500000000001 0.684375
2 0.20468750000000008 0.7203125 0.18906250000000008 0.7203125 0.18906250000000008 0.73125 0.20468750000000008 0.73125
2 0.4000000000000002 0.7546875 0.38750000000000007 0.7546875 0.38750000000000007 0.7921875 0.4000000000000002 0.7921875
2 0.39531250000000007 0.8328125 0.3859375000000001 0.8328125 0.3859375000000001 0.8546875 0.39531250000000007 0.8546875
2 0.4000000000000002 0.8578125 0.3859375000000001 0.8578125 0.3859375000000001 0.8734375 0.4000000000000002 0.8734375
2 0.3984375000000001 0.8734375 0.3828125000000001 0.8734375 0.3828125000000001 0.89375 0.3984375000000001 0.89375
2 0.3937500000000001 0.9375 0.3828125000000001 0.9375 0.3828125000000001 0.9609375 0.3937500000000001 0.9609375
2 0.4515625000000002 0.834375 0.4421875000000002 0.834375 0.4421875000000002 0.878125 0.4515625000000002 0.878125
2 0.46093750000000017 0.8625 0.4546875000000002 0.8625 0.4546875000000002 0.9078125 0.46093750000000017 0.9078125
2 0.4671875 0.6453125 0.459375 0.6453125 0.459375 0.6859375 0.4671875 0.6859375
2 0.4640625 0.56875 0.4453125 0.56875 0.4453125 0.6 0.4640625 0.6
2 0.4234375 0.4953125 0.4140625 0.4953125 0.4140625 0.5328125 0.4234375 0.5328125
2 0.4265625 0.453125 0.4171875 0.453125 0.4171875 0.484375 0.4265625 0.484375
2 0.5484375000000001 0.721875 0.534375 0.721875 0.534375 0.7515625 0.5484375000000001 0.7515625
2 0.5359375000000001 0.7234375 0.5265625 0.7234375 0.5265625 0.765625 0.5359375000000002 0.765625
2 0.5484375000000001 0.7515625 0.5328125000000001 0.7515625 0.5328125000000001 0.784375 0.5484375000000001 0.784375
2 0.5343750000000002 0.8375 0.5265625000000002 0.8375 0.5265625000000002 0.871875 0.5343750000000002 0.871875
2 0.5734375000000002 0.9640625 0.5578125000000002 0.9640625 0.5578125000000002 0.984375 0.5734375000000002 0.984375
2 0.5718750000000001 0.98125 0.5562500000000001 0.98125 0.5562500000000001 0.996875 0.5718750000000001 0.996875
2 0.8203125 0.865625 0.80625 0.865625 0.80625 0.9078125 0.8203125 0.9078125
2 0.84375 0.884375 0.8296875 0.884375 0.8296875 0.928125 0.84375 0.928125
2 0.859375 0.8796875 0.84375 0.8796875 0.84375 0.925 0.859375 0.925
2 0.815625 0.940625 0.7937500000000002 0.940625 0.7937500000000002 0.9625 0.815625 0.9625
2 0.8125 0.9546875 0.7953125000000002 0.9546875 0.7953125000000002 0.98125 0.8125 0.98125
2 0.809375 0.975 0.7937500000000002 0.975 0.7937500000000002 0.9953125 0.809375 0.9953125
2 0.8375 0.5109375000000002 0.81875 0.5109375000000002 0.81875 0.5328125000000001 0.8375 0.5328125000000001
2 0.9046875 0.5203125000000002 0.884375 0.5203125000000002 0.884375 0.5390625000000002 0.9046875 0.5390625000000002
2 0.6875 0.478125 0.6671875 0.478125 0.6671875 0.5 0.6875 0.5
2 0.6953125 0.5078125 0.6765625 0.5078125 0.6765625 0.5296875 0.6953125 0.5296875
2 0.69375 0.528125 0.684375 0.528125 0.684375 0.5609375 0.69375 0.5609375
2 0.65625 0.5015625 0.634375 0.5015625 0.634375 0.5203125 0.65625 0.5203125
2 0.7140625 0.2671875000000001 0.703125 0.2671875000000001 0.703125 0.2968750000000001 0.7140625 0.2968750000000001
2 0.925 0.31718750000000007 0.9046875 0.31718750000000007 0.9046875 0.34062500000000007 0.925 0.34062500000000007
2 0.4703125 0.3046875000000001 0.4609375 0.3046875000000001 0.4609375 0.3390625000000001 0.4703125 0.3390625000000001
2 0.4578125 0.3140625000000001 0.4484375 0.3140625000000001 0.4484375 0.3437500000000001 0.4578125 0.3437500000000001
2 0.621875 0.5109375 0.603125 0.5109375 0.603125 0.525 0.621875 0.525
2 0.6734375 0.453125 0.65 0.453125 0.65 0.475 0.6734375 0.475
1 0.709375 0.3593750000000001 0.6640625 0.3593750000000001 0.6640625 0.3859375000000001 0.709375 0.3859375000000001
0 0.790625 0.4625000000000002 0.7703125 0.4625000000000002 0.7703125 0.4859375000000002 0.790625 0.4859375000000002
0 0.7359375 0.5046875000000001 0.7203125 0.5046875 0.7203125 0.5234375000000001 0.7359375 0.5234375000000002
0 0.6984375 0.30937500000000007 0.68125 0.30937500000000007 0.68125 0.3265625000000001 0.6984375 0.3265625000000001
0 0.6890625 0.3203125000000001 0.6734375 0.3203125000000001 0.6734375 0.34062500000000007 0.6890625 0.34062500000000007
0 0.6546875 0.30156250000000007 0.640625 0.30156250000000007 0.640625 0.3296875000000001 0.6546875 0.3296875000000001
0 0.6171875 0.3468750000000001 0.603125 0.3468750000000001 0.603125 0.37187500000000007 0.6171875 0.37187500000000007
0 0.5453125 0.6359375 0.5328125 0.6359375 0.5328125 0.659375 0.5453125 0.659375
0 0.5406250000000001 0.778125 0.5281250000000002 0.778125 0.5281250000000002 0.809375 0.5406250000000001 0.809375
0 0.5453125000000002 0.803125 0.5359375000000002 0.803125 0.5359375000000002 0.8265625 0.5453125000000002 0.8265625
0 0.5468750000000002 0.828125 0.5390625000000002 0.828125 0.5390625000000002 0.8515625 0.5468750000000002 0.8515625
0 0.5468750000000002 0.846875 0.5390625000000002 0.846875 0.5390625000000002 0.8734375 0.5468750000000002 0.8734375
0 0.5468750000000002 0.8703125 0.5390625000000002 0.8703125 0.5390625000000002 0.89375 0.5468750000000002 0.89375
0 0.5468750000000002 0.9515625 0.5359375000000002 0.9515625 0.5359375000000002 0.98125 0.5468750000000002 0.98125
0 0.5328125000000001 0.95 0.5250000000000001 0.95 0.5250000000000001 0.9765625 0.5328125000000001 0.9765625
0 0.5328125000000001 0.971875 0.5234375000000002 0.971875 0.5234375000000002 0.9953125 0.5328125000000001 0.9953125
0 0.578125 0.015625000000000073 0.56875 0.015625000000000073 0.56875 0.048437500000000064 0.578125 0.048437500000000064
0 0.5578125 0.032812500000000064 0.5453125 0.032812500000000064 0.5453125 0.05468750000000007 0.5578125 0.05468750000000007
0 0.553125 0.1140625000000001 0.5453125 0.1140625000000001 0.5453125 0.1390625000000001 0.553125 0.1390625000000001
0 0.459375 0.15468750000000003 0.45 0.15468750000000003 0.45 0.18593750000000003 0.459375 0.18593750000000003
0 0.415625 0.590625 0.403125 0.590625 0.403125 0.6171875 0.415625 0.6171875
0 0.403125 0.6 0.3906250000000001 0.6 0.3906250000000001 0.6140625 0.403125 0.6140625
0 0.4046875 0.6265625 0.3937500000000001 0.6265625 0.3937500000000001 0.6453125 0.4046875 0.6453125
0 0.403125 0.6984375 0.3843750000000001 0.6984375 0.3843750000000001 0.7171875 0.403125 0.7171875
0 0.3296875000000001 0.659375 0.3156250000000001 0.659375 0.3156250000000001 0.6796875 0.3296875000000001 0.6796875
0 0.2953125000000001 0.6984375 0.2796875000000001 0.6984375 0.2796875000000001 0.715625 0.2953125000000001 0.715625
0 0.08125000000000009 0.6671875 0.06562500000000009 0.6671875 0.06562500000000009 0.6828125 0.08125000000000009 0.6828125
0 0.11250000000000009 0.6828125 0.09531250000000009 0.6828125 0.09531250000000009 0.7 0.11250000000000009 0.7
4 0.04062500000000009 0.69375 0.02656250000000009 0.69375 0.02656250000000009 0.7125 0.04062500000000009 0.7125
4 0.0671875000000001 0.6890625 0.05625000000000009 0.6890625 0.05625000000000009 0.703125 0.0671875000000001 0.703125
4 0.10000000000000009 0.653125 0.08593750000000008 0.653125 0.08593750000000008 0.66875 0.10000000000000009 0.66875
4 0.11875000000000009 0.65625 0.10468750000000009 0.65625 0.10468750000000009 0.6703125 0.11875000000000009 0.6703125
4 0.1468750000000001 0.6765625 0.13437500000000008 0.6765625 0.13437500000000008 0.6953125 0.1468750000000001 0.6953125
4 0.15625000000000008 0.690625 0.1453125000000001 0.690625 0.1453125000000001 0.703125 0.15625000000000008 0.703125
4 0.21093750000000008 0.6765625 0.2000000000000001 0.6765625 0.2000000000000001 0.690625 0.21093750000000008 0.690625
4 0.2250000000000001 0.64375 0.2093750000000001 0.64375 0.2093750000000001 0.6625 0.2250000000000001 0.6625
4 0.3000000000000001 0.6375 0.2890625000000001 0.6375 0.2890625000000001 0.6546875 0.3000000000000001 0.6546875
4 0.3265625000000001 0.6390625 0.3109375000000001 0.6390625 0.3109375000000001 0.6546875 0.3265625000000001 0.6546875
4 0.3343750000000001 0.6796875 0.32500000000000007 0.6796875 0.32500000000000007 0.690625 0.3343750000000001 0.690625
4 0.3359375000000001 0.703125 0.3218750000000001 0.703125 0.3218750000000001 0.7125 0.3359375000000001 0.7125
4 0.3812500000000001 0.696875 0.37187500000000007 0.696875 0.37187500000000007 0.7109375 0.3812500000000001 0.7109375
4 0.425 0.653125 0.4125 0.653125 0.4125 0.68125 0.425 0.68125
4 0.3593750000000001 0.6015625 0.3468750000000001 0.6015625 0.3468750000000001 0.615625 0.3593750000000001 0.615625
4 0.3156250000000001 0.6015625 0.3031250000000001 0.6015625 0.3031250000000001 0.6109375 0.3156250000000001 0.6109375
4 0.3703125000000001 0.596875 0.36406250000000007 0.596875 0.36406250000000007 0.6109375 0.3703125000000001 0.6109375
4 0.428125 0.6078125 0.4171875 0.6078125 0.4171875 0.6203125 0.428125 0.6203125
4 0.446875 0.5984375 0.4390625 0.5984375 0.4390625 0.6171875 0.446875 0.6171875
4 0.4359375 0.6578125 0.4265625 0.6578125 0.4265625 0.6734375 0.4359375 0.6734375
4 0.44375 0.6390625 0.434375 0.6390625 0.434375 0.65625 0.44375 0.65625
4 0.446875 0.6828125 0.4375 0.6828125 0.4375 0.7046875 0.446875 0.7046875
4 0.45625 0.684375 0.4453125 0.684375 0.4453125 0.703125 0.45625 0.703125
4 0.4609375 0.7 0.453125 0.7 0.453125 0.71875 0.4609375 0.71875
4 0.4578125000000002 0.7453125 0.4500000000000002 0.7453125 0.4500000000000002 0.76875 0.4578125000000002 0.76875
4 0.44531250000000017 0.8359375 0.4359375000000002 0.8359375 0.4359375000000002 0.859375 0.44531250000000017 0.859375
4 0.4390625000000002 0.8671875 0.42968750000000017 0.8671875 0.42968750000000017 0.8921875 0.4390625000000002 0.8921875
4 0.44531250000000017 0.8734375 0.43750000000000017 0.8734375 0.43750000000000017 0.8953125 0.44531250000000017 0.8953125
4 0.5125000000000002 0.9 0.5062500000000002 0.9 0.5062500000000002 0.925 0.5125000000000002 0.925
4 0.5234375000000002 0.8484375 0.5140625000000002 0.8484375 0.5140625000000002 0.871875 0.5234375000000002 0.871875
4 0.5250000000000001 0.7234375 0.515625 0.7234375 0.5156250000000001 0.753125 0.5250000000000001 0.753125
4 0.5265625 0.51875 0.5109375 0.51875 0.5109375 0.5453125 0.5265625 0.5453125
4 0.459375 0.478125 0.453125 0.478125 0.453125 0.503125 0.459375 0.503125
4 0.453125 0.48125 0.446875 0.48125 0.446875 0.5 0.453125 0.5
4 0.459375 0.44375 0.4546875 0.44375 0.4546875 0.4625 0.459375 0.4625
4 0.45625 0.3671875000000001 0.446875 0.3671875000000001 0.446875 0.3859375000000001 0.45625 0.3859375000000001
4 0.465625 0.3531250000000001 0.45625 0.3531250000000001 0.45625 0.37968750000000007 0.465625 0.37968750000000007
2 0.4375 0.3984375000000001 0.4265625 0.3984375000000001 0.4265625 0.4265625 0.4375 0.4265625
4 0.465625 0.6203125 0.453125 0.6203125 0.453125 0.63125 0.465625 0.63125
4 0.45 0.6234375 0.440625 0.6234375 0.440625 0.6375 0.45 0.6375
4 0.4515625 0.63125 0.44375 0.63125 0.44375 0.65 0.4515625 0.65
4 0.5234375 0.478125 0.5140625 0.478125 0.5140625 0.4953125 0.5234375 0.4953125
4 0.5359375 0.440625 0.5234375 0.440625 0.5234375 0.4578125 0.5359375 0.4578125
4 0.5484375 0.4421875 0.540625 0.4421875 0.540625 0.4671875 0.5484375 0.4671875
4 0.5546875 0.503125 0.5421875 0.503125 0.5421875 0.51875 0.5546875 0.51875
4 0.5890625 0.459375 0.58125 0.459375 0.58125 0.4796875 0.5890625 0.4796875
4 0.5734375 0.490625 0.5640625 0.490625 0.5640625 0.5046875 0.5734375 0.5046875
4 0.56875 0.50625 0.5578125 0.50625 0.5578125 0.5203125 0.56875 0.5203125
4 0.559375 0.540625 0.5453125 0.540625 0.5453125 0.5546875 0.559375 0.5546875
4 0.55625 0.55625 0.5453125 0.55625 0.5453125 0.575 0.55625 0.575
4 0.55 0.565625 0.540625 0.565625 0.540625 0.5828125 0.55 0.5828125
4 0.65625 0.4765625 0.6453125 0.4765625 0.6453125 0.5 0.65625 0.5
4 0.7015625 0.453125 0.6875 0.453125 0.6875 0.46875 0.7015625 0.46875
4 0.8640625 0.4906250000000002 0.85 0.4906250000000002 0.85 0.5031250000000002 0.8640625 0.5031250000000002
4 0.903125 0.4734375000000002 0.8890625 0.4734375000000002 0.8890625 0.4859375000000002 0.903125 0.4859375000000002
4 0.903125 0.4906250000000002 0.8859375 0.4906250000000002 0.8859375 0.5031250000000002 0.903125 0.5031250000000002
4 0.9671875 0.4890625000000002 0.953125 0.4890625000000002 0.953125 0.5031250000000002 0.9671875 0.5031250000000002
4 0.953125 0.4984375000000002 0.940625 0.4984375000000002 0.940625 0.5125000000000002 0.953125 0.5125000000000002
4 0.8546875 0.3281250000000001 0.8421875 0.3281250000000001 0.8421875 0.3468750000000001 0.8546875 0.3468750000000001
4 0.846875 0.3375000000000001 0.8359375 0.3375000000000001 0.8359375 0.3468750000000001 0.846875 0.3468750000000001
4 0.8046875 0.3187500000000001 0.7921875 0.3187500000000001 0.7921875 0.33281250000000007 0.8046875 0.33281250000000007
4 0.740625 0.3000000000000001 0.73125 0.3000000000000001 0.73125 0.3140625000000001 0.740625 0.3140625000000001
4 0.5359375 0.18750000000000006 0.5265625 0.18750000000000006 0.5265625 0.2156250000000001 0.5359375 0.2156250000000001
4 0.5265625 0.2140625000000001 0.5125 0.2140625000000001 0.5125 0.24218750000000008 0.5265625 0.24218750000000008
4 0.4640625 0.19687500000000005 0.45 0.19687500000000005 0.45 0.2218750000000001 0.4640625 0.2218750000000001
4 0.4703125 0.16875000000000004 0.4609375 0.16875000000000004 0.4609375 0.19687500000000005 0.4703125 0.19687500000000005
4 0.4609375 0.10156250000000004 0.453125 0.10156250000000004 0.453125 0.12343750000000005 0.4609375 0.12343750000000005
4 0.99375 0.3140625000000001 0.9828125 0.3140625000000001 0.9828125 0.3390625000000001 0.99375 0.3390625000000001
4 0.5203125 0.07031250000000007 0.5109375 0.07031250000000007 0.5109375 0.09843750000000007 0.5203125 0.09843750000000007
4 0.5203125 0.004687500000000063 0.5109375 0.004687500000000062 0.5109375 0.032812500000000064 0.5203125 0.032812500000000064
4 0.4640625 0.026562500000000055 0.4546875 0.026562500000000055 0.4546875 0.050000000000000065 0.4640625 0.050000000000000065
4 0.459375 0.037500000000000054 0.45 0.037500000000000054 0.45 0.060937500000000054 0.459375 0.06093750000000007
4 0.465625 5.625721233583154e-17 0.453125 5.5491808086364444e-17 0.453125 0.012500000000000056 0.465625 0.012500000000000056
4 0.465625 0.06562500000000007 0.4546875 0.06562500000000007 0.4546875 0.08593750000000007 0.465625 0.08593750000000007
4 0.4609375 0.07343750000000006 0.45 0.07343750000000004 0.45 0.09218750000000006 0.4609375 0.09218750000000006
4 0.4578125 0.13281250000000006 0.4484375 0.13281250000000006 0.4484375 0.15156250000000004 0.4578125 0.15156250000000004
2 0.625 7.529664304132555e-17 0.6046875 7.405286113594152e-17 0.6046875 0.023437500000000076 0.625 0.023437500000000076
2 0.6265625 0.018750000000000076 0.6078125 0.018750000000000072 0.6078125 0.03437500000000008 0.6265625 0.03437500000000008
2 0.61875 0.03437500000000008 0.6 0.03437500000000008 0.6 0.06250000000000007 0.61875 0.06250000000000007
2 0.596875 0.04062500000000007 0.571875 0.040625000000000064 0.571875 0.06250000000000007 0.596875 0.06250000000000007
2 0.5875 0.09531250000000006 0.56875 0.09531250000000006 0.56875 0.11250000000000009 0.5875 0.11250000000000009
2 0.5765625 0.10781250000000009 0.55625 0.10781250000000009 0.55625 0.12500000000000008 0.5765625 0.12500000000000008
2 0.571875 0.11875000000000009 0.553125 0.11875000000000009 0.553125 0.1375000000000001 0.571875 0.1375000000000001
2 0.575 0.13437500000000008 0.5546875 0.13437500000000008 0.5546875 0.15625000000000008 0.575 0.15625000000000008
2 0.5765625 0.15781250000000008 0.55625 0.15781250000000008 0.55625 0.1703125000000001 0.5765625 0.1703125000000001
2 0.5765625 0.1750000000000001 0.5609375 0.1750000000000001 0.5609375 0.1984375000000001 0.5765625 0.1984375000000001
2 0.5734375 0.1984375000000001 0.553125 0.1984375000000001 0.553125 0.2156250000000001 0.5734375 0.2156250000000001
3 0.5875 0.2390625000000001 0.571875 0.2390625000000001 0.571875 0.2796875000000001 0.5875 0.2796875000000001
2 0.5453125 0.029687500000000068 0.53125 0.029687500000000068 0.53125 0.07031250000000007 0.5453125 0.07031250000000007
2 0.525 0.12343750000000005 0.5109375 0.12343750000000005 0.5109375 0.15781250000000005 0.525 0.15781250000000005
2 0.409375 0.15000000000000005 0.4015625 0.15000000000000005 0.4015625 0.20468750000000008 0.409375 0.20468750000000008
2 0.4203125 0.16406250000000006 0.409375 0.16406250000000006 0.409375 0.19531250000000006 0.4203125 0.19531250000000006
2 0.434375 0.17031250000000003 0.4203125 0.17031250000000003 0.4203125 0.19218750000000004 0.434375 0.19218750000000004
2 0.8734375 0.1218750000000001 0.8625 0.1218750000000001 0.8625 0.15625000000000008 0.8734375 0.15625000000000008
2 0.871875 0.16406250000000008 0.859375 0.16406250000000008 0.859375 0.19687500000000008 0.871875 0.19687500000000008
2 0.86875 0.19687500000000008 0.8578125 0.19687500000000008 0.8578125 0.2375000000000001 0.86875 0.2375000000000001
2 0.9890625 0.2875000000000001 0.9703125 0.2875000000000001 0.9703125 0.3062500000000001 0.9890625 0.3062500000000001
2 0.96875 0.2609375000000001 0.9578125 0.2609375000000001 0.9578125 0.2796875000000001 0.96875 0.2796875000000001
2 0.834375 0.2578125000000001 0.825 0.2578125000000001 0.825 0.2875000000000001 0.834375 0.2875000000000001
2 0.8125 0.2093750000000001 0.8015625 0.2093750000000001 0.8015625 0.23593750000000008 0.8125 0.23593750000000008
2 0.7734375 0.24375000000000008 0.7625 0.24375000000000008 0.7625 0.2765625000000001 0.7734375 0.2765625000000001
2 0.3640625 0.043750000000000046 0.3546875 0.043750000000000046 0.3546875 0.07968750000000005 0.3640625 0.07968750000000005
2 0.3484375 0.09531250000000005 0.328125 0.09531250000000005 0.328125 0.11406250000000004 0.3484375 0.11406250000000004
2 0.3421875 0.034375000000000044 0.33125 0.034375000000000044 0.33125 0.07343750000000004 0.3421875 0.07343750000000004
2 0.31875 0.09531250000000005 0.3 0.09531250000000005 0.3 0.10781250000000005 0.31875 0.10781250000000005
2 0.3 0.08437500000000005 0.2828125 0.08437500000000005 0.2828125 0.10156250000000004 0.3 0.10156250000000004
2 0.234375 0.06250000000000003 0.21875 0.06250000000000003 0.21875 0.08125000000000002 0.234375 0.08125000000000002
2 0.2015625 0.05625000000000002 0.184375 0.05625000000000002 0.184375 0.06718750000000002 0.2015625 0.06718750000000002
2 0.215625 0.057812500000000024 0.2 0.057812500000000024 0.2 0.07500000000000002 0.215625 0.07500000000000002
2 0.196875 0.07812500000000003 0.178125 0.07812500000000003 0.178125 0.10000000000000002 0.196875 0.10000000000000005
2 0.1046875 0.031250000000000014 0.08125 0.031250000000000014 0.08125 0.046875000000000014 0.1046875 0.046875000000000014
2 0.05000000000000001 0.0734375 0.039062500000000014 0.0734375 0.039062500000000014 0.103125 0.050000000000000024 0.103125
2 0.048437500000000015 0.10625 0.03750000000000001 0.10625 0.03750000000000002 0.1421875 0.04843750000000002 0.1421875
2 0.050000000000000024 0.2046875 0.034375000000000024 0.2046875 0.03437500000000003 0.234375 0.050000000000000024 0.234375
2 0.2359375 0.2375 0.225 0.2375 0.225 0.275 0.2359375 0.275
2 0.2171875 0.2890625 0.209375 0.2890625 0.209375 0.3203125 0.2171875 0.3203125
4 0.5390625 0.3359375000000001 0.528125 0.3359375000000001 0.528125 0.3609375000000001 0.5390625 0.3609375000000001
4 0.565625 0.3671875000000001 0.55625 0.3671875000000001 0.55625 0.39531250000000007 0.565625 0.39531250000000007