2 0.5578125 0.4046875 0.5359375 0.4046875 0.5359375 0.4296875 0.5578125 0.4296875
0 0.503125 0.5015625 0.490625 0.5015625 0.490625 0.534375 0.503125 0.534375
4 0.4671875 0.5203125 0.45625 0.5203125 0.45625 0.546875 0.4671875 0.546875
4 0.5859375 0.403125 0.571875 0.403125 0.571875 0.421875 0.5859375 0.421875
4 0.55625 0.3859375000000001 0.540625 0.3859375000000001 0.540625 0.4015625 0.55625 0.4015625
4 0.5296875 0.3812500000000001 0.5140625 0.3812500000000001 0.5140625 0.4015625 0.5296875 0.4015625
4 0.63125 0.3828125000000001 0.615625 0.3828125000000001 0.615625 0.4046875 0.63125 0.4046875
4 0.5984375 0.3859375000000001 0.5859375 0.3859375000000001 0.5859375 0.4015625 0.5984375 0.4015625
4 0.615625 0.3703125000000001 0.6015625 0.3703125000000001 0.6015625 0.3890625000000001 0.615625 0.3890625000000001
4 0.60625 0.3531250000000001 0.5921875 0.3531250000000001 0.5921875 0.3703125000000001 0.60625 0.3703125000000001
4 0.59375 0.3468750000000001 0.5796875 0.3468750000000001 0.5796875 0.3656250000000001 0.59375 0.3656250000000001
4 0.584375 0.3578125000000001 0.56875 0.3578125000000001 0.56875 0.3734375000000001 0.584375 0.3734375000000001
4 0.590625 0.3781250000000001 0.575 0.3781250000000001 0.575 0.3906250000000001 0.590625 0.3906250000000001
0 0.6296875 0.409375 0.6109375 0.409375 0.6109375 0.428125 0.6296875 0.428125
4 0.6078125 0.33281250000000007 0.59375 0.33281250000000007 0.59375 0.3515625000000001 0.6078125 0.3515625000000001
4 0.565625 0.2984375000000001 0.5546875 0.2984375000000001 0.5546875 0.3187500000000001 0.565625 0.3187500000000001
4 0.575 0.31718750000000007 0.559375 0.31718750000000007 0.559375 0.34062500000000007 0.575 0.34062500000000007
2 0.571875 0.34062500000000007 0.546875 0.34062500000000007 0.546875 0.3671875000000001 0.571875 0.3671875000000001
4 0.484375 0.3500000000000001 0.4703125 0.3500000000000001 0.4703125 0.36406250000000007 0.484375 0.36406250000000007
4 0.4734375 0.3593750000000001 0.459375 0.3593750000000001 0.459375 0.3765625000000001 0.4734375 0.3765625000000001
4 0.45 0.3437500000000001 0.4359375 0.3437500000000001 0.4359375 0.3593750000000001 0.45 0.3593750000000001
4 0.4421875 0.3625000000000001 0.428125 0.3625000000000001 0.428125 0.3765625000000001 0.4421875 0.3765625000000001
4 0.4296875 0.3468750000000001 0.415625 0.3468750000000001 0.415625 0.3625000000000001 0.4296875 0.3625000000000001
4 0.4125 0.3218750000000001 0.4 0.3218750000000001 0.4 0.3390625000000001 0.4125 0.3390625000000001
4 0.38125000000000003 0.3500000000000001 0.365625 0.3500000000000001 0.36562500000000003 0.3687500000000001 0.3812500000000001 0.3687500000000001
4 0.30937500000000007 0.571875 0.2953125000000001 0.571875 0.2953125000000001 0.5875 0.30937500000000007 0.5875
4 0.3046875000000001 0.58125 0.29375000000000007 0.58125 0.29375000000000007 0.5921875 0.3046875000000001 0.5921875
4 0.3078125000000001 0.590625 0.2906250000000001 0.590625 0.2906250000000001 0.60625 0.3078125000000001 0.60625
6 0.3593750000000001 0.4 0.3359375000000001 0.4 0.3359375000000001 0.4234375 0.3593750000000001 0.4234375
2 0.10312500000000009 0.546875 0.07812500000000007 0.546875 0.07812500000000007 0.5703125 0.10312500000000009 0.5703125
2 0.06093750000000007 0.5390625 0.032812500000000064 0.5390625 0.032812500000000064 0.5640625 0.06093750000000007 0.5640625
2 0.05312500000000007 0.5640625 0.028125000000000067 0.5640625 0.028125000000000074 0.59375 0.05312500000000007 0.59375
2 0.04843750000000008 0.653125 0.023437500000000076 0.653125 0.02343750000000008 0.6796875 0.04843750000000008 0.6796875
4 0.13593750000000004 0.3390625 0.12187500000000004 0.3390625 0.12187500000000004 0.3578125 0.13593750000000004 0.3578125
0 0.1078125 0.025000000000000012 0.090625 0.025000000000000012 0.090625 0.05781250000000001 0.1078125 0.057812500000000024
0 0.04218750000000001 0.0484375 0.020312500000000004 0.0484375 0.020312500000000008 0.0765625 0.04218750000000001 0.0765625
0 0.0578125 5.644856339819831e-18 0.034375 4.2097233720690266e-18 0.034375 0.026562500000000006 0.0578125 0.02656250000000001
4 0.023437500000000007 0.0453125 0.009375000000000005 0.0453125 0.009375000000000007 0.0578125 0.023437500000000007 0.0578125
4 0.023437500000000007 0.053125 0.009375000000000005 0.053125 0.009375000000000007 0.06875 0.02343750000000001 0.06875
4 0.228125 0.14375000000000004 0.2125 0.14375000000000004 0.2125 0.16093750000000004 0.228125 0.16093750000000004
4 0.259375 0.11093750000000005 0.2421875 0.11093750000000005 0.2421875 0.13125000000000003 0.259375 0.13125000000000003
3 0.2828125 0.13593750000000004 0.25625 0.13593750000000004 0.25625 0.16406250000000006 0.2828125 0.16406250000000006
4 0.325 0.11250000000000004 0.3109375 0.11250000000000004 0.3109375 0.13281250000000006 0.325 0.13281250000000006
2 0.3796875 0.16718750000000004 0.3546875 0.16718750000000004 0.3546875 0.19687500000000005 0.3796875 0.19687500000000005
2 0.3578125 0.17500000000000004 0.3296875 0.17500000000000004 0.3296875 0.203125 0.3578125 0.203125
2 0.35625 0.2 0.3265625 0.2 0.3265625 0.2265625 0.35625 0.2265625
4 0.4671875 0.13906250000000003 0.4515625 0.13906250000000003 0.4515625 0.16093750000000004 0.4671875 0.16093750000000004
4 0.434375 0.14375000000000004 0.41875 0.14375000000000004 0.41875 0.15937500000000004 0.434375 0.15937500000000004
4 0.4375 0.15312500000000004 0.4234375 0.15312500000000004 0.4234375 0.16875000000000004 0.4375 0.16875000000000004
4 0.4296875 0.16093750000000004 0.415625 0.16093750000000004 0.415625 0.17343750000000005 0.4296875 0.17343750000000005
4 0.4328125 0.16875000000000004 0.41875 0.16875000000000004 0.41875 0.18125000000000005 0.4328125 0.18125000000000005
4 0.434375 0.17656250000000004 0.4203125 0.17656250000000004 0.4203125 0.19218750000000004 0.434375 0.19218750000000004
4 0.4234375 0.18125000000000005 0.409375 0.18125000000000005 0.409375 0.19687500000000005 0.4234375 0.19687500000000005
2 0.43125 0.19062500000000004 0.40625 0.19062500000000004 0.40625 0.2156250000000001 0.43125 0.2156250000000001
4 0.4203125 0.2078125000000001 0.40625 0.2078125000000001 0.40625 0.2218750000000001 0.4203125 0.2218750000000001
4 0.4328125 0.21093750000000008 0.41875 0.21093750000000008 0.41875 0.22656250000000008 0.4328125 0.22656250000000008
4 0.4234375 0.2171875000000001 0.4109375 0.2171875000000001 0.4109375 0.2312500000000001 0.4234375 0.2312500000000001
4 0.4328125 0.2234375000000001 0.415625 0.2234375000000001 0.415625 0.2390625000000001 0.4328125 0.2390625000000001
4 0.4171875 0.2250000000000001 0.4046875 0.2250000000000001 0.4046875 0.2390625000000001 0.4171875 0.2390625000000001
4 0.409375 0.22656250000000008 0.396875 0.22656250000000008 0.396875 0.2406250000000001 0.409375 0.2406250000000001
2 0.4015625 0.18750000000000006 0.3765625 0.18750000000000006 0.3765625 0.21250000000000008 0.4015625 0.21250000000000008
2 0.384375 0.20312500000000006 0.359375 0.203125 0.359375 0.22968750000000004 0.384375 0.2296875000000001
2 0.409375 0.2093750000000001 0.3875 0.2093750000000001 0.3875 0.2328125000000001 0.409375 0.2328125000000001
2 0.5703125 0.06406250000000006 0.553125 0.06406250000000006 0.553125 0.09375000000000007 0.5703125 0.09375000000000007
2 0.6359375 7.692312707144312e-17 0.6203125 7.596637175960925e-17 0.6203125 0.02968750000000008 0.6359375 0.02968750000000008
2 0.6484375 7.85496111015607e-17 0.634375 7.768853132091022e-17 0.634375 0.01875000000000008 0.6484375 0.01875000000000008
2 0.553125 6.659016970363734e-17 0.534375 6.544206332943669e-17 0.534375 0.018750000000000065 0.553125 0.018750000000000065
0 0.51875 0.13437500000000005 0.4984375 0.13437500000000005 0.4984375 0.15937500000000004 0.51875 0.15937500000000004
4 0.7046875 0.11875000000000009 0.696875 0.11875000000000009 0.696875 0.1390625000000001 0.7046875 0.1390625000000001
4 0.7171875 0.12031250000000009 0.7046875 0.12031250000000009 0.7046875 0.14062500000000008 0.7171875 0.14062500000000008
4 0.690625 0.11875000000000009 0.678125 0.11875000000000009 0.678125 0.1453125000000001 0.690625 0.1453125000000001
2 0.790625 0.13437500000000008 0.7734375 0.13437500000000008 0.7734375 0.17968750000000008 0.790625 0.17968750000000008
2 0.834375 0.010937500000000102 0.8171875 0.0109375000000001 0.8171875 0.05312500000000011 0.834375 0.05312500000000011
2 0.8546875 0.1703125000000001 0.83125 0.1703125000000001 0.83125 0.19531250000000008 0.8546875 0.19531250000000008
4 0.7796875 0.2468750000000001 0.7640625 0.2468750000000001 0.7640625 0.2656250000000001 0.7796875 0.2656250000000001
4 0.86875 0.18125000000000008 0.85625 0.18125000000000008 0.85625 0.20468750000000008 0.86875 0.20468750000000008
3 0.9421875 0.17500000000000013 0.9171875 0.17500000000000013 0.9171875 0.19843750000000013 0.9421875 0.19843750000000013
2 0.978125 0.4265625000000002 0.9484375 0.4265625000000002 0.9484375 0.4515625000000002 0.978125 0.4515625000000002
0 0.9484375 0.4031250000000002 0.9265625 0.4031250000000002 0.9265625 0.42500000000000016 0.9484375 0.42500000000000016
3 0.9296875 0.36406250000000007 0.8984375 0.36406250000000007 0.8984375 0.3906250000000001 0.9296875 0.3906250000000001
2 0.93125 0.3968750000000001 0.903125 0.3968750000000001 0.903125 0.4156250000000002 0.93125 0.4156250000000002
4 0.921875 0.41406250000000017 0.90625 0.41406250000000017 0.90625 0.42968750000000017 0.921875 0.42968750000000017
4 0.9140625 0.44531250000000017 0.8953125 0.44531250000000017 0.8953125 0.4593750000000002 0.9140625 0.4593750000000002
2 0.9203125 0.4234375000000002 0.89375 0.4234375000000002 0.89375 0.4468750000000002 0.9203125 0.4468750000000002
4 0.940625 0.4437500000000002 0.9234375 0.4437500000000002 0.9234375 0.4625000000000002 0.940625 0.4625000000000002
3 0.940625 0.4281250000000002 0.91875 0.4281250000000002 0.91875 0.44843750000000016 0.940625 0.44843750000000016
2 0.896875 0.4156250000000002 0.8703125 0.4156250000000002 0.8703125 0.4421875000000002 0.896875 0.4421875000000002
2 0.9078125 0.3984375000000001 0.8796875 0.3984375000000001 0.8796875 0.4234375000000002 0.9078125 0.4234375000000002
2 0.89375 0.3671875000000001 0.8640625 0.3671875000000001 0.8640625 0.3968750000000001 0.89375 0.3968750000000001
2 0.8828125 0.39531250000000007 0.8578125 0.39531250000000007 0.8578125 0.4187500000000002 0.8828125 0.4187500000000002
2 0.86875 0.40937500000000016 0.8421875 0.40937500000000016 0.8421875 0.43281250000000016 0.86875 0.43281250000000016
2 0.859375 0.3890625000000001 0.8328125 0.3890625000000001 0.8328125 0.4125000000000002 0.859375 0.4125000000000002
1 0.8671875 0.3578125000000001 0.809375 0.3578125000000001 0.809375 0.3937500000000001 0.8671875 0.3937500000000001
2 0.8375 0.3906250000000001 0.809375 0.3906250000000001 0.809375 0.4109375000000002 0.8375 0.4109375000000002
4 0.840625 0.40625000000000017 0.8234375 0.40625000000000017 0.8234375 0.42187500000000017 0.840625 0.42187500000000017
0 0.834375 0.4109375000000002 0.8140625 0.4109375000000002 0.8140625 0.4312500000000002 0.834375 0.4312500000000002
0 0.8046875 0.41718750000000016 0.784375 0.41718750000000016 0.784375 0.43750000000000017 0.8046875 0.43750000000000017
2 0.81875 0.4312500000000002 0.7890625 0.4312500000000002 0.7890625 0.45625000000000016 0.81875 0.45625000000000016
4 0.821875 0.42500000000000016 0.809375 0.42500000000000016 0.809375 0.4390625000000002 0.821875 0.4390625000000002
4 0.8125 0.4187500000000002 0.7984375 0.4187500000000002 0.7984375 0.43281250000000016 0.8125 0.43281250000000016
4 0.8171875 0.4078125000000002 0.8015625 0.4078125000000002 0.8015625 0.4203125000000002 0.8171875 0.4203125000000002
4 0.7984375 0.4515625000000002 0.7875 0.4515625000000002 0.7875 0.4671875000000002 0.7984375 0.4671875000000002
4 0.7890625 0.4578125000000002 0.7765625 0.4578125000000002 0.7765625 0.47187500000000016 0.7890625 0.47187500000000016
4 0.78125 0.4515625000000002 0.7671875 0.4515625000000002 0.7671875 0.4656250000000002 0.78125 0.4656250000000002
4 0.7796875 0.4234375000000002 0.7671875 0.4234375000000002 0.7671875 0.43750000000000017 0.7796875 0.43750000000000017
4 0.7703125 0.42187500000000017 0.7546875 0.42187500000000017 0.7546875 0.4343750000000002 0.7703125 0.4343750000000002
4 0.75625 0.42187500000000017 0.7421875 0.42187500000000017 0.7421875 0.4359375000000002 0.75625 0.4359375000000002
4 0.75625 0.41406250000000017 0.740625 0.41406250000000017 0.740625 0.4265625000000002 0.75625 0.4265625000000002
4 0.74375 0.4234375000000002 0.728125 0.4234375000000002 0.728125 0.43750000000000017 0.74375 0.43750000000000017
2 0.8078125 0.38750000000000007 0.7828125 0.38750000000000007 0.7828125 0.4125000000000002 0.8078125 0.4125000000000002
2 0.8109375 0.36406250000000007 0.7859375 0.36406250000000007 0.7859375 0.38750000000000007 0.8109375 0.38750000000000007
2 0.7859375 0.3593750000000001 0.7609375 0.3593750000000001 0.7609375 0.3859375000000001 0.7859375 0.3859375000000001
2 0.7828125 0.3843750000000001 0.7578125 0.3843750000000001 0.7578125 0.4078125000000002 0.7828125 0.4078125000000002
2 0.784375 0.4046875000000002 0.759375 0.4046875000000002 0.759375 0.4281250000000002 0.784375 0.4281250000000002
2 0.7625 0.3609375000000001 0.7359375 0.3609375000000001 0.7359375 0.3828125000000001 0.7625 0.3828125000000001
2 0.7328125 0.35625000000000007 0.703125 0.35625000000000007 0.703125 0.3812500000000001 0.7328125 0.3812500000000001
2 0.7265625 0.3781250000000001 0.7046875 0.3781250000000001 0.7046875 0.40312500000000007 0.7265625 0.4031250000000002
2 0.71875 0.4015625 0.69375 0.4015625 0.69375 0.4265625 0.71875 0.4265625
2 0.70625 0.37968750000000007 0.6765625 0.37968750000000007 0.6765625 0.4046875 0.70625 0.4046875
4 0.7171875 0.421875 0.7015625 0.421875 0.7015625 0.4359375 0.7171875 0.4359375
4 0.7234375 0.4328125 0.7078125 0.4328125 0.7078125 0.446875 0.7234375 0.446875
4 0.721875 0.44375 0.709375 0.44375 0.709375 0.4578125 0.721875 0.4578125
4 0.740625 0.44062500000000016 0.7265625 0.44062500000000016 0.7265625 0.4578125000000002 0.740625 0.4578125000000002
0 0.740625 0.41093750000000007 0.721875 0.4109375 0.721875 0.4328125000000001 0.740625 0.43281250000000016
2 0.7609375 0.3937500000000001 0.7359375 0.3937500000000001 0.7359375 0.4187500000000002 0.7609375 0.4187500000000002
4 0.675 0.4015625 0.659375 0.4015625 0.659375 0.4203125 0.675 0.4203125
4 0.6859375 0.41875 0.671875 0.41875 0.671875 0.434375 0.6859375 0.434375
4 0.7015625 0.41875 0.6859375 0.41875 0.6859375 0.4328125 0.7015625 0.4328125
2 0.7046875 0.428125 0.6765625 0.428125 0.6765625 0.45625 0.7046875 0.45625
2 0.684375 0.3515625000000001 0.659375 0.3515625000000001 0.659375 0.3765625000000001 0.684375 0.3765625000000001
2 0.678125 0.3765625000000001 0.6515625 0.3765625000000001 0.6515625 0.403125 0.678125 0.403125
2 0.6515625 0.3500000000000001 0.6265625 0.3500000000000001 0.6265625 0.3765625000000001 0.6515625 0.3765625000000001
4 0.65 0.39531250000000007 0.6359375 0.39531250000000007 0.6359375 0.409375 0.65 0.409375
0 0.659375 0.409375 0.6390625 0.409375 0.6390625 0.428125 0.659375 0.428125
2 0.7640625 0.43281250000000016 0.7390625 0.43281250000000016 0.7390625 0.45625000000000016 0.7640625 0.45625000000000016
2 0.6421875 0.43125 0.6140625 0.43125 0.6140625 0.45625 0.6421875 0.45625
0 0.5875 0.38750000000000007 0.5671875 0.38750000000000007 0.5671875 0.4078125 0.5875 0.4078125
3 0.5796875 0.36406250000000007 0.5546875 0.36406250000000007 0.5546875 0.3890625000000001 0.5796875 0.3890625000000001
2 0.5140625 0.5125 0.4984375 0.5125 0.4984375 0.5546875 0.5140625 0.5546875
4 0.465625 0.5859375 0.45625 0.5859375 0.45625 0.6125 0.465625 0.6125
4 0.4734375 0.615625 0.4609375 0.615625 0.4609375 0.640625 0.4734375 0.640625
4 0.471875 0.6390625 0.4625 0.6390625 0.4625 0.66875 0.471875 0.66875
2 0.47343750000000007 0.7140625 0.459375 0.7140625 0.4593750000000001 0.7640625 0.4734375000000002 0.7640625
4 0.5343750000000002 0.8359375 0.5203125000000002 0.8359375 0.5203125000000002 0.865625 0.5343750000000002 0.865625
4 0.44843750000000016 0.9390625 0.4343750000000002 0.9390625 0.4343750000000002 0.9703125 0.44843750000000016 0.9703125
2 0.5312500000000002 0.975 0.5171875000000001 0.975 0.5171875000000001 1 0.5312500000000002 1
4 0.01093750000000001 0.078125 9.567553118338697e-18 0.078125 1.1002686086089501e-17 0.1015625 0.010937500000000011 0.1015625
4 0.7984375 0.4078125000000002 0.784375 0.4078125000000002 0.784375 0.4234375000000002 0.7984375 0.4234375000000002
4 0.8046875 0.40156250000000016 0.7890625 0.40156250000000016 0.7890625 0.41718750000000016 0.8046875 0.41718750000000016
2 0.790625 0.43281250000000016 0.7609375 0.43281250000000016 0.7609375 0.46093750000000017 0.790625 0.46093750000000017
4 0.79375 0.46406250000000016 0.7796875 0.46406250000000016 0.7796875 0.4750000000000002 0.79375 0.4750000000000002