2 0.10781250000000009 0.7921875 0.07343750000000009 0.7921875 0.0734375000000001 0.8296875 0.10781250000000009 0.8296875
2 0.3828125000000001 0.8640625 0.34062500000000007 0.8640625 0.34062500000000007 0.8984375 0.3828125000000001 0.8984375
2 0.44062500000000016 0.85 0.41406250000000017 0.85 0.41406250000000017 0.8859375 0.44062500000000016 0.8859375
2 0.4671875 0.546875 0.453125 0.546875 0.453125 0.5984375 0.4671875 0.5984375
4 0.14843750000000008 0.865625 0.13281250000000008 0.865625 0.13281250000000008 0.89375 0.14843750000000008 0.89375
4 0.18750000000000008 0.86875 0.1687500000000001 0.86875 0.1687500000000001 0.89375 0.18750000000000008 0.89375
4 0.18593750000000012 0.9046875 0.17187500000000008 0.9046875 0.1718750000000001 0.9234375 0.18593750000000014 0.9234375
4 0.2015625000000001 0.859375 0.18750000000000008 0.859375 0.18750000000000008 0.8875 0.2015625000000001 0.8875
4 0.42187500000000017 0.7578125 0.40625000000000017 0.7578125 0.40625000000000017 0.7859375 0.42187500000000017 0.7859375
4 0.4906250000000002 0.73125 0.47656250000000017 0.73125 0.47656250000000017 0.7625 0.4906250000000002 0.7625
4 0.5218750000000002 0.75625 0.5062500000000002 0.75625 0.5062500000000002 0.7828125 0.5218750000000002 0.7828125
4 0.5578125000000002 0.7453125 0.5437500000000002 0.7453125 0.5437500000000002 0.78125 0.5578125000000002 0.78125
4 0.5515625000000002 0.796875 0.5343750000000002 0.796875 0.5343750000000002 0.83125 0.5515625000000002 0.83125
4 0.6265625000000001 0.721875 0.6046875 0.721875 0.6046875 0.75625 0.6265625000000001 0.75625
4 0.5875000000000001 0.884375 0.5687500000000002 0.884375 0.5687500000000002 0.9140625 0.5875000000000001 0.9140625
4 0.6406250000000002 0.8671875 0.6203125000000002 0.8671875 0.6203125000000002 0.896875 0.6406250000000002 0.896875
4 0.6500000000000001 0.8296875 0.6296875000000002 0.8296875 0.6296875000000002 0.8578125 0.6500000000000001 0.8578125
4 0.528125 0.503125 0.5171875 0.503125 0.5171875 0.528125 0.528125 0.528125
4 0.471875 0.3937500000000001 0.4546875 0.3937500000000001 0.4546875 0.425 0.471875 0.425
0 0.4859375 0.578125 0.475 0.578125 0.475 0.61875 0.4859375 0.61875
0 0.5812500000000002 0.8171875 0.5609375000000002 0.8171875 0.5609375000000002 0.846875 0.5812500000000002 0.846875
2 0.6968750000000001 0.8359375 0.6656250000000001 0.8359375 0.6656250000000001 0.8703125 0.6968750000000001 0.8703125
4 0.6859375000000002 0.871875 0.6656250000000001 0.871875 0.6656250000000001 0.890625 0.6859375000000002 0.890625
0 0.7859375000000002 0.7796875000000002 0.7625000000000002 0.7796875000000002 0.7625000000000002 0.809375 0.7859375000000002 0.809375
4 0.971875 0.8546875 0.95625 0.8546875 0.95625 0.88125 0.971875 0.88125
4 0.525 0.2171875000000001 0.5109375 0.2171875000000001 0.5109375 0.2515625000000001 0.525 0.2515625000000001