4 0.05156250000000007 0.6140625 0.04062500000000008 0.6140625 0.04062500000000008 0.634375 0.05156250000000007 0.634375
4 0.018750000000000072 0.5703125 0.00781250000000007 0.5703125 0.007812500000000071 0.5828125 0.018750000000000072 0.5828125
3 0.040625000000000064 0.5453125 0.017187500000000067 0.5453125 0.017187500000000067 0.565625 0.040625000000000064 0.565625
2 0.10000000000000005 0.5046875 0.07812500000000007 0.5046875 0.07812500000000007 0.5171875 0.10000000000000005 0.5171875
5 0.13593750000000004 0.475 0.08906250000000007 0.475 0.08906250000000007 0.5015625 0.13593750000000004 0.5015625
5 0.1515625000000001 0.66875 0.11250000000000009 0.66875 0.11250000000000009 0.6890625 0.1515625000000001 0.6890625
5 0.1750000000000001 0.6359375 0.13281250000000008 0.6359375 0.13281250000000008 0.653125 0.1750000000000001 0.653125
6 0.3046875000000001 0.6296875 0.2687500000000001 0.6296875 0.2687500000000001 0.653125 0.3046875000000001 0.653125
3 0.26250000000000007 0.4875 0.2406250000000001 0.4875 0.2406250000000001 0.5125 0.26250000000000007 0.5125
6 0.4125 0.6 0.3812500000000001 0.6 0.3812500000000001 0.6234375 0.4125 0.6234375
4 0.3906250000000001 0.41875 0.3765625000000001 0.41875 0.3765625000000001 0.434375 0.3906250000000001 0.434375
6 0.51875 0.6171875 0.4890625 0.6171875 0.4890625 0.640625 0.51875 0.640625
3 0.4359375 0.453125 0.40625 0.453125 0.40625 0.471875 0.4359375 0.471875
5 0.44375 0.4765625 0.403125 0.4765625 0.403125 0.49375 0.44375 0.49375
2 0.4765625 0.5234375 0.4625 0.5234375 0.4625 0.5390625 0.4765625 0.5390625
2 0.5125 0.5609375 0.4984375 0.5609375 0.4984375 0.575 0.5125 0.575
6 0.5578125 0.5359375 0.5234375 0.5359375 0.5234375 0.5625 0.5578125 0.5625
4 0.5453125 0.584375 0.5359375 0.584375 0.5359375 0.5921875 0.5453125 0.5921875
4 0.5453125 0.60625 0.5359375 0.60625 0.5359375 0.6171875 0.5453125 0.6171875
3 0.59375 0.6234375 0.5796875 0.6234375 0.5796875 0.6375 0.59375 0.6375
2 0.63125 0.5875 0.6171875 0.5875 0.6171875 0.6015625 0.63125 0.6015625
2 0.3640625 0.2828125 0.34375 0.2828125 0.34375 0.30312500000000003 0.3640625 0.3031250000000001
2 0.5203125 0.3156250000000001 0.5125 0.3156250000000001 0.5125 0.3468750000000001 0.5203125 0.3468750000000001
2 0.534375 0.3140625000000001 0.5234375 0.3140625000000001 0.5234375 0.34843750000000007 0.534375 0.34843750000000007
2 0.5734375 0.30937500000000007 0.5640625 0.30937500000000007 0.5640625 0.3343750000000001 0.5734375 0.3343750000000001
2 0.584375 0.3109375000000001 0.575 0.3109375000000001 0.575 0.33281250000000007 0.584375 0.33281250000000007
2 0.734375 0.6500000000000001 0.725 0.65 0.725 0.6734375000000001 0.734375 0.6734375000000001
0 0.7640625 0.6078125000000002 0.75 0.6078125000000002 0.75 0.6234375000000002 0.7640625 0.6234375000000002
1 0.6953125 0.3765625000000001 0.6515625 0.3765625000000001 0.6515625 0.4015625 0.6953125 0.4015625
5 0.7546875 0.3781250000000001 0.70625 0.3781250000000001 0.70625 0.4000000000000001 0.7546875 0.4000000000000002
4 0.8265625 0.3968750000000001 0.815625 0.3968750000000001 0.815625 0.4125000000000002 0.8265625 0.4125000000000002
6 0.840625 0.4671875000000002 0.8015625 0.4671875000000002 0.8015625 0.4906250000000002 0.840625 0.4906250000000002
0 0.875 0.3812500000000001 0.859375 0.3812500000000001 0.859375 0.3968750000000001 0.875 0.3968750000000001
0 0.8390625 0.6046875000000002 0.8265625 0.6046875000000002 0.8265625 0.6218750000000002 0.8390625 0.6218750000000002
6 0.9203125 0.6375000000000002 0.8765625 0.6375000000000002 0.8765625 0.6609375000000002 0.9203125 0.6609375000000002
5 0.9171875 0.5812500000000002 0.865625 0.5812500000000002 0.865625 0.6171875000000002 0.9171875 0.6171875000000002
4 0.953125 0.5984375000000002 0.9390625 0.5984375000000002 0.9390625 0.6171875000000002 0.953125 0.6171875000000002
2 0.96875 0.5203125000000002 0.95 0.5203125000000002 0.95 0.5359375000000002 0.96875 0.5359375000000002
3 0.95625 0.4890625000000002 0.934375 0.4890625000000002 0.934375 0.5078125000000002 0.95625 0.5078125000000002
4 0.996875 0.5828125000000002 0.9890625 0.5828125000000002 0.9890625 0.5984375000000002 0.996875 0.5984375000000002
4 0.9984375 0.4593750000000002 0.990625 0.4593750000000002 0.990625 0.47187500000000016 0.9984375 0.47187500000000016