5 0.2531250000000001 0.65625 0.1843750000000001 0.65625 0.1843750000000001 0.7171875 0.2531250000000001 0.7171875
5 0.3140625000000001 0.634375 0.2578125000000001 0.634375 0.2578125000000001 0.70625 0.3140625000000001 0.70625
2 0.031250000000000104 0.828125 0.0031250000000001012 0.828125 0.0031250000000001034 0.8640625 0.03125000000000011 0.8640625
2 0.2875000000000001 0.7875 0.25468750000000007 0.7875 0.25468750000000007 0.8140625 0.2875000000000001 0.8140625
2 0.2687500000000001 0.815625 0.2375000000000001 0.815625 0.2375000000000001 0.840625 0.2687500000000001 0.840625
2 0.3968750000000001 0.765625 0.36406250000000007 0.765625 0.36406250000000007 0.796875 0.3968750000000001 0.796875
2 0.3500000000000001 0.8015625 0.3265625000000001 0.8015625 0.3265625000000001 0.8375 0.3500000000000001 0.8375
2 0.4078125000000002 0.85625 0.3843750000000001 0.85625 0.3843750000000001 0.8859375 0.4078125000000002 0.8859375
2 0.3890625000000001 0.9171875 0.36406250000000007 0.9171875 0.36406250000000007 0.9515625 0.3890625000000001 0.9515625
2 0.4625000000000002 0.8109375 0.43750000000000017 0.8109375 0.43750000000000017 0.853125 0.4625000000000002 0.853125
2 0.6140625000000002 0.740625 0.5796875000000001 0.740625 0.5796875000000001 0.7890625 0.6140625000000002 0.7890625
2 0.6984375000000002 0.8390625 0.6687500000000002 0.8390625 0.6687500000000002 0.875 0.6984375000000002 0.875
2 0.7359375000000001 0.7515625000000001 0.7078125000000002 0.7515625 0.7078125000000002 0.8 0.7359375000000001 0.8
2 0.7234375000000002 0.7984375 0.6937500000000002 0.7984375 0.6937500000000002 0.8296875 0.7234375000000002 0.8296875
2 0.7953125000000002 0.7640625000000002 0.7640625000000002 0.7640625000000002 0.7640625000000002 0.7890625000000002 0.7953125000000002 0.7890625000000002
2 0.8 0.803125 0.7796875000000002 0.803125 0.7796875000000002 0.828125 0.8 0.828125
0 0.5046875000000002 0.7640625 0.48750000000000016 0.7640625 0.48750000000000016 0.7953125 0.5046875000000002 0.7953125
0 0.21093750000000008 0.8765625 0.1906250000000001 0.8765625 0.1906250000000001 0.9125 0.21093750000000008 0.9125
4 0.1609375000000001 0.871875 0.15000000000000008 0.871875 0.15000000000000008 0.9015625 0.1609375000000001 0.9015625
4 0.02343750000000009 0.7296875 0.009375000000000088 0.7296875 0.00937500000000009 0.7453125 0.02343750000000009 0.7453125
4 0.10937500000000014 0.9421875 0.0953125000000001 0.9421875 0.0953125000000001 0.959375 0.10937500000000014 0.959375
4 0.3296875000000001 0.9 0.31718750000000007 0.9 0.31718750000000007 0.915625 0.3296875000000001 0.915625
4 0.3156250000000001 0.803125 0.3031250000000001 0.803125 0.3031250000000001 0.8234375 0.3156250000000001 0.8234375
4 0.4 0.69375 0.3890625000000001 0.69375 0.3890625000000001 0.7125 0.4 0.7125
4 0.3140625000000001 0.70625 0.2968750000000001 0.70625 0.2968750000000001 0.7203125 0.3140625000000001 0.7203125
4 0.5656250000000002 0.746875 0.5515625000000002 0.746875 0.5515625000000002 0.76875 0.5656250000000002 0.76875
4 0.5234375 0.6796875 0.509375 0.6796875 0.509375 0.7078125 0.5234375 0.7078125
4 0.6109375000000001 0.840625 0.5921875000000002 0.840625 0.5921875000000002 0.8609375 0.6109375000000001 0.8609375
4 0.5875000000000001 0.846875 0.5640625000000001 0.846875 0.5640625000000001 0.8640625 0.5875000000000001 0.8640625
4 0.5140625000000002 0.7421875 0.5000000000000002 0.7421875 0.5000000000000002 0.7609375 0.5140625000000002 0.7609375
4 0.4796875 0.5078125 0.4703125 0.5078125 0.4703125 0.5328125 0.4796875 0.5328125
4 0.471875 0.3812500000000001 0.4625 0.3812500000000001 0.4625 0.4046875 0.471875 0.4046875
4 0.4625 0.050000000000000065 0.45625 0.050000000000000065 0.45625 0.07187500000000006 0.4625 0.07187500000000006
4 0.521875 0.5015625 0.5171875 0.5015625 0.5171875 0.525 0.521875 0.525
4 0.6359375 0.684375 0.6203125 0.684375 0.6203125 0.703125 0.6359375 0.703125
4 0.6921875000000002 0.7609375 0.6718750000000002 0.7609375 0.6718750000000002 0.7765625 0.6921875000000002 0.7765625
4 0.7437500000000001 0.88125 0.7296875000000002 0.88125 0.7296875000000002 0.915625 0.7437500000000001 0.915625
4 0.7609375000000002 0.8421875 0.7468750000000002 0.8421875 0.7468750000000002 0.859375 0.7609375000000002 0.859375
4 0.8328125 0.8703125 0.81875 0.8703125 0.81875 0.8890625 0.8328125 0.8890625
4 0.859375 0.8875 0.85 0.8875 0.85 0.9078125 0.859375 0.9078125
4 0.9265625 0.7765625000000002 0.9125 0.7765625000000002 0.9125 0.80625 0.9265625 0.80625
4 0.9859375 0.8625 0.9578125 0.8625 0.9578125 0.88125 0.9859375 0.88125