1 0.2609375000000001 0.66875 0.2078125000000001 0.66875 0.2078125000000001 0.7 0.2609375000000001 0.7
1 0.3187500000000001 0.6578125 0.2640625000000001 0.6578125 0.2640625000000001 0.6890625 0.3187500000000001 0.6890625
4 0.3343750000000001 0.7015625 0.3234375000000001 0.7015625 0.3234375000000001 0.709375 0.3343750000000001 0.709375
4 0.3515625000000001 0.68125 0.34062500000000007 0.68125 0.34062500000000007 0.6921875 0.3515625000000001 0.6921875
4 0.4328125 0.6609375 0.4234375 0.6609375 0.4234375 0.6671875 0.4328125 0.6671875
4 0.478125 0.671875 0.46875 0.671875 0.46875 0.690625 0.478125 0.690625
4 0.4125000000000002 0.7828125 0.40156250000000016 0.7828125 0.40156250000000016 0.7921875 0.4125000000000002 0.7921875
2 0.1375000000000001 0.734375 0.11875000000000009 0.734375 0.11875000000000009 0.7515625 0.1375000000000001 0.7515625
4 0.01562500000000009 0.740625 0.006250000000000091 0.740625 0.006250000000000091 0.753125 0.015625000000000094 0.753125
4 0.0421875000000001 0.8140625 0.0312500000000001 0.8140625 0.0312500000000001 0.825 0.0421875000000001 0.825
4 0.11250000000000009 0.7984375 0.10156250000000008 0.7984375 0.10156250000000008 0.809375 0.11250000000000009 0.809375
4 0.1312500000000001 0.8109375 0.12031250000000009 0.8109375 0.12031250000000009 0.8203125 0.1312500000000001 0.8203125
4 0.02968750000000011 0.9359375 0.018750000000000117 0.9359375 0.018750000000000117 0.9453125 0.02968750000000011 0.9453125
0 0.16875000000000012 0.9640625 0.15468750000000014 0.9640625 0.15468750000000014 0.9828125 0.16875000000000012 0.9828125
0 0.09843750000000011 0.9015625 0.08437500000000012 0.9015625 0.08437500000000012 0.9171875 0.09843750000000011 0.9171875
2 0.0953125000000001 0.83125 0.0718750000000001 0.83125 0.0718750000000001 0.85 0.0953125000000001 0.85
4 0.1468750000000001 0.8875 0.1375000000000001 0.8875 0.1375000000000001 0.8984375 0.1468750000000001 0.8984375
4 0.1921875000000001 0.7984375 0.17968750000000008 0.7984375 0.17968750000000008 0.809375 0.1921875000000001 0.809375
4 0.1796875000000001 0.90625 0.1687500000000001 0.90625 0.16875000000000012 0.9171875 0.17968750000000014 0.9171875
4 0.20468750000000008 0.9015625 0.1937500000000001 0.9015625 0.19375000000000012 0.9125 0.20468750000000008 0.9125
2 0.2000000000000001 0.8609375 0.17968750000000008 0.8609375 0.17968750000000008 0.88125 0.2000000000000001 0.88125
2 0.27812500000000007 0.8171875 0.2562500000000001 0.8171875 0.2562500000000001 0.8375 0.27812500000000007 0.8375
3 0.34062500000000007 0.86875 0.3125000000000001 0.86875 0.3125000000000001 0.8921875 0.34062500000000007 0.8921875
4 0.4078125000000002 0.9421875 0.3968750000000001 0.9421875 0.3968750000000001 0.9546875 0.4078125000000002 0.9546875
2 0.45312500000000017 0.8234375 0.4390625000000002 0.8234375 0.4390625000000002 0.8484375 0.45312500000000017 0.8484375
4 0.5328125000000001 0.903125 0.5203125000000002 0.903125 0.5203125000000002 0.9140625 0.5328125000000001 0.9140625
2 0.5531250000000002 0.8703125 0.5296875000000002 0.8703125 0.5296875000000002 0.890625 0.5531250000000002 0.890625
2 0.5515625000000002 0.815625 0.5328125000000001 0.815625 0.5328125000000001 0.84375 0.5515625000000002 0.84375
3 0.6125000000000002 0.803125 0.5859375000000002 0.803125 0.5859375000000002 0.825 0.6125000000000002 0.825
0 0.6359375000000002 0.8453125 0.6218750000000002 0.8453125 0.6218750000000002 0.8625 0.6359375000000002 0.8625
4 0.6484375000000002 0.8390625 0.6359375000000002 0.8390625 0.6359375000000002 0.8484375 0.6484375000000002 0.8484375
2 0.6609375000000002 0.8734375 0.6406250000000002 0.8734375 0.6406250000000002 0.89375 0.6609375000000002 0.89375
4 0.6953125000000002 0.8359375 0.6828125000000002 0.8359375 0.6828125000000002 0.8453125 0.6953125000000002 0.8453125
4 0.7234375000000002 0.8453125 0.7125000000000001 0.8453125 0.7125000000000001 0.85625 0.7234375000000002 0.85625
4 0.8359375 0.88125 0.825 0.88125 0.825 0.8921875 0.8359375 0.8921875
4 0.9078125 0.840625 0.8953125 0.840625 0.8953125 0.853125 0.9078125 0.853125
0 0.9125 0.8625 0.8953125 0.8625 0.8953125 0.878125 0.9125 0.878125
4 0.996875 0.6750000000000002 0.9875 0.6750000000000002 0.9875 0.6843750000000002 0.996875 0.6843750000000002
4 0.88125 0.6968750000000001 0.8703125 0.6968750000000001 0.8703125 0.7093750000000002 0.88125 0.7093750000000002
4 0.8484375 0.7125000000000001 0.8375 0.7125000000000001 0.8375 0.7203125000000001 0.8484375 0.7203125000000001
2 0.740625 0.6859375000000001 0.721875 0.6859375 0.721875 0.7015625000000001 0.740625 0.7015625000000002
4 0.75625 0.6687500000000002 0.7453125 0.6687500000000002 0.7453125 0.6796875000000002 0.75625 0.6796875000000002
4 0.6703125000000002 0.7546875 0.6609375000000002 0.7546875 0.6609375000000002 0.7671875 0.6703125000000002 0.7671875
4 0.5109375 0.665625 0.503125 0.665625 0.503125 0.6859375 0.5109375 0.6859375
2 0.4921875 0.621875 0.48125 0.621875 0.48125 0.65625 0.4921875 0.65625
3 0.50625 0.5984375 0.4921875 0.5984375 0.4921875 0.6453125 0.50625 0.6453125
4 0.4859375 0.5359375 0.48125 0.5359375 0.48125 0.55625 0.4859375 0.55625
4 0.4828125 0.478125 0.478125 0.478125 0.478125 0.4984375 0.4828125 0.4984375
4 0.4953125 0.471875 0.4890625 0.471875 0.4890625 0.4921875 0.4953125 0.4921875
4 0.4953125 0.3937500000000001 0.4890625 0.3937500000000001 0.4890625 0.4125 0.4953125 0.4125
2 0.4921875 0.2515625000000001 0.4828125 0.2515625000000001 0.4828125 0.2875000000000001 0.4921875 0.2875000000000001
2 0.53125 0.2890625000000001 0.521875 0.2890625000000001 0.521875 0.3234375000000001 0.53125 0.3234375000000001
0 0.475 0.17187500000000006 0.4671875 0.17187500000000006 0.4671875 0.19687500000000005 0.475 0.19687500000000005