1 0.2453125000000001 0.65625 0.18906250000000008 0.65625 0.18906250000000008 0.6875 0.2453125000000001 0.6875
1 0.3031250000000001 0.6515625 0.2484375000000001 0.6515625 0.2484375000000001 0.68125 0.3031250000000001 0.68125
4 0.050000000000000086 0.7328125 0.03750000000000009 0.7328125 0.03750000000000009 0.74375 0.050000000000000086 0.74375
2 0.07968750000000009 0.7203125 0.05625000000000009 0.7203125 0.05625000000000009 0.7359375 0.07968750000000009 0.7359375
2 0.0953125000000001 0.8703125 0.07343750000000011 0.8703125 0.07343750000000011 0.890625 0.0953125000000001 0.890625
2 0.1359375000000001 0.7796875 0.11562500000000009 0.7796875 0.11562500000000009 0.803125 0.1359375000000001 0.803125
2 0.2406250000000001 0.8765625 0.22031250000000008 0.8765625 0.22031250000000008 0.9 0.2406250000000001 0.9
4 0.05468750000000011 0.9390625 0.04375000000000011 0.9390625 0.04375000000000011 0.9515625 0.05468750000000011 0.9515625
0 0.14375000000000013 0.953125 0.12812500000000013 0.953125 0.12812500000000013 0.971875 0.14375000000000013 0.971875
0 0.2375000000000001 0.7734375 0.2218750000000001 0.7734375 0.2218750000000001 0.790625 0.2375000000000001 0.790625
4 0.2250000000000001 0.8125 0.21250000000000008 0.8125 0.21250000000000008 0.825 0.2250000000000001 0.825
2 0.2515625000000001 0.7078125 0.2296875000000001 0.7078125 0.2296875000000001 0.725 0.2515625000000001 0.725
4 0.3203125000000001 0.6890625 0.30937500000000007 0.6890625 0.30937500000000007 0.7 0.3203125000000001 0.7
0 0.34843750000000007 0.69375 0.3343750000000001 0.69375 0.3343750000000001 0.709375 0.34843750000000007 0.709375
4 0.3515625000000001 0.8875 0.34062500000000007 0.8875 0.34062500000000007 0.8984375 0.3515625000000001 0.8984375
2 0.4500000000000002 0.8078125 0.4281250000000002 0.8078125 0.4281250000000002 0.83125 0.4500000000000002 0.83125
2 0.5062500000000002 0.8078125 0.4859375000000002 0.8078125 0.4859375000000002 0.8296875 0.5062500000000002 0.8296875
4 0.4578125 0.6984375 0.4515625 0.6984375 0.4515625 0.7140625 0.4578125 0.7140625
4 0.503125 0.715625 0.49375 0.715625 0.4937500000000001 0.734375 0.5031250000000002 0.734375
4 0.5187500000000002 0.7453125 0.5125000000000002 0.7453125 0.5125000000000002 0.765625 0.5187500000000002 0.765625
2 0.5437500000000001 0.6890625 0.525 0.6890625 0.5250000000000001 0.7296875 0.5437500000000002 0.7296875
4 0.5562500000000001 0.7796875 0.5453125000000002 0.7796875 0.5453125000000002 0.7890625 0.5562500000000001 0.7890625
0 0.5812500000000002 0.85 0.5656250000000002 0.85 0.5656250000000002 0.8703125 0.5812500000000002 0.8703125
2 0.6046875000000002 0.809375 0.5812500000000002 0.809375 0.5812500000000002 0.834375 0.6046875000000002 0.834375
4 0.6468750000000002 0.765625 0.6359375000000002 0.765625 0.6359375000000002 0.78125 0.6468750000000002 0.78125
5 0.6515625000000002 0.85625 0.6140625000000002 0.85625 0.6140625000000002 0.8875 0.6515625000000002 0.8875
4 0.6609375000000002 0.8859375 0.6468750000000002 0.8859375 0.6468750000000002 0.896875 0.6609375000000002 0.896875
2 0.7125000000000001 0.8609375 0.6875000000000002 0.8609375 0.6875000000000002 0.8828125 0.7125000000000001 0.8828125
1 0.8046875 0.85625 0.7406250000000002 0.85625 0.7406250000000002 0.8953125 0.8046875 0.8953125
4 0.7031250000000002 0.778125 0.6890625000000001 0.778125 0.6890625000000001 0.7890625 0.7031250000000002 0.7890625
4 0.8671875 0.7984375000000001 0.85625 0.7984375000000001 0.85625 0.809375 0.8671875 0.809375
4 0.8625 0.8140625 0.85 0.8140625 0.85 0.825 0.8625 0.825
4 0.921875 0.8125 0.9109375 0.8125 0.9109375 0.8234375 0.921875 0.8234375
4 0.840625 0.7421875000000002 0.8296875 0.7421875000000002 0.8296875 0.7500000000000002 0.840625 0.7500000000000002
2 0.9046875 0.7296875000000002 0.8828125 0.7296875000000002 0.8828125 0.7484375000000002 0.9046875 0.7484375000000002
2 0.871875 0.8765625 0.84375 0.8765625 0.84375 0.9 0.871875 0.9
0 0.909375 0.8765625 0.8890625 0.8765625 0.8890625 0.8953125 0.909375 0.8953125
2 0.9859375 0.8671875 0.9609375 0.8671875 0.9609375 0.890625 0.9859375 0.890625
2 0.5265625 0.6234375 0.5125 0.6234375 0.5125 0.6625 0.5265625 0.6625
2 0.5203125 0.5203125 0.5078125 0.5203125 0.5078125 0.559375 0.5203125 0.559375
4 0.475 0.5921875 0.46875 0.5921875 0.46875 0.615625 0.475 0.615625
4 0.484375 0.525 0.4765625 0.525 0.4765625 0.5421875 0.484375 0.5421875
4 0.4796875 0.4828125 0.471875 0.4828125 0.471875 0.50625 0.4796875 0.50625