6 0.3578125000000001 0.6546875 0.33281250000000007 0.6546875 0.33281250000000007 0.6984375 0.3578125000000001 0.6984375
2 0.7 0.2328125000000001 0.6796875 0.2328125000000001 0.6796875 0.2687500000000001 0.7 0.2687500000000001
2 0.6453125 0.3218750000000001 0.6265625 0.3218750000000001 0.6265625 0.35625000000000007 0.6453125 0.35625000000000007
1 0.553125 0.5265625 0.5078125 0.5265625 0.5078125 0.61875 0.553125 0.61875
2 0.415625 0.5671875 0.39531250000000007 0.5671875 0.39531250000000007 0.5953125 0.415625 0.5953125
0 0.3437500000000001 0.515625 0.3296875000000001 0.515625 0.3296875000000001 0.534375 0.3437500000000001 0.534375
2 0.1937500000000001 0.775 0.1765625000000001 0.775 0.1765625000000001 0.80625 0.1937500000000001 0.80625
4 0.3906250000000001 0.5859375 0.3812500000000001 0.5859375 0.3812500000000001 0.6 0.3906250000000001 0.6
0 0.2375000000000001 0.6828125 0.2234375000000001 0.6828125 0.2234375000000001 0.703125 0.2375000000000001 0.703125
2 0.3281250000000001 0.7046875 0.3078125000000001 0.7046875 0.3078125000000001 0.7359375 0.3281250000000001 0.7359375
2 0.6765625 0.26250000000000007 0.6578125 0.26250000000000007 0.6578125 0.2921875000000001 0.6765625 0.2921875000000001
4 0.3687500000000001 0.6140625 0.3593750000000001 0.6140625 0.3593750000000001 0.6296875 0.3687500000000001 0.6296875
2 0.3781250000000001 0.6296875 0.3578125000000001 0.6296875 0.3578125000000001 0.659375 0.3781250000000001 0.659375
2 0.4890625 0.484375 0.471875 0.484375 0.471875 0.51875 0.4890625 0.51875
1 0.41875 0.2375000000000001 0.3890625 0.2375000000000001 0.3890625 0.3156250000000001 0.41875 0.3156250000000001
2 0.7546875000000002 0.9125 0.7328125000000002 0.9125 0.7328125000000002 0.9515625 0.7546875000000002 0.9515625
2 0.7343750000000002 0.853125 0.7140625000000002 0.853125 0.7140625000000002 0.8765625 0.7343750000000002 0.8765625
4 0.4046875 0.18750000000000006 0.396875 0.18750000000000006 0.396875 0.20468750000000008 0.4046875 0.20468750000000008
4 0.653125 0.4765625 0.6453125 0.4765625 0.6453125 0.4921875 0.653125 0.4921875
2 0.7171875 0.2062500000000001 0.7 0.2062500000000001 0.7 0.2375000000000001 0.7171875 0.2375000000000001
2 0.8484375 0.11562500000000009 0.821875 0.11562500000000009 0.821875 0.1531250000000001 0.8484375 0.1531250000000001
2 0.7359375 0.009375000000000088 0.7171875 0.009375000000000088 0.7171875 0.042187500000000086 0.7359375 0.042187500000000086
0 0.6921875 0.06562500000000009 0.678125 0.06562500000000009 0.678125 0.0906250000000001 0.6921875 0.0906250000000001
0 0.6765625 0.07968750000000009 0.6640625 0.07968750000000009 0.6640625 0.10468750000000009 0.6765625 0.10468750000000009
2 0.2093750000000001 0.8890625 0.18906250000000008 0.8890625 0.1890625000000001 0.925 0.2093750000000001 0.925
2 0.2484375000000001 0.83125 0.2296875000000001 0.83125 0.2296875000000001 0.8625 0.2484375000000001 0.8625
2 0.27031250000000007 0.79375 0.2453125000000001 0.79375 0.2453125000000001 0.834375 0.27031250000000007 0.834375
2 0.2093750000000001 0.6640625 0.18906250000000008 0.6640625 0.18906250000000008 0.7 0.2093750000000001 0.7
2 0.3078125000000001 0.7265625 0.2875000000000001 0.7265625 0.2875000000000001 0.7609375 0.3078125000000001 0.7609375
2 0.2890625000000001 0.765625 0.2671875000000001 0.765625 0.2671875000000001 0.796875 0.2890625000000001 0.796875
2 0.3984375000000001 0.6046875 0.37968750000000007 0.6046875 0.37968750000000007 0.6328125 0.3984375000000001 0.6328125
4 0.37968750000000007 0.5953125 0.37187500000000007 0.5953125 0.37187500000000007 0.6109375 0.37968750000000007 0.6109375
0 0.3671875 0.290625 0.353125 0.290625 0.353125 0.3140625 0.3671875 0.3140625000000001
2 0.22656250000000008 0.8546875 0.2093750000000001 0.8546875 0.2093750000000001 0.884375 0.22656250000000008 0.884375
4 0.3921875000000001 0.546875 0.3828125000000001 0.546875 0.3828125000000001 0.5609375 0.3921875000000001 0.5609375
5 0.6515625 0.3765625000000001 0.6296875 0.3765625000000001 0.6296875 0.4140625 0.6515625 0.4140625
2 0.24375000000000008 0.5 0.22812500000000008 0.5 0.22812500000000008 0.5359375 0.24375000000000008 0.5359375
4 0.3750000000000001 0.615625 0.3687500000000001 0.615625 0.3687500000000001 0.628125 0.3750000000000001 0.628125
2 0.18750000000000014 0.915625 0.16875000000000012 0.915625 0.16875000000000012 0.95 0.18750000000000014 0.95
2 0.6640625 0.32500000000000007 0.64375 0.32500000000000007 0.64375 0.3593750000000001 0.6640625 0.3593750000000001
2 0.625 0.37187500000000007 0.60625 0.37187500000000007 0.60625 0.4046875 0.625 0.4046875
4 0.340625 0.13593750000000004 0.33125 0.13593750000000004 0.33125 0.15468750000000003 0.340625 0.15468750000000003
0 0.64375 0.35625000000000007 0.6328125 0.35625000000000007 0.6328125 0.3750000000000001 0.64375 0.3750000000000001
4 0.75 0.02968750000000009 0.7421875 0.02968750000000009 0.7421875 0.05312500000000009 0.75 0.05312500000000009
2 0.17343750000000013 0.9484375 0.15312500000000012 0.9484375 0.15312500000000012 0.9859375 0.17343750000000013 0.9859375
2 0.6625 0.2890625000000001 0.6453125 0.2890625000000001 0.6453125 0.3234375000000001 0.6625 0.3234375000000001
2 0.5546875 0.6828125 0.5375 0.6828125 0.5375 0.71875 0.5546875 0.71875
4 0.5734375 0.65 0.565625 0.65 0.565625 0.6640625 0.5734375 0.6640625
2 0.6796875 0.3000000000000001 0.6625 0.3000000000000001 0.6625 0.3296875000000001 0.6796875 0.3296875000000001
2 0.4140625 0.5078125 0.3937500000000001 0.5078125 0.3937500000000001 0.5421875 0.4140625 0.5421875
4 0.3515625000000001 0.6453125 0.3437500000000001 0.6453125 0.3437500000000001 0.6609375 0.3515625000000001 0.6609375
2 0.753125 0.20312500000000008 0.7328125 0.20312500000000008 0.7328125 0.2390625000000001 0.753125 0.2390625000000001
2 0.728125 0.17968750000000008 0.7125 0.17968750000000008 0.7125 0.2078125000000001 0.728125 0.2078125000000001
1 0.728125 0.2531250000000001 0.6796875 0.2531250000000001 0.6796875 0.3390625000000001 0.728125 0.3390625000000001
2 0.7453125 0.1468750000000001 0.7265625 0.1468750000000001 0.7265625 0.18125000000000008 0.7453125 0.18125000000000008
0 0.759375 0.14218750000000008 0.746875 0.14218750000000008 0.746875 0.1671875000000001 0.759375 0.1671875000000001
0 0.7359375 0.24218750000000008 0.7234375 0.24218750000000008 0.7234375 0.26250000000000007 0.7359375 0.26250000000000007
2 0.7390625 0.20312500000000008 0.721875 0.20312500000000008 0.721875 0.2328125000000001 0.7390625 0.2328125000000001
4 0.6765625 0.2453125000000001 0.6703125 0.2453125000000001 0.6703125 0.2609375000000001 0.6765625 0.2609375000000001
6 0.6062500000000002 0.75 0.5765625000000002 0.75 0.5765625000000002 0.8046875 0.6062500000000002 0.8046875
2 0.6531250000000002 0.8734375 0.6343750000000001 0.8734375 0.6343750000000001 0.9046875 0.6531250000000002 0.9046875
2 0.15312500000000012 0.9703125 0.13437500000000013 0.9703125 0.13437500000000013 1 0.15312500000000012 1
4 0.3734375000000001 0.5984375 0.3671875000000001 0.5984375 0.3671875000000001 0.609375 0.3734375000000001 0.609375
4 0.6109375 0.4921875 0.603125 0.4921875 0.603125 0.50625 0.6109375 0.50625
3 0.76875 0.1218750000000001 0.7546875 0.1218750000000001 0.7546875 0.1468750000000001 0.76875 0.1468750000000001
2 0.75625 0.17187500000000008 0.7359375 0.17187500000000008 0.7359375 0.2000000000000001 0.75625 0.2000000000000001
0 0.73125 0.22656250000000008 0.721875 0.22656250000000008 0.721875 0.2484375000000001 0.73125 0.2484375000000001
2 0.6078125000000001 0.71875 0.5875 0.71875 0.5875000000000001 0.7546875 0.6078125000000002 0.7546875
2 0.58125 0.7 0.565625 0.7 0.565625 0.7328125 0.5812500000000002 0.7328125
4 0.6125 0.5046875 0.6015625 0.5046875 0.6015625 0.5171875 0.6125 0.5171875
2 0.17968750000000008 0.70625 0.1625000000000001 0.70625 0.1625000000000001 0.7453125 0.17968750000000008 0.7453125
4 0.7625 0.1609375000000001 0.7515625 0.1609375000000001 0.7515625 0.1765625000000001 0.7625 0.1765625000000001
4 0.759375 0.19531250000000008 0.75 0.19531250000000008 0.75 0.2093750000000001 0.759375 0.2093750000000001
0 0.775 0.16406250000000008 0.7609375 0.16406250000000008 0.7609375 0.1859375000000001 0.775 0.1859375000000001
0 0.7765625 0.13281250000000008 0.7609375 0.13281250000000008 0.7609375 0.1515625000000001 0.7765625 0.1515625000000001
4 0.3265625000000001 0.6875 0.31718750000000007 0.6875 0.31718750000000007 0.7046875 0.3265625000000001 0.7046875
2 0.7875 0.0828125000000001 0.7671875 0.0828125000000001 0.7671875 0.11875000000000009 0.7875 0.11875000000000009
2 0.3359375000000001 0.64375 0.3156250000000001 0.64375 0.3156250000000001 0.6734375 0.3359375000000001 0.6734375
4 0.7046875 0.19531250000000008 0.6984375 0.19531250000000008 0.6984375 0.2140625000000001 0.7046875 0.2140625000000001
2 0.41875 0.43125 0.4015625 0.43125 0.4015625 0.4703125 0.41875 0.4703125
4 0.2812500000000001 0.7578125 0.2718750000000001 0.7578125 0.2718750000000001 0.7703125 0.2812500000000001 0.7703125
4 0.2531250000000001 0.7625 0.24375000000000008 0.7625 0.24375000000000008 0.7796875 0.2531250000000001 0.7796875
4 0.803125 0.1781250000000001 0.7953125 0.1781250000000001 0.7953125 0.1921875000000001 0.803125 0.1921875000000001
4 0.625 0.4890625 0.6140625 0.4890625 0.6140625 0.5046875 0.625 0.5046875
4 0.625 0.471875 0.6171875 0.471875 0.6171875 0.484375 0.625 0.484375
4 0.628125 0.525 0.6203125 0.525 0.6203125 0.5359375 0.628125 0.5359375
4 0.6234375 0.5046875 0.615625 0.5046875 0.615625 0.5171875 0.6234375 0.5171875
4 0.25625 0.04531250000000003 0.2484375 0.04531250000000003 0.2484375 0.06562500000000002 0.25625 0.06562500000000002
4 0.5828125 0.3656250000000001 0.575 0.3656250000000001 0.575 0.3812500000000001 0.5828125 0.3812500000000001
4 0.4953125 0.465625 0.4859375 0.465625 0.4859375 0.484375 0.4953125 0.484375
4 0.4890625 0.5359375 0.4828125 0.5359375 0.4828125 0.55625 0.4890625 0.55625
4 0.4828125 0.4625 0.4734375 0.4625 0.4734375 0.4828125 0.4828125 0.4828125
4 0.6078125 0.4359375 0.5984375 0.4359375 0.5984375 0.4515625 0.6078125 0.4515625
4 0.6125 0.44375 0.60625 0.44375 0.60625 0.453125 0.6125 0.453125
4 0.6140625 0.453125 0.6078125 0.453125 0.6078125 0.4625 0.6140625 0.4625
4 0.6171875 0.459375 0.6109375 0.459375 0.6109375 0.4703125 0.6171875 0.4703125
4 0.6265625 0.4453125 0.6203125 0.4453125 0.6203125 0.45625 0.6265625 0.45625
4 0.6296875 0.4546875 0.6203125 0.4546875 0.6203125 0.465625 0.6296875 0.465625
4 0.6421875 0.4484375 0.634375 0.4484375 0.634375 0.4625 0.6421875 0.4625
4 0.6328125 0.4328125 0.6265625 0.4328125 0.6265625 0.446875 0.6328125 0.446875
4 0.6390625 0.434375 0.6328125 0.434375 0.6328125 0.446875 0.6390625 0.446875
4 0.6296875 0.4140625 0.6234375 0.4140625 0.6234375 0.428125 0.6296875 0.428125
4 0.640625 0.4171875 0.6359375 0.4171875 0.6359375 0.43125 0.640625 0.43125
4 0.621875 0.428125 0.615625 0.428125 0.615625 0.440625 0.621875 0.440625
4 0.6328125 0.4609375 0.625 0.4609375 0.625 0.4734375 0.6328125 0.4734375
2 0.6453125 0.4765625 0.6328125 0.4765625 0.6328125 0.5171875 0.6453125 0.5171875
2 0.6453125 0.5625 0.6328125 0.5625 0.6328125 0.6 0.6453125 0.6
4 0.771875 0.14843750000000008 0.7625 0.14843750000000008 0.7625 0.1625000000000001 0.771875 0.1625000000000001
4 0.765625 0.1859375000000001 0.7578125 0.1859375000000001 0.7578125 0.2000000000000001 0.765625 0.2000000000000001
4 0.7671875 0.21250000000000008 0.7578125 0.21250000000000008 0.7578125 0.22656250000000008 0.7671875 0.22656250000000008
4 0.7546875 0.1843750000000001 0.7484375 0.1843750000000001 0.7484375 0.1984375000000001 0.7546875 0.1984375000000001
4 0.696875 0.21250000000000008 0.690625 0.21250000000000008 0.690625 0.22656250000000008 0.696875 0.22656250000000008
4 0.6921875 0.22031250000000008 0.684375 0.22031250000000008 0.684375 0.23437500000000008 0.6921875 0.23437500000000008
4 0.6515625 0.3609375000000001 0.6453125 0.3609375000000001 0.6453125 0.3734375000000001 0.6515625 0.3734375000000001
4 0.6609375 0.3593750000000001 0.653125 0.3593750000000001 0.653125 0.37187500000000007 0.6609375 0.37187500000000007
4 0.6296875 0.36406250000000007 0.6234375 0.36406250000000007 0.6234375 0.3781250000000001 0.6296875 0.3781250000000001
4 0.4625 0.2218750000000001 0.453125 0.2218750000000001 0.453125 0.24218750000000008 0.4625 0.24218750000000008
2 0.35625 0.08281250000000004 0.3375 0.08281250000000004 0.3375 0.11718750000000004 0.35625 0.11718750000000004
2 0.23437500000000008 0.8046875 0.2140625000000001 0.8046875 0.2140625000000001 0.840625 0.23437500000000008 0.840625
4 0.2015625000000001 0.871875 0.1906250000000001 0.871875 0.1906250000000001 0.8890625 0.2015625000000001 0.8890625
4 0.20468750000000008 0.846875 0.19531250000000008 0.846875 0.19531250000000008 0.8609375 0.20468750000000008 0.8609375
5 0.15781250000000013 0.928125 0.13593750000000013 0.928125 0.13593750000000013 0.9625 0.15781250000000013 0.9625
4 0.61875 0.609375 0.6125 0.609375 0.6125 0.6234375 0.61875 0.6234375
0 0.5656250000000002 0.7390625 0.5546875000000002 0.7390625 0.5546875000000002 0.7625 0.5656250000000002 0.7625
2 0.6453125000000002 0.809375 0.6265625000000001 0.809375 0.6265625000000001 0.840625 0.6453125000000002 0.840625
2 0.4421875 0.2687500000000001 0.421875 0.2687500000000001 0.421875 0.30937500000000007 0.4421875 0.30937500000000007
4 0.4453125 0.2750000000000001 0.4359375 0.2750000000000001 0.4359375 0.2921875000000001 0.4453125 0.2921875000000001
4 0.4125 0.3343750000000001 0.4046875 0.3343750000000001 0.4046875 0.34843750000000007 0.4125 0.34843750000000007
4 0.40625 0.3421875000000001 0.396875 0.3421875000000001 0.396875 0.35625000000000007 0.40625 0.35625000000000007
4 0.328125 0.10625000000000004 0.3203125 0.10625000000000004 0.3203125 0.12187500000000004 0.328125 0.12187500000000004
6 0.6234375 0.1906250000000001 0.5890625 0.1906250000000001 0.5890625 0.2453125000000001 0.6234375 0.2453125000000001
2 0.6390625 0.63125 0.6234375 0.63125 0.6234375 0.6671875 0.6390625 0.6671875
0 0.6484375 0.5140625 0.6390625 0.5140625 0.6390625 0.540625 0.6484375 0.540625
0 0.503125 0.61875 0.490625 0.61875 0.490625 0.64375 0.503125 0.64375
2 0.44375 0.596875 0.425 0.596875 0.425 0.621875 0.44375 0.621875
2 0.5078125 0.584375 0.4921875 0.584375 0.4921875 0.61875 0.5078125 0.61875
0 0.5359375 0.671875 0.521875 0.671875 0.521875 0.6953125 0.5359375 0.6953125
0 0.7906250000000001 0.978125 0.7796875000000002 0.978125 0.7796875000000002 1 0.7906250000000001 1
2 0.46875 0.6 0.453125 0.6 0.453125 0.6265625 0.46875 0.6265625
0 0.478125 0.5203125 0.4625 0.5203125 0.4625 0.5421875 0.478125 0.5421875
2 0.6234375000000002 0.7625 0.6031250000000001 0.7625 0.6031250000000001 0.8 0.6234375000000002 0.8
0 0.5265625 0.615625 0.515625 0.615625 0.515625 0.640625 0.5265625 0.640625
4 0.5203125 0.63125 0.5109375 0.63125 0.5109375 0.6453125 0.5203125 0.6453125
4 0.5375 0.6484375 0.528125 0.6484375 0.528125 0.6625 0.5375 0.6625
4 0.584375 0.6640625 0.5765625 0.6640625 0.5765625 0.6796875 0.584375 0.6796875
4 0.5875 0.68125 0.5765625 0.68125 0.5765625 0.6984375 0.5875 0.6984375
2 0.6234375000000002 0.8046875 0.6078125000000002 0.8046875 0.6078125000000002 0.840625 0.6234375000000002 0.840625
4 0.6265625000000001 0.8546875 0.6171875000000002 0.8546875 0.6171875000000002 0.871875 0.6265625000000001 0.871875
3 0.478125 0.4171875 0.459375 0.4171875 0.459375 0.4546875 0.478125 0.4546875
4 0.28125 0.03437500000000003 0.271875 0.03437500000000003 0.271875 0.054687500000000035 0.28125 0.05468750000000004
4 0.34375 0.042187500000000044 0.334375 0.042187500000000044 0.334375 0.059375000000000046 0.34375 0.059375000000000046
4 0.296875 0.046875000000000035 0.2890625 0.046875000000000035 0.2890625 0.06718750000000004 0.296875 0.06718750000000004
4 0.3078125 0.05625000000000004 0.2984375 0.05625000000000004 0.2984375 0.07031250000000004 0.3078125 0.07031250000000004
2 0.4203125 0.22031250000000008 0.4 0.22031250000000008 0.4 0.2593750000000001 0.4203125 0.2593750000000001
0 0.525 0.18593750000000003 0.509375 0.18593750000000003 0.509375 0.2078125000000001 0.525 0.2078125000000001
0 0.43125 0.3531250000000001 0.4171875 0.3531250000000001 0.4171875 0.3750000000000001 0.43125 0.3750000000000001
0 0.4203125 0.3578125000000001 0.4109375 0.3578125000000001 0.4109375 0.3812500000000001 0.4203125 0.3812500000000001
2 0.45625 0.3687500000000001 0.4390625 0.3687500000000001 0.4390625 0.4046875 0.45625 0.4046875
2 0.409375 0.6484375 0.3906250000000001 0.6484375 0.3906250000000001 0.6796875 0.409375 0.6796875
4 0.3453125000000001 0.615625 0.3359375000000001 0.615625 0.3359375000000001 0.63125 0.3453125000000001 0.63125
4 0.3531250000000001 0.603125 0.3437500000000001 0.603125 0.3437500000000001 0.6140625 0.3531250000000001 0.6140625
4 0.36406250000000007 0.5875 0.3546875000000001 0.5875 0.3546875000000001 0.6015625 0.36406250000000007 0.6015625
4 0.3781250000000001 0.5625 0.3703125000000001 0.5625 0.3703125000000001 0.5765625 0.3781250000000001 0.5765625
4 0.3156250000000001 0.6609375 0.3062500000000001 0.6609375 0.3062500000000001 0.671875 0.3156250000000001 0.671875
4 0.31718750000000007 0.678125 0.30937500000000007 0.678125 0.30937500000000007 0.69375 0.31718750000000007 0.69375
4 0.3156250000000001 0.69375 0.30937500000000007 0.69375 0.30937500000000007 0.7078125 0.3156250000000001 0.7078125
4 0.3062500000000001 0.6828125 0.2968750000000001 0.6828125 0.2968750000000001 0.6984375 0.3062500000000001 0.6984375
4 0.3109375000000001 0.7078125 0.3031250000000001 0.7078125 0.3031250000000001 0.721875 0.3109375000000001 0.721875
4 0.29375000000000007 0.6984375 0.28593750000000007 0.6984375 0.28593750000000007 0.7125 0.29375000000000007 0.7125
4 0.2890625000000001 0.7421875 0.2796875000000001 0.7421875 0.2796875000000001 0.75625 0.2890625000000001 0.75625
2 0.2671875000000001 0.753125 0.2500000000000001 0.753125 0.2500000000000001 0.784375 0.2671875000000001 0.784375
4 0.2140625000000001 0.828125 0.20468750000000008 0.828125 0.20468750000000008 0.84375 0.2140625000000001 0.84375
4 0.16718750000000013 0.940625 0.15781250000000013 0.940625 0.15781250000000013 0.95625 0.16718750000000013 0.95625
4 0.14375000000000013 0.965625 0.13437500000000013 0.965625 0.13437500000000013 0.978125 0.14375000000000013 0.978125
4 0.15312500000000012 0.9515625 0.14375000000000013 0.9515625 0.14375000000000013 0.9703125 0.15312500000000012 0.9703125
4 0.6015625 0.3187500000000001 0.5921875 0.3187500000000001 0.5921875 0.3375000000000001 0.6015625 0.3375000000000001
4 0.6171875 0.3281250000000001 0.6078125 0.3281250000000001 0.6078125 0.3437500000000001 0.6171875 0.3437500000000001
0 0.790625 0.12343750000000009 0.7765625 0.12343750000000009 0.7765625 0.1468750000000001 0.790625 0.1468750000000001
4 0.84375 0.0328125000000001 0.8328125 0.0328125000000001 0.8328125 0.0484375000000001 0.84375 0.0484375000000001
4 0.8609375 0.018750000000000107 0.8515625 0.018750000000000107 0.8515625 0.0359375000000001 0.8609375 0.0359375000000001
4 0.8734375 0.018750000000000107 0.8640625 0.018750000000000107 0.8640625 0.034375000000000114 0.8734375 0.034375000000000114
4 0.88125 0.021875000000000106 0.8734375 0.021875000000000106 0.8734375 0.03593750000000011 0.88125 0.03593750000000011
2 0.384375 0.27812500000000007 0.3734375 0.27812500000000007 0.3734375 0.3078125000000001 0.384375 0.3078125000000001
4 0.3546875000000001 0.634375 0.34843750000000007 0.634375 0.34843750000000007 0.64375 0.3546875000000001 0.64375
4 0.4890625 0.5796875 0.4828125 0.5796875 0.4828125 0.6 0.4890625 0.6