2 0.05312500000000011 0.8296875 0.0296875000000001 0.8296875 0.0296875000000001 0.85 0.05312500000000011 0.85
2 0.3531250000000001 0.834375 0.3187500000000001 0.834375 0.3187500000000001 0.8640625 0.3531250000000001 0.8640625
2 0.4109375000000002 0.86875 0.3828125000000001 0.86875 0.3828125000000001 0.896875 0.4109375000000002 0.896875
0 0.11718750000000008 0.7609375 0.09687500000000009 0.7609375 0.09687500000000009 0.7859375 0.11718750000000008 0.7859375
6 0.32500000000000007 0.778125 0.27031250000000007 0.778125 0.27031250000000007 0.8109375 0.32500000000000007 0.8109375
4 0.014062500000000106 0.8421875 1.0313822261569115e-16 0.8421875 1.0428632898989181e-16 0.8609375 0.014062500000000106 0.8609375
4 0.031250000000000104 0.859375 0.021875000000000106 0.859375 0.021875000000000106 0.8734375 0.03125000000000011 0.8734375
4 0.020312500000000108 0.865625 0.007812500000000106 0.865625 0.007812500000000108 0.8859375 0.02031250000000011 0.8859375
2 0.4890625000000002 0.7421875 0.46875000000000017 0.7421875 0.46875000000000017 0.78125 0.4890625000000002 0.78125
2 0.5171875000000001 0.7640625 0.5031250000000002 0.7640625 0.5031250000000002 0.809375 0.5171875000000001 0.809375
2 0.7078125000000002 0.84375 0.6812500000000001 0.84375 0.6812500000000001 0.871875 0.7078125000000002 0.871875
1 0.7812500000000002 0.7906250000000001 0.7125000000000001 0.790625 0.7125000000000001 0.8296875 0.7812500000000002 0.8296875
4 0.55625 0.678125 0.54375 0.678125 0.54375 0.7015625 0.55625 0.7015625
4 0.5312500000000002 0.759375 0.5203125000000002 0.759375 0.5203125000000002 0.7765625 0.5312500000000002 0.7765625
4 0.5171875000000001 0.815625 0.5062500000000002 0.815625 0.5062500000000002 0.8359375 0.5171875000000001 0.8359375
4 0.45312500000000017 0.80625 0.4421875000000002 0.80625 0.4421875000000002 0.83125 0.45312500000000017 0.83125
4 0.5781250000000002 0.8171875 0.5640625000000001 0.8171875 0.5640625000000001 0.840625 0.5781250000000002 0.840625
4 0.5656250000000002 0.8875 0.5546875000000002 0.8875 0.5546875000000002 0.909375 0.5656250000000002 0.909375
4 0.5765625000000002 0.8375 0.5656250000000002 0.8375 0.5656250000000002 0.8625 0.5765625000000002 0.8625
4 0.6671875000000002 0.8375 0.6515625000000002 0.8375 0.6515625000000002 0.8609375 0.6671875000000002 0.8609375
4 0.6125000000000002 0.834375 0.5968750000000002 0.834375 0.5968750000000002 0.8546875 0.6125000000000002 0.8546875
4 0.478125 0.45625 0.46875 0.45625 0.46875 0.4859375 0.478125 0.4859375
2 0.478125 0.029687500000000054 0.4640625 0.029687500000000054 0.4640625 0.08437500000000006 0.478125 0.08437500000000006
4 0.5375 0.15937500000000004 0.525 0.15937500000000004 0.525 0.18906250000000005 0.5375 0.18906250000000005
0 0.6796875000000002 0.8859375 0.6640625000000002 0.8859375 0.6640625000000002 0.90625 0.6796875000000002 0.90625
2 0.9421875 0.7140625000000002 0.9171875 0.7140625000000002 0.9171875 0.7390625000000002 0.9421875 0.7390625000000002
3 0.896875 0.8046875 0.8640625 0.8046875 0.8640625 0.834375 0.896875 0.834375
4 0.9390625 0.7750000000000001 0.925 0.7750000000000001 0.925 0.7937500000000002 0.9390625 0.7937500000000002
4 0.7359375 0.6671875 0.7203125 0.6671875 0.7203125 0.6796875000000001 0.7359375 0.6796875000000002
2 0.20468750000000008 0.6359375 0.1828125000000001 0.6359375 0.1828125000000001 0.659375 0.20468750000000008 0.659375