2 0.028125000000000004 0.014062500000000002 0.010937500000000003 0.0140625 0.010937500000000005 0.0546875 0.02812500000000001 0.0546875
4 0.03593750000000001 0.0640625 0.025000000000000012 0.0640625 0.025000000000000012 0.0859375 0.03593750000000001 0.0859375
4 0.009375000000000007 0.0484375 0.0015625000000000062 0.0484375 0.0015625000000000072 0.0703125 0.009375000000000008 0.0703125
4 0.007812500000000003 0.0328125 4.018372309702252e-18 0.0328125 5.070803152719509e-18 0.05 0.007812500000000005 0.05
6 0.06875 0.001562500000000006 0.0296875 0.0015625000000000036 0.029687500000000006 0.059375 0.06875 0.059375
4 0.03125000000000002 0.203125 0.021875000000000023 0.203125 0.021875000000000026 0.2234375 0.03125000000000002 0.2234375
0 0.04218750000000003 0.2546875 0.023437500000000035 0.2546875 0.023437500000000035 0.2828125 0.04218750000000003 0.2828125
3 0.08437500000000005 0.2875 0.05625000000000004 0.2875 0.05625000000000004 0.353125 0.08437500000000005 0.353125
2 0.017187500000000036 0.278125 3.406048910128576e-17 0.278125 3.731345716152092e-17 0.33125 0.01718750000000004 0.33125
0 0.20625000000000004 0.3578125 0.18593750000000003 0.3578125 0.18593750000000003 0.38125 0.2062500000000001 0.38125
2 0.20468750000000008 0.4328125 0.18125000000000005 0.4328125 0.18125000000000005 0.459375 0.20468750000000008 0.459375
4 0.2671875 0.3546875 0.2515625 0.3546875 0.2515625 0.36875 0.2671875000000001 0.36875
2 0.3203125000000001 0.4203125 0.2984375000000001 0.4203125 0.2984375000000001 0.440625 0.3203125000000001 0.440625
2 0.3453125000000001 0.446875 0.3156250000000001 0.446875 0.3156250000000001 0.46875 0.3453125000000001 0.46875
2 0.3968750000000001 0.4234375 0.37187500000000007 0.4234375 0.37187500000000007 0.4484375 0.3968750000000001 0.4484375
4 0.3750000000000001 0.39687500000000003 0.3625000000000001 0.396875 0.3625000000000001 0.415625 0.3750000000000001 0.415625
4 0.4234375 0.3890625000000001 0.4078125 0.3890625000000001 0.4078125 0.4046875 0.4234375 0.4046875
4 0.4296875 0.4296875 0.415625 0.4296875 0.415625 0.44375 0.4296875 0.44375
2 0.478125 0.44375 0.45 0.44375 0.45 0.46875 0.478125 0.46875
4 0.5140625 0.35625000000000007 0.484375 0.35625000000000007 0.484375 0.3750000000000001 0.5140625 0.3750000000000001
2 0.5296875 0.3984375000000001 0.5046875 0.3984375000000001 0.5046875 0.4203125 0.5296875 0.4203125
0 0.51875 0.41875 0.4984375 0.41875 0.4984375 0.4390625 0.51875 0.4390625
4 0.521875 0.4390625 0.5046875 0.4390625 0.5046875 0.453125 0.521875 0.453125
2 0.5859375 0.440625 0.5625 0.440625 0.5625 0.4671875 0.5859375 0.4671875
4 0.60625 0.3968750000000001 0.5921875 0.3968750000000001 0.5921875 0.4125 0.60625 0.4125
4 0.6140625 0.3468750000000001 0.6 0.3468750000000001 0.6 0.3609375000000001 0.6140625 0.3609375000000001
2 0.16562500000000005 0.2328125 0.14218750000000005 0.2328125 0.14218750000000005 0.278125 0.16562500000000005 0.278125
2 0.646875 0.4109375 0.6234375 0.4109375 0.6234375 0.440625 0.646875 0.440625
2 0.6734375 0.4390625 0.6484375 0.4390625 0.6484375 0.4625 0.6734375 0.4625
2 0.740625 0.4296875000000001 0.709375 0.4296875 0.709375 0.45781250000000007 0.740625 0.4578125000000002
2 0.7890625 0.16406250000000008 0.7578125 0.16406250000000008 0.7578125 0.18906250000000008 0.7890625 0.18906250000000008
2 0.79375 0.2453125000000001 0.765625 0.2453125000000001 0.765625 0.27031250000000007 0.79375 0.27031250000000007
4 0.70625 0.3828125000000001 0.6921875 0.3828125000000001 0.6921875 0.4 0.70625 0.4
4 0.728125 0.3687500000000001 0.7140625 0.3687500000000001 0.7140625 0.3843750000000001 0.728125 0.3843750000000001
4 0.7234375 0.3984375000000001 0.7078125 0.3984375000000001 0.7078125 0.4203125 0.7234375 0.4203125
4 0.76875 0.37968750000000007 0.753125 0.37968750000000007 0.753125 0.3937500000000001 0.76875 0.3937500000000001
2 0.85625 0.4234375000000002 0.8265625 0.4234375000000002 0.8265625 0.4500000000000002 0.85625 0.4500000000000002
0 0.8765625 0.39531250000000007 0.85625 0.39531250000000007 0.85625 0.4187500000000002 0.8765625 0.4187500000000002
4 0.89375 0.3734375000000001 0.875 0.3734375000000001 0.875 0.3843750000000001 0.89375 0.3843750000000001
4 0.8734375 0.5171875000000001 0.8578125 0.5171875000000001 0.8578125 0.5328125000000001 0.8734375 0.5328125000000001
6 0.6984375 0.5421875 0.6546875 0.5421875 0.6546875 0.5734375 0.6984375 0.5734375
4 0.6265625 0.515625 0.6125 0.515625 0.6125 0.5328125 0.6265625 0.5328125
4 0.6015625 0.5328125 0.5875 0.5328125 0.5875 0.5546875 0.6015625 0.5546875
4 0.490625 0.51875 0.4703125 0.51875 0.4703125 0.5390625 0.490625 0.5390625
2 0.4265625 0.51875 0.3968750000000001 0.51875 0.3968750000000001 0.5421875 0.4265625 0.5421875
2 0.4015625 0.4921875 0.3750000000000001 0.4921875 0.3750000000000001 0.51875 0.4015625 0.51875
2 0.27031250000000007 0.5625 0.24218750000000008 0.5625 0.24218750000000008 0.5859375 0.27031250000000007 0.5859375
4 0.21093750000000008 0.5421875 0.19531250000000006 0.5421875 0.19531250000000006 0.5609375 0.21093750000000008 0.5609375
0 0.15000000000000008 0.540625 0.12812500000000004 0.540625 0.12812500000000007 0.5609375 0.15000000000000008 0.5609375
3 0.11093750000000005 0.5015625 0.09062500000000007 0.5015625 0.09062500000000007 0.5203125 0.11093750000000005 0.5203125
2 0.11406250000000007 0.525 0.09218750000000006 0.525 0.09218750000000006 0.546875 0.1140625000000001 0.546875
2 0.08750000000000006 0.5 0.05937500000000007 0.5 0.05937500000000007 0.5234375 0.08750000000000006 0.5234375
2 0.09218750000000006 0.528125 0.06562500000000007 0.528125 0.06562500000000007 0.5515625 0.09218750000000006 0.5515625
2 0.05937500000000007 0.50625 0.034375000000000065 0.50625 0.034375000000000065 0.5328125 0.05937500000000007 0.5328125
2 0.06093750000000007 0.534375 0.029687500000000068 0.534375 0.029687500000000068 0.55625 0.06093750000000007 0.55625
2 0.05937500000000007 0.559375 0.028125000000000067 0.559375 0.028125000000000067 0.5765625 0.05937500000000007 0.5765625
4 0.04687500000000006 0.49375 0.031250000000000056 0.49375 0.03125000000000006 0.5078125 0.04687500000000007 0.5078125
4 0.04687500000000007 0.5765625 0.03593750000000007 0.5765625 0.03593750000000007 0.5875 0.04687500000000007 0.5875
4 0.06093750000000007 0.578125 0.05156250000000007 0.578125 0.05156250000000007 0.5890625 0.06093750000000007 0.5890625
4 0.07500000000000007 0.553125 0.057812500000000065 0.553125 0.057812500000000065 0.5625 0.07500000000000007 0.5625
4 0.07343750000000007 0.5703125 0.06093750000000007 0.5703125 0.06093750000000007 0.5828125 0.07343750000000007 0.5828125