2 0.3375 0.06093750000000005 0.31875 0.06093750000000005 0.31875 0.09687500000000004 0.3375 0.09687500000000004
2 0.3828125 0.15625000000000006 0.3640625 0.15625000000000006 0.3640625 0.19062500000000004 0.3828125 0.19062500000000004
2 0.44375 0.5984375 0.425 0.5984375 0.425 0.6328125 0.44375 0.6328125
6 0.35625000000000007 0.65625 0.3296875000000001 0.65625 0.3296875000000001 0.7 0.35625000000000007 0.7
2 0.640625 0.32500000000000007 0.6234375 0.32500000000000007 0.6234375 0.3593750000000001 0.640625 0.3593750000000001
1 0.6406250000000002 0.753125 0.5953125000000001 0.753125 0.5953125000000001 0.84375 0.6406250000000002 0.84375
2 0.4125 0.565625 0.3937500000000001 0.565625 0.3937500000000001 0.59375 0.4125 0.59375
0 0.3421875000000001 0.5140625 0.3281250000000001 0.5140625 0.3281250000000001 0.5328125 0.3421875000000001 0.5328125
2 0.1921875000000001 0.7765625 0.1765625000000001 0.7765625 0.1765625000000001 0.8078125 0.1921875000000001 0.8078125
4 0.3906250000000001 0.5859375 0.3812500000000001 0.5859375 0.3812500000000001 0.6 0.3906250000000001 0.6
0 0.23593750000000008 0.6796875 0.2218750000000001 0.6796875 0.2218750000000001 0.7 0.23593750000000008 0.7
2 0.3265625000000001 0.70625 0.3078125000000001 0.70625 0.3078125000000001 0.7375 0.3265625000000001 0.7375
2 0.675 0.2656250000000001 0.653125 0.2656250000000001 0.653125 0.2984375000000001 0.675 0.2984375000000001
4 0.3687500000000001 0.6140625 0.3593750000000001 0.6140625 0.3593750000000001 0.6296875 0.3687500000000001 0.6296875
2 0.3765625000000001 0.6296875 0.3546875000000001 0.6296875 0.3546875000000001 0.659375 0.3765625000000001 0.659375
2 0.6234375 0.4 0.603125 0.4 0.603125 0.4375 0.6234375 0.4375
2 0.6718750000000002 0.7265625 0.6546875000000002 0.7265625 0.6546875000000002 0.7609375 0.6718750000000002 0.7609375
2 0.5687500000000001 0.71875 0.5515625 0.71875 0.5515625000000001 0.753125 0.5687500000000002 0.753125
2 0.5937500000000001 0.7234375 0.575 0.7234375 0.5750000000000001 0.759375 0.5937500000000002 0.759375
2 0.5906250000000002 0.7515625 0.5703125000000002 0.7515625 0.5703125000000002 0.7890625 0.5906250000000002 0.7890625
1 0.590625 0.6359375 0.55625 0.6359375 0.55625 0.715625 0.590625 0.715625
2 0.7531250000000002 0.9078125 0.7328125000000002 0.9078125 0.7328125000000002 0.9453125 0.7531250000000002 0.9453125
2 0.7296875000000002 0.8546875 0.7093750000000002 0.8546875 0.7093750000000002 0.878125 0.7296875000000002 0.878125
4 0.553125 0.65 0.5453125 0.65 0.5453125 0.6671875 0.553125 0.6671875
4 0.54375 0.6578125 0.5375 0.6578125 0.5375 0.671875 0.54375 0.671875
4 0.5453125 0.6796875 0.5375 0.6796875 0.5375 0.696875 0.5453125 0.696875
4 0.5296875 0.68125 0.521875 0.68125 0.521875 0.696875 0.5296875 0.696875
4 0.5375 0.665625 0.5296875 0.665625 0.5296875 0.68125 0.5375 0.68125
4 0.5453125000000001 0.7109375 0.5375 0.7109375 0.5375000000000001 0.728125 0.5453125000000002 0.728125
4 0.5375 0.7 0.53125 0.7 0.53125 0.7140625 0.5375 0.7140625
2 0.7125 0.2062500000000001 0.69375 0.2062500000000001 0.69375 0.2375000000000001 0.7125 0.2375000000000001
2 0.8421875 0.12031250000000009 0.815625 0.12031250000000009 0.815625 0.15781250000000008 0.8421875 0.15781250000000008
2 0.73125 0.01562500000000009 0.7125 0.01562500000000009 0.7125 0.04687500000000009 0.73125 0.04687500000000009
0 0.6859375 0.06875000000000009 0.671875 0.06875000000000009 0.671875 0.09375000000000008 0.6859375 0.09375000000000008
0 0.6703125 0.08125000000000009 0.659375 0.08125000000000009 0.659375 0.10468750000000009 0.6703125 0.10468750000000009
2 0.325 0.10468750000000004 0.30625 0.10468750000000004 0.30625 0.14843750000000006 0.325 0.14843750000000006
2 0.2078125000000001 0.884375 0.18750000000000008 0.884375 0.1875000000000001 0.9203125 0.2078125000000001 0.9203125
2 0.2453125000000001 0.828125 0.22656250000000008 0.828125 0.22656250000000008 0.859375 0.2453125000000001 0.859375
2 0.2687500000000001 0.7953125 0.24375000000000008 0.7953125 0.24375000000000008 0.8359375 0.2687500000000001 0.8359375
2 0.2062500000000001 0.665625 0.1859375000000001 0.665625 0.1859375000000001 0.7015625 0.2062500000000001 0.7015625
2 0.30937500000000007 0.7265625 0.2890625000000001 0.7265625 0.2890625000000001 0.7609375 0.30937500000000007 0.7609375
2 0.28593750000000007 0.7625 0.2656250000000001 0.7625 0.2656250000000001 0.79375 0.28593750000000007 0.79375
2 0.3937500000000001 0.6015625 0.3750000000000001 0.6015625 0.3750000000000001 0.6296875 0.3937500000000001 0.6296875
4 0.37968750000000007 0.5953125 0.37187500000000007 0.5953125 0.37187500000000007 0.6109375 0.37968750000000007 0.6109375
0 0.365625 0.30156250000000007 0.3515625 0.3015625 0.3515625 0.32500000000000007 0.365625 0.32500000000000007
2 0.2250000000000001 0.8515625 0.2062500000000001 0.8515625 0.2062500000000001 0.8828125 0.2250000000000001 0.8828125
2 0.36406250000000007 0.7015625 0.3453125000000001 0.7015625 0.3453125000000001 0.7328125 0.36406250000000007 0.7328125
2 0.471875 0.4515625 0.4578125 0.4515625 0.4578125 0.4828125 0.471875 0.4828125
4 0.4 0.5734375 0.3906250000000001 0.5734375 0.3906250000000001 0.5875 0.4 0.5875
5 0.646875 0.37187500000000007 0.625 0.37187500000000007 0.625 0.4078125 0.646875 0.4078125
2 0.5671875000000002 0.7453125 0.5515625000000002 0.7453125 0.5515625000000002 0.7765625 0.5671875000000002 0.7765625
2 0.24375000000000008 0.5 0.22812500000000008 0.5 0.22812500000000008 0.5359375 0.24375000000000008 0.5359375
4 0.3750000000000001 0.615625 0.3687500000000001 0.615625 0.3687500000000001 0.628125 0.3750000000000001 0.628125
2 0.18593750000000014 0.909375 0.16562500000000013 0.909375 0.16562500000000013 0.94375 0.18593750000000014 0.94375
2 0.6609375 0.32500000000000007 0.640625 0.32500000000000007 0.640625 0.3593750000000001 0.6609375 0.3593750000000001
2 0.6234375 0.3656250000000001 0.6046875 0.3656250000000001 0.6046875 0.3984375000000001 0.6234375 0.3984375000000001
4 0.6234375 0.4296875 0.6125 0.4296875 0.6125 0.4421875 0.6234375 0.4421875
2 0.484375 0.4640625 0.4734375 0.4640625 0.4734375 0.496875 0.484375 0.496875
4 0.6171875 0.4484375 0.6078125 0.4484375 0.6078125 0.4625 0.6171875 0.4625
4 0.6359375 0.4109375 0.6265625 0.4109375 0.6265625 0.428125 0.6359375 0.428125
4 0.6046875 0.434375 0.5953125 0.434375 0.5953125 0.4546875 0.6046875 0.4546875
4 0.746875 0.03281250000000009 0.7375 0.03281250000000009 0.7375 0.05625000000000009 0.746875 0.05625000000000009
2 0.3453125000000001 0.73125 0.3265625000000001 0.73125 0.3265625000000001 0.7625 0.3453125000000001 0.7625
2 0.16718750000000013 0.9171875 0.14687500000000014 0.9171875 0.14687500000000014 0.9515625 0.16718750000000013 0.9515625
2 0.17343750000000013 0.94375 0.15312500000000012 0.94375 0.15312500000000012 0.9796875 0.17343750000000013 0.9796875
4 0.4125 0.5515625 0.40625 0.5515625 0.40625 0.565625 0.4125 0.565625
2 0.48125 0.515625 0.4625 0.515625 0.4625 0.5546875 0.48125 0.5546875
2 0.659375 0.29375000000000007 0.6421875 0.29375000000000007 0.6421875 0.3281250000000001 0.659375 0.3281250000000001
4 0.5984375 0.70625 0.590625 0.70625 0.590625 0.721875 0.5984375 0.721875
4 0.5375000000000001 0.7140625 0.5296875 0.7140625 0.5296875000000001 0.734375 0.5375000000000002 0.734375
2 0.446875 0.2609375000000001 0.43125 0.2609375000000001 0.43125 0.2890625000000001 0.446875 0.2890625000000001
2 0.459375 0.5046875 0.44375 0.5046875 0.44375 0.5484375 0.459375 0.5484375
2 0.675 0.3000000000000001 0.65625 0.3000000000000001 0.65625 0.3312500000000001 0.675 0.3312500000000001
2 0.3890625000000001 0.690625 0.37187500000000007 0.690625 0.37187500000000007 0.7203125 0.3890625000000001 0.7203125
2 0.475 0.3937500000000001 0.4609375 0.3937500000000001 0.4609375 0.4328125 0.475 0.4328125
2 0.45625 0.5578125 0.440625 0.5578125 0.440625 0.5921875 0.45625 0.5921875
2 0.4296875 0.2453125000000001 0.4109375 0.2453125000000001 0.4109375 0.2765625000000001 0.4296875 0.2765625000000001
2 0.2890625000000001 0.84375 0.2656250000000001 0.84375 0.2656250000000001 0.875 0.2890625000000001 0.875
4 0.2062500000000001 0.9765625 0.19687500000000013 0.9765625 0.19687500000000013 0.990625 0.2062500000000001 0.990625
2 0.1906250000000001 0.8765625 0.1703125000000001 0.8765625 0.17031250000000012 0.9109375 0.19062500000000013 0.9109375
2 0.37968750000000007 0.571875 0.3609375000000001 0.571875 0.3609375000000001 0.60625 0.37968750000000007 0.60625
2 0.2984375000000001 0.696875 0.2765625000000001 0.696875 0.2765625000000001 0.7328125 0.2984375000000001 0.7328125
2 0.3890625 0.2765625000000001 0.3703125 0.2765625000000001 0.3703125 0.3156250000000001 0.3890625 0.3156250000000001
2 0.38125 0.11875000000000005 0.3625 0.11875000000000005 0.3625 0.15468750000000003 0.38125 0.15468750000000003
2 0.3078125 3.645237738087043e-17 0.2875 3.5208595475486407e-17 0.2875 0.03750000000000003 0.3078125 0.03750000000000003
2 0.49375 0.3812500000000001 0.475 0.3812500000000001 0.475 0.421875 0.49375 0.421875
0 0.7671875 0.02968750000000009 0.7484375 0.02968750000000009 0.7484375 0.057812500000000086 0.7671875 0.057812500000000086
2 0.2531250000000001 0.771875 0.2328125000000001 0.771875 0.2328125000000001 0.8109375 0.2531250000000001 0.8109375
4 0.3515625000000001 0.6453125 0.3437500000000001 0.6453125 0.3437500000000001 0.6609375 0.3515625000000001 0.6609375
4 0.3625000000000001 0.6359375 0.3531250000000001 0.6359375 0.3531250000000001 0.646875 0.3625000000000001 0.646875
2 0.359375 0.10468750000000004 0.3390625 0.10468750000000004 0.3390625 0.14218750000000005 0.359375 0.14218750000000005
2 0.4296875 0.2156250000000001 0.4125 0.2156250000000001 0.4125 0.2468750000000001 0.4296875 0.2468750000000001
2 0.490625 0.28593750000000007 0.471875 0.28593750000000007 0.471875 0.3203125000000001 0.490625 0.3203125000000001
4 0.4796875 0.559375 0.4703125 0.559375 0.4703125 0.5828125 0.4796875 0.5828125
2 0.75 0.21250000000000008 0.73125 0.21250000000000008 0.73125 0.24218750000000008 0.75 0.24218750000000008
2 0.725 0.1750000000000001 0.709375 0.1750000000000001 0.709375 0.20312500000000008 0.725 0.20312500000000008
1 0.725 0.2562500000000001 0.6765625 0.2562500000000001 0.6765625 0.3453125000000001 0.725 0.3453125000000001
2 0.7421875 0.1531250000000001 0.721875 0.1531250000000001 0.721875 0.18906250000000008 0.7421875 0.18906250000000008
4 0.6265625 0.45625 0.6203125 0.45625 0.6203125 0.46875 0.6265625 0.46875
4 0.6296875 0.4375 0.6234375 0.4375 0.6234375 0.4515625 0.6296875 0.4515625
4 0.6265625 0.4171875 0.6203125 0.4171875 0.6203125 0.4296875 0.6265625 0.4296875
4 0.621875 0.471875 0.6140625 0.471875 0.6140625 0.484375 0.621875 0.484375
4 0.6875000000000002 0.76875 0.6765625000000002 0.76875 0.6765625000000002 0.7890625 0.6875000000000002 0.7890625
2 0.4203125 0.415625 0.4078125 0.415625 0.4078125 0.453125 0.4203125 0.453125
2 0.13750000000000012 0.959375 0.11718750000000014 0.959375 0.11718750000000014 0.996875 0.13750000000000012 0.996875
2 0.40625 0.20312500000000008 0.3890625 0.20312500000000008 0.3890625 0.24375000000000008 0.40625 0.24375000000000008
4 0.834375 0.0718750000000001 0.821875 0.0718750000000001 0.821875 0.09062500000000011 0.834375 0.09062500000000011
4 0.7875 0.12031250000000009 0.7765625 0.12031250000000009 0.7765625 0.1390625000000001 0.7875 0.1390625000000001
0 0.7296875 0.2328125000000001 0.7171875 0.2328125000000001 0.7171875 0.2531250000000001 0.7296875 0.2531250000000001
2 0.2296875000000001 0.9125 0.2093750000000001 0.9125 0.2093750000000001 0.9484375 0.2296875000000001 0.9484375
4 0.2156250000000001 0.9734375 0.2078125000000001 0.9734375 0.2078125000000001 0.9890625 0.2156250000000001 0.9890625
4 0.37968750000000007 0.68125 0.3703125000000001 0.68125 0.3703125000000001 0.696875 0.37968750000000007 0.696875
4 0.30937500000000007 0.70625 0.30156250000000007 0.70625 0.30156250000000007 0.7203125 0.30937500000000007 0.7203125
4 0.3546875000000001 0.5953125 0.3453125000000001 0.5953125 0.3453125000000001 0.615625 0.3546875000000001 0.615625
4 0.4125 0.4703125 0.40625 0.4703125 0.40625 0.4921875 0.4125 0.4921875
4 0.46875 0.5078125 0.4609375 0.5078125 0.4609375 0.5265625 0.46875 0.5265625
2 0.4640625 0.2984375000000001 0.446875 0.2984375000000001 0.446875 0.3296875000000001 0.4640625 0.3296875000000001
2 0.4625 0.3281250000000001 0.446875 0.3281250000000001 0.446875 0.36406250000000007 0.4625 0.36406250000000007
2 0.4484375 0.2078125000000001 0.4296875 0.2078125000000001 0.4296875 0.24218750000000008 0.4484375 0.24218750000000008
2 0.403125 0.11406250000000004 0.3828125 0.11406250000000004 0.3828125 0.15625000000000006 0.403125 0.15625000000000006
4 0.4078125 0.17343750000000005 0.3984375 0.17343750000000005 0.3984375 0.18906250000000005 0.4078125 0.18906250000000005
4 0.3296875 0.0031250000000000396 0.3203125 0.0031250000000000388 0.3203125 0.023437500000000038 0.3296875 0.023437500000000038
0 0.5734375 0.2140625000000001 0.559375 0.2140625000000001 0.559375 0.23593750000000008 0.5734375 0.23593750000000008
4 0.7234375 0.1625000000000001 0.7140625 0.1625000000000001 0.7140625 0.17968750000000008 0.7234375 0.17968750000000008
0 0.6359375 0.6890625 0.621875 0.6890625 0.621875 0.7140625 0.6359375 0.7140625
6 0.6390625000000002 0.846875 0.6093750000000002 0.846875 0.6093750000000002 0.8953125 0.6390625000000002 0.8953125
2 0.22656250000000008 0.821875 0.2078125000000001 0.821875 0.2078125000000001 0.85 0.22656250000000008 0.85
4 0.2078125000000001 0.8625 0.1984375000000001 0.8625 0.1984375000000001 0.8734375 0.2078125000000001 0.8734375
4 0.15000000000000013 0.9515625 0.14062500000000014 0.9515625 0.14062500000000014 0.9734375 0.15000000000000013 0.9734375
2 0.15312500000000012 0.9703125 0.13437500000000013 0.9703125 0.13437500000000013 1 0.15312500000000012 1
4 0.3234375000000001 0.6921875 0.3125000000000001 0.6921875 0.3125000000000001 0.703125 0.3234375000000001 0.703125
4 0.3296875000000001 0.640625 0.3234375000000001 0.640625 0.3234375000000001 0.6609375 0.3296875000000001 0.6609375
4 0.3390625000000001 0.65625 0.33281250000000007 0.65625 0.33281250000000007 0.671875 0.3390625000000001 0.671875
4 0.3453125000000001 0.61875 0.3359375000000001 0.61875 0.3359375000000001 0.6328125 0.3453125000000001 0.6328125
4 0.3546875000000001 0.609375 0.34843750000000007 0.609375 0.34843750000000007 0.621875 0.3546875000000001 0.621875
4 0.38750000000000007 0.6546875 0.37968750000000007 0.6546875 0.37968750000000007 0.671875 0.38750000000000007 0.671875
4 0.4015625 0.640625 0.3937500000000001 0.640625 0.3937500000000001 0.65625 0.4015625 0.65625
4 0.4234375 0.6453125 0.4140625 0.6453125 0.4140625 0.6609375 0.4234375 0.6609375
2 0.5078125 0.425 0.496875 0.425 0.496875 0.4609375 0.5078125 0.4609375
2 0.5359375 0.40625 0.51875 0.40625 0.51875 0.446875 0.5359375 0.446875
4 0.403125 0.34062500000000007 0.3953125 0.34062500000000007 0.3953125 0.3625000000000001 0.403125 0.3625000000000001
4 0.49375 0.3671875000000001 0.4859375 0.3671875000000001 0.4859375 0.3828125000000001 0.49375 0.3828125000000001
4 0.509375 0.3421875000000001 0.5015625 0.3421875000000001 0.5015625 0.3609375000000001 0.509375 0.3609375000000001
2 0.478125 0.30156250000000007 0.4609375 0.30156250000000007 0.4609375 0.3375000000000001 0.478125 0.3375000000000001
4 0.4171875 0.17343750000000005 0.409375 0.17343750000000005 0.409375 0.18750000000000006 0.4171875 0.18750000000000006
4 0.409375 0.19531250000000006 0.4046875 0.19531250000000006 0.4046875 0.2093750000000001 0.409375 0.2093750000000001
2 0.3421875 0.03906250000000004 0.325 0.03906250000000004 0.325 0.07187500000000005 0.3421875 0.07187500000000005
2 0.3625 0.08125000000000004 0.346875 0.08125000000000004 0.346875 0.11093750000000005 0.3625 0.11093750000000005
4 0.5328125 0.2000000000000001 0.521875 0.2000000000000001 0.521875 0.21250000000000008 0.5328125 0.21250000000000008
0 0.6906250000000002 0.8515625 0.6765625000000002 0.8515625 0.6765625000000002 0.8765625 0.6906250000000002 0.8765625
2 0.3968750000000001 0.5421875 0.3828125000000001 0.5421875 0.3828125000000001 0.56875 0.3968750000000001 0.56875
4 0.3734375000000001 0.5984375 0.3671875000000001 0.5984375 0.3671875000000001 0.609375 0.3734375000000001 0.609375
4 0.6203125 0.490625 0.6125 0.490625 0.6125 0.50625 0.6203125 0.50625
4 0.63125 0.509375 0.621875 0.509375 0.621875 0.5234375 0.63125 0.5234375
4 0.6390625 0.5203125 0.63125 0.5203125 0.63125 0.5375 0.6390625 0.5375
4 0.65 0.4453125 0.64375 0.4453125 0.64375 0.465625 0.65 0.465625
4 0.8109375 0.10781250000000009 0.803125 0.10781250000000009 0.803125 0.12656250000000008 0.8109375 0.12656250000000008
0 0.7671875 0.18125000000000008 0.75625 0.18125000000000008 0.75625 0.2093750000000001 0.7671875 0.2093750000000001
2 0.753125 0.1750000000000001 0.7328125 0.1750000000000001 0.7328125 0.20312500000000008 0.753125 0.20312500000000008
4 0.54375 0.7015625 0.5390625 0.7015625 0.5390625 0.7109375 0.54375 0.7109375
4 0.5953125000000001 0.775 0.5906250000000002 0.775 0.5906250000000002 0.7890625 0.5953125000000001 0.7890625
2 0.6578125000000001 0.8828125 0.6406250000000002 0.8828125 0.6406250000000002 0.9171875 0.6578125000000001 0.9171875
4 0.675 0.2500000000000001 0.6640625 0.2500000000000001 0.6640625 0.2609375000000001 0.675 0.2609375000000001