2 0.925 0.8234375 0.9046875 0.8234375 0.9046875 0.8625 0.925 0.8625
2 0.940625 0.85 0.91875 0.85 0.91875 0.8953125 0.940625 0.8953125
2 0.9515625 0.8640625 0.9265625 0.8640625 0.9265625 0.909375 0.9515625 0.909375
2 0.9859375 0.909375 0.9609375 0.909375 0.9609375 0.9640625 0.9859375 0.9640625
2 0.9953125 0.93125 0.971875 0.93125 0.971875 0.9765625 0.9953125 0.9765625
2 0.884375 0.7078125000000002 0.859375 0.7078125000000002 0.859375 0.7546875000000002 0.884375 0.7546875000000002
2 0.875 0.7421875000000002 0.85 0.7421875000000002 0.85 0.7828125000000001 0.875 0.7828125000000001
2 0.8703125 0.7562500000000002 0.8421875 0.7562500000000002 0.8421875 0.8046875 0.8703125 0.8046875
2 0.815625 0.7109375000000002 0.7953125 0.7109375000000002 0.7953125000000001 0.7515625000000001 0.815625 0.7515625000000001
2 0.840625 0.7000000000000002 0.8109375 0.7000000000000002 0.8109375 0.7296875000000002 0.840625 0.7296875000000002
2 0.8140625 0.6640625000000002 0.790625 0.6640625000000002 0.790625 0.7000000000000002 0.8140625 0.7000000000000002
2 0.7328125 0.5390625000000001 0.715625 0.5390625 0.715625 0.5750000000000001 0.7328125 0.5750000000000002
2 0.603125 0.17343750000000008 0.5875 0.17343750000000008 0.5875 0.21875000000000008 0.603125 0.21875000000000008
2 0.6234375 0.1750000000000001 0.6078125 0.1750000000000001 0.6078125 0.23593750000000008 0.6234375 0.23593750000000008
2 0.6109375 0.2312500000000001 0.5921875 0.2312500000000001 0.5921875 0.2750000000000001 0.6109375 0.2750000000000001
2 0.625 0.2562500000000001 0.6140625 0.2562500000000001 0.6140625 0.3125000000000001 0.625 0.3125000000000001
2 0.8296875 0.1468750000000001 0.8125 0.1468750000000001 0.8125 0.21250000000000008 0.8296875 0.21250000000000008
2 0.775 0.29375000000000007 0.75 0.29375000000000007 0.75 0.3453125000000001 0.775 0.3453125000000001
2 0.6375 0.3671875000000001 0.621875 0.3671875000000001 0.621875 0.4109375 0.6375 0.4109375
2 0.609375 0.28593750000000007 0.5921875 0.28593750000000007 0.5921875 0.3312500000000001 0.609375 0.3312500000000001
2 0.615625 0.3359375000000001 0.5984375 0.3359375000000001 0.5984375 0.3765625000000001 0.615625 0.3765625000000001
2 0.603125 0.3375000000000001 0.5828125 0.3375000000000001 0.5828125 0.3781250000000001 0.603125 0.3781250000000001
2 0.609375 0.4015625 0.5890625 0.4015625 0.5890625 0.4609375 0.609375 0.4609375
2 0.621875 0.3843750000000001 0.6015625 0.3843750000000001 0.6015625 0.4328125 0.621875 0.4328125
2 0.5375 0.2609375000000001 0.5109375 0.2609375000000001 0.5109375 0.2953125000000001 0.5375 0.2953125000000001
2 0.584375 0.3046875000000001 0.553125 0.3046875000000001 0.553125 0.3468750000000001 0.584375 0.3468750000000001
2 0.4328125 0.2640625000000001 0.409375 0.2640625000000001 0.409375 0.3078125000000001 0.4328125 0.3078125000000001
2 0.4984375 0.08125000000000007 0.4765625 0.08125000000000007 0.4765625 0.12656250000000005 0.4984375 0.12656250000000005
2 0.4921875 0.01562500000000006 0.471875 0.015625000000000056 0.471875 0.06093750000000007 0.4921875 0.06093750000000007
2 0.4125 0.050000000000000044 0.3875 0.050000000000000044 0.3875 0.08906250000000004 0.4125 0.08906250000000004
2 0.3765625 0.07500000000000004 0.353125 0.07500000000000004 0.353125 0.12500000000000006 0.3765625 0.12500000000000006
2 0.359375 0.07500000000000004 0.3375 0.07500000000000004 0.3375 0.11562500000000005 0.359375 0.11562500000000005
2 0.346875 0.06562500000000004 0.321875 0.06562500000000004 0.321875 0.10468750000000004 0.346875 0.10468750000000004
2 0.3296875 0.05312500000000005 0.3109375 0.05312500000000005 0.3109375 0.10468750000000004 0.3296875 0.10468750000000004
2 0.228125 0.001562500000000026 0.1984375 0.0015625000000000244 0.1984375 0.035937500000000025 0.228125 0.03593750000000003
2 0.2171875 0.08750000000000002 0.1953125 0.08750000000000002 0.1953125 0.13125000000000003 0.2171875 0.13125000000000003
2 0.2125 0.13593750000000004 0.1859375 0.13593750000000004 0.18593750000000003 0.18593750000000003 0.2125 0.18593750000000003
2 0.3046875 0.13437500000000005 0.2765625 0.13437500000000005 0.2765625 0.17656250000000004 0.3046875 0.17656250000000004
2 0.39375 0.2234375000000001 0.3640625 0.2234375000000001 0.3640625 0.2656250000000001 0.39375 0.2656250000000001
2 0.39843750000000006 0.3625000000000001 0.378125 0.3625000000000001 0.37812500000000004 0.403125 0.3984375000000001 0.403125
2 0.2734375000000001 0.5 0.2531250000000001 0.5 0.2531250000000001 0.55625 0.2734375000000001 0.55625
2 0.3859375000000001 0.5078125 0.3703125000000001 0.5078125 0.3703125000000001 0.5609375 0.3859375000000001 0.5609375
2 0.15468750000000014 0.9640625 0.13125000000000014 0.9640625 0.13125000000000014 1 0.15468750000000014 1
2 0.18906250000000013 0.975 0.16875000000000012 0.975 0.16875000000000012 0.9984375 0.18906250000000013 0.9984375
2 0.2671875000000001 0.9703125 0.2390625000000001 0.9703125 0.2390625000000001 1 0.2671875000000001 1
2 0.4593750000000002 0.790625 0.4312500000000002 0.790625 0.4312500000000002 0.821875 0.4593750000000002 0.821875
2 0.4500000000000002 0.846875 0.4156250000000002 0.846875 0.4156250000000002 0.871875 0.4500000000000002 0.871875
2 0.5593750000000001 0.7015625 0.534375 0.7015625 0.534375 0.7375 0.5593750000000002 0.7375
2 0.5796875 0.65625 0.553125 0.65625 0.553125 0.7015625 0.5796875 0.7015625
2 0.6 0.6546875 0.578125 0.6546875 0.578125 0.70625 0.6 0.70625
2 0.5984375 0.609375 0.5796875 0.609375 0.5796875 0.653125 0.5984375 0.653125
2 0.6234375 0.5046875 0.6078125 0.5046875 0.6078125 0.553125 0.6234375 0.553125
2 0.5531250000000002 0.7578125 0.5312500000000002 0.7578125 0.5312500000000002 0.7859375 0.5531250000000002 0.7859375
2 0.3203125000000001 0.5578125 0.2984375000000001 0.5578125 0.2984375000000001 0.6109375 0.3203125000000001 0.6109375
0 0.7421875 0.5875000000000001 0.7234375 0.5875 0.7234375 0.6312500000000001 0.7421875 0.6312500000000002
0 0.7546875 0.6671875000000002 0.7359375 0.6671875000000002 0.7359375 0.6968750000000001 0.7546875 0.6968750000000001
0 0.7828125 0.6546875000000002 0.7671875 0.6546875000000002 0.7671875 0.6828125000000002 0.7828125 0.6828125000000002
0 0.6718750000000002 0.8375 0.6500000000000001 0.8375 0.6500000000000001 0.859375 0.6718750000000002 0.859375
0 0.5046875000000002 0.728125 0.4828125000000002 0.728125 0.4828125000000002 0.7484375 0.5046875000000002 0.7484375
0 0.5296875000000002 0.7375 0.5093750000000001 0.7375 0.5093750000000001 0.7625 0.5296875000000002 0.7625
0 0.3515625000000001 0.4671875 0.3343750000000001 0.4671875 0.3343750000000001 0.5015625 0.3515625000000001 0.5015625
0 0.2906250000000001 0.5515625 0.2718750000000001 0.5515625 0.2718750000000001 0.5796875 0.2906250000000001 0.5796875
0 0.428125 0.19531250000000006 0.409375 0.19531250000000006 0.409375 0.21875000000000008 0.428125 0.21875000000000008
0 0.4125 0.21875000000000008 0.390625 0.21875000000000008 0.390625 0.24218750000000008 0.4125 0.24218750000000008
0 0.2375 0.2109375 0.21875 0.2109375 0.21875 0.2359375 0.2375 0.2359375
0 0.4421875 0.045312500000000054 0.428125 0.045312500000000054 0.428125 0.07812500000000004 0.4421875 0.07812500000000004
1 0.6453125 0.5703125 0.6046875 0.5703125 0.6046875 0.7046875 0.6453125 0.7046875
3 0.6125 0.553125 0.5953125 0.553125 0.5953125 0.5984375 0.6125 0.5984375
3 0.4125000000000002 0.7875 0.3828125000000001 0.7875 0.3828125000000001 0.825 0.4125000000000002 0.825
0 0.5296875000000002 0.815625 0.5109375000000002 0.815625 0.5109375000000002 0.8421875 0.5296875000000002 0.8421875
6 0.4765625 0.17343750000000005 0.45 0.17343750000000005 0.45 0.2375000000000001 0.4765625 0.2375000000000001
3 0.45 0.3000000000000001 0.4109375 0.3000000000000001 0.4109375 0.3593750000000001 0.45 0.3593750000000001
3 0.3375000000000001 0.4828125 0.3203125000000001 0.4828125 0.3203125000000001 0.521875 0.3375000000000001 0.521875
6 0.64375 0.446875 0.625 0.446875 0.625 0.528125 0.64375 0.528125
0 0.5453125 0.3062500000000001 0.5265625 0.3062500000000001 0.5265625 0.3265625000000001 0.5453125 0.3265625000000001
4 0.15312500000000012 0.928125 0.14218750000000013 0.928125 0.14218750000000013 0.9484375 0.15312500000000012 0.9484375
4 0.3062500000000001 0.940625 0.2953125000000001 0.940625 0.2953125000000001 0.959375 0.3062500000000001 0.959375
4 0.3109375000000001 0.9703125 0.30156250000000007 0.9703125 0.30156250000000007 0.9890625 0.3109375000000001 0.9890625
4 0.4515625000000001 0.7140625 0.440625 0.7140625 0.4406250000000001 0.728125 0.4515625000000002 0.728125
4 0.45625 0.684375 0.4453125 0.684375 0.4453125 0.7046875 0.45625 0.7046875
4 0.4734375000000002 0.7640625 0.4625000000000002 0.7640625 0.4625000000000002 0.78125 0.4734375000000002 0.78125
4 0.5000000000000002 0.753125 0.48750000000000016 0.753125 0.48750000000000016 0.771875 0.5000000000000002 0.771875
4 0.5656250000000002 0.78125 0.5531250000000002 0.78125 0.5531250000000002 0.7953125 0.5656250000000002 0.7953125
4 0.5906250000000002 0.7859375 0.5765625000000002 0.7859375 0.5765625000000002 0.8046875 0.5906250000000002 0.8046875
4 0.5875000000000001 0.753125 0.5765625000000002 0.753125 0.5765625000000002 0.7703125 0.5875000000000001 0.7703125
4 0.5671875000000001 0.71875 0.55625 0.71875 0.5562500000000001 0.7375 0.5671875000000002 0.7375
4 0.5500000000000002 0.7359375 0.5390625000000002 0.7359375 0.5390625000000002 0.7515625 0.5500000000000002 0.7515625
4 0.5640625000000001 0.746875 0.5515625000000002 0.746875 0.5515625000000002 0.7609375 0.5640625000000001 0.7609375
4 0.5843750000000002 0.7296875 0.5750000000000002 0.7296875 0.5750000000000002 0.746875 0.5843750000000002 0.746875
4 0.5906250000000001 0.725 0.578125 0.725 0.5781250000000001 0.7359375 0.5906250000000002 0.7359375
4 0.5734375 0.7015625 0.5625 0.7015625 0.5625 0.721875 0.5734375 0.721875
4 0.5156250000000001 0.71875 0.503125 0.71875 0.503125 0.734375 0.5156250000000002 0.734375
4 0.6109375000000001 0.76875 0.6000000000000002 0.76875 0.6000000000000002 0.7828125 0.6109375000000001 0.7828125
4 0.6062500000000002 0.7484375 0.5921875000000002 0.7484375 0.5921875000000002 0.7625 0.6062500000000002 0.7625
4 0.640625 0.6546875 0.6328125 0.6546875 0.6328125 0.675 0.640625 0.675
4 0.6046875 0.61875 0.5984375 0.61875 0.5984375 0.6390625 0.6046875 0.6390625
4 0.6125 0.596875 0.60625 0.596875 0.60625 0.6171875 0.6125 0.6171875
4 0.621875 0.5640625 0.6140625 0.5640625 0.6140625 0.5890625 0.621875 0.5890625
4 0.6296875 0.540625 0.6234375 0.540625 0.6234375 0.5609375 0.6296875 0.5609375
4 0.7031250000000002 0.7796875 0.6875000000000002 0.7796875 0.6875000000000002 0.7984375 0.7031250000000002 0.7984375
4 0.6593750000000002 0.821875 0.6453125000000002 0.821875 0.6453125000000002 0.8359375 0.6593750000000002 0.8359375
4 0.7046875000000001 0.815625 0.6953125000000002 0.815625 0.6953125000000002 0.834375 0.7046875000000001 0.834375
4 0.8359375 0.7703125000000002 0.825 0.7703125000000002 0.825 0.7921875000000002 0.8359375 0.7921875000000002
4 0.828125 0.7421875000000002 0.81875 0.7421875000000002 0.81875 0.7609375000000002 0.828125 0.7609375000000002
4 0.8265625 0.6796875000000002 0.8140625 0.6796875000000002 0.8140625 0.7000000000000002 0.8265625 0.7000000000000002
4 0.8421875 0.7312500000000002 0.8328125 0.7312500000000002 0.8328125 0.7531250000000002 0.8421875 0.7531250000000002
4 0.8484375 0.7421875000000002 0.8390625 0.7421875000000002 0.8390625 0.7625000000000002 0.8484375 0.7625000000000002
4 0.8078125 0.5531250000000002 0.8 0.5531250000000002 0.8 0.5718750000000001 0.8078125 0.5718750000000001
4 0.5046875000000002 0.778125 0.49218750000000017 0.778125 0.49218750000000017 0.796875 0.5046875000000002 0.796875
4 0.5265625000000002 0.7609375 0.5109375000000002 0.7609375 0.5109375000000002 0.7765625 0.5265625000000002 0.7765625
4 0.37187500000000007 0.621875 0.3609375000000001 0.621875 0.3609375000000001 0.6375 0.37187500000000007 0.6375
4 0.3750000000000001 0.5765625 0.3656250000000001 0.5765625 0.3656250000000001 0.5984375 0.3750000000000001 0.5984375
4 0.3906250000000001 0.5515625 0.3812500000000001 0.5515625 0.3812500000000001 0.571875 0.3906250000000001 0.571875
4 0.3203125000000001 0.596875 0.3109375000000001 0.596875 0.3109375000000001 0.6203125 0.3203125000000001 0.6203125
4 0.29375000000000007 0.684375 0.2843750000000001 0.684375 0.2843750000000001 0.7046875 0.29375000000000007 0.7046875
4 0.3000000000000001 0.6359375 0.2921875000000001 0.6359375 0.2921875000000001 0.65625 0.3000000000000001 0.65625
4 0.27031250000000007 0.6015625 0.2609375000000001 0.6015625 0.2609375000000001 0.625 0.27031250000000007 0.625
4 0.3593750000000001 0.4578125 0.3515625000000001 0.4578125 0.3515625000000001 0.475 0.3593750000000001 0.475
4 0.37187500000000007 0.48125 0.3609375000000001 0.48125 0.3609375000000001 0.503125 0.37187500000000007 0.503125
4 0.30156250000000007 0.4515625 0.2921875000000001 0.4515625 0.2921875000000001 0.4703125 0.30156250000000007 0.4703125
4 0.17187500000000008 0.8171875 0.16562500000000008 0.8171875 0.16562500000000008 0.8390625 0.17187500000000008 0.8390625
4 0.17812500000000014 0.9578125 0.16562500000000013 0.9578125 0.16562500000000013 0.978125 0.17812500000000014 0.978125
4 0.3875 0.15312500000000004 0.3734375 0.15312500000000004 0.3734375 0.16406250000000006 0.3875 0.16406250000000006
4 0.3921875 0.19062500000000004 0.3796875 0.19062500000000004 0.3796875 0.2062500000000001 0.3921875 0.2062500000000001
4 0.41875 0.2156250000000001 0.4078125 0.2156250000000001 0.4078125 0.2296875000000001 0.41875 0.2296875000000001
4 0.3734375000000001 0.3671875000000001 0.36406250000000007 0.3671875000000001 0.36406250000000007 0.3859375000000001 0.3734375000000001 0.3859375000000001
4 0.4046875 0.2906250000000001 0.39375 0.2906250000000001 0.39375 0.30937500000000007 0.4046875 0.30937500000000007
4 0.4015625 0.3078125000000001 0.390625 0.3078125000000001 0.390625 0.3312500000000001 0.4015625 0.3312500000000001
4 0.4390625 0.2140625000000001 0.428125 0.2140625000000001 0.428125 0.2328125000000001 0.4390625 0.2328125000000001
4 0.425 0.24218750000000008 0.4140625 0.24218750000000008 0.4140625 0.26250000000000007 0.425 0.26250000000000007
4 0.509375 0.30156250000000007 0.496875 0.30156250000000007 0.496875 0.3109375000000001 0.509375 0.3109375000000001
4 0.5515625 0.28593750000000007 0.540625 0.28593750000000007 0.540625 0.2968750000000001 0.5515625 0.2968750000000001
4 0.5671875 0.2812500000000001 0.55625 0.2812500000000001 0.55625 0.2921875000000001 0.5671875 0.2921875000000001
4 0.5671875 0.29375000000000007 0.5546875 0.29375000000000007 0.5546875 0.3046875000000001 0.5671875 0.3046875000000001
4 0.58125 0.2656250000000001 0.5703125 0.2656250000000001 0.5703125 0.2812500000000001 0.58125 0.2812500000000001
4 0.5984375 0.2656250000000001 0.5875 0.2656250000000001 0.5875 0.28593750000000007 0.5984375 0.28593750000000007
4 0.63125 0.2156250000000001 0.621875 0.2156250000000001 0.621875 0.24218750000000008 0.63125 0.24218750000000008
4 0.6328125 0.2515625000000001 0.6234375 0.2515625000000001 0.6234375 0.2671875000000001 0.6328125 0.2671875000000001
4 0.6359375 0.2953125000000001 0.6265625 0.2953125000000001 0.6265625 0.3187500000000001 0.6359375 0.3187500000000001
4 0.63125 0.2656250000000001 0.625 0.2656250000000001 0.625 0.2890625000000001 0.63125 0.2890625000000001
4 0.590625 0.3062500000000001 0.5828125 0.3062500000000001 0.5828125 0.3218750000000001 0.590625 0.3218750000000001
4 0.5890625 0.27812500000000007 0.5828125 0.27812500000000007 0.5828125 0.2906250000000001 0.5890625 0.2906250000000001
4 0.565625 0.3343750000000001 0.553125 0.3343750000000001 0.553125 0.34843750000000007 0.565625 0.34843750000000007
4 0.5515625 0.3312500000000001 0.5375 0.3312500000000001 0.5375 0.3453125000000001 0.5515625 0.3453125000000001
4 0.5796875 0.3453125000000001 0.56875 0.3453125000000001 0.56875 0.3609375000000001 0.5796875 0.3609375000000001
4 0.5703125 0.3546875000000001 0.5609375 0.3546875000000001 0.5609375 0.3703125000000001 0.5703125 0.3703125000000001
4 0.578125 0.3703125000000001 0.5734375 0.3703125000000001 0.5734375 0.3890625000000001 0.578125 0.3890625000000001
4 0.5953125 0.3859375000000001 0.5859375 0.3859375000000001 0.5859375 0.4015625 0.5953125 0.4015625
4 0.6015625 0.3828125000000001 0.5921875 0.3828125000000001 0.5921875 0.3984375000000001 0.6015625 0.3984375000000001
4 0.5890625 0.3890625000000001 0.5796875 0.3890625000000001 0.5796875 0.4078125 0.5890625 0.4078125
4 0.6484375 0.4515625 0.64375 0.4515625 0.64375 0.4703125 0.6484375 0.4703125
4 0.590625 0.2890625000000001 0.578125 0.2890625000000001 0.578125 0.3031250000000001 0.590625 0.3031250000000001
4 0.578125 0.2906250000000001 0.5703125 0.2906250000000001 0.5703125 0.3078125000000001 0.578125 0.3078125000000001
4 0.5875 0.15000000000000008 0.58125 0.15000000000000008 0.58125 0.17187500000000008 0.5875 0.17187500000000008
4 0.709375 0.1437500000000001 0.7 0.1437500000000001 0.7 0.15625000000000008 0.709375 0.15625000000000008
4 0.7078125 0.1687500000000001 0.6953125 0.1687500000000001 0.6953125 0.17968750000000008 0.7078125 0.17968750000000008
4 0.70625 0.1843750000000001 0.6953125 0.1843750000000001 0.6953125 0.1984375000000001 0.70625 0.1984375000000001
4 0.703125 0.22031250000000008 0.69375 0.22031250000000008 0.69375 0.2296875000000001 0.703125 0.2296875000000001
4 0.7015625 0.2484375000000001 0.6921875 0.2484375000000001 0.6921875 0.2593750000000001 0.7015625 0.2593750000000001
4 0.7 0.2671875000000001 0.6890625 0.2671875000000001 0.6890625 0.2765625000000001 0.7 0.2765625000000001
4 0.7 0.2750000000000001 0.6859375 0.2750000000000001 0.6859375 0.2843750000000001 0.7 0.2843750000000001
4 0.68125 0.2468750000000001 0.671875 0.2468750000000001 0.671875 0.2578125000000001 0.68125 0.2578125000000001
4 0.6796875 0.2640625000000001 0.66875 0.2640625000000001 0.66875 0.2750000000000001 0.6796875 0.2750000000000001