2 0.621875 0.45 0.609375 0.45 0.609375 0.4609375 0.621875 0.4609375
2 0.353125 0.2765625 0.334375 0.2765625 0.334375 0.290625 0.353125 0.290625
2 0.409375 0.2390625000000001 0.3984375 0.2390625000000001 0.3984375 0.2609375000000001 0.409375 0.2609375000000001
2 0.403125 0.20468750000000008 0.3859375 0.20468750000000008 0.3859375 0.2234375000000001 0.403125 0.2234375000000001
2 0.5125 0.30937500000000007 0.5046875 0.30937500000000007 0.5046875 0.3390625000000001 0.5125 0.3390625000000001
2 0.5234375 0.30937500000000007 0.515625 0.30937500000000007 0.515625 0.3390625000000001 0.5234375 0.3390625000000001
2 0.5640625 0.3031250000000001 0.55625 0.3031250000000001 0.55625 0.3281250000000001 0.5640625 0.3281250000000001
2 0.5734375 0.3046875000000001 0.565625 0.3046875000000001 0.565625 0.3281250000000001 0.5734375 0.3281250000000001
2 0.965625 0.8578125 0.9546875 0.8578125 0.9546875 0.8828125 0.965625 0.8828125
2 0.9484375 0.890625 0.9390625 0.890625 0.9390625 0.9203125 0.9484375 0.9203125
2 0.7234375 0.640625 0.7140625 0.640625 0.7140625 0.6640625 0.7234375 0.6640625
6 0.903125 0.6281250000000002 0.8640625 0.6281250000000002 0.8640625 0.6484375000000002 0.903125 0.6484375000000002
5 0.740625 0.37187500000000007 0.6953125 0.37187500000000007 0.6953125 0.3921875000000001 0.740625 0.3921875000000001
6 0.684375 0.3750000000000001 0.64375 0.3750000000000001 0.64375 0.3937500000000001 0.684375 0.3937500000000001
6 0.29375000000000007 0.6203125 0.2640625000000001 0.6203125 0.2640625000000001 0.640625 0.29375000000000007 0.640625
6 0.1671875000000001 0.6265625 0.1281250000000001 0.6265625 0.1281250000000001 0.646875 0.1671875000000001 0.646875
6 0.14218750000000008 0.659375 0.10312500000000009 0.659375 0.10312500000000009 0.684375 0.14218750000000008 0.684375
4 0.5515625 0.27031250000000007 0.546875 0.27031250000000007 0.546875 0.2843750000000001 0.5515625 0.2843750000000001
3 0.7671875000000001 0.8421875 0.7453125000000002 0.8421875 0.7453125000000002 0.8609375 0.7671875000000001 0.8609375
3 0.7187500000000002 0.8765625 0.7093750000000002 0.8765625 0.7093750000000002 0.9125 0.7187500000000002 0.9125
4 0.5296875 0.27031250000000007 0.5265625 0.27031250000000007 0.5265625 0.2843750000000001 0.5296875 0.2843750000000001
4 0.5453125 0.2828125000000001 0.5421875 0.2828125000000001 0.5421875 0.2968750000000001 0.5453125 0.2968750000000001
4 0.571875 0.2734375000000001 0.5671875 0.2734375000000001 0.5671875 0.2875000000000001 0.571875 0.2875000000000001
4 0.5875 0.2906250000000001 0.5828125 0.2906250000000001 0.5828125 0.3062500000000001 0.5875 0.3062500000000001
4 0.571875 0.2312500000000001 0.56875 0.2312500000000001 0.56875 0.2468750000000001 0.571875 0.2468750000000001
4 0.5375 0.22031250000000008 0.534375 0.22031250000000008 0.534375 0.2296875000000001 0.5375 0.2296875000000001
4 0.5453125 0.22031250000000008 0.540625 0.22031250000000008 0.540625 0.2312500000000001 0.5453125 0.2312500000000001
4 0.5859375 0.23437500000000008 0.5828125 0.23437500000000008 0.5828125 0.2468750000000001 0.5859375 0.2468750000000001
4 0.521875 0.27031250000000007 0.5171875 0.27031250000000007 0.5171875 0.2828125000000001 0.521875 0.2828125000000001
4 0.41875 0.26250000000000007 0.4140625 0.26250000000000007 0.4140625 0.2765625000000001 0.41875 0.2765625000000001
4 0.578125 0.23437500000000008 0.575 0.23437500000000008 0.575 0.2468750000000001 0.578125 0.2468750000000001
4 0.534375 0.27031250000000007 0.53125 0.27031250000000007 0.53125 0.2843750000000001 0.534375 0.2843750000000001
4 0.5421875 0.28593750000000007 0.5390625 0.28593750000000007 0.5390625 0.2968750000000001 0.5421875 0.2968750000000001
4 0.55 0.2875000000000001 0.546875 0.2875000000000001 0.546875 0.2984375000000001 0.55 0.2984375000000001
0 0.828125 0.6359375000000002 0.8125 0.6359375000000002 0.8125 0.6515625000000002 0.828125 0.6515625000000002
2 0.6828125 0.634375 0.678125 0.634375 0.678125 0.6578125 0.6828125 0.6578125
2 0.6765625 0.6171875 0.6703125 0.6171875 0.6703125 0.6421875 0.6765625 0.6421875
2 0.6703125 0.6203125 0.6625 0.6203125 0.6625 0.6421875 0.6703125 0.6421875
2 0.6765625 0.6453125 0.6703125 0.6453125 0.6703125 0.665625 0.6765625 0.665625
2 0.8984375 0.5765625000000002 0.8828125 0.5765625000000002 0.8828125 0.5921875000000002 0.8984375 0.5921875000000002
0 0.8265625 0.5984375000000002 0.8140625 0.5984375000000002 0.8140625 0.6062500000000002 0.8265625 0.6062500000000002
2 0.13750000000000004 0.521875 0.12343750000000005 0.521875 0.12343750000000005 0.534375 0.13750000000000004 0.534375
2 0.975 0.909375 0.9671875 0.909375 0.9671875 0.9328125 0.975 0.9328125
6 0.7578125 0.3937500000000001 0.734375 0.3937500000000001 0.734375 0.40937500000000016 0.7578125 0.40937500000000016
2 0.98125 0.8484375 0.9671875 0.8484375 0.9671875 0.871875 0.98125 0.871875
6 0.53125 0.5140625 0.4890625 0.5140625 0.4890625 0.5296875 0.53125 0.5296875
0 0.70625 0.44375 0.696875 0.44375 0.696875 0.4546875 0.70625 0.4546875
5 1 0.5500000000000002 0.9296875 0.5500000000000002 0.9296875 0.5734375000000002 1 0.5734375000000002
2 0.99375 0.7968750000000002 0.978125 0.7968750000000002 0.978125 0.8265625 0.99375 0.8265625
0 0.8 0.5968750000000002 0.7875 0.5968750000000002 0.7875 0.6109375000000001 0.8 0.6109375000000001
6 0.734375 0.5953125000000001 0.709375 0.5953125 0.709375 0.6125 0.734375 0.6125000000000002
3 0.7609375 0.5921875000000002 0.740625 0.5921875000000002 0.740625 0.6062500000000002 0.7609375 0.6062500000000002
2 0.6078125 0.5578125 0.59375 0.5578125 0.59375 0.5703125 0.6078125 0.5703125
5 0.8109375 0.47968750000000016 0.7671875 0.47968750000000016 0.7671875 0.4984375000000002 0.8109375 0.4984375000000002
2 0.403125 0.4671875 0.3890625000000001 0.4671875 0.3890625000000001 0.48125 0.403125 0.48125
6 0.9390625 0.3984375000000001 0.9078125 0.3984375000000001 0.9078125 0.4156250000000002 0.9390625 0.4156250000000002
5 0.2171875000000001 0.490625 0.17187500000000006 0.490625 0.17187500000000006 0.5109375 0.2171875000000001 0.5109375
6 0.2171875000000001 0.45 0.18281250000000004 0.45 0.18281250000000004 0.4671875 0.2171875000000001 0.4671875
6 0.028125000000000067 0.5453125 0.0031250000000000665 0.5453125 0.003125000000000068 0.5625 0.028125000000000067 0.5625
6 0.10937500000000007 0.540625 0.07187500000000006 0.540625 0.07187500000000006 0.559375 0.10937500000000008 0.559375
6 0.2484375000000001 0.4703125 0.2140625000000001 0.4703125 0.2140625000000001 0.4859375 0.2484375000000001 0.4859375
4 0.628125 0.4 0.6203125 0.4 0.6203125 0.409375 0.628125 0.409375
4 0.6609375 0.5953125 0.6515625 0.5953125 0.6515625 0.603125 0.6609375 0.603125
6 0.5609375 0.5828125 0.525 0.5828125 0.525 0.5984375 0.5609375 0.5984375
2 0.584375 0.615625 0.571875 0.615625 0.571875 0.6265625 0.584375 0.6265625
3 0.45 0.5171875 0.4359375 0.5171875 0.4359375 0.528125 0.45 0.528125
3 0.4625 0.5375 0.440625 0.5375 0.440625 0.553125 0.4625 0.553125
5 0.78125 0.5265625000000002 0.7375 0.5265625000000002 0.7375 0.5468750000000002 0.78125 0.5468750000000002
2 0.775 0.5718750000000001 0.759375 0.5718750000000001 0.759375 0.5859375000000002 0.775 0.5859375000000002
4 0.775 0.5531250000000002 0.7671875 0.5531250000000002 0.7671875 0.5656250000000002 0.775 0.5656250000000002
2 0.8484375 0.5781250000000002 0.8328125 0.5781250000000002 0.8328125 0.5968750000000002 0.8484375 0.5968750000000002
6 0.9296875 0.5296875000000002 0.8890625 0.5296875000000002 0.8890625 0.5484375000000001 0.9296875 0.5484375000000001
6 0.8203125 0.5078125000000002 0.79375 0.5078125000000002 0.79375 0.5250000000000001 0.8203125 0.5250000000000001
6 0.8015625 0.42187500000000017 0.765625 0.42187500000000017 0.765625 0.4468750000000002 0.8015625 0.4468750000000002
6 0.884375 0.4031250000000002 0.853125 0.4031250000000002 0.853125 0.42187500000000017 0.884375 0.42187500000000017
6 1 0.3984375000000001 0.96875 0.3984375000000001 0.96875 0.41406250000000017 1 0.41406250000000017
2 0.95 0.37968750000000007 0.9375 0.37968750000000007 0.9375 0.39531250000000007 0.95 0.39531250000000007
0 0.9765625 0.3781250000000001 0.9671875 0.3781250000000001 0.9671875 0.38750000000000007 0.9765625 0.38750000000000007
4 0.459375 0.5578125 0.4515625 0.5578125 0.4515625 0.565625 0.459375 0.565625
2 0.9984375 0.86875 0.9859375 0.86875 0.9859375 0.8953125 0.9984375 0.8953125
6 0.9453125 0.5078125000000002 0.915625 0.5078125000000002 0.915625 0.5281250000000002 0.9453125 0.5281250000000002
2 0.971875 0.5281250000000002 0.953125 0.5281250000000002 0.953125 0.5421875000000002 0.971875 0.5421875000000002
4 0.7890625 0.5640625000000001 0.7828125 0.5640625000000001 0.7828125 0.5734375000000002 0.7890625 0.5734375000000002
3 0.21875000000000008 0.5578125 0.20468750000000008 0.5578125 0.20468750000000008 0.571875 0.21875000000000008 0.571875
3 0.22656250000000008 0.5328125 0.2093750000000001 0.5328125 0.2093750000000001 0.54375 0.22656250000000008 0.54375
2 0.18281250000000004 0.5203125 0.17031250000000003 0.5203125 0.17031250000000003 0.534375 0.18281250000000004 0.534375
2 0.15156250000000007 0.540625 0.13593750000000004 0.540625 0.13593750000000007 0.5546875 0.1515625000000001 0.5546875
4 0.1281250000000001 0.5515625 0.12343750000000009 0.5515625 0.12343750000000009 0.5625 0.1281250000000001 0.5625
3 0.10781250000000009 0.5609375 0.09531250000000006 0.5609375 0.09531250000000006 0.571875 0.10781250000000009 0.571875
5 0.09687500000000007 0.521875 0.042187500000000065 0.521875 0.042187500000000065 0.5390625 0.09687500000000007 0.5390625
4 0.14843750000000008 0.6125 0.1390625000000001 0.6125 0.1390625000000001 0.6203125 0.14843750000000008 0.6203125
4 0.2875000000000001 0.6046875 0.27812500000000007 0.6046875 0.27812500000000007 0.615625 0.2875000000000001 0.615625
2 0.14218750000000005 0.4796875 0.12343750000000005 0.4796875 0.12343750000000005 0.49375 0.14218750000000005 0.49375
6 0.12343750000000005 0.4953125 0.08906250000000007 0.4953125 0.08906250000000007 0.5109375 0.12343750000000005 0.5109375
4 0.07968750000000006 0.459375 0.07187500000000006 0.459375 0.07187500000000006 0.4671875 0.07968750000000006 0.4671875
4 0.13437500000000005 0.4703125 0.12500000000000006 0.4703125 0.12500000000000006 0.478125 0.13437500000000005 0.478125
2 0.9421875 0.48437500000000017 0.928125 0.48437500000000017 0.928125 0.4984375000000002 0.9421875 0.4984375000000002
2 0.93125 0.45312500000000017 0.915625 0.45312500000000017 0.915625 0.4671875000000002 0.93125 0.4671875000000002
6 1 0.4625000000000002 0.9671875 0.4625000000000002 0.9671875 0.4812500000000002 1 0.4812500000000002