2 0.78125 0.15781250000000008 0.753125 0.15781250000000008 0.753125 0.18906250000000008 0.78125 0.18906250000000008
2 0.790625 0.24218750000000008 0.7609375 0.24218750000000008 0.7609375 0.2687500000000001 0.790625 0.2687500000000001
2 0.9421875 0.3312500000000001 0.9125 0.3312500000000001 0.9125 0.3625000000000001 0.9421875 0.3625000000000001
4 0.6984375 0.3937500000000001 0.6859375 0.3937500000000001 0.6859375 0.4078125 0.6984375 0.4078125
4 0.690625 0.5375 0.6765625 0.5375 0.6765625 0.5515625 0.690625 0.5515625
2 0.625 0.48125 0.6 0.48125 0.6 0.5046875 0.625 0.5046875
0 0.5984375 0.5484375 0.5796875 0.5484375 0.5796875 0.565625 0.5984375 0.565625
2 0.509375 0.3593750000000001 0.484375 0.3593750000000001 0.484375 0.37968750000000007 0.509375 0.37968750000000007
4 0.4859375 0.5375 0.471875 0.5375 0.471875 0.5515625 0.4859375 0.5515625
6 0.4828125 0.575 0.440625 0.575 0.440625 0.60625 0.4828125 0.60625
3 0.33281250000000007 0.5390625 0.3125000000000001 0.5390625 0.3125000000000001 0.5625 0.33281250000000007 0.5625
4 0.1921875000000001 0.5703125 0.1781250000000001 0.5703125 0.1781250000000001 0.5859375 0.1921875000000001 0.5859375
4 0.26250000000000007 0.3625 0.2484375 0.3625 0.24843750000000003 0.375 0.26250000000000007 0.375
0 0.2015625000000001 0.3671875 0.18281250000000004 0.3671875 0.18281250000000004 0.384375 0.2015625000000001 0.384375
2 0.16093750000000004 0.240625 0.13750000000000004 0.240625 0.13750000000000004 0.284375 0.16093750000000004 0.284375
4 0.13281250000000006 0.4375 0.11875000000000005 0.4375 0.11875000000000005 0.453125 0.13281250000000006 0.453125
4 0.10156250000000004 0.43125 0.08593750000000004 0.43125 0.08593750000000004 0.4515625 0.10156250000000004 0.4515625
4 0.08906250000000007 0.4671875 0.07343750000000007 0.4671875 0.07343750000000007 0.4859375 0.08906250000000007 0.4859375
4 0.029687500000000054 0.4640625 0.010937500000000055 0.4640625 0.010937500000000057 0.478125 0.029687500000000054 0.478125
4 0.08906250000000007 0.5796875 0.07343750000000007 0.5796875 0.07343750000000007 0.5921875 0.08906250000000007 0.5921875
2 0.07187500000000006 0.521875 0.04687500000000007 0.521875 0.04687500000000007 0.5453125 0.07187500000000006 0.5453125
2 0.06562500000000007 0.5453125 0.03906250000000007 0.5453125 0.03906250000000007 0.565625 0.06562500000000007 0.565625
2 0.04531250000000007 0.5234375 0.020312500000000067 0.5234375 0.020312500000000067 0.546875 0.04531250000000007 0.546875
4 0.042187500000000065 0.5734375 0.03125000000000007 0.5734375 0.03125000000000007 0.584375 0.042187500000000065 0.584375
4 0.03750000000000007 0.565625 0.021875000000000068 0.565625 0.021875000000000068 0.5765625 0.03750000000000007 0.5765625
4 0.032812500000000064 0.55625 0.015625000000000066 0.55625 0.01562500000000007 0.5671875 0.032812500000000064 0.5671875
0 0.01718750000000007 0.56875 6.965178670150572e-17 0.56875 7.089556860688975e-17 0.5890625 0.01718750000000007 0.5890625
2 0.021875000000000075 0.590625 7.233070157464055e-17 0.590625 7.386151007357473e-17 0.615625 0.02187500000000008 0.615625
3 0.07968750000000005 0.2953125 0.05312500000000005 0.2953125 0.05312500000000005 0.3640625 0.07968750000000005 0.3640625
2 0.0921875 0.025000000000000012 0.0734375 0.025000000000000012 0.0734375 0.07031250000000001 0.0921875 0.07031250000000003
2 0.023437500000000007 0.021875000000000002 0.0031250000000000028 0.021875 0.0031250000000000054 0.06875 0.02343750000000001 0.06875
4 0.0234375 2.2005372172179004e-18 0.0125 1.5308084989341916e-18 0.0125 0.020312500000000004 0.0234375 0.020312500000000004
4 0.19218750000000004 0.4015625 0.17656250000000004 0.4015625 0.17656250000000004 0.41875 0.19218750000000004 0.41875