0 0.24375000000000008 0.6375 0.2296875000000001 0.6375 0.2296875000000001 0.6484375 0.24375000000000008 0.6484375
0 0.07968750000000009 0.6484375 0.06406250000000009 0.6484375 0.06406250000000009 0.6640625 0.07968750000000009 0.6640625
0 0.2796875000000001 0.740625 0.26250000000000007 0.740625 0.26250000000000007 0.75625 0.2796875000000001 0.75625
0 0.4546875 0.525 0.4421875 0.525 0.4421875 0.540625 0.4546875 0.540625
0 0.3812500000000001 0.5140625 0.37187500000000007 0.5140625 0.37187500000000007 0.5296875 0.3812500000000001 0.5296875
4 0.703125 0.475 0.6921875 0.475 0.6921875 0.4890625 0.703125 0.4890625
4 0.6390625 0.5625 0.628125 0.5625 0.628125 0.5765625 0.6390625 0.5765625
0 0.765625 0.3984375000000001 0.7546875 0.3984375000000001 0.7546875 0.4203125000000002 0.765625 0.4203125000000002
2 0.5234375 0.4359375 0.503125 0.4359375 0.503125 0.459375 0.5234375 0.459375
0 0.1937500000000001 0.6625 0.1781250000000001 0.6625 0.1781250000000001 0.6765625 0.1937500000000001 0.6765625
4 0.4265625 0.5484375 0.415625 0.5484375 0.415625 0.5640625 0.4265625 0.5640625
2 0.3109375 0.2375 0.290625 0.2375 0.290625 0.2578125 0.3109375 0.2578125
2 0.2578125 0.2421875 0.234375 0.2421875 0.234375 0.2703125 0.2578125 0.2703125
2 0.2296875000000001 0.3921875 0.2093750000000001 0.3921875 0.2093750000000001 0.421875 0.2296875000000001 0.421875
0 0.5515625 0.48125 0.5375 0.48125 0.5375 0.4953125 0.5515625 0.4953125
4 0.765625 0.6953125000000002 0.7578125 0.6953125000000002 0.7578125 0.7078125000000002 0.765625 0.7078125000000002
4 0.671875 0.615625 0.6640625 0.615625 0.6640625 0.634375 0.671875 0.634375
4 0.3703125000000001 0.6453125 0.3578125000000001 0.6453125 0.3578125000000001 0.665625 0.3703125000000001 0.665625
4 0.6703125 0.29375000000000007 0.6609375 0.29375000000000007 0.6609375 0.3125000000000001 0.6703125 0.3125000000000001
4 0.5703125 0.6015625 0.5609375 0.6015625 0.5609375 0.6203125 0.5703125 0.6203125
0 0.7609375 0.4890625000000002 0.753125 0.4890625000000002 0.753125 0.5078125000000002 0.7609375 0.5078125000000002
0 0.7796875 0.40937500000000016 0.76875 0.40937500000000016 0.76875 0.4343750000000002 0.7796875 0.4343750000000002
4 0.7671875 0.1625000000000001 0.7578125 0.1625000000000001 0.7578125 0.17343750000000008 0.7671875 0.17343750000000008
0 0.784375 0.1218750000000001 0.7734375 0.1218750000000001 0.7734375 0.14062500000000008 0.784375 0.14062500000000008
4 0.7046875000000001 0.8 0.6921875000000002 0.8 0.6921875000000002 0.8125 0.7046875000000001 0.8125
4 0.653125 0.590625 0.6453125 0.590625 0.6453125 0.60625 0.653125 0.60625
4 0.3125 0.3015625 0.303125 0.3015625 0.303125 0.3171875 0.3125 0.3171875
4 0.2515625000000001 0.7078125 0.2406250000000001 0.7078125 0.2406250000000001 0.7234375 0.2515625000000001 0.7234375
3 0.2078125000000001 0.753125 0.1937500000000001 0.753125 0.1937500000000001 0.775 0.2078125000000001 0.775
0 0.16562500000000008 0.6484375 0.1531250000000001 0.6484375 0.1531250000000001 0.6640625 0.16562500000000008 0.6640625
4 0.521875 0.471875 0.5125 0.471875 0.5125 0.4828125 0.521875 0.4828125
4 0.584375 0.3656250000000001 0.5734375 0.3656250000000001 0.5734375 0.3812500000000001 0.584375 0.3812500000000001
4 0.7140625 0.4578125 0.7046875 0.4578125 0.7046875 0.4734375 0.7140625 0.4734375
4 0.765625 0.05156250000000009 0.753125 0.05156250000000009 0.753125 0.0671875000000001 0.765625 0.0671875000000001
4 0.896875 0.8671875 0.884375 0.8671875 0.884375 0.8828125 0.896875 0.8828125
0 0.2750000000000001 0.6859375 0.2640625000000001 0.6859375 0.2640625000000001 0.7 0.2750000000000001 0.7
4 0.6203125 0.434375 0.6109375 0.434375 0.6109375 0.453125 0.6203125 0.453125
4 0.5828125 0.4609375 0.5734375 0.4609375 0.5734375 0.4734375 0.5828125 0.4734375
4 0.5625 0.6265625 0.55625 0.6265625 0.55625 0.6453125 0.5625 0.6453125
4 0.63125 0.5296875 0.621875 0.5296875 0.621875 0.54375 0.63125 0.54375
4 0.6046875 0.5578125 0.5984375 0.5578125 0.5984375 0.5703125 0.6046875 0.5703125
0 0.7484375 0.4125000000000002 0.7359375 0.4125000000000002 0.7359375 0.4312500000000002 0.7484375 0.4312500000000002
0 0.7515625 0.11562500000000009 0.7375 0.11562500000000009 0.7375 0.14218750000000008 0.7515625 0.14218750000000008
4 0.7921875 0.2906250000000001 0.7796875 0.2906250000000001 0.7796875 0.3046875000000001 0.7921875 0.3046875000000001
0 0.2531250000000001 0.6125 0.2390625000000001 0.6125 0.2390625000000001 0.6265625 0.2531250000000001 0.6265625
2 0.184375 0.10937500000000003 0.1640625 0.109375 0.1640625 0.13906250000000003 0.184375 0.13906250000000003
4 0.4625 0.56875 0.4515625 0.56875 0.4515625 0.5875 0.4625 0.5875
4 0.75 0.4343750000000002 0.7359375 0.4343750000000002 0.7359375 0.4515625000000002 0.75 0.4515625000000002
4 0.6296875 0.5453125 0.621875 0.5453125 0.621875 0.5640625 0.6296875 0.5640625
4 0.4390625 0.465625 0.4296875 0.465625 0.4296875 0.478125 0.4390625 0.478125
0 0.17343750000000008 0.7296875 0.1625000000000001 0.7296875 0.1625000000000001 0.740625 0.17343750000000008 0.740625
4 0.4109375 0.5359375 0.4 0.5359375 0.4 0.55 0.4109375 0.55
0 0.4875 0.5203125 0.475 0.5203125 0.475 0.534375 0.4875 0.534375
4 0.5421875 0.4578125 0.534375 0.4578125 0.534375 0.475 0.5421875 0.475
0 0.2468750000000001 0.6953125 0.2312500000000001 0.6953125 0.2312500000000001 0.70625 0.2468750000000001 0.70625
0 0.2953125000000001 0.5578125 0.2812500000000001 0.5578125 0.2812500000000001 0.571875 0.2953125000000001 0.571875
0 0.425 0.5 0.4140625 0.5 0.4140625 0.51875 0.425 0.51875
4 0.7359375 0.1593750000000001 0.7265625 0.1593750000000001 0.7265625 0.17968750000000008 0.7359375 0.17968750000000008
4 0.921875 0.02187500000000011 0.9140625 0.02187500000000011 0.9140625 0.04687500000000011 0.921875 0.04687500000000011
4 0.471875 0.4046875 0.4640625 0.4046875 0.4640625 0.4203125 0.471875 0.4203125
4 0.7718750000000001 0.7171875000000002 0.7625 0.7171875000000002 0.7625000000000001 0.7296875000000002 0.7718750000000002 0.7296875000000002
4 0.90625 0.88125 0.9 0.88125 0.9 0.896875 0.90625 0.896875
4 0.80625 0.7218750000000002 0.796875 0.7218750000000002 0.7968750000000001 0.7390625000000002 0.80625 0.7390625000000002
4 0.846875 0.815625 0.8375 0.815625 0.8375 0.8265625 0.846875 0.8265625
4 0.7125000000000001 0.8140625 0.7015625000000002 0.8140625 0.7015625000000002 0.825 0.7125000000000001 0.825
0 0.865625 0.8140625 0.8515625 0.8140625 0.8515625 0.834375 0.865625 0.834375
4 0.596875 0.5140625 0.5859375 0.5140625 0.5859375 0.5328125 0.596875 0.5328125
4 0.878125 0.12500000000000008 0.865625 0.12500000000000008 0.865625 0.1390625000000001 0.878125 0.1390625000000001
0 0.553125 0.615625 0.534375 0.615625 0.534375 0.6375 0.553125 0.6375
2 0.3859375000000001 0.36406250000000007 0.3671875000000001 0.36406250000000007 0.3671875000000001 0.3937500000000001 0.3859375000000001 0.3937500000000001
2 0.5296875 0.5515625 0.5125 0.5515625 0.5125 0.5859375 0.5296875 0.5859375
4 0.6140625 0.5890625 0.60625 0.5890625 0.60625 0.603125 0.6140625 0.603125
2 0.146875 0.1484375 0.1265625 0.1484375 0.1265625 0.1734375 0.146875 0.1734375
4 0.5140625 0.415625 0.5046875 0.415625 0.5046875 0.4265625 0.5140625 0.4265625
4 0.4984375 0.40625 0.4890625 0.40625 0.4890625 0.4171875 0.4984375 0.4171875
4 0.559375 0.3890625000000001 0.55 0.3890625000000001 0.55 0.4 0.559375 0.4
2 0.43125 0.5171875 0.415625 0.5171875 0.415625 0.5390625 0.43125 0.5390625
4 0.76875 0.3437500000000001 0.7578125 0.3437500000000001 0.7578125 0.3578125000000001 0.76875 0.3578125000000001
0 0.8796875 0.8 0.865625 0.8 0.865625 0.81875 0.8796875 0.81875
4 0.7109375 0.6796875 0.703125 0.6796875 0.703125 0.6984375 0.7109375 0.6984375
4 0.4609375 0.3750000000000001 0.4515625 0.3750000000000001 0.4515625 0.3890625000000001 0.4609375 0.3890625000000001
4 0.615625 0.5265625 0.60625 0.5265625 0.60625 0.5421875 0.615625 0.5421875
3 0.6662677097375387 0.6393398918404088 0.6491974421875 0.6193877671875001 0.6416387183016823 0.6258547195202666 0.658708985851721 0.6458068441731752
2 0.6515625 0.38750000000000007 0.63125 0.38750000000000007 0.63125 0.4234375 0.6515625 0.4234375
0 0.23437500000000008 0.5828125 0.2234375000000001 0.5828125 0.2234375000000001 0.6 0.23437500000000008 0.6
4 0.3437500000000001 0.5328125 0.3296875000000001 0.5328125 0.3296875000000001 0.54375 0.3437500000000001 0.54375
4 0.10468750000000004 0.2015625 0.09375000000000003 0.2015625 0.09375000000000003 0.2203125 0.10468750000000004 0.2203125
0 0.2906250000000001 0.4640625 0.27812500000000007 0.4640625 0.27812500000000007 0.4796875 0.2906250000000001 0.4796875
2 0.4875 0.428125 0.46875 0.428125 0.46875 0.459375 0.4875 0.459375
0 0.10468750000000004 0.2609375 0.08437500000000002 0.2609375 0.08437500000000003 0.2890625 0.10468750000000004 0.2890625
4 0.6375 0.584375 0.6296875 0.584375 0.6296875 0.603125 0.6375 0.603125
4 0.625 0.584375 0.61875 0.584375 0.61875 0.6015625 0.625 0.6015625
3 0.575 0.6828125 0.559375 0.6828125 0.559375 0.703125 0.575 0.703125
4 0.665625 0.5609375 0.6515625 0.5609375 0.6515625 0.58125 0.665625 0.58125
3 0.7031250000000002 0.8140625 0.6843750000000002 0.8140625 0.6843750000000002 0.84375 0.7031250000000002 0.84375
0 0.7031250000000002 0.7796875 0.6906250000000002 0.7796875 0.6906250000000002 0.796875 0.7031250000000002 0.796875
0 0.634375 0.703125 0.61875 0.703125 0.61875 0.725 0.634375 0.725
2 0.7437500000000001 0.8109375 0.7250000000000002 0.8109375 0.7250000000000002 0.8390625 0.7437500000000001 0.8390625
3 0.40625 0.553125 0.3906250000000001 0.553125 0.3906250000000001 0.5734375 0.40625 0.5734375
4 0.659375 0.2750000000000001 0.65 0.2750000000000001 0.65 0.2968750000000001 0.659375 0.2968750000000001
4 0.853125 0.1531250000000001 0.84375 0.1531250000000001 0.84375 0.1687500000000001 0.853125 0.1687500000000001
4 0.8734375 0.16406250000000008 0.8640625 0.16406250000000008 0.8640625 0.1843750000000001 0.8734375 0.1843750000000001
4 0.790625 0.0359375000000001 0.7765625 0.0359375000000001 0.7765625 0.057812500000000086 0.790625 0.057812500000000086
4 0.6421875 0.30937500000000007 0.63125 0.30937500000000007 0.63125 0.3281250000000001 0.6421875 0.3281250000000001
4 0.5828125 0.4421875 0.575 0.4421875 0.575 0.4578125 0.5828125 0.4578125
4 0.45625 0.3937500000000001 0.446875 0.3937500000000001 0.446875 0.4125 0.45625 0.4125
4 0.459375 0.459375 0.4453125 0.459375 0.4453125 0.475 0.459375 0.475
4 0.4765625 0.496875 0.465625 0.496875 0.465625 0.515625 0.4765625 0.515625
4 0.7546875 0.08906250000000009 0.7421875 0.08906250000000009 0.7421875 0.10312500000000009 0.7546875 0.10312500000000009
4 0.7484375 0.0671875000000001 0.7390625 0.0671875000000001 0.7390625 0.08593750000000008 0.7484375 0.08593750000000008
4 0.7390625 0.0828125000000001 0.7296875 0.0828125000000001 0.7296875 0.10156250000000008 0.7390625 0.10156250000000008
4 0.728125 0.11562500000000009 0.71875 0.11562500000000009 0.71875 0.1296875000000001 0.728125 0.1296875000000001
0 0.7203125 0.14218750000000008 0.709375 0.14218750000000008 0.709375 0.1671875000000001 0.7203125 0.1671875000000001
2 0.5359375 0.5234375 0.525 0.5234375 0.525 0.5375 0.5359375 0.5375
0 0.74375 0.6921875000000002 0.7328125 0.6921875000000002 0.7328125 0.7203125000000001 0.74375 0.7203125000000001
0 0.771875 0.6671875000000002 0.759375 0.6671875000000002 0.759375 0.6890625000000001 0.771875 0.6890625000000001
0 0.7328125 0.6640625000000001 0.71875 0.6640625 0.71875 0.6890625000000001 0.7328125 0.6890625000000001
4 0.3234375000000001 0.64375 0.30937500000000007 0.64375 0.30937500000000007 0.659375 0.3234375000000001 0.659375
4 0.3921875000000001 0.64375 0.37968750000000007 0.64375 0.37968750000000007 0.66875 0.3921875000000001 0.66875
2 0.821875 0.2218750000000001 0.8046875 0.2218750000000001 0.8046875 0.2718750000000001 0.821875 0.2718750000000001
5 0.6875 0.4828125 0.653125 0.4828125 0.653125 0.54375 0.6875 0.54375
5 0.6984375 0.22812500000000008 0.6640625 0.22812500000000008 0.6640625 0.2921875000000001 0.6984375 0.2921875000000001
3 0.79375 0.2515625000000001 0.775 0.2515625000000001 0.775 0.2875000000000001 0.79375 0.2875000000000001
2 0.621875 0.54375 0.6046875 0.54375 0.6046875 0.578125 0.621875 0.578125
2 0.3062500000000001 0.525 0.27812500000000007 0.525 0.27812500000000007 0.5515625 0.3062500000000001 0.5515625
2 0.3359375 0.3171875 0.3125 0.3171875 0.3125 0.3609375 0.3359375 0.3609375
2 0.359375 0.30625 0.3328125 0.30625 0.3328125 0.3421875 0.359375 0.3421875
1 0.2000000000000001 0.6984375 0.13281250000000008 0.6984375 0.13281250000000008 0.7375 0.2000000000000001 0.7375
2 0.7125 0.5953125 0.6921875 0.5953125 0.6921875 0.634375 0.7125 0.634375
2 0.7328125 0.6156250000000001 0.7140625 0.615625 0.7140625 0.6562500000000001 0.7328125 0.6562500000000002
2 0.703125 0.6390625 0.6765625 0.6390625 0.6765625 0.6734375 0.703125 0.6734375
5 0.821875 0.7578125000000002 0.7906250000000001 0.7578125000000002 0.7906250000000001 0.8015625 0.821875 0.8015625
3 0.871875 0.7609375000000002 0.846875 0.7609375000000002 0.846875 0.7953125000000002 0.871875 0.7953125000000002
0 0.9171875 0.8640625 0.903125 0.8640625 0.903125 0.8859375 0.9171875 0.8859375
3 0.7812500000000002 0.89375 0.7578125000000002 0.89375 0.7578125000000002 0.928125 0.7812500000000002 0.928125
2 0.8640625 0.9375 0.834375 0.9375 0.834375 0.984375 0.8640625 0.984375
2 0.975 0.953125 0.9546875 0.953125 0.9546875 0.9875 0.975 0.9875
2 0.259375 0.3578125 0.2328125 0.3578125 0.23281250000000003 0.396875 0.2593750000000001 0.396875
0 0.578125 0.4015625 0.5609375 0.4015625 0.5609375 0.425 0.578125 0.425
0 0.56875 0.4359375 0.553125 0.4359375 0.553125 0.465625 0.56875 0.465625
0 0.6171875 0.3734375000000001 0.596875 0.3734375000000001 0.596875 0.4046875 0.6171875 0.4046875
3 0.6234375 0.3312500000000001 0.6046875 0.3312500000000001 0.6046875 0.3609375000000001 0.6234375 0.3609375000000001
3 0.5375 0.49375 0.521875 0.49375 0.521875 0.5203125 0.5375 0.5203125