2 0.04531250000000007 0.521875 0.029687500000000068 0.521875 0.029687500000000068 0.5625 0.04531250000000007 0.5625
2 0.21875000000000008 0.36875 0.2093750000000001 0.36875 0.2093750000000001 0.4078125 0.21875000000000008 0.4078125
2 0.22812500000000008 0.4640625 0.21875000000000008 0.4640625 0.21875000000000008 0.509375 0.22812500000000008 0.509375
2 0.2390625 0.234375 0.228125 0.234375 0.228125 0.278125 0.2390625 0.278125
2 0.2203125 0.2890625 0.2109375 0.2890625 0.2109375 0.315625 0.2203125 0.315625
2 0.05468750000000002 0.2015625 0.042187500000000024 0.2015625 0.04218750000000003 0.2359375 0.05468750000000002 0.2359375
2 0.06718750000000008 0.625 0.04218750000000008 0.625 0.04218750000000008 0.646875 0.0671875000000001 0.646875
2 0.459375 0.4890625 0.4453125 0.4890625 0.4453125 0.5265625 0.459375 0.5265625
2 0.4265625 0.4984375 0.415625 0.4984375 0.415625 0.5328125 0.4265625 0.5328125
2 0.4296875 0.45625 0.41875 0.45625 0.41875 0.4921875 0.4296875 0.4921875
2 0.471875 0.2812500000000001 0.4609375 0.2812500000000001 0.4609375 0.3265625000000001 0.471875 0.3265625000000001
2 0.5375 0.2328125000000001 0.5234375 0.2328125000000001 0.5234375 0.27031250000000007 0.5375 0.27031250000000007
2 0.5234375 0.2453125000000001 0.515625 0.2453125000000001 0.515625 0.2718750000000001 0.5234375 0.2718750000000001
2 0.22812500000000008 0.5015625 0.21875000000000008 0.5015625 0.21875000000000008 0.546875 0.22812500000000008 0.546875
2 0.2093750000000001 0.7125 0.18906250000000008 0.7125 0.18906250000000008 0.7328125 0.2093750000000001 0.7328125
2 0.43125 0.6078125 0.415625 0.6078125 0.415625 0.634375 0.43125 0.634375
2 0.46875 0.59375 0.453125 0.59375 0.453125 0.6109375 0.46875 0.6109375
2 0.45 0.6234375 0.4359375 0.6234375 0.4359375 0.6453125 0.45 0.6453125
2 0.4578125 0.6640625 0.446875 0.6640625 0.446875 0.696875 0.4578125 0.696875
2 0.471875 0.6140625 0.4625 0.6140625 0.4625 0.646875 0.471875 0.646875
2 0.4046875000000002 0.7578125 0.3906250000000001 0.7578125 0.3906250000000001 0.7921875 0.4046875000000002 0.7921875
2 0.4593750000000002 0.7625 0.4500000000000002 0.7625 0.4500000000000002 0.8015625 0.4593750000000002 0.8015625
2 0.4468750000000002 0.8046875 0.4312500000000002 0.8046875 0.4312500000000002 0.85 0.4468750000000002 0.85
2 0.4515625000000002 0.86875 0.44062500000000016 0.86875 0.44062500000000016 0.909375 0.4515625000000002 0.909375
2 0.46875 0.64375 0.45625 0.64375 0.45625 0.6890625 0.46875 0.6890625
2 0.5296875 0.3281250000000001 0.5171875 0.3281250000000001 0.5171875 0.3687500000000001 0.5296875 0.3687500000000001
2 0.546875 0.3468750000000001 0.53125 0.3468750000000001 0.53125 0.37968750000000007 0.546875 0.37968750000000007
2 0.5265625 0.3687500000000001 0.5171875 0.3687500000000001 0.5171875 0.409375 0.5265625 0.409375
2 0.5609375 0.428125 0.54375 0.428125 0.54375 0.4578125 0.5609375 0.4578125
2 0.5546875 0.44375 0.53125 0.44375 0.53125 0.46875 0.5546875 0.46875
2 0.5453125 0.45625 0.5265625 0.45625 0.5265625 0.484375 0.5453125 0.484375
6 0.5296875 0.409375 0.5171875 0.409375 0.5171875 0.4703125 0.5296875 0.4703125
2 0.5421875 0.5078125 0.528125 0.5078125 0.528125 0.5421875 0.5421875 0.5421875
2 0.6171875 0.48125 0.5921875 0.48125 0.5921875 0.50625 0.6171875 0.50625
2 0.7046875 0.45625 0.675 0.45625 0.675 0.4828125 0.7046875 0.4828125
2 0.684375 0.4984375 0.6640625 0.4984375 0.6640625 0.525 0.684375 0.525
2 0.7015625 0.5046875 0.68125 0.5046875 0.68125 0.5359375 0.7015625 0.5359375
2 0.696875 0.5265625 0.6828125 0.5265625 0.6828125 0.5671875 0.696875 0.5671875
2 0.5265625 0.55625 0.5125 0.55625 0.5125 0.5953125 0.5265625 0.5953125
2 0.5546875000000001 0.725 0.5359375 0.725 0.5359375000000001 0.7609375 0.5546875000000002 0.7609375
2 0.5390625000000002 0.7296875 0.5265625000000002 0.7296875 0.5265625000000002 0.7578125 0.5390625000000002 0.7578125
2 0.5468750000000002 0.7546875 0.5359375000000002 0.7546875 0.5359375000000002 0.7859375 0.5468750000000002 0.7859375
2 0.5359375000000002 0.834375 0.5218750000000002 0.834375 0.5218750000000002 0.865625 0.5359375000000002 0.865625
2 0.5296875000000002 0.9109375 0.5156250000000002 0.9109375 0.5156250000000002 0.95625 0.5296875000000002 0.95625
2 0.84375 0.5171875000000001 0.8234375 0.5171875000000001 0.8234375 0.5359375000000002 0.84375 0.5359375000000002
2 0.9078125 0.5218750000000002 0.8859375 0.5218750000000002 0.8859375 0.5406250000000001 0.9078125 0.5406250000000001
2 0.8125 0.27812500000000007 0.796875 0.27812500000000007 0.796875 0.3140625000000001 0.8125 0.3140625000000001
2 0.8171875 0.21250000000000008 0.803125 0.21250000000000008 0.803125 0.2312500000000001 0.8171875 0.2312500000000001
2 0.8765625 0.1218750000000001 0.8671875 0.1218750000000001 0.8671875 0.16562500000000008 0.8765625 0.16562500000000008
2 0.871875 0.2015625000000001 0.8640625 0.2015625000000001 0.8640625 0.23593750000000008 0.871875 0.23593750000000008
2 0.93125 0.3265625000000001 0.9078125 0.3265625000000001 0.9078125 0.34843750000000007 0.93125 0.34843750000000007
2 0.7171875 0.2671875000000001 0.70625 0.2671875000000001 0.70625 0.2984375000000001 0.7171875 0.2984375000000001
2 0.578125 0.19531250000000008 0.5625 0.19531250000000008 0.5625 0.22031250000000008 0.578125 0.22031250000000008
2 0.58125 0.1750000000000001 0.5609375 0.1750000000000001 0.5609375 0.2000000000000001 0.58125 0.2000000000000001
2 0.5828125 0.1546875000000001 0.55625 0.1546875000000001 0.55625 0.17187500000000008 0.5828125 0.17187500000000008
2 0.58125 0.1390625000000001 0.55625 0.1390625000000001 0.55625 0.1546875000000001 0.58125 0.1546875000000001
2 0.5765625 0.12500000000000008 0.559375 0.12500000000000008 0.559375 0.1437500000000001 0.5765625 0.1437500000000001
2 0.578125 0.10781250000000009 0.5625 0.10781250000000009 0.5625 0.12343750000000009 0.578125 0.12343750000000009
2 0.5921875 0.08750000000000006 0.571875 0.08750000000000006 0.571875 0.10781250000000009 0.5921875 0.10781250000000009
2 0.5953125 0.037500000000000075 0.578125 0.03750000000000007 0.578125 0.06562500000000007 0.5953125 0.06562500000000007
2 0.63125 0.001562500000000076 0.6109375 0.001562500000000075 0.6109375 0.020312500000000074 0.63125 0.020312500000000077
2 0.63125 0.021875000000000075 0.6109375 0.02187500000000007 0.6109375 0.04062500000000008 0.63125 0.04062500000000008
2 0.6265625 0.04218750000000008 0.6 0.04218750000000008 0.6 0.06562500000000007 0.6265625 0.06562500000000007
2 0.5296875 0.020312500000000063 0.515625 0.02031250000000006 0.515625 0.05468750000000007 0.5296875 0.05468750000000007
2 0.5390625 0.14843750000000006 0.528125 0.14843750000000006 0.528125 0.18750000000000006 0.5390625 0.18750000000000006
2 0.4609375 0.054687500000000056 0.4515625 0.05468750000000004 0.4515625 0.09062500000000005 0.4609375 0.09062500000000007
3 0.59375 0.2390625000000001 0.575 0.2390625000000001 0.575 0.28593750000000007 0.59375 0.28593750000000007
2 0.4140625 0.14687500000000003 0.4015625 0.14687500000000003 0.4015625 0.18281250000000004 0.4140625 0.18281250000000004
2 0.4203125 0.15937500000000004 0.4109375 0.15937500000000004 0.4109375 0.2000000000000001 0.4203125 0.2000000000000001
2 0.4390625 0.16718750000000004 0.4234375 0.16718750000000004 0.4234375 0.19062500000000004 0.4390625 0.19062500000000004
2 0.36875 0.042187500000000044 0.359375 0.042187500000000044 0.359375 0.07500000000000004 0.36875 0.07500000000000004
2 0.346875 0.035937500000000046 0.3359375 0.035937500000000046 0.3359375 0.07187500000000005 0.346875 0.07187500000000005
2 0.3515625 0.09375000000000004 0.33125 0.09375000000000004 0.33125 0.10937500000000004 0.3515625 0.10937500000000004
2 0.3203125 0.09375000000000004 0.3046875 0.09375000000000004 0.3046875 0.10781250000000005 0.3203125 0.10781250000000005
2 0.3046875 0.08281250000000004 0.2875 0.08281250000000004 0.2875 0.10156250000000004 0.3046875 0.10156250000000004
2 0.4421875 0.3968750000000001 0.4265625 0.3968750000000001 0.4265625 0.4296875 0.4421875 0.4296875
3 0.7140625 0.2984375000000001 0.7 0.2984375000000001 0.7 0.3187500000000001 0.7140625 0.3187500000000001
2 0.2375 0.057812500000000024 0.21875 0.057812500000000024 0.21875 0.08593750000000003 0.2375 0.08593750000000003
2 0.203125 0.050000000000000024 0.184375 0.050000000000000024 0.184375 0.06875000000000002 0.203125 0.06875000000000002
2 0.2234375 0.051562500000000025 0.196875 0.051562500000000025 0.196875 0.07187500000000002 0.2234375 0.07187500000000002
2 0.1984375 0.07500000000000002 0.178125 0.07500000000000002 0.178125 0.10468750000000002 0.1984375 0.10468750000000004
2 0.109375 0.021875000000000012 0.0859375 0.021875000000000012 0.0859375 0.04062500000000001 0.109375 0.04062500000000001
2 0.05625000000000001 0.0640625 0.04531250000000001 0.0640625 0.04531250000000001 0.1 0.05625000000000002 0.1
2 0.05312500000000002 0.096875 0.04218750000000001 0.096875 0.04218750000000002 0.1421875 0.05312500000000002 0.1421875
0 0.6984375 0.3078125000000001 0.6875 0.3078125000000001 0.6875 0.32500000000000007 0.6984375 0.32500000000000007
0 0.65625 0.3031250000000001 0.6375 0.3031250000000001 0.6375 0.3187500000000001 0.65625 0.3187500000000001
0 0.559375 0.11250000000000009 0.5515625 0.11250000000000009 0.5515625 0.1437500000000001 0.559375 0.1437500000000001
0 0.578125 0.020312500000000074 0.5703125 0.020312500000000074 0.5703125 0.042187500000000065 0.578125 0.042187500000000065
0 0.5609375 0.029687500000000068 0.5515625 0.029687500000000068 0.5515625 0.05468750000000007 0.5609375 0.05468750000000007
0 0.7328125 0.5109375 0.7171875 0.5109375 0.7171875 0.5218750000000001 0.7328125 0.5218750000000002
0 0.5375 0.5390625 0.5265625 0.5390625 0.5265625 0.559375 0.5375 0.559375
0 0.53125 0.625 0.5171875 0.625 0.5171875 0.6515625 0.53125 0.6515625
0 0.55 0.6375 0.5375 0.6375 0.5375 0.671875 0.55 0.671875
0 0.45625 0.3781250000000001 0.446875 0.3781250000000001 0.446875 0.4046875 0.45625 0.4046875
0 0.4671875 0.16406250000000006 0.4546875 0.16406250000000006 0.4546875 0.20468750000000008 0.4671875 0.20468750000000008
0 0.5390625000000002 0.78125 0.5296875000000002 0.78125 0.5296875000000002 0.809375 0.5390625000000002 0.809375
0 0.5437500000000002 0.80625 0.5390625000000002 0.80625 0.5390625000000002 0.8359375 0.5437500000000002 0.8359375
0 0.5500000000000002 0.8203125 0.5390625000000002 0.8203125 0.5390625000000002 0.85625 0.5500000000000002 0.85625
0 0.5500000000000002 0.8421875 0.5359375000000002 0.8421875 0.5359375000000002 0.8765625 0.5500000000000002 0.8765625
0 0.5500000000000002 0.8671875 0.5390625000000002 0.8671875 0.5390625000000002 0.8953125 0.5500000000000002 0.8953125
0 0.5468750000000002 0.890625 0.5390625000000002 0.890625 0.5390625000000002 0.91875 0.5468750000000002 0.91875
0 0.5437500000000002 0.9453125 0.5343750000000002 0.9453125 0.5343750000000002 0.975 0.5437500000000002 0.975
0 0.5343750000000002 0.953125 0.5234375000000002 0.953125 0.5234375000000002 0.9734375 0.5343750000000002 0.9734375
0 0.5328125000000001 0.9734375 0.5203125000000002 0.9734375 0.5203125000000002 0.99375 0.5328125000000001 0.99375
0 0.4 0.696875 0.3890625000000001 0.696875 0.3890625000000001 0.715625 0.4 0.715625
0 0.421875 0.5859375 0.409375 0.5859375 0.409375 0.6078125 0.421875 0.6078125
0 0.403125 0.5921875 0.3921875000000001 0.5921875 0.3921875000000001 0.6140625 0.403125 0.6140625
0 0.4015625 0.61875 0.3921875000000001 0.61875 0.3921875000000001 0.634375 0.4015625 0.634375
3 0.4625 0.5703125 0.4484375 0.5703125 0.4484375 0.5890625 0.4625 0.5890625
0 0.3625000000000001 0.6765625 0.3437500000000001 0.6765625 0.3437500000000001 0.7 0.3625000000000001 0.7
4 0.02968750000000008 0.653125 0.014062500000000078 0.653125 0.01406250000000008 0.6796875 0.02968750000000008 0.6796875
4 0.10781250000000009 0.65625 0.09218750000000009 0.65625 0.09218750000000009 0.6765625 0.10781250000000009 0.6765625
4 0.2093750000000001 0.6765625 0.19531250000000008 0.6765625 0.19531250000000008 0.7 0.2093750000000001 0.7
4 0.3109375000000001 0.6328125 0.2984375000000001 0.6328125 0.2984375000000001 0.6453125 0.3109375000000001 0.6453125
4 0.33281250000000007 0.625 0.3187500000000001 0.625 0.3187500000000001 0.64375 0.33281250000000007 0.64375
4 0.3593750000000001 0.59375 0.34843750000000007 0.59375 0.34843750000000007 0.6125 0.3593750000000001 0.6125
4 0.3890625000000001 0.6234375 0.3781250000000001 0.6234375 0.3781250000000001 0.65 0.3890625000000001 0.65
4 0.38750000000000007 0.6765625 0.3734375000000001 0.6765625 0.3734375000000001 0.6875 0.38750000000000007 0.6875
4 0.4453125 0.70625 0.440625 0.70625 0.440625 0.7234375 0.4453125 0.7234375
4 0.4609375000000001 0.7234375 0.4484375 0.7234375 0.4484375000000001 0.74375 0.46093750000000017 0.74375
4 0.5171875000000001 0.8109375 0.5062500000000002 0.8109375 0.5062500000000002 0.8328125 0.5171875000000001 0.8328125
4 0.5125000000000002 0.925 0.5031250000000002 0.925 0.5031250000000002 0.946875 0.5125000000000002 0.946875
4 0.5234375000000002 0.765625 0.5125000000000002 0.765625 0.5125000000000002 0.796875 0.5234375000000002 0.796875
4 0.5218750000000002 0.7265625 0.5140625000000002 0.7265625 0.5140625000000002 0.7453125 0.5218750000000002 0.7453125
4 0.5375000000000002 0.7609375 0.5265625000000002 0.7609375 0.5265625000000002 0.7859375 0.5375000000000002 0.7859375
4 0.5296875 0.659375 0.521875 0.659375 0.521875 0.69375 0.5296875 0.69375
4 0.5390625 0.65 0.5328125 0.65 0.5328125 0.675 0.5390625 0.675
4 0.4390625 0.6859375 0.4296875 0.6859375 0.4296875 0.7 0.4390625 0.7
4 0.425 0.6796875 0.415625 0.6796875 0.415625 0.7078125 0.425 0.7078125
4 0.4171875 0.7 0.4078125 0.7 0.4078125 0.7234375 0.4171875 0.7234375
4 0.4328125 0.6359375 0.421875 0.6359375 0.421875 0.65625 0.4328125 0.65625
4 0.43125 0.6515625 0.425 0.6515625 0.425 0.6734375 0.43125 0.6734375
4 0.4046875 0.6328125 0.3859375000000001 0.6328125 0.3859375000000001 0.6515625 0.4046875 0.6515625
4 0.4453125 0.553125 0.43125 0.553125 0.43125 0.578125 0.4453125 0.578125
4 0.45 0.56875 0.4390625 0.56875 0.4390625 0.5890625 0.45 0.5890625
4 0.453125 0.540625 0.4375 0.540625 0.4375 0.55625 0.453125 0.55625
4 0.46875 0.528125 0.453125 0.528125 0.453125 0.55625 0.46875 0.55625
4 0.4609375 0.4046875 0.4453125 0.4046875 0.4453125 0.4265625 0.4609375 0.4265625
4 0.5625 0.4734375 0.5515625 0.4734375 0.5515625 0.4953125 0.5625 0.4953125
4 0.56875 0.4953125 0.5578125 0.4953125 0.5578125 0.5234375 0.56875 0.5234375
4 0.6375 0.4765625 0.6265625 0.4765625 0.6265625 0.4859375 0.6375 0.4859375
4 0.684375 0.478125 0.6703125 0.478125 0.6703125 0.49375 0.684375 0.49375
4 0.5546875 0.49375 0.54375 0.49375 0.54375 0.5078125 0.5546875 0.5078125
4 0.55625 0.5046875 0.5453125 0.5046875 0.5453125 0.5296875 0.55625 0.5296875
2 0.821875 0.875 0.8078125 0.875 0.8078125 0.909375 0.821875 0.909375
2 0.85 0.8875 0.834375 0.8875 0.834375 0.93125 0.85 0.93125
2 0.859375 0.8875 0.8484375 0.8875 0.8484375 0.9265625 0.859375 0.9265625
2 0.8171875 0.9484375 0.7968750000000002 0.9484375 0.7968750000000002 0.9640625 0.8171875 0.9640625
2 0.8140625 0.9625 0.7937500000000002 0.9625 0.7937500000000002 0.984375 0.8140625 0.984375
2 0.8078125 0.98125 0.7890625000000002 0.98125 0.7890625000000002 1 0.8078125 1
4 0.971875 0.3671875000000001 0.9578125 0.3671875000000001 0.9578125 0.3890625000000001 0.971875 0.3890625000000001
4 0.9390625 0.4859375000000002 0.9203125 0.4859375000000002 0.9203125 0.5062500000000002 0.9390625 0.5062500000000002
4 0.8390625 0.49218750000000017 0.821875 0.49218750000000017 0.821875 0.5109375000000002 0.8390625 0.5109375000000002
4 0.6390625 0.4625 0.6234375 0.4625 0.6234375 0.478125 0.6390625 0.478125
4 0.5625 0.34062500000000007 0.5515625 0.34062500000000007 0.5515625 0.3593750000000001 0.5625 0.3593750000000001
4 0.53125 0.2968750000000001 0.5171875 0.2968750000000001 0.5171875 0.3140625000000001 0.53125 0.3140625000000001
4 0.5484375 0.17656250000000007 0.540625 0.17656250000000004 0.540625 0.21093750000000008 0.5484375 0.21093750000000008
4 0.5421875 0.2078125000000001 0.5234375 0.2078125000000001 0.5234375 0.2250000000000001 0.5421875 0.2250000000000001
4 0.5265625 0.08281250000000007 0.515625 0.08281250000000007 0.515625 0.11093750000000005 0.5265625 0.11093750000000005
2 0.8359375 0.2531250000000001 0.825 0.2531250000000001 0.825 0.2906250000000001 0.8359375 0.2906250000000001
4 0.7515625 0.30156250000000007 0.73125 0.30156250000000007 0.73125 0.3218750000000001 0.7515625 0.3218750000000001
4 0.696875 0.3281250000000001 0.6859375 0.3281250000000001 0.6859375 0.3468750000000001 0.696875 0.3468750000000001
4 0.61875 0.3234375000000001 0.6 0.3234375000000001 0.6 0.3500000000000001 0.61875 0.3500000000000001
0 0.4546875 0.22656250000000008 0.4421875 0.22656250000000008 0.4421875 0.2593750000000001 0.4546875 0.2593750000000001
4 0.45 0.3156250000000001 0.4390625 0.3156250000000001 0.4390625 0.3421875000000001 0.45 0.3421875000000001
4 0.4578125 0.3343750000000001 0.446875 0.3343750000000001 0.446875 0.3625000000000001 0.4578125 0.3625000000000001