3 0.02968750000000006 0.4984375 0.003125000000000061 0.4984375 0.0031250000000000626 0.521875 0.029687500000000068 0.521875
2 0.02031250000000007 0.5453125 6.678152076600411e-17 0.5453125 6.859935585848846e-17 0.575 0.020312500000000074 0.575
5 0.13125000000000006 0.528125 0.07031250000000007 0.528125 0.07031250000000007 0.55 0.1312500000000001 0.55
5 0.1531250000000001 0.6671875 0.11250000000000009 0.6671875 0.11250000000000009 0.690625 0.1531250000000001 0.690625
5 0.17968750000000008 0.6359375 0.1390625000000001 0.6359375 0.1390625000000001 0.6578125 0.17968750000000008 0.6578125
2 0.1531250000000001 0.6015625 0.13437500000000008 0.6015625 0.13437500000000008 0.6140625 0.1531250000000001 0.6140625
4 0.14843750000000008 0.61875 0.1390625000000001 0.61875 0.1390625000000001 0.628125 0.14843750000000008 0.628125
4 0.2453125000000001 0.5671875 0.2375000000000001 0.5671875 0.2375000000000001 0.5765625 0.2453125000000001 0.5765625
5 0.2406250000000001 0.48125 0.2000000000000001 0.48125 0.2000000000000001 0.4984375 0.2406250000000001 0.4984375
6 0.25468750000000007 0.4578125 0.2234375000000001 0.4578125 0.2234375000000001 0.4765625 0.25468750000000007 0.4765625
5 0.3062500000000001 0.6296875 0.2750000000000001 0.6296875 0.2750000000000001 0.6484375 0.3062500000000001 0.6484375
3 0.3140625000000001 0.5421875 0.2890625000000001 0.5421875 0.2890625000000001 0.5578125 0.3140625000000001 0.5578125
4 0.425 0.58125 0.4125 0.58125 0.4125 0.6 0.425 0.6
2 0.3640625 0.2828125 0.3453125 0.2828125 0.3453125 0.30156250000000007 0.3640625 0.30156250000000007
4 0.5171875 0.4078125 0.5078125 0.4078125 0.5078125 0.4203125 0.5171875 0.4203125
2 0.5234375 0.31718750000000007 0.5140625 0.31718750000000007 0.5140625 0.3468750000000001 0.5234375 0.3468750000000001
2 0.5359375 0.3156250000000001 0.525 0.3156250000000001 0.525 0.3453125000000001 0.5359375 0.3453125000000001
2 0.575 0.30937500000000007 0.5671875 0.30937500000000007 0.5671875 0.3343750000000001 0.575 0.3343750000000001
2 0.5859375 0.3109375000000001 0.5765625 0.3109375000000001 0.5765625 0.3359375000000001 0.5859375 0.3359375000000001
6 0.5203125 0.6171875 0.490625 0.6171875 0.490625 0.634375 0.5203125 0.634375
6 0.5140625 0.5953125 0.4890625 0.5953125 0.4890625 0.615625 0.5140625 0.615625
2 0.5890625 0.5859375 0.5734375 0.5859375 0.5734375 0.6 0.5890625 0.6
4 0.60625 0.6109375 0.596875 0.6109375 0.596875 0.61875 0.60625 0.61875
3 0.59375 0.6234375 0.5828125 0.6234375 0.5828125 0.6359375 0.59375 0.6359375
0 0.6515625 0.559375 0.6375 0.559375 0.6375 0.5734375 0.6515625 0.5734375
6 0.65 0.4703125 0.6171875 0.4703125 0.6171875 0.4921875 0.65 0.4921875
3 0.684375 0.4921875 0.6640625 0.4921875 0.6640625 0.5078125 0.684375 0.5078125
6 0.728125 0.5406250000000001 0.690625 0.540625 0.690625 0.5640625000000001 0.728125 0.5640625000000001
2 0.7359375 0.6484375000000002 0.728125 0.6484375000000002 0.728125 0.6734375000000001 0.7359375 0.6734375000000001
0 0.7671875 0.6062500000000002 0.7546875 0.6062500000000002 0.7546875 0.6171875000000002 0.7671875 0.6171875000000002
0 0.8421875 0.6031250000000001 0.828125 0.6031250000000001 0.828125 0.6187500000000001 0.8421875 0.6187500000000001
4 0.871875 0.5765625000000002 0.8609375 0.5765625000000002 0.8609375 0.5906250000000002 0.871875 0.5906250000000002
2 0.8421875 0.5203125000000002 0.825 0.5203125000000002 0.825 0.5359375000000002 0.8421875 0.5359375000000002
4 0.8484375 0.4515625000000002 0.8328125 0.4515625000000002 0.8328125 0.4671875000000002 0.8484375 0.4671875000000002
1 0.696875 0.3765625000000001 0.65 0.3765625000000001 0.65 0.4 0.696875 0.4
5 0.7546875 0.3781250000000001 0.709375 0.3781250000000001 0.709375 0.4000000000000001 0.7546875 0.4000000000000002
4 0.728125 0.4046875000000001 0.7171875 0.4046875 0.7171875 0.4171875000000001 0.728125 0.41718750000000016
0 0.878125 0.3812500000000001 0.8625 0.3812500000000001 0.8625 0.3921875000000001 0.878125 0.3921875000000001
3 0.934375 0.4000000000000002 0.91875 0.4000000000000002 0.91875 0.4203125000000002 0.934375 0.4203125000000002
2 0.940625 0.45312500000000017 0.9203125 0.45312500000000017 0.9203125 0.4671875000000002 0.940625 0.4671875000000002
6 0.9328125 0.4750000000000002 0.903125 0.4750000000000002 0.903125 0.4968750000000002 0.9328125 0.4968750000000002
5 0.921875 0.6359375000000002 0.88125 0.6359375000000002 0.88125 0.6593750000000002 0.921875 0.6593750000000002