2 0.475 0.06250000000000007 0.4625 0.06250000000000007 0.4625 0.09687500000000007 0.475 0.09687500000000007
2 0.4859375 0.07187500000000006 0.475 0.07187500000000006 0.475 0.10781250000000005 0.4859375 0.10781250000000005
2 0.484375 0.15312500000000004 0.4734375 0.15312500000000004 0.4734375 0.19062500000000004 0.484375 0.19062500000000004
2 0.4734375 0.18750000000000006 0.4625 0.18750000000000006 0.4625 0.2234375000000001 0.4734375 0.2234375000000001
2 0.4625 0.3453125000000001 0.44375 0.3453125000000001 0.44375 0.36406250000000007 0.4625 0.36406250000000007
4 0.490625 0.2750000000000001 0.484375 0.2750000000000001 0.484375 0.2906250000000001 0.490625 0.2906250000000001
4 0.484375 0.4046875 0.478125 0.4046875 0.478125 0.4234375 0.484375 0.4234375
2 0.5140625 0.4015625 0.5046875 0.4015625 0.5046875 0.4359375 0.5140625 0.4359375
2 0.465625 0.5109375 0.45625 0.5109375 0.45625 0.546875 0.465625 0.546875
2 0.4921875 0.571875 0.4828125 0.571875 0.4828125 0.60625 0.4921875 0.60625
2 0.15781250000000008 0.7125 0.1359375000000001 0.7125 0.1359375000000001 0.73125 0.15781250000000008 0.73125
2 0.02968750000000009 0.715625 0.007812500000000088 0.715625 0.007812500000000088 0.73125 0.02968750000000009 0.73125
2 0.1859375000000001 0.784375 0.1671875000000001 0.784375 0.1671875000000001 0.809375 0.1859375000000001 0.809375
4 0.07656250000000009 0.7671875 0.06250000000000008 0.7671875 0.06250000000000008 0.7796875 0.07656250000000009 0.7796875
3 0.21875000000000008 0.7703125 0.18750000000000008 0.7703125 0.18750000000000008 0.7859375 0.21875000000000008 0.7859375
2 0.2906250000000001 0.7859375 0.27812500000000007 0.7859375 0.27812500000000007 0.821875 0.2906250000000001 0.821875
2 0.27812500000000007 0.7984375 0.2687500000000001 0.7984375 0.2687500000000001 0.8265625 0.27812500000000007 0.8265625
2 0.3125000000000001 0.7921875 0.3031250000000001 0.7921875 0.3031250000000001 0.821875 0.3125000000000001 0.821875
2 0.3234375000000001 0.7953125 0.3140625000000001 0.7953125 0.3140625000000001 0.8296875 0.3234375000000001 0.8296875
4 0.2718750000000001 0.8265625 0.2671875000000001 0.8265625 0.2671875000000001 0.840625 0.2718750000000001 0.840625
4 0.2843750000000001 0.825 0.2796875000000001 0.825 0.2796875000000001 0.8390625 0.2843750000000001 0.8390625
4 0.2890625000000001 0.825 0.2843750000000001 0.825 0.2843750000000001 0.8390625 0.2890625000000001 0.8390625
4 0.3031250000000001 0.8296875 0.3000000000000001 0.8296875 0.3000000000000001 0.84375 0.3031250000000001 0.84375
4 0.30937500000000007 0.828125 0.3046875000000001 0.828125 0.3046875000000001 0.84375 0.30937500000000007 0.84375
4 0.3140625000000001 0.828125 0.3109375000000001 0.828125 0.3109375000000001 0.8421875 0.3140625000000001 0.8421875
4 0.3281250000000001 0.8296875 0.3234375000000001 0.8296875 0.3234375000000001 0.840625 0.3281250000000001 0.840625
4 0.32500000000000007 0.75 0.3187500000000001 0.75 0.3187500000000001 0.7578125 0.32500000000000007 0.7578125
2 0.42500000000000016 0.796875 0.4109375000000002 0.796875 0.4109375000000002 0.8359375 0.42500000000000016 0.8359375
2 0.5031250000000002 0.8265625 0.4890625000000002 0.8265625 0.4890625000000002 0.8703125 0.5031250000000002 0.8703125
2 0.5546875000000002 0.9625 0.5406250000000001 0.9625 0.5406250000000001 0.9984375 0.5546875000000002 0.9984375
0 0.5015625000000001 0.909375 0.4890625000000002 0.909375 0.4890625000000002 0.934375 0.5015625000000001 0.934375
4 0.5484375000000001 0.8390625 0.5406250000000001 0.8390625 0.5406250000000001 0.8609375 0.5484375000000001 0.8609375
4 0.5656250000000002 0.7828125 0.5546875000000002 0.7828125 0.5546875000000002 0.79375 0.5656250000000002 0.79375
4 0.4640625 0.10781250000000005 0.459375 0.10781250000000005 0.459375 0.12656250000000005 0.4640625 0.12656250000000005
4 0.4515625 0.10937500000000004 0.446875 0.10937500000000004 0.446875 0.12812500000000004 0.4515625 0.12812500000000004
2 0.746875 0.39531250000000007 0.725 0.39531250000000007 0.725 0.4156250000000001 0.746875 0.4156250000000002
4 0.5328125 0.5 0.5234375 0.5 0.5234375 0.51875 0.5328125 0.51875
4 0.515625 0.55625 0.5109375 0.55625 0.5109375 0.575 0.515625 0.575
4 0.5296875 0.559375 0.525 0.559375 0.525 0.5765625 0.5296875 0.5765625
4 0.5296875 0.6625 0.5234375 0.6625 0.5234375 0.678125 0.5296875 0.678125
4 0.534375 0.690625 0.528125 0.690625 0.528125 0.70625 0.534375 0.70625
2 0.7078125 0.675 0.6953125 0.675 0.6953125 0.7046875 0.7078125 0.7046875
4 0.7875000000000002 0.7390625000000002 0.7750000000000001 0.7390625000000002 0.7750000000000001 0.7531250000000002 0.7875000000000002 0.7531250000000002
4 0.8125 0.7515625000000001 0.8 0.7515625000000001 0.8 0.7609375000000002 0.8125 0.7609375000000002
4 0.853125 0.7531250000000002 0.840625 0.7531250000000002 0.840625 0.7640625000000002 0.853125 0.7640625000000002
4 0.875 0.7531250000000002 0.865625 0.7531250000000002 0.865625 0.7640625000000002 0.875 0.7640625000000002
4 0.965625 0.7312500000000002 0.9546875 0.7312500000000002 0.9546875 0.7421875000000002 0.965625 0.7421875000000002
4 0.9796875 0.7421875000000002 0.9703125 0.7421875000000002 0.9703125 0.7484375000000002 0.9796875 0.7484375000000002
6 0.946875 0.7093750000000002 0.9234375 0.7093750000000002 0.9234375 0.7296875000000002 0.946875 0.7296875000000002
6 0.9859375 0.7625000000000002 0.9515625 0.7625000000000002 0.9515625 0.7843750000000002 0.9859375 0.7843750000000002
2 0.9625 0.6671875000000002 0.9484375 0.6671875000000002 0.9484375 0.7000000000000002 0.9625 0.7000000000000002
2 0.9890625 0.6937500000000002 0.9703125 0.6937500000000002 0.9703125 0.7281250000000001 0.9890625 0.7281250000000001
2 0.9984375 0.6812500000000001 0.984375 0.6812500000000001 0.984375 0.7218750000000002 0.9984375 0.7218750000000002
6 0.9671875 0.2984375000000001 0.9453125 0.2984375000000001 0.9453125 0.3140625000000001 0.9671875 0.3140625000000001
6 0.9703125 0.3156250000000001 0.946875 0.3156250000000001 0.946875 0.3296875000000001 0.9703125 0.3296875000000001
6 0.9140625 0.2718750000000001 0.896875 0.2718750000000001 0.896875 0.3312500000000001 0.9140625 0.3312500000000001
6 0.9265625 0.2718750000000001 0.915625 0.2718750000000001 0.915625 0.3343750000000001 0.9265625 0.3343750000000001
6 0.9703125 0.36406250000000007 0.9421875 0.36406250000000007 0.9421875 0.37968750000000007 0.9703125 0.37968750000000007
6 0.971875 0.3843750000000001 0.95 0.3843750000000001 0.95 0.3984375000000001 0.971875 0.3984375000000001
6 0.971875 0.3984375000000001 0.9421875 0.3984375000000001 0.9421875 0.4125000000000002 0.971875 0.4125000000000002
6 0.9734375 0.41406250000000017 0.9515625 0.41406250000000017 0.9515625 0.42968750000000017 0.9734375 0.42968750000000017
6 0.9703125 0.4281250000000002 0.946875 0.4281250000000002 0.946875 0.4437500000000002 0.9703125 0.4437500000000002
2 0.5640625 0.050000000000000065 0.5484375 0.050000000000000065 0.5484375 0.06406250000000006 0.5640625 0.06406250000000006
2 0.5671875 0.06406250000000006 0.546875 0.06406250000000006 0.546875 0.07968750000000006 0.5671875 0.07968750000000006
2 0.565625 0.08125000000000007 0.546875 0.08125000000000007 0.546875 0.09687500000000007 0.565625 0.09687500000000007
2 0.565625 0.10468750000000009 0.546875 0.10468750000000009 0.546875 0.12031250000000009 0.565625 0.12031250000000009
2 0.5390625 0.12343750000000005 0.528125 0.12343750000000005 0.528125 0.15937500000000004 0.5390625 0.15937500000000004
2 0.56875 0.16562500000000008 0.5515625 0.16562500000000008 0.5515625 0.1859375000000001 0.56875 0.1859375000000001
2 0.571875 0.2015625000000001 0.5515625 0.2015625000000001 0.5515625 0.2156250000000001 0.571875 0.2156250000000001
2 0.5703125 0.2312500000000001 0.55 0.2312500000000001 0.55 0.2515625000000001 0.5703125 0.2515625000000001
0 0.571875 0.1437500000000001 0.55625 0.1437500000000001 0.55625 0.1609375000000001 0.571875 0.1609375000000001
0 0.55 0.15156250000000007 0.54375 0.15156250000000004 0.54375 0.17500000000000007 0.55 0.1750000000000001
0 0.5421875 0.15937500000000004 0.534375 0.15937500000000004 0.534375 0.18281250000000004 0.5421875 0.18281250000000004
0 0.540625 0.2140625000000001 0.5328125 0.2140625000000001 0.5328125 0.2406250000000001 0.540625 0.2406250000000001
0 0.5734375 0.21875000000000008 0.559375 0.21875000000000008 0.559375 0.2328125000000001 0.5734375 0.2328125000000001
4 0.5875 0.10937500000000008 0.578125 0.10937500000000008 0.578125 0.1218750000000001 0.5875 0.1218750000000001
4 0.5921875 0.1453125000000001 0.584375 0.1453125000000001 0.584375 0.14843750000000008 0.5921875 0.14843750000000008
4 0.590625 0.15000000000000008 0.5828125 0.15000000000000008 0.5828125 0.15625000000000008 0.590625 0.15625000000000008
4 0.59375 0.2312500000000001 0.5859375 0.2312500000000001 0.5859375 0.2500000000000001 0.59375 0.2500000000000001
2 0.55625 0.2718750000000001 0.5453125 0.2718750000000001 0.5453125 0.3109375000000001 0.55625 0.3109375000000001
2 0.5765625 0.25468750000000007 0.55625 0.25468750000000007 0.55625 0.2734375000000001 0.5765625 0.2734375000000001