1 0.403125 0.503125 0.3546875000000001 0.503125 0.3546875000000001 0.525 0.403125 0.525
1 0.27031250000000007 0.5078125 0.21875000000000008 0.5078125 0.21875000000000008 0.5296875 0.27031250000000007 0.5296875
1 0.11875000000000005 0.50625 0.06562500000000007 0.50625 0.06562500000000007 0.525 0.11875000000000005 0.525
2 0.03125000000000007 0.534375 0.010937500000000067 0.534375 0.010937500000000067 0.553125 0.03125000000000007 0.553125
2 0.08906250000000007 0.54375 0.07031250000000007 0.54375 0.07031250000000007 0.559375 0.08906250000000007 0.559375
2 0.13281250000000008 0.5453125 0.1140625000000001 0.5453125 0.1140625000000001 0.5625 0.13281250000000008 0.5625
2 0.29375000000000007 0.5671875 0.2734375000000001 0.5671875 0.2734375000000001 0.5828125 0.29375000000000007 0.5828125
2 0.3046875000000001 0.5484375 0.28593750000000007 0.5484375 0.28593750000000007 0.5625 0.3046875000000001 0.5625
2 0.3531250000000001 0.54375 0.3375000000000001 0.54375 0.3375000000000001 0.55625 0.3531250000000001 0.55625
2 0.3937500000000001 0.553125 0.3750000000000001 0.553125 0.3750000000000001 0.56875 0.3937500000000001 0.56875
2 0.4484375 0.5546875 0.428125 0.5546875 0.428125 0.5703125 0.4484375 0.5703125
2 0.46875 0.5359375 0.4453125 0.5359375 0.4453125 0.55 0.46875 0.55
2 0.503125 0.4453125 0.4828125 0.4453125 0.4828125 0.4609375 0.503125 0.4609375
2 0.48125 0.453125 0.4640625 0.453125 0.4640625 0.4640625 0.48125 0.4640625
2 0.4609375 0.4546875 0.4453125 0.4546875 0.4453125 0.4671875 0.4609375 0.4671875
2 0.4578125 0.4375 0.44375 0.4375 0.44375 0.4484375 0.4578125 0.4484375
2 0.484375 0.4265625 0.4703125 0.4265625 0.4703125 0.4390625 0.484375 0.4390625
2 0.5125 0.4109375 0.496875 0.4109375 0.496875 0.4265625 0.5125 0.4265625
2 0.4734375 0.4078125 0.4578125 0.4078125 0.4578125 0.421875 0.4734375 0.421875
2 0.446875 0.3984375000000001 0.4265625 0.3984375000000001 0.4265625 0.4109375 0.446875 0.4109375
2 0.4296875 0.415625 0.4109375 0.415625 0.4109375 0.43125 0.4296875 0.43125
2 0.4125 0.403125 0.3937500000000001 0.403125 0.3937500000000001 0.421875 0.4125 0.421875
2 0.4109375 0.4296875 0.3921875000000001 0.4296875 0.3921875000000001 0.44375 0.4109375 0.44375
2 0.41875 0.45625 0.4015625 0.45625 0.4015625 0.46875 0.41875 0.46875
2 0.44375 0.453125 0.4265625 0.453125 0.4265625 0.465625 0.44375 0.465625
2 0.4 0.45625 0.37968750000000007 0.45625 0.37968750000000007 0.471875 0.4 0.471875
2 0.3609375000000001 0.4359375 0.3421875000000001 0.4359375 0.3421875000000001 0.45 0.3609375000000001 0.45
2 0.3578125000000001 0.409375 0.34062500000000007 0.409375 0.34062500000000007 0.425 0.3578125000000001 0.425
2 0.3765625000000001 0.4046875 0.3593750000000001 0.4046875 0.3593750000000001 0.41875 0.3765625000000001 0.41875
2 0.3781250000000001 0.45 0.3593750000000001 0.45 0.3593750000000001 0.4640625 0.3781250000000001 0.4640625
2 0.34062500000000007 0.4265625 0.32500000000000007 0.4265625 0.32500000000000007 0.4421875 0.34062500000000007 0.4421875
2 0.3421875000000001 0.4453125 0.3234375000000001 0.4453125 0.3234375000000001 0.4578125 0.3421875000000001 0.4578125
2 0.33281250000000007 0.415625 0.3140625000000001 0.415625 0.3140625000000001 0.4296875 0.33281250000000007 0.4296875
2 0.3140625000000001 0.446875 0.2953125000000001 0.446875 0.2953125000000001 0.4625 0.3140625000000001 0.4625
2 0.20625 0.2890625 0.19531250000000006 0.2890625 0.19531250000000006 0.3203125 0.20625 0.3203125
2 0.2515625 0.13906250000000003 0.2359375 0.13906250000000003 0.2359375 0.17343750000000005 0.2515625 0.17343750000000005
2 0.6312500000000002 0.8703125 0.6218750000000002 0.8703125 0.6218750000000002 0.8984375 0.6312500000000002 0.8984375
2 0.7109375 0.5453125 0.690625 0.5453125 0.690625 0.5640625 0.7109375 0.5640625
2 0.684375 0.5375 0.66875 0.5375 0.66875 0.55625 0.684375 0.55625
2 0.646875 0.5 0.628125 0.5 0.628125 0.521875 0.646875 0.521875
2 0.5546875 0.53125 0.5328125 0.53125 0.5328125 0.5515625 0.5546875 0.5515625
2 0.53125 0.55 0.515625 0.55 0.515625 0.5640625 0.53125 0.5640625
2 0.7 0.40625 0.675 0.40625 0.675 0.421875 0.7 0.421875
2 0.678125 0.3281250000000001 0.665625 0.3281250000000001 0.665625 0.3578125000000001 0.678125 0.3578125000000001
2 0.7890625 0.3265625000000001 0.78125 0.3265625000000001 0.78125 0.35625000000000007 0.7890625 0.35625000000000007
2 0.8640625 0.5171875000000001 0.84375 0.5171875000000001 0.84375 0.5359375000000002 0.8640625 0.5359375000000002
2 0.8453125 0.34062500000000007 0.825 0.34062500000000007 0.825 0.3578125000000001 0.8453125 0.3578125000000001
2 0.5890625000000002 0.771875 0.5812500000000002 0.771875 0.5812500000000002 0.8015625 0.5890625000000002 0.8015625
2 0.590625 0.659375 0.5828125 0.659375 0.5828125 0.6890625 0.590625 0.6890625
2 0.5796875 0.6890625 0.5703125 0.6890625 0.5703125 0.7203125 0.5796875 0.7203125
2 0.5890625 0.696875 0.5828125 0.696875 0.5828125000000001 0.7265625 0.5890625000000002 0.7265625
2 0.5890625000000002 0.7390625 0.5812500000000002 0.7390625 0.5812500000000002 0.7671875 0.5890625000000002 0.7671875
4 0.5703125000000002 0.8921875 0.5656250000000002 0.8921875 0.5656250000000002 0.909375 0.5703125000000002 0.909375
4 0.5687500000000002 0.7484375 0.5640625000000001 0.7484375 0.5640625000000001 0.765625 0.5687500000000002 0.765625
4 0.5812500000000002 0.753125 0.5765625000000002 0.753125 0.5765625000000002 0.771875 0.5812500000000002 0.771875
4 0.58125 0.6625 0.578125 0.6625 0.578125 0.678125 0.58125 0.678125
4 0.584375 0.6765625 0.5796875 0.6765625 0.5796875 0.6921875 0.584375 0.6921875
4 0.571875 0.640625 0.5671875 0.640625 0.5671875 0.6546875 0.571875 0.6546875
4 0.575 0.6390625 0.5703125 0.6390625 0.5703125 0.6546875 0.575 0.6546875
0 0.58125 0.6421875 0.575 0.6421875 0.575 0.6640625 0.58125 0.6640625
0 0.575 0.3734375000000001 0.5640625 0.3734375000000001 0.5640625 0.3843750000000001 0.575 0.3843750000000001
0 0.9078125 0.3703125000000001 0.89375 0.3703125000000001 0.89375 0.3812500000000001 0.9078125 0.3812500000000001
0 0.9609375 0.37187500000000007 0.946875 0.37187500000000007 0.946875 0.38750000000000007 0.9609375 0.38750000000000007
4 0.990625 0.4937500000000002 0.9796875 0.4937500000000002 0.9796875 0.5046875000000002 0.990625 0.5046875000000002
4 0.9109375 0.3812500000000001 0.9015625 0.3812500000000001 0.9015625 0.3906250000000001 0.9109375 0.3906250000000001
4 0.871875 0.5031250000000002 0.859375 0.5031250000000002 0.859375 0.5140625000000002 0.871875 0.5140625000000002
4 0.78125 0.5218750000000002 0.7703125 0.5218750000000002 0.7703125 0.5312500000000002 0.78125 0.5312500000000002
4 0.7578125 0.5343750000000002 0.7484375 0.5343750000000002 0.7484375 0.5437500000000002 0.7578125 0.5437500000000002
4 0.76875 0.5546875000000002 0.7546875 0.5546875000000002 0.7546875 0.5687500000000002 0.76875 0.5687500000000002
4 0.703125 0.5765625 0.69375 0.5765625 0.69375 0.5875 0.703125 0.5875
4 0.6171875 0.5390625 0.60625 0.5390625 0.60625 0.55 0.6171875 0.55
4 0.6078125 0.559375 0.5984375 0.559375 0.5984375 0.56875 0.6078125 0.56875
4 0.5796875 0.5453125 0.5671875 0.5453125 0.5671875 0.5578125 0.5796875 0.5578125
4 0.528125 0.5734375 0.51875 0.5734375 0.51875 0.5828125 0.528125 0.5828125
4 0.509375 0.56875 0.4984375 0.56875 0.4984375 0.578125 0.509375 0.578125
4 0.5125 0.6015625 0.503125 0.6015625 0.503125 0.6140625 0.5125 0.6140625
4 0.5328125 0.409375 0.525 0.409375 0.525 0.4171875 0.5328125 0.4171875
4 0.540625 0.3968750000000001 0.5265625 0.3968750000000001 0.5265625 0.4078125 0.540625 0.4078125
4 0.609375 0.4015625 0.5984375 0.4015625 0.5984375 0.4109375 0.609375 0.4109375
4 0.6109375 0.4125 0.6 0.4125 0.6 0.4265625 0.6109375 0.4265625
4 0.453125 0.4203125 0.44375 0.4203125 0.44375 0.4296875 0.453125 0.4296875
4 0.4546875 0.40625 0.4453125 0.40625 0.4453125 0.415625 0.4546875 0.415625
4 0.48125 0.39531250000000007 0.471875 0.39531250000000007 0.471875 0.403125 0.48125 0.403125
4 0.440625 0.4140625 0.434375 0.4140625 0.434375 0.41875 0.440625 0.41875
4 0.4265625 0.4015625 0.4171875 0.4015625 0.4171875 0.409375 0.4265625 0.409375
4 0.4296875 0.4453125 0.4234375 0.4453125 0.4234375 0.453125 0.4296875 0.453125
4 0.3593750000000001 0.4578125 0.3500000000000001 0.4578125 0.3500000000000001 0.4640625 0.3593750000000001 0.4640625
4 0.3656250000000001 0.4671875 0.35625000000000007 0.4671875 0.35625000000000007 0.471875 0.3656250000000001 0.471875
4 0.3609375000000001 0.428125 0.3515625000000001 0.428125 0.3515625000000001 0.4359375 0.3609375000000001 0.4359375
4 0.3234375000000001 0.44375 0.3156250000000001 0.44375 0.3156250000000001 0.453125 0.3234375000000001 0.453125
4 0.3343750000000001 0.465625 0.3281250000000001 0.465625 0.3281250000000001 0.475 0.3343750000000001 0.475
4 0.3625000000000001 0.5671875 0.3515625000000001 0.5671875 0.3515625000000001 0.5765625 0.3625000000000001 0.5765625
4 0.3687500000000001 0.578125 0.3593750000000001 0.578125 0.3593750000000001 0.5859375 0.3687500000000001 0.5859375
4 0.40625 0.575 0.3968750000000001 0.575 0.3968750000000001 0.58125 0.40625 0.58125
4 0.4109375 0.5625 0.4015625 0.5625 0.4015625 0.571875 0.4109375 0.571875
4 0.41875 0.5703125 0.4078125 0.5703125 0.4078125 0.58125 0.41875 0.58125
4 0.2078125000000001 0.5671875 0.1984375000000001 0.5671875 0.1984375000000001 0.5765625 0.2078125000000001 0.5765625
4 0.2015625000000001 0.546875 0.1921875000000001 0.546875 0.1921875000000001 0.5578125 0.2015625000000001 0.5578125
4 0.17968750000000008 0.571875 0.1703125000000001 0.571875 0.1703125000000001 0.5796875 0.17968750000000008 0.5796875
4 0.2062500000000001 0.5953125 0.19687500000000008 0.5953125 0.19687500000000008 0.6015625 0.2062500000000001 0.6015625
4 0.21875000000000008 0.5625 0.21250000000000008 0.5625 0.21250000000000008 0.5703125 0.21875000000000008 0.5703125
4 0.03906250000000007 0.553125 0.03125000000000007 0.553125 0.03125000000000007 0.5640625 0.03906250000000007 0.5640625
4 0.10468750000000009 0.56875 0.09375000000000007 0.56875 0.09375000000000007 0.578125 0.10468750000000009 0.578125
4 0.1437500000000001 0.5640625 0.1312500000000001 0.5640625 0.1312500000000001 0.571875 0.1437500000000001 0.571875
4 0.16093750000000004 0.4296875 0.15000000000000005 0.4296875 0.15000000000000005 0.4421875 0.16093750000000004 0.4421875
4 0.19531250000000006 0.375 0.18593750000000003 0.375 0.18593750000000003 0.3890625 0.19531250000000006 0.3890625
4 0.2500000000000001 0.4015625 0.2406250000000001 0.4015625 0.2406250000000001 0.4125 0.2500000000000001 0.4125
4 0.2468750000000001 0.3859375 0.2390625000000001 0.3859375 0.2390625000000001 0.3984375 0.2468750000000001 0.3984375
0 0.16562500000000005 0.3953125 0.15156250000000004 0.3953125 0.15156250000000004 0.4109375 0.16562500000000005 0.4109375
0 0.2000000000000001 0.3921875 0.18593750000000003 0.3921875 0.18593750000000003 0.4140625 0.2000000000000001 0.4140625
0 0.3312500000000001 0.4609375 0.3203125000000001 0.4609375 0.3203125000000001 0.4703125 0.3312500000000001 0.4703125
0 0.37187500000000007 0.425 0.3609375000000001 0.425 0.3609375000000001 0.4359375 0.37187500000000007 0.4359375
0 0.3906250000000001 0.4015625 0.3781250000000001 0.4015625 0.3781250000000001 0.415625 0.3906250000000001 0.415625
2 0.3921875000000001 0.4359375 0.3734375000000001 0.4359375 0.3734375000000001 0.4515625 0.3921875000000001 0.4515625
2 0.3921875000000001 0.4171875 0.3750000000000001 0.4171875 0.3750000000000001 0.43125 0.3921875000000001 0.43125
0 0.421875 0.4421875 0.409375 0.4421875 0.409375 0.45625 0.421875 0.45625
0 0.478125 0.5546875 0.4671875 0.5546875 0.4671875 0.5703125 0.478125 0.5703125
0 0.496875 0.434375 0.4859375 0.434375 0.4859375 0.4453125 0.496875 0.4453125
0 0.46875 0.4375 0.459375 0.4375 0.459375 0.4515625 0.46875 0.4515625
0 0.465625 0.425 0.45 0.425 0.45 0.4375 0.465625 0.4375
0 0.4421875 0.4390625 0.4296875 0.4390625 0.4296875 0.4515625 0.4421875 0.4515625
0 0.4703125 0.3890625000000001 0.4578125 0.3890625000000001 0.4578125 0.403125 0.4703125 0.403125