2 0.03750000000000007 0.5265625 0.026562500000000065 0.5265625 0.026562500000000065 0.565625 0.03750000000000007 0.565625
2 0.2156250000000001 0.371875 0.20312500000000008 0.371875 0.20312500000000008 0.4078125 0.2156250000000001 0.4078125
2 0.22656250000000008 0.4640625 0.21250000000000008 0.4640625 0.21250000000000008 0.50625 0.22656250000000008 0.50625
2 0.22656250000000008 0.5015625 0.21250000000000008 0.5015625 0.21250000000000008 0.5375 0.22656250000000008 0.5375
2 0.425 0.453125 0.4140625 0.453125 0.4140625 0.4875 0.425 0.4875
2 0.4234375 0.4953125 0.4125 0.4953125 0.4125 0.5296875 0.4234375 0.5296875
2 0.4578125000000002 0.740625 0.44531250000000017 0.740625 0.44531250000000017 0.7875 0.4578125000000002 0.7875
2 0.3984375000000001 0.75625 0.38750000000000007 0.75625 0.38750000000000007 0.7953125 0.3984375000000001 0.7953125
2 0.3968750000000001 0.834375 0.3828125000000001 0.834375 0.3828125000000001 0.85625 0.3968750000000001 0.85625
2 0.3984375000000001 0.859375 0.3843750000000001 0.859375 0.3843750000000001 0.8734375 0.3984375000000001 0.8734375
2 0.4000000000000002 0.8703125 0.3828125000000001 0.8703125 0.3828125000000001 0.896875 0.4000000000000002 0.896875
2 0.3937500000000001 0.9328125 0.3828125000000001 0.9328125 0.3828125000000001 0.959375 0.3937500000000001 0.959375
2 0.5546875 0.41875 0.5390625 0.41875 0.5390625 0.4515625 0.5546875 0.4515625
2 0.5328125 0.37968750000000007 0.5203125 0.37968750000000007 0.5203125 0.415625 0.5328125 0.415625
2 0.51875 0.6 0.5078125 0.6 0.5078125 0.6359375 0.51875 0.6359375
2 0.534375 0.69375 0.521875 0.69375 0.5218750000000001 0.7375 0.5343750000000002 0.7375
2 0.55 0.71875 0.5328125 0.71875 0.5328125000000001 0.753125 0.5500000000000002 0.753125
2 0.5500000000000002 0.7515625 0.5312500000000002 0.7515625 0.5312500000000002 0.784375 0.5500000000000002 0.784375
2 0.5328125000000001 0.8296875 0.5234375000000002 0.8296875 0.5234375000000002 0.8640625 0.5328125000000001 0.8640625
2 0.5718750000000001 0.9609375 0.5593750000000002 0.9609375 0.5593750000000002 0.9765625 0.5718750000000001 0.9765625
2 0.5750000000000002 0.971875 0.5562500000000001 0.971875 0.5562500000000001 0.9921875 0.5750000000000002 0.9921875
0 0.4015625 0.5953125 0.3906250000000001 0.5953125 0.3906250000000001 0.6140625 0.4015625 0.6140625
0 0.33281250000000007 0.6328125 0.3156250000000001 0.6328125 0.3156250000000001 0.6515625 0.33281250000000007 0.6515625
0 0.32500000000000007 0.6796875 0.3078125000000001 0.6796875 0.3078125000000001 0.6984375 0.32500000000000007 0.6984375
0 0.29375000000000007 0.6984375 0.2765625000000001 0.6984375 0.2765625000000001 0.7125 0.29375000000000007 0.7125
0 0.4171875 0.6546875 0.4 0.6546875 0.4 0.6765625 0.4171875 0.6765625
0 0.4 0.6984375 0.3859375000000001 0.6984375 0.3859375000000001 0.71875 0.4 0.71875
0 0.5125000000000002 0.7734375 0.5046875000000002 0.7734375 0.5046875000000002 0.80625 0.5125000000000002 0.80625
0 0.3968750000000001 0.9203125 0.3828125000000001 0.9203125 0.3828125000000001 0.9375 0.3968750000000001 0.9375
0 0.5328125000000001 0.909375 0.5250000000000001 0.909375 0.5250000000000001 0.9390625 0.5328125000000001 0.9390625
0 0.5328125000000001 0.94375 0.5218750000000002 0.94375 0.5218750000000002 0.96875 0.5328125000000001 0.96875
0 0.5328125000000001 0.9640625 0.5234375000000002 0.9640625 0.5234375000000002 0.9953125 0.5328125000000001 0.9953125
0 0.5421875000000002 0.94375 0.5343750000000002 0.94375 0.5343750000000002 0.971875 0.5421875000000002 0.971875
0 0.525 0.521875 0.51875 0.521875 0.51875 0.5453125 0.525 0.5453125
0 0.5171875 0.5453125 0.509375 0.5453125 0.509375 0.5765625 0.5171875 0.5765625
0 0.5453125 0.559375 0.5359375 0.559375 0.5359375 0.584375 0.5453125 0.584375
0 0.5390625 0.51875 0.5296875 0.51875 0.5296875 0.5421875 0.5390625 0.5421875
0 0.6125 0.478125 0.5984375 0.478125 0.5984375 0.4984375 0.6125 0.4984375
0 0.4421875000000002 0.9484375 0.43281250000000016 0.9484375 0.43281250000000016 0.9734375 0.4421875000000002 0.9734375
0 0.5250000000000001 0.9484375 0.5140625000000002 0.9484375 0.5140625000000002 0.984375 0.5250000000000001 0.984375
2 0.434375 0.3906250000000001 0.421875 0.3906250000000001 0.421875 0.425 0.434375 0.425
2 0.06250000000000008 0.625 0.04218750000000008 0.625 0.04218750000000008 0.65 0.06250000000000008 0.65
2 0.45625 0.471875 0.4453125 0.471875 0.4453125 0.50625 0.45625 0.50625
2 0.4703125 0.44375 0.4609375 0.44375 0.4609375 0.478125 0.4703125 0.478125
4 0.050000000000000086 0.6609375 0.03437500000000008 0.6609375 0.034375000000000086 0.684375 0.050000000000000086 0.684375
4 0.034375000000000086 0.69375 0.023437500000000083 0.69375 0.023437500000000087 0.7125 0.034375000000000086 0.7125
4 0.07031250000000008 0.6953125 0.05468750000000009 0.6953125 0.05468750000000009 0.7109375 0.07031250000000008 0.7109375
4 0.10312500000000009 0.65625 0.0906250000000001 0.65625 0.0906250000000001 0.675 0.10312500000000009 0.675
4 0.12656250000000008 0.653125 0.11093750000000009 0.653125 0.11093750000000009 0.6703125 0.12656250000000008 0.6703125
4 0.1625000000000001 0.6609375 0.1531250000000001 0.6609375 0.1531250000000001 0.6703125 0.1625000000000001 0.6703125
4 0.1906250000000001 0.6859375 0.17968750000000008 0.6859375 0.17968750000000008 0.7015625 0.1906250000000001 0.7015625
4 0.2156250000000001 0.7 0.2015625000000001 0.7 0.2015625000000001 0.71875 0.2156250000000001 0.71875
4 0.2156250000000001 0.675 0.20468750000000008 0.675 0.20468750000000008 0.6921875 0.2156250000000001 0.6921875
4 0.4421875 0.5359375 0.4328125 0.5359375 0.4328125 0.559375 0.4421875 0.559375
4 0.3000000000000001 0.659375 0.28593750000000007 0.659375 0.28593750000000007 0.6765625 0.3000000000000001 0.6765625
4 0.27031250000000007 0.675 0.25468750000000007 0.675 0.25468750000000007 0.6921875 0.27031250000000007 0.6921875
4 0.2531250000000001 0.671875 0.2390625000000001 0.671875 0.2390625000000001 0.6859375 0.2531250000000001 0.6859375
4 0.3671875000000001 0.6640625 0.3578125000000001 0.6640625 0.3578125000000001 0.6796875 0.3671875000000001 0.6796875
4 0.3812500000000001 0.6703125 0.3656250000000001 0.6703125 0.3656250000000001 0.6875 0.3812500000000001 0.6875
4 0.4015625 0.66875 0.3906250000000001 0.66875 0.3906250000000001 0.6828125 0.4015625 0.6828125
4 0.446875 0.69375 0.440625 0.69375 0.440625 0.7125 0.446875 0.7125
4 0.4546875 0.659375 0.4484375 0.659375 0.4484375 0.684375 0.4546875 0.684375
4 0.4375 0.628125 0.428125 0.628125 0.428125 0.6546875 0.4375 0.6546875
4 0.4328125 0.6390625 0.4234375 0.6390625 0.4234375 0.6625 0.4328125 0.6625
4 0.3812500000000001 0.59375 0.37187500000000007 0.59375 0.37187500000000007 0.6125 0.3812500000000001 0.6125
4 0.3859375000000001 0.596875 0.3781250000000001 0.596875 0.3781250000000001 0.615625 0.3859375000000001 0.615625
4 0.4515625 0.51875 0.4421875 0.51875 0.4421875 0.5421875 0.4515625 0.5421875
4 0.4640625 0.4359375 0.4578125 0.4359375 0.4578125 0.4578125 0.4640625 0.4578125
4 0.5546875 0.484375 0.5421875 0.484375 0.5421875 0.503125 0.5546875 0.503125
4 0.43750000000000017 0.859375 0.4281250000000002 0.859375 0.4281250000000002 0.890625 0.43750000000000017 0.890625
4 0.4515625000000002 0.9453125 0.44062500000000016 0.9453125 0.44062500000000016 0.965625 0.4515625000000002 0.965625
4 0.3625000000000001 0.6828125 0.34843750000000007 0.6828125 0.34843750000000007 0.703125 0.3625000000000001 0.703125
4 0.30937500000000007 0.6703125 0.2968750000000001 0.6703125 0.2968750000000001 0.6859375 0.30937500000000007 0.6859375
4 0.22031250000000008 0.634375 0.20468750000000008 0.634375 0.20468750000000008 0.653125 0.22031250000000008 0.653125
4 0.3765625000000001 0.684375 0.3656250000000001 0.684375 0.3656250000000001 0.6984375 0.3765625000000001 0.6984375
4 0.2843750000000001 0.684375 0.2687500000000001 0.684375 0.2687500000000001 0.6984375 0.2843750000000001 0.6984375
3 0.22656250000000008 0.6484375 0.2062500000000001 0.6484375 0.2062500000000001 0.66875 0.22656250000000008 0.66875
4 0.5218750000000002 0.8640625 0.5140625000000002 0.8640625 0.5140625000000002 0.8984375 0.5218750000000002 0.8984375
4 0.5250000000000001 0.8265625 0.5156250000000002 0.8265625 0.5156250000000002 0.85 0.5250000000000001 0.85
0 0.5390625000000002 0.778125 0.5281250000000002 0.778125 0.5281250000000002 0.8046875 0.5390625000000002 0.8046875
0 0.5437500000000002 0.803125 0.5328125000000001 0.803125 0.5328125000000001 0.828125 0.5437500000000002 0.828125
0 0.5468750000000002 0.8234375 0.5359375000000002 0.8234375 0.5359375000000002 0.8484375 0.5468750000000002 0.8484375
0 0.5468750000000002 0.84375 0.5359375000000002 0.84375 0.5359375000000002 0.86875 0.5468750000000002 0.86875
0 0.5468750000000002 0.86875 0.5390625000000002 0.86875 0.5390625000000002 0.8921875 0.5468750000000002 0.8921875
0 0.5453125000000002 0.8921875 0.5375000000000002 0.8921875 0.5375000000000002 0.91875 0.5453125000000002 0.91875
4 0.5203125 0.6828125 0.5109375 0.6828125 0.5109375 0.70625 0.5203125 0.70625
4 0.540625 0.5859375 0.5359375 0.5859375 0.5359375 0.609375 0.540625 0.609375
4 0.5390625 0.5453125 0.5328125 0.5453125 0.5328125 0.5671875 0.5390625 0.5671875
4 0.540625 0.4984375 0.5328125 0.4984375 0.5328125 0.521875 0.540625 0.521875
4 0.53125 0.5046875 0.5171875 0.5046875 0.5171875 0.525 0.53125 0.525
4 0.5453125 0.5296875 0.5359375 0.5296875 0.5359375 0.546875 0.5453125 0.546875
4 0.5671875 0.475 0.5578125 0.475 0.5578125 0.496875 0.5671875 0.496875
4 0.559375 0.4546875 0.546875 0.4546875 0.546875 0.471875 0.559375 0.471875
4 0.54375 0.459375 0.5328125 0.459375 0.5328125 0.471875 0.54375 0.471875
4 0.5296875 0.5046875 0.51875 0.5046875 0.51875 0.521875 0.5296875 0.521875
4 0.44375 0.5125 0.434375 0.5125 0.434375 0.53125 0.44375 0.53125
2 0.04687500000000003 0.1984375 0.035937500000000025 0.1984375 0.035937500000000025 0.2390625 0.046875000000000035 0.2390625
4 0.04531250000000003 0.240625 0.03593750000000003 0.240625 0.03593750000000003 0.26875 0.04531250000000003 0.26875
4 0.026562500000000037 0.3078125 0.02031250000000004 0.3078125 0.02031250000000004 0.334375 0.026562500000000044 0.334375
4 0.026562500000000034 0.2734375 0.020312500000000032 0.2734375 0.020312500000000032 0.29375 0.026562500000000034 0.29375
2 0.23125 0.234375 0.2203125 0.234375 0.2203125 0.271875 0.23125 0.271875
2 0.21875 0.2828125 0.2046875 0.2828125 0.2046875 0.321875 0.21875 0.321875
2 0.046875000000000014 0.059375 0.03437500000000001 0.059375 0.03437500000000001 0.1015625 0.046875000000000014 0.1015625
2 0.04531250000000002 0.1078125 0.03593750000000001 0.1078125 0.03593750000000002 0.1421875 0.04531250000000002 0.1421875
2 0.1 0.01875000000000001 0.0765625 0.01875000000000001 0.0765625 0.04375000000000001 0.1 0.04375000000000001
2 0.196875 0.04687500000000002 0.18125 0.04687500000000002 0.18125 0.06562500000000002 0.196875 0.06562500000000002
2 0.1921875 0.07500000000000002 0.175 0.07500000000000002 0.175 0.10000000000000002 0.1921875 0.10000000000000005
2 0.2296875 0.057812500000000024 0.2140625 0.057812500000000024 0.2140625 0.07812500000000003 0.2296875 0.07812500000000003
2 0.2125 0.051562500000000025 0.1953125 0.051562500000000025 0.1953125 0.07187500000000002 0.2125 0.07187500000000002
2 0.340625 0.028125000000000046 0.328125 0.028125000000000046 0.328125 0.07500000000000004 0.340625 0.07500000000000004
2 0.3453125 0.09062500000000004 0.3265625 0.09062500000000004 0.3265625 0.11250000000000004 0.3453125 0.11250000000000004
2 0.3140625 0.08906250000000004 0.296875 0.08906250000000004 0.296875 0.10625000000000004 0.3140625 0.10625000000000004
2 0.4421875 0.11093750000000005 0.4234375 0.11093750000000005 0.4234375 0.13906250000000003 0.4421875 0.13906250000000003
2 0.3640625 0.034375000000000044 0.35 0.034375000000000044 0.35 0.07968750000000005 0.3640625 0.07968750000000005
2 0.409375 0.14687500000000003 0.396875 0.14687500000000003 0.396875 0.18593750000000003 0.409375 0.18593750000000003
2 0.2953125 0.08125000000000004 0.278125 0.08125000000000004 0.278125 0.10000000000000005 0.2953125 0.10000000000000005
2 0.415625 0.16093750000000004 0.40625 0.16093750000000004 0.40625 0.2015625000000001 0.415625 0.2015625000000001
2 0.4328125 0.16562500000000005 0.41875 0.16562500000000005 0.41875 0.18437500000000004 0.4328125 0.18437500000000004
2 0.465625 0.2718750000000001 0.4546875 0.2718750000000001 0.4546875 0.3078125000000001 0.465625 0.3078125000000001
3 0.45625 0.33281250000000007 0.4421875 0.33281250000000007 0.4421875 0.3687500000000001 0.45625 0.3687500000000001
2 0.521875 0.2843750000000001 0.5109375 0.2843750000000001 0.5109375 0.3234375000000001 0.521875 0.3234375000000001
2 0.521875 0.33281250000000007 0.5109375 0.33281250000000007 0.5109375 0.3750000000000001 0.521875 0.3750000000000001
2 0.59375 0.3421875000000001 0.5765625 0.3421875000000001 0.5765625 0.36406250000000007 0.59375 0.36406250000000007
2 0.6203125 7.4913940916592e-17 0.603125 7.386151007357474e-17 0.603125 0.017187500000000074 0.6203125 0.017187500000000078
2 0.625 0.017187500000000074 0.60625 0.01718750000000007 0.60625 0.03281250000000008 0.625 0.03281250000000008
2 0.6203125 0.03593750000000008 0.5984375 0.03593750000000008 0.5984375 0.06093750000000007 0.6203125 0.06093750000000007
2 0.5921875 0.03906250000000007 0.571875 0.03906250000000007 0.571875 0.06250000000000007 0.5921875 0.06250000000000007
2 0.584375 0.08750000000000006 0.5671875 0.08750000000000006 0.5671875 0.1062500000000001 0.584375 0.1062500000000001
2 0.571875 0.11875000000000009 0.5515625 0.11875000000000009 0.5515625 0.13437500000000008 0.571875 0.13437500000000008
2 0.571875 0.13281250000000008 0.5515625 0.13281250000000008 0.5515625 0.1531250000000001 0.571875 0.1531250000000001
2 0.5765625 0.14843750000000008 0.5515625 0.14843750000000008 0.5515625 0.17343750000000008 0.5765625 0.17343750000000008
2 0.5734375 0.1703125000000001 0.553125 0.1703125000000001 0.553125 0.19687500000000008 0.5734375 0.19687500000000008
2 0.5703125 0.1937500000000001 0.5546875 0.1937500000000001 0.5546875 0.2093750000000001 0.5703125 0.2093750000000001
3 0.5859375 0.23437500000000008 0.5671875 0.23437500000000008 0.5671875 0.2765625000000001 0.5859375 0.2765625000000001
0 0.5828125 0.3078125000000001 0.56875 0.3078125000000001 0.56875 0.3234375000000001 0.5828125 0.3234375000000001
0 0.5953125 0.3234375000000001 0.5765625 0.3234375000000001 0.5765625 0.3437500000000001 0.5953125 0.3437500000000001
0 0.459375 0.15312500000000004 0.446875 0.15312500000000004 0.446875 0.18281250000000004 0.459375 0.18281250000000004
0 0.45 0.17187500000000006 0.4375 0.17187500000000006 0.4375 0.19687500000000005 0.45 0.19687500000000005
0 0.5515625 0.10781250000000009 0.5453125 0.10781250000000009 0.5453125 0.1359375000000001 0.5515625 0.1359375000000001
0 0.55625 0.026562500000000065 0.5453125 0.026562500000000065 0.5453125 0.056250000000000064 0.55625 0.056250000000000064
0 0.5734375 0.01406250000000007 0.5640625 0.014062500000000066 0.5640625 0.03906250000000007 0.5734375 0.03906250000000007
0 0.534375 0.5578125 0.5265625 0.5578125 0.5265625 0.5859375 0.534375 0.5859375
4 0.453125 0.06562500000000004 0.44375 0.06562500000000004 0.44375 0.09062500000000004 0.453125 0.09062500000000004
4 0.4515625 0.2734375000000001 0.4421875 0.2734375000000001 0.4421875 0.2968750000000001 0.4515625 0.2968750000000001
4 0.465625 0.2156250000000001 0.45625 0.2156250000000001 0.45625 0.2468750000000001 0.465625 0.2468750000000001
4 0.4453125 0.2328125000000001 0.4359375 0.2328125000000001 0.4359375 0.2531250000000001 0.4453125 0.2531250000000001
4 0.5265625 0.2609375000000001 0.5171875 0.2609375000000001 0.5171875 0.2828125000000001 0.5265625 0.2828125000000001
4 0.5359375 0.3312500000000001 0.528125 0.3312500000000001 0.528125 0.3546875000000001 0.5359375 0.3546875000000001
4 0.5515625 0.3625000000000001 0.5421875 0.3625000000000001 0.5421875 0.3734375000000001 0.5515625 0.3734375000000001
4 0.5421875 0.3421875000000001 0.5328125 0.3421875000000001 0.5328125 0.3609375000000001 0.5421875 0.3609375000000001
4 0.5390625 0.2890625000000001 0.5328125 0.2890625000000001 0.5328125 0.30937500000000007 0.5390625 0.30937500000000007
4 0.5328125 0.28593750000000007 0.5265625 0.28593750000000007 0.5265625 0.3031250000000001 0.5328125 0.3031250000000001
4 0.5421875 0.11250000000000004 0.5359375 0.11250000000000004 0.5359375 0.13281250000000006 0.5421875 0.13281250000000006
4 0.6109375 0.3593750000000001 0.5984375 0.3593750000000001 0.5984375 0.3734375000000001 0.6109375 0.3734375000000001
4 0.596875 0.36406250000000007 0.5859375 0.36406250000000007 0.5859375 0.3750000000000001 0.596875 0.3750000000000001
4 0.65625 0.45 0.6453125 0.45 0.6453125 0.465625 0.65625 0.465625
4 0.678125 0.4546875 0.665625 0.4546875 0.665625 0.4671875 0.678125 0.4671875
4 0.7 0.484375 0.6859375 0.484375 0.6859375 0.4921875 0.7 0.4921875
4 0.7734375 0.4828125000000002 0.759375 0.4828125000000002 0.759375 0.5000000000000002 0.7734375 0.5000000000000002
4 0.7796875 0.47187500000000016 0.765625 0.47187500000000016 0.765625 0.4890625000000002 0.7796875 0.4890625000000002
4 0.8 0.46093750000000017 0.7859375 0.46093750000000017 0.7859375 0.4781250000000002 0.8 0.4781250000000002
4 0.81875 0.4828125000000002 0.803125 0.4828125000000002 0.803125 0.4984375000000002 0.81875 0.4984375000000002
4 0.846875 0.4671875000000002 0.834375 0.4671875000000002 0.834375 0.4828125000000002 0.846875 0.4828125000000002
4 0.9625 0.5062500000000002 0.95 0.5062500000000002 0.95 0.5171875000000001 0.9625 0.5171875000000001
4 0.715625 0.3156250000000001 0.703125 0.3156250000000001 0.703125 0.3375000000000001 0.715625 0.3375000000000001
2 0.7125 0.2609375000000001 0.7015625 0.2609375000000001 0.7015625 0.29375000000000007 0.7125 0.29375000000000007
2 0.7703125 0.2312500000000001 0.759375 0.2312500000000001 0.759375 0.2765625000000001 0.7703125 0.2765625000000001
2 0.8109375 0.19687500000000008 0.8015625 0.19687500000000008 0.8015625 0.22656250000000008 0.8109375 0.22656250000000008
2 0.871875 0.11562500000000009 0.85625 0.11562500000000009 0.85625 0.1515625000000001 0.871875 0.1515625000000001
2 0.8703125 0.1593750000000001 0.85625 0.1593750000000001 0.85625 0.1921875000000001 0.8703125 0.1921875000000001
2 0.86875 0.1921875000000001 0.8546875 0.1921875000000001 0.8546875 0.22812500000000008 0.86875 0.22812500000000008
0 0.8640625 0.2734375000000001 0.8484375 0.2734375000000001 0.8484375 0.3000000000000001 0.8640625 0.3000000000000001
0 0.8265625 0.2312500000000001 0.80625 0.2312500000000001 0.80625 0.2515625000000001 0.8265625 0.2515625000000001
2 0.7921875 0.1625000000000001 0.7796875 0.1625000000000001 0.7796875 0.2015625000000001 0.7921875 0.2015625000000001
0 0.809375 0.1609375000000001 0.796875 0.1609375000000001 0.796875 0.1859375000000001 0.809375 0.1859375000000001
0 0.7984375 0.18750000000000008 0.7890625 0.18750000000000008 0.7890625 0.2078125000000001 0.7984375 0.2078125000000001
2 0.9234375 0.3156250000000001 0.903125 0.3156250000000001 0.903125 0.34062500000000007 0.9234375 0.34062500000000007
2 0.7421875 0.4531250000000001 0.7140625 0.453125 0.7140625 0.4781250000000001 0.7421875 0.4781250000000002
2 0.8375 0.5015625000000001 0.8171875 0.5015625000000001 0.8171875 0.5265625000000002 0.8375 0.5265625000000002
2 0.9015625 0.5109375000000002 0.88125 0.5109375000000002 0.88125 0.5312500000000002 0.9015625 0.5312500000000002
2 0.6984375 0.5015625 0.6765625 0.5015625 0.6765625 0.521875 0.6984375 0.521875
2 0.6921875 0.525 0.68125 0.525 0.68125 0.55625 0.6921875 0.55625
2 0.6578125 0.5 0.6328125 0.5 0.6328125 0.515625 0.6578125 0.515625
2 0.621875 0.5046875 0.6015625 0.5046875 0.6015625 0.5203125 0.621875 0.5203125
4 0.746875 0.4750000000000002 0.7296875 0.4750000000000002 0.7296875 0.49531250000000016 0.746875 0.49531250000000016
4 0.55625 0.3421875000000001 0.5421875 0.3421875000000001 0.5421875 0.3609375000000001 0.55625 0.3609375000000001
2 0.821875 0.8640625 0.8046875 0.8640625 0.8046875 0.9046875 0.821875 0.9046875
2 0.8140625 0.9359375 0.7953125000000002 0.9359375 0.7953125000000002 0.9546875 0.8140625 0.9546875
2 0.8125 0.9546875 0.7921875000000002 0.9546875 0.7921875000000002 0.9765625 0.8125 0.9765625
2 0.8078125 0.971875 0.7890625000000002 0.971875 0.7890625000000002 0.9890625 0.8078125 0.9890625
2 0.8421875 0.8765625 0.8296875 0.8765625 0.8296875 0.9203125 0.8421875 0.9203125
2 0.8578125 0.88125 0.84375 0.88125 0.84375 0.915625 0.8578125 0.915625