2 0.0906250000000001 0.7296875 0.07031250000000008 0.7296875 0.07031250000000008 0.75 0.0906250000000001 0.75
2 0.17968750000000008 0.7 0.1593750000000001 0.7 0.1593750000000001 0.71875 0.17968750000000008 0.71875
0 0.08437500000000009 0.7578125 0.0671875000000001 0.7578125 0.0671875000000001 0.771875 0.08437500000000009 0.771875
0 0.10468750000000009 0.740625 0.09218750000000009 0.740625 0.09218750000000009 0.753125 0.10468750000000009 0.753125
0 0.07968750000000009 0.6515625 0.06406250000000009 0.6515625 0.06406250000000009 0.665625 0.07968750000000009 0.665625
0 0.032812500000000085 0.6703125 0.018750000000000083 0.6703125 0.018750000000000083 0.6859375 0.03281250000000009 0.6859375
0 0.26250000000000007 0.73125 0.2468750000000001 0.73125 0.2468750000000001 0.7453125 0.26250000000000007 0.7453125
4 0.29375000000000007 0.58125 0.2796875000000001 0.58125 0.2796875000000001 0.596875 0.29375000000000007 0.596875
4 0.26250000000000007 0.6484375 0.2484375000000001 0.6484375 0.2484375000000001 0.6625 0.26250000000000007 0.6625
4 0.3046875000000001 0.5125 0.29375000000000007 0.5125 0.29375000000000007 0.5234375 0.3046875000000001 0.5234375
0 0.4390625 0.3296875000000001 0.4234375 0.3296875000000001 0.4234375 0.3437500000000001 0.4390625 0.3437500000000001
0 0.30156250000000007 0.6671875 0.28593750000000007 0.6671875 0.28593750000000007 0.6796875 0.30156250000000007 0.6796875
4 0.3125000000000001 0.55 0.30156250000000007 0.55 0.30156250000000007 0.5703125 0.3125000000000001 0.5703125
2 0.3765625000000001 0.5546875 0.3593750000000001 0.5546875 0.3593750000000001 0.575 0.3765625000000001 0.575
0 0.4453125 0.3468750000000001 0.434375 0.3468750000000001 0.434375 0.3656250000000001 0.4453125 0.3656250000000001
0 0.5828125 0.4875 0.5703125 0.4875 0.5703125 0.50625 0.5828125 0.50625
0 0.5859375 0.4609375 0.571875 0.4609375 0.571875 0.4796875 0.5859375 0.4796875
0 0.5484375 0.4328125 0.5359375 0.4328125 0.5359375 0.4484375 0.5484375 0.4484375
0 0.5421875 0.6328125 0.5296875 0.6328125 0.5296875 0.6484375 0.5421875 0.6484375
4 0.5765625 0.6078125 0.5609375 0.6078125 0.5609375 0.63125 0.5765625 0.63125
0 0.6359375 0.3125000000000001 0.625 0.3125000000000001 0.625 0.3265625000000001 0.6359375 0.3265625000000001
0 0.640625 0.24218750000000008 0.63125 0.24218750000000008 0.63125 0.2640625000000001 0.640625 0.2640625000000001
2 0.6609375 0.2250000000000001 0.6453125 0.2250000000000001 0.6453125 0.24375000000000008 0.6609375 0.24375000000000008
0 0.65 0.2828125000000001 0.6390625 0.2828125000000001 0.6390625 0.2968750000000001 0.65 0.2968750000000001
0 0.71875 0.34843750000000007 0.7046875 0.34843750000000007 0.7046875 0.3750000000000001 0.71875 0.3750000000000001
3 0.7484375 0.057812500000000086 0.7375 0.057812500000000086 0.7375 0.07812500000000008 0.7484375 0.07812500000000008
0 0.71875 0.10312500000000009 0.7046875 0.10312500000000009 0.7046875 0.11875000000000009 0.71875 0.11875000000000009
4 0.78125 0.2171875000000001 0.771875 0.2171875000000001 0.771875 0.24218750000000008 0.78125 0.24218750000000008
0 0.9234375 0.017187500000000112 0.909375 0.017187500000000112 0.909375 0.04687500000000011 0.9234375 0.04687500000000011
2 0.7165345428548042 0.6210863045716977 0.69771769375 0.5999442406250001 0.6898953790201958 0.6069062532408025 0.7087122281250001 0.6280483171875001
2 0.28882363240477227 0.6693192308827025 0.28343808560150463 0.6573725070631056 0.25856569694673237 0.6685849043054031 0.26395124374999995 0.680531628125
2 0.021566367888742888 0.7664126241506786 0.018126029687500034 0.7549761828125001 0.0002565727362571657 0.7603517164743215 0.0036969109375000198 0.7717881578125001
4 0.11093750000000009 0.6875 0.09687500000000009 0.6875 0.09687500000000009 0.6984375 0.11093750000000009 0.6984375
4 0.4328125 0.58125 0.4234375 0.58125 0.4234375 0.590625 0.4328125 0.590625
4 0.3140625000000001 0.6453125 0.3031250000000001 0.6453125 0.3031250000000001 0.6578125 0.3140625000000001 0.6578125
4 0.3750000000000001 0.5296875 0.3656250000000001 0.5296875 0.3656250000000001 0.540625 0.3750000000000001 0.540625
0 0.2562500000000001 0.58125 0.2453125000000001 0.58125 0.2453125000000001 0.59375 0.2562500000000001 0.59375
4 0.2296875000000001 0.634375 0.21875000000000008 0.634375 0.21875000000000008 0.64375 0.2296875000000001 0.64375
4 0.4953125 0.5984375 0.484375 0.5984375 0.484375 0.6140625 0.4953125 0.6140625
4 0.4515625 0.4875 0.4421875 0.4875 0.4421875 0.5015625 0.4515625 0.5015625
4 0.4453125 0.4671875 0.4359375 0.4671875 0.4359375 0.48125 0.4453125 0.48125
0 0.4203125 0.37968750000000007 0.4078125 0.37968750000000007 0.4078125 0.3921875000000001 0.4203125 0.3921875000000001
0 0.4796875 0.3375000000000001 0.4640625 0.3375000000000001 0.4640625 0.3515625000000001 0.4796875 0.3515625000000001
4 0.403125 0.4703125 0.3921875000000001 0.4703125 0.3921875000000001 0.4859375 0.403125 0.4859375
4 0.4390625 0.3703125000000001 0.428125 0.3703125000000001 0.428125 0.38750000000000007 0.4390625 0.38750000000000007
4 0.3171875 0.2765625 0.3078125 0.2765625 0.3078125 0.2921875 0.3171875 0.2921875
4 0.271875 0.259375 0.259375 0.259375 0.259375 0.271875 0.271875 0.271875
0 0.234375 0.215625 0.2234375 0.215625 0.2234375 0.2328125 0.234375 0.2328125
0 0.2984375000000001 0.4796875 0.2875000000000001 0.4796875 0.2875000000000001 0.49375 0.2984375000000001 0.49375
0 0.16093750000000004 0.3453125 0.15000000000000005 0.3453125 0.15000000000000005 0.3609375 0.16093750000000004 0.3609375
4 0.16093750000000004 0.309375 0.15000000000000005 0.309375 0.15000000000000005 0.3234375 0.16093750000000004 0.3234375
2 0.2078125000000001 0.3765625 0.18906250000000005 0.3765625 0.18906250000000005 0.40625 0.2078125000000001 0.40625
2 0.3140625000000001 0.440625 0.2921875000000001 0.440625 0.2921875000000001 0.4609375 0.3140625000000001 0.4609375
4 0.5953125 0.5078125 0.5828125 0.5078125 0.5828125 0.525 0.5953125 0.525
4 0.6234375 0.6265625 0.6140625 0.6265625 0.6140625 0.6453125 0.6234375 0.6453125
4 0.59375 0.6375 0.5796875 0.6375 0.5796875 0.65 0.59375 0.65
4 0.603125 0.4921875 0.5921875 0.4921875 0.5921875 0.5078125 0.603125 0.5078125
4 0.55625 0.6203125 0.5453125 0.6203125 0.5453125 0.6359375 0.55625 0.6359375
4 0.5984375 0.4703125 0.5859375 0.4703125 0.5859375 0.484375 0.5984375 0.484375
4 0.5953125 0.48125 0.5828125 0.48125 0.5828125 0.4921875 0.5953125 0.4921875
2 0.6 0.6953125 0.58125 0.6953125 0.58125 0.7234375 0.6 0.7234375
0 0.609375 0.46875 0.5984375 0.46875 0.5984375 0.484375 0.609375 0.484375
4 0.6390625 0.37187500000000007 0.6296875 0.37187500000000007 0.6296875 0.3843750000000001 0.6390625 0.3843750000000001
4 0.70625 0.6625 0.6953125 0.6625 0.6953125 0.68125 0.70625 0.68125
4 0.859375 0.7890625000000002 0.846875 0.7890625000000002 0.846875 0.8078125 0.859375 0.8078125
2 0.69375 0.58125 0.675 0.58125 0.675 0.6046875 0.69375 0.6046875
4 0.7210872503802143 0.8106325976375809 0.7118579953125 0.8001986531249999 0.7069823266780669 0.8045113835021436 0.716211581745781 0.8149453280147245
0 0.8359375 0.7250000000000002 0.8171875 0.7250000000000002 0.8171875 0.7515625000000001 0.8359375 0.7515625000000001
4 0.859375 0.9265625 0.8484375 0.9265625 0.8484375 0.946875 0.859375 0.946875
4 0.91875 0.8375 0.909375 0.8375 0.909375 0.8515625 0.91875 0.8515625
4 0.93125 0.859375 0.9203125 0.859375 0.9203125 0.8734375 0.93125 0.8734375
4 0.8453125 0.928125 0.834375 0.928125 0.834375 0.946875 0.8453125 0.946875
4 0.8421875 0.7546875000000002 0.8296875 0.7546875000000002 0.8296875 0.7734375000000002 0.8421875 0.7734375000000002
4 0.9484375 0.9046875 0.940625 0.9046875 0.940625 0.9234375 0.9484375 0.9234375
0 0.7984375000000001 0.7281250000000001 0.7828125000000001 0.7281250000000001 0.7828125000000001 0.7531250000000002 0.7984375000000001 0.7531250000000002
4 0.8953125 0.9546875 0.8828125 0.9546875 0.8828125 0.96875 0.8953125 0.96875
2 0.7171875000000002 0.76875 0.6968750000000001 0.76875 0.6968750000000001 0.7953125 0.7171875000000002 0.7953125
0 0.684375 0.490625 0.675 0.490625 0.675 0.5125 0.684375 0.5125
0 0.6703125 0.4953125 0.6609375 0.4953125 0.6609375 0.515625 0.6703125 0.515625
0 0.740625 0.4625000000000002 0.73125 0.4625000000000002 0.73125 0.4812500000000002 0.740625 0.4812500000000002
4 0.6890625 0.4140625 0.68125 0.4140625 0.68125 0.4296875 0.6890625 0.4296875
4 0.8203125 0.17187500000000008 0.809375 0.17187500000000008 0.809375 0.1843750000000001 0.8203125 0.1843750000000001
0 0.7390625 0.6593750000000002 0.7296875 0.6593750000000002 0.7296875 0.6796875000000002 0.7390625 0.6796875000000002
4 0.5 0.4109375 0.4890625 0.4109375 0.4890625 0.421875 0.5 0.421875
0 0.68125 0.45 0.6703125 0.45 0.6703125 0.4734375 0.68125 0.4734375
1 0.6501549649918907 0.6814396998003379 0.6067524562500001 0.64827654375 0.5969004207905385 0.6611704629688355 0.6403029295324293 0.6943336190191735
2 0.2671875000000001 0.3703125 0.2468750000000001 0.3703125 0.2468750000000001 0.39375 0.2671875000000001 0.39375
0 0.3703125000000001 0.6375 0.3531250000000001 0.6375 0.3531250000000001 0.6578125 0.3703125000000001 0.6578125
0 0.5109375 0.6234375 0.5015625 0.6234375 0.5015625 0.6484375 0.5109375 0.6484375
0 0.490625 0.41875 0.4796875 0.41875 0.4796875 0.4421875 0.490625 0.4421875
4 0.40625 0.603125 0.3968750000000001 0.603125 0.3968750000000001 0.6234375 0.40625 0.6234375
0 0.5078125 0.65 0.4921875 0.65 0.4921875 0.66875 0.5078125 0.66875
4 0.4234375 0.4796875 0.4125 0.4796875 0.4125 0.5015625 0.4234375 0.5015625
4 0.4734375 0.634375 0.4640625 0.634375 0.4640625 0.65 0.4734375 0.65
4 0.5390625 0.621875 0.5296875 0.621875 0.5296875 0.6328125 0.5390625 0.6328125
4 0.5390625 0.4625 0.5296875 0.4625 0.5296875 0.4828125 0.5390625 0.4828125
4 0.5640625 0.46875 0.5578125 0.46875 0.5578125 0.4859375 0.5640625 0.4859375
4 0.56875 0.459375 0.5625 0.459375 0.5625 0.4765625 0.56875 0.4765625
4 0.575 0.4234375 0.565625 0.4234375 0.565625 0.4328125 0.575 0.4328125
4 0.5328125 0.39531250000000007 0.521875 0.39531250000000007 0.521875 0.40625 0.5328125 0.40625
3 0.53125 0.428125 0.5171875 0.428125 0.5171875 0.45 0.53125 0.45
2 0.5846254793529713 0.5235772789022276 0.5681095624999999 0.5026068953125 0.5582763831470284 0.5103513398477725 0.5747922999999999 0.5313217234375001
4 0.7718750000000002 0.85625 0.7609375000000002 0.85625 0.7609375000000002 0.8703125 0.7718750000000002 0.8703125
3 0.6843750000000002 0.7953125 0.6703125000000002 0.7953125 0.6703125000000002 0.8140625 0.6843750000000002 0.8140625
0 0.6375000000000002 0.7484375 0.6218750000000002 0.7484375 0.6218750000000002 0.7625 0.6375000000000002 0.7625
4 0.6484375 0.5640625 0.6375 0.5640625 0.6375 0.5796875 0.6484375 0.5796875
4 0.5859375 0.6578125 0.575 0.6578125 0.575 0.66875 0.5859375 0.66875
4 0.5734375 0.715625 0.5609375 0.715625 0.5609375000000001 0.728125 0.5734375000000002 0.728125
4 0.5453125 0.6625 0.5328125 0.6625 0.5328125 0.678125 0.5453125 0.678125
4 0.56875 0.6953125 0.5578125 0.6953125 0.5578125 0.709375 0.56875 0.709375
4 0.521875 0.6578125 0.509375 0.6578125 0.509375 0.6703125 0.521875 0.6703125
4 0.6109375 0.565625 0.603125 0.565625 0.603125 0.5796875 0.6109375 0.5796875
4 0.64375 0.5359375 0.6359375 0.5359375 0.6359375 0.5515625 0.64375 0.5515625
4 0.753125 0.6781250000000002 0.740625 0.6781250000000002 0.740625 0.6906250000000002 0.753125 0.6906250000000002
4 0.3984375000000001 0.53125 0.3921875000000001 0.53125 0.3921875000000001 0.5453125 0.3984375000000001 0.5453125
4 0.3687500000000001 0.5921875 0.3593750000000001 0.5921875 0.3593750000000001 0.60625 0.3687500000000001 0.60625
0 0.3984375000000001 0.49375 0.37968750000000007 0.49375 0.37968750000000007 0.5171875 0.3984375000000001 0.5171875
2 0.34062500000000007 0.4390625 0.3218750000000001 0.4390625 0.3218750000000001 0.4625 0.34062500000000007 0.4625
3 0.2296875 0.340625 0.215625 0.340625 0.215625 0.3609375 0.2296875 0.3609375
2 0.14531250000000004 0.3203125 0.12343750000000005 0.3203125 0.12343750000000005 0.34375 0.14531250000000004 0.34375
2 0.2890625000000001 0.515625 0.2640625000000001 0.515625 0.2640625000000001 0.5328125 0.2890625000000001 0.5328125
0 0.2250000000000001 0.540625 0.2140625000000001 0.540625 0.2140625000000001 0.5609375 0.2250000000000001 0.5609375
0 0.3734375000000001 0.6171875 0.3593750000000001 0.6171875 0.3593750000000001 0.6375 0.3734375000000001 0.6375
4 0.3546875000000001 0.609375 0.3421875000000001 0.609375 0.3421875000000001 0.625 0.3546875000000001 0.625
3 0.4296875 0.509375 0.4140625 0.509375 0.4140625 0.5265625 0.4296875 0.5265625
4 0.38750000000000007 0.475 0.3765625000000001 0.475 0.3765625000000001 0.49375 0.38750000000000007 0.49375
2 0.4515625 0.640625 0.43125 0.640625 0.43125 0.6609375 0.4515625 0.6609375
4 0.4453125 0.6140625 0.4359375 0.6140625 0.4359375 0.6296875 0.4453125 0.6296875
4 0.41875 0.5578125 0.409375 0.5578125 0.409375 0.56875 0.41875 0.56875
0 0.5390625 0.3437500000000001 0.5296875 0.3437500000000001 0.5296875 0.3625000000000001 0.5390625 0.3625000000000001
0 0.5765625 0.3421875000000001 0.5609375 0.3421875000000001 0.5609375 0.3531250000000001 0.5765625 0.3531250000000001
0 0.553125 0.3812500000000001 0.5421875 0.3812500000000001 0.5421875 0.3968750000000001 0.553125 0.3968750000000001
4 0.4921875 0.3984375000000001 0.48125 0.3984375000000001 0.48125 0.409375 0.4921875 0.409375
4 0.525 0.3609375000000001 0.515625 0.3609375000000001 0.515625 0.3750000000000001 0.525 0.3750000000000001
3 0.5711570881817528 0.6539514414603854 0.5426790812500002 0.6363033234375002 0.5349036727557474 0.6488501647896149 0.5633816796875001 0.6664982828125001
2 0.5828534053079379 0.6467516478152211 0.56611643125 0.6264861734375 0.5563083478170622 0.6345865334347789 0.5730453218750001 0.6548520078125
2 0.648908719948099 0.4622724220612784 0.6264814421875001 0.46108315312500003 0.6253005800519014 0.48335189512622173 0.6477278578125002 0.48454116406250003
3 0.48184785149756443 0.6106598963391578 0.45158142656250017 0.5952760171875001 0.44380573623567054 0.6105740018684273 0.47407216117073475 0.625957881020085
0 0.5171875 0.4 0.503125 0.4 0.503125 0.421875 0.5171875 0.421875
0 0.6265625 0.428125 0.6140625 0.428125 0.6140625 0.45 0.6265625 0.45
2 0.5953125 0.3609375000000001 0.58125 0.3609375000000001 0.58125 0.4 0.5953125 0.4
4 0.590625 0.3390625000000001 0.5796875 0.3390625000000001 0.5796875 0.34843750000000007 0.590625 0.34843750000000007
4 0.5796875 0.3625000000000001 0.56875 0.3625000000000001 0.56875 0.3781250000000001 0.5796875 0.3781250000000001
6 0.6957578758550701 0.7755786144309825 0.6648675578125001 0.7493714312500002 0.6537360319574299 0.7624921230690178 0.68462635 0.7886993062500001
4 0.8046875 0.8546875 0.7921875000000002 0.8546875 0.7921875000000002 0.875 0.8046875 0.875
6 0.559375 0.4734375 0.5390625 0.4734375 0.5390625 0.503125 0.559375 0.503125
1 0.5671875 0.5703125 0.515625 0.5703125 0.515625 0.63125 0.5671875 0.63125
1 0.61875 0.5015625 0.5734375 0.5015625 0.5734375 0.5828125 0.61875 0.5828125
2 0.5296875 0.4640625 0.5125 0.4640625 0.5125 0.490625 0.5296875 0.490625
2 0.5296875 0.4328125 0.509375 0.4328125 0.509375 0.465625 0.5296875 0.465625
2 0.5546875 0.4484375 0.5375 0.4484375 0.5375 0.4734375 0.5546875 0.4734375
3 0.6203125 0.2921875000000001 0.5921875 0.2921875000000001 0.5921875 0.3312500000000001 0.6203125 0.3312500000000001
0 0.54375 0.3203125000000001 0.5265625 0.3203125000000001 0.5265625 0.34062500000000007 0.54375 0.34062500000000007