1 0.2484375000000001 0.6359375 0.1921875000000001 0.6359375 0.1921875000000001 0.665625 0.2484375000000001 0.665625
1 0.3046875000000001 0.6296875 0.2500000000000001 0.6296875 0.2500000000000001 0.6609375 0.3046875000000001 0.6609375
2 0.0828125000000001 0.7609375 0.06093750000000009 0.7609375 0.06093750000000009 0.778125 0.0828125000000001 0.778125
4 0.1937500000000001 0.7671875 0.18125000000000008 0.7671875 0.18125000000000008 0.78125 0.1937500000000001 0.78125
2 0.3265625000000001 0.7921875 0.3078125000000001 0.7921875 0.3078125000000001 0.8125 0.3265625000000001 0.8125
4 0.35625000000000007 0.7359375 0.3453125000000001 0.7359375 0.3453125000000001 0.746875 0.35625000000000007 0.746875
4 0.40156250000000016 0.759375 0.3906250000000001 0.759375 0.3906250000000001 0.7703125 0.40156250000000016 0.7703125
2 0.4281250000000002 0.771875 0.4046875000000002 0.771875 0.4046875000000002 0.790625 0.4281250000000002 0.790625
2 0.4203125000000002 0.8609375 0.3984375000000001 0.8609375 0.3984375000000001 0.8828125 0.4203125000000002 0.8828125
2 0.4625000000000002 0.9015625 0.4421875000000002 0.9015625 0.4421875000000002 0.921875 0.4625000000000002 0.921875
3 0.5156250000000002 0.853125 0.4890625000000002 0.853125 0.4890625000000002 0.88125 0.5156250000000002 0.88125
2 0.5171875000000001 0.759375 0.4937500000000002 0.759375 0.4937500000000002 0.778125 0.5171875000000001 0.778125
2 0.5234375000000002 0.7796875 0.5000000000000002 0.7796875 0.5000000000000002 0.8 0.5234375000000002 0.8
2 0.5500000000000002 0.80625 0.5296875000000002 0.80625 0.5296875000000002 0.8359375 0.5500000000000002 0.8359375
4 0.5328125000000001 0.8296875 0.5234375000000002 0.8296875 0.5234375000000002 0.8453125 0.5328125000000001 0.8453125
4 0.5328125000000001 0.765625 0.5234375000000002 0.765625 0.5234375000000002 0.7765625 0.5328125000000001 0.7765625
4 0.5531250000000002 0.7671875 0.5390625000000002 0.7671875 0.5390625000000002 0.778125 0.5531250000000002 0.778125
4 0.5265625 0.03125000000000007 0.5203125 0.03125000000000007 0.5203125 0.05156250000000007 0.5265625 0.05156250000000007
4 0.5375 0.028125000000000067 0.53125 0.028125000000000067 0.53125 0.050000000000000065 0.5375 0.050000000000000065
4 0.4796875 0.05937500000000007 0.475 0.05937500000000007 0.475 0.07968750000000006 0.4796875 0.07968750000000006
4 0.4796875 0.19843750000000004 0.471875 0.19843750000000004 0.471875 0.22031250000000008 0.4796875 0.22031250000000008
4 0.5328125 0.18906250000000005 0.5234375 0.18906250000000005 0.5234375 0.21250000000000008 0.5328125 0.21250000000000008
4 0.53125 0.25468750000000007 0.525 0.25468750000000007 0.525 0.27812500000000007 0.53125 0.27812500000000007
4 0.528125 0.2828125000000001 0.521875 0.2828125000000001 0.521875 0.3046875000000001 0.528125 0.3046875000000001
4 0.5375 0.2812500000000001 0.53125 0.2812500000000001 0.53125 0.3062500000000001 0.5375 0.3062500000000001
4 0.5359375 0.403125 0.5296875 0.403125 0.5296875 0.4234375 0.5359375 0.4234375
2 0.5296875 0.503125 0.51875 0.503125 0.51875 0.540625 0.5296875 0.540625
2 0.5375 0.634375 0.5203125 0.634375 0.5203125 0.675 0.5375 0.675
0 0.5781250000000001 0.7203125 0.5625 0.7203125 0.5625000000000001 0.74375 0.5781250000000002 0.74375
4 0.5562500000000001 0.8125 0.5468750000000002 0.8125 0.5468750000000002 0.8265625 0.5562500000000001 0.8265625
4 0.5656250000000002 0.8125 0.5578125000000002 0.8125 0.5578125000000002 0.8234375 0.5656250000000002 0.8234375
2 0.5812500000000002 0.7890625 0.5609375000000002 0.7890625 0.5609375000000002 0.8078125 0.5812500000000002 0.8078125
2 0.5968750000000002 0.7453125 0.5765625000000002 0.7453125 0.5765625000000002 0.76875 0.5968750000000002 0.76875
2 0.6218750000000002 0.7765625 0.6031250000000001 0.7765625 0.6031250000000001 0.796875 0.6218750000000002 0.796875
2 0.6546875000000002 0.7984375 0.6343750000000001 0.7984375 0.6343750000000001 0.81875 0.6546875000000002 0.81875
4 0.6390625000000002 0.7453125 0.6296875000000002 0.7453125 0.6296875000000002 0.75625 0.6390625000000002 0.75625
2 0.6671875000000002 0.759375 0.6468750000000002 0.759375 0.6468750000000002 0.7796875 0.6671875000000002 0.7796875
0 0.6984375000000002 0.7640625 0.6843750000000002 0.7640625 0.6843750000000002 0.7796875 0.6984375000000002 0.7796875
4 0.7437500000000001 0.7765625000000002 0.7328125000000002 0.7765625000000002 0.7328125000000002 0.7859375000000002 0.7437500000000001 0.7859375000000002
2 0.809375 0.7906250000000001 0.7875000000000002 0.7906250000000001 0.7875000000000002 0.809375 0.809375 0.809375
4 0.8109375 0.85 0.7984375000000001 0.85 0.7984375000000001 0.859375 0.8109375 0.859375
4 0.9546875 0.8578125 0.94375 0.8578125 0.94375 0.86875 0.9546875 0.86875
4 0.825 0.9015625 0.8125 0.9015625 0.8125 0.9125 0.825 0.9125
2 0.6734375000000001 0.8796875 0.6484375000000002 0.8796875 0.6484375000000002 0.9 0.6734375000000001 0.9
4 0.6562500000000002 0.865625 0.6453125000000002 0.865625 0.6453125000000002 0.8765625 0.6562500000000002 0.8765625
4 0.6203125000000002 0.8890625 0.6093750000000002 0.8890625 0.6093750000000002 0.9 0.6203125000000002 0.9
4 0.11093750000000013 0.9296875 0.10000000000000013 0.9296875 0.10000000000000013 0.9390625 0.11093750000000013 0.9390625
0 0.14531250000000012 0.9296875 0.13125000000000014 0.9296875 0.13125000000000014 0.946875 0.14531250000000012 0.946875
4 0.6359375 0.6546875 0.6265625 0.6546875 0.6265625 0.6640625 0.6359375 0.6640625
4 0.69375 0.68125 0.684375 0.68125 0.684375 0.6921875 0.69375 0.6921875
4 0.8421875 0.7312500000000002 0.83125 0.7312500000000002 0.83125 0.7406250000000002 0.8421875 0.7406250000000002