0 0.35625000000000007 0.5078125 0.3421875000000001 0.5078125 0.3421875000000001 0.5265625 0.35625000000000007 0.5265625
2 0.2171875000000001 0.740625 0.2015625000000001 0.740625 0.2015625000000001 0.771875 0.2171875000000001 0.771875
0 0.2562500000000001 0.65625 0.24218750000000008 0.65625 0.24218750000000008 0.6765625 0.2562500000000001 0.6765625
2 0.3359375000000001 0.6734375 0.31718750000000007 0.6734375 0.31718750000000007 0.7046875 0.3359375000000001 0.7046875
0 0.6546875 0.1218750000000001 0.64375 0.1218750000000001 0.64375 0.1453125000000001 0.6546875 0.1453125000000001
2 0.22031250000000008 0.85625 0.20312500000000008 0.85625 0.20312500000000008 0.8875 0.22031250000000008 0.8875
2 0.2312500000000001 0.64375 0.21093750000000008 0.64375 0.21093750000000008 0.6796875 0.2312500000000001 0.6796875
4 0.3671875000000001 0.60625 0.3593750000000001 0.60625 0.3593750000000001 0.6203125 0.3671875000000001 0.6203125
2 0.2718750000000001 0.4875 0.2562500000000001 0.4875 0.2562500000000001 0.5234375 0.2718750000000001 0.5234375
4 0.3828125000000001 0.5875 0.3781250000000001 0.5875 0.3781250000000001 0.5984375 0.3828125000000001 0.5984375
2 0.18593750000000014 0.909375 0.16562500000000013 0.909375 0.16562500000000013 0.94375 0.18593750000000014 0.94375
2 0.6515625 0.3031250000000001 0.634375 0.3031250000000001 0.634375 0.33281250000000007 0.6515625 0.33281250000000007
2 0.6890625 0.23593750000000008 0.66875 0.23593750000000008 0.66875 0.2671875000000001 0.6890625 0.2671875000000001
2 0.20312500000000008 0.884375 0.1859375000000001 0.884375 0.18593750000000012 0.915625 0.20312500000000008 0.915625
2 0.6671875 0.2734375000000001 0.65 0.2734375000000001 0.65 0.3031250000000001 0.6671875 0.3031250000000001
2 0.16718750000000013 0.9390625 0.14843750000000014 0.9390625 0.14843750000000014 0.96875 0.16718750000000013 0.96875
4 0.3968750000000001 0.5671875 0.3890625000000001 0.5671875 0.3890625000000001 0.5796875 0.3968750000000001 0.5796875
2 0.2093750000000001 0.6796875 0.18906250000000008 0.6796875 0.18906250000000008 0.7140625 0.2093750000000001 0.7140625
4 0.653125 0.3437500000000001 0.646875 0.3437500000000001 0.646875 0.3546875000000001 0.653125 0.3546875000000001
4 0.6640625 0.34843750000000007 0.6546875 0.34843750000000007 0.6546875 0.3609375000000001 0.6640625 0.3609375000000001
2 0.2890625000000001 0.759375 0.27031250000000007 0.759375 0.27031250000000007 0.7953125 0.2890625000000001 0.7953125
0 0.6703125 0.11250000000000009 0.6578125 0.11250000000000009 0.6578125 0.1312500000000001 0.6703125 0.1312500000000001
2 0.15000000000000013 0.9671875 0.13437500000000013 0.9671875 0.13437500000000013 0.9953125 0.15000000000000013 0.9953125
2 0.51875 0.5015625 0.5046875 0.5015625 0.5046875 0.5375 0.51875 0.5375
2 0.16875000000000012 0.9 0.15000000000000008 0.9 0.1500000000000001 0.93125 0.16875000000000012 0.93125
2 0.2484375000000001 0.81875 0.2296875000000001 0.81875 0.2296875000000001 0.85 0.2484375000000001 0.85
2 0.3609375000000001 0.696875 0.3421875000000001 0.696875 0.3421875000000001 0.725 0.3609375000000001 0.725
4 0.2453125000000001 0.8078125 0.23593750000000008 0.8078125 0.23593750000000008 0.8203125 0.2453125000000001 0.8203125
4 0.22812500000000008 0.8375 0.21875000000000008 0.8375 0.21875000000000008 0.8484375 0.22812500000000008 0.8484375
2 0.2734375000000001 0.7875 0.25468750000000007 0.7875 0.25468750000000007 0.81875 0.2734375000000001 0.81875
2 0.4203125 0.553125 0.4015625 0.553125 0.4015625 0.5828125 0.4203125 0.5828125
2 0.3546875000000001 0.653125 0.3375000000000001 0.653125 0.3375000000000001 0.684375 0.3546875000000001 0.684375
2 0.3671875000000001 0.6328125 0.3500000000000001 0.6328125 0.3500000000000001 0.6578125 0.3671875000000001 0.6578125
2 0.3859375000000001 0.609375 0.3703125000000001 0.609375 0.3703125000000001 0.6328125 0.3859375000000001 0.6328125
2 0.4015625 0.58125 0.3828125000000001 0.58125 0.3828125000000001 0.6125 0.4015625 0.6125
2 0.5890625000000002 0.7328125 0.5734375000000002 0.7328125 0.5734375000000002 0.7671875 0.5890625000000002 0.7671875
2 0.5906250000000001 0.6984375 0.575 0.6984375 0.5750000000000001 0.7328125 0.5906250000000002 0.7328125
2 0.578125 0.6546875 0.5640625 0.6546875 0.5640625 0.6890625 0.578125 0.6890625
2 0.540625 0.6046875 0.528125 0.6046875 0.528125 0.6359375 0.540625 0.6359375
2 0.6546875000000001 0.7109375 0.6375 0.7109375 0.6375000000000001 0.74375 0.6546875000000002 0.74375
1 0.6421875 0.3281250000000001 0.6 0.3281250000000001 0.6 0.4078125 0.6421875 0.4078125
4 0.6828125 0.3203125000000001 0.6734375 0.3203125000000001 0.6734375 0.3359375000000001 0.6828125 0.3359375000000001
4 0.6953125 0.2968750000000001 0.6875 0.2968750000000001 0.6875 0.30937500000000007 0.6953125 0.30937500000000007
4 0.6765625 0.2984375000000001 0.6671875 0.2984375000000001 0.6671875 0.3125000000000001 0.6765625 0.3125000000000001
2 0.715625 0.06093750000000009 0.696875 0.06093750000000009 0.696875 0.09218750000000009 0.715625 0.09218750000000009
2 0.703125 0.21250000000000008 0.6875 0.21250000000000008 0.6875 0.2375000000000001 0.703125 0.2375000000000001
2 0.715625 0.2234375000000001 0.7015625 0.2234375000000001 0.7015625 0.2500000000000001 0.715625 0.2500000000000001
2 0.715625 0.2562500000000001 0.6984375 0.2562500000000001 0.6984375 0.2812500000000001 0.715625 0.2812500000000001
3 0.696875 0.25468750000000007 0.671875 0.25468750000000007 0.671875 0.2921875000000001 0.696875 0.2921875000000001
4 0.7015625 0.24218750000000008 0.6921875 0.24218750000000008 0.6921875 0.2578125000000001 0.7015625 0.2578125000000001
2 0.7015625 0.2765625000000001 0.68125 0.2765625000000001 0.68125 0.3031250000000001 0.7015625 0.3031250000000001
2 0.68125 0.3062500000000001 0.6671875 0.3062500000000001 0.6671875 0.3296875000000001 0.68125 0.3296875000000001
5 0.6671875 0.3031250000000001 0.6515625 0.3031250000000001 0.6515625 0.3343750000000001 0.6671875 0.3343750000000001
2 0.6203125 0.4078125 0.6015625 0.4078125 0.6015625 0.4375 0.6203125 0.4375
0 0.6203125 0.4296875 0.6078125 0.4296875 0.6078125 0.4484375 0.6203125 0.4484375
2 0.5953125 0.4171875 0.58125 0.4171875 0.58125 0.440625 0.5953125 0.440625
2 0.6 0.43125 0.5859375 0.43125 0.5859375 0.4578125 0.6 0.4578125
2 0.6078125 0.4484375 0.59375 0.4484375 0.59375 0.475 0.6078125 0.475
2 0.43125 0.4203125 0.4125 0.4203125 0.4125 0.4515625 0.43125 0.4515625
2 0.3187500000000001 0.7546875 0.30156250000000007 0.7546875 0.30156250000000007 0.784375 0.3187500000000001 0.784375
0 0.7828125 0.0984375000000001 0.76875 0.0984375000000001 0.76875 0.11875000000000009 0.7828125 0.11875000000000009
0 0.6109375 0.4796875 0.6 0.4796875 0.6 0.4984375 0.6109375 0.4984375
2 0.15156250000000013 0.9390625 0.13281250000000014 0.9390625 0.13281250000000014 0.971875 0.15156250000000013 0.971875
2 0.23437500000000008 0.9109375 0.2156250000000001 0.9109375 0.2156250000000001 0.9453125 0.23437500000000008 0.9453125
2 0.3187500000000001 0.7046875 0.3000000000000001 0.7046875 0.3000000000000001 0.7375 0.3187500000000001 0.7375
2 0.27031250000000007 0.8375 0.2531250000000001 0.8375 0.2531250000000001 0.86875 0.27031250000000007 0.86875
2 0.4078125 0.6171875 0.3906250000000001 0.6171875 0.3906250000000001 0.646875 0.4078125 0.646875
2 0.440625 0.575 0.425 0.575 0.425 0.609375 0.440625 0.609375
2 0.4890625 0.4859375 0.475 0.4859375 0.475 0.5171875 0.4890625 0.5171875
4 0.671875 0.3390625000000001 0.6625 0.3390625000000001 0.6625 0.3531250000000001 0.671875 0.3531250000000001
4 0.7 0.3000000000000001 0.6953125 0.3000000000000001 0.6953125 0.3125000000000001 0.7 0.3125000000000001
4 0.69375 0.30937500000000007 0.6875 0.30937500000000007 0.6875 0.31718750000000007 0.69375 0.31718750000000007
4 0.6875 0.30937500000000007 0.678125 0.30937500000000007 0.678125 0.3234375000000001 0.6875 0.3234375000000001
4 0.7015625 0.28593750000000007 0.6953125 0.28593750000000007 0.6953125 0.3000000000000001 0.7015625 0.3000000000000001
4 0.7171875 0.2734375000000001 0.7078125 0.2734375000000001 0.7078125 0.2828125000000001 0.7171875 0.2828125000000001
2 0.73125 0.2390625000000001 0.7125 0.2390625000000001 0.7125 0.2687500000000001 0.73125 0.2687500000000001
0 0.7234375 0.2328125000000001 0.7125 0.2328125000000001 0.7125 0.2515625000000001 0.7234375 0.2515625000000001
0 0.7421875 0.2156250000000001 0.73125 0.2156250000000001 0.73125 0.2312500000000001 0.7421875 0.2312500000000001
2 0.790625 0.17968750000000008 0.7703125 0.17968750000000008 0.7703125 0.2156250000000001 0.790625 0.2156250000000001
2 0.73125 0.1703125000000001 0.7109375 0.1703125000000001 0.7109375 0.1984375000000001 0.73125 0.1984375000000001
2 0.7359375 0.1937500000000001 0.7171875 0.1937500000000001 0.7171875 0.2171875000000001 0.7359375 0.2171875000000001
2 0.75625 0.1703125000000001 0.7359375 0.1703125000000001 0.7359375 0.19531250000000008 0.75625 0.19531250000000008
2 0.75625 0.1906250000000001 0.7390625 0.1906250000000001 0.7390625 0.21875000000000008 0.75625 0.21875000000000008
2 0.753125 0.1468750000000001 0.7359375 0.1468750000000001 0.7359375 0.17343750000000008 0.753125 0.17343750000000008
0 0.7671875 0.15000000000000008 0.753125 0.15000000000000008 0.753125 0.1687500000000001 0.7671875 0.1687500000000001
2 0.771875 0.1140625000000001 0.7515625 0.1140625000000001 0.7515625 0.1437500000000001 0.771875 0.1437500000000001
4 0.328125 0.014062500000000039 0.3171875 0.014062500000000039 0.3171875 0.03437500000000004 0.328125 0.034375000000000044
2 0.459375 0.32500000000000007 0.44375 0.32500000000000007 0.44375 0.35625000000000007 0.459375 0.35625000000000007
2 0.503125 0.46875 0.4859375 0.46875 0.4859375 0.50625 0.503125 0.50625
4 0.2718750000000001 0.759375 0.2656250000000001 0.759375 0.2656250000000001 0.7734375 0.2718750000000001 0.7734375
4 0.3296875000000001 0.7015625 0.3218750000000001 0.7015625 0.3218750000000001 0.715625 0.3296875000000001 0.715625
2 0.775 0.16562500000000008 0.75625 0.16562500000000008 0.75625 0.1984375000000001 0.775 0.1984375000000001
2 0.784375 0.11718750000000008 0.76875 0.11718750000000008 0.76875 0.1453125000000001 0.784375 0.1453125000000001
2 0.7281250000000001 0.88125 0.7078125000000002 0.88125 0.7078125000000002 0.915625 0.7281250000000001 0.915625
2 0.371875 0.10468750000000004 0.3546875 0.10468750000000004 0.3546875 0.14375000000000004 0.371875 0.14375000000000004
2 0.4109375 0.5390625 0.39531250000000007 0.5390625 0.39531250000000007 0.56875 0.4109375 0.56875
4 0.3437500000000001 0.684375 0.3375000000000001 0.684375 0.3375000000000001 0.6953125 0.3437500000000001 0.6953125
2 0.2984375000000001 0.73125 0.2812500000000001 0.73125 0.2812500000000001 0.7625 0.2984375000000001 0.7625
2 0.2468750000000001 0.7796875 0.2312500000000001 0.7796875 0.2312500000000001 0.809375 0.2468750000000001 0.809375
2 0.4578125 0.3578125000000001 0.440625 0.3578125000000001 0.440625 0.39531250000000007 0.4578125 0.39531250000000007
0 0.4765625 0.44375 0.4671875 0.44375 0.4671875 0.4640625 0.4765625 0.4640625
2 0.2718750000000001 0.7453125 0.2562500000000001 0.7453125 0.2562500000000001 0.771875 0.2718750000000001 0.771875
4 0.3500000000000001 0.64375 0.3437500000000001 0.64375 0.3437500000000001 0.65625 0.3500000000000001 0.65625
4 0.36406250000000007 0.6203125 0.3593750000000001 0.6203125 0.3593750000000001 0.63125 0.36406250000000007 0.63125
2 0.39531250000000007 0.6640625 0.3765625000000001 0.6640625 0.3765625000000001 0.69375 0.39531250000000007 0.69375
2 0.3125000000000001 0.6875 0.2968750000000001 0.6875 0.2968750000000001 0.7140625 0.3125000000000001 0.7140625
2 0.2890625000000001 0.70625 0.2734375000000001 0.70625 0.2734375000000001 0.7375 0.2890625000000001 0.7375
4 0.4625 0.4171875 0.453125 0.4171875 0.453125 0.434375 0.4625 0.434375
2 0.50625 0.515625 0.490625 0.515625 0.490625 0.5515625 0.50625 0.5515625
2 0.5234375 0.55625 0.509375 0.55625 0.509375 0.5890625 0.5234375 0.5890625
4 0.5 0.6140625 0.49375 0.6140625 0.49375 0.6296875 0.5 0.6296875
0 0.5109375 0.5828125 0.5 0.5828125 0.5 0.6046875 0.5109375 0.6046875
0 0.5046875 0.55 0.49375 0.55 0.49375 0.5734375 0.5046875 0.5734375
0 0.5203125 0.659375 0.5109375 0.659375 0.5109375 0.6828125 0.5203125 0.6828125
4 0.625 0.459375 0.615625 0.459375 0.615625 0.4734375 0.625 0.4734375
4 0.615625 0.45625 0.6078125 0.45625 0.6078125 0.465625 0.615625 0.465625
4 0.6078125 0.4625 0.603125 0.4625 0.603125 0.471875 0.6078125 0.471875
4 0.6140625 0.46875 0.609375 0.46875 0.609375 0.478125 0.6140625 0.478125
4 0.621875 0.515625 0.615625 0.515625 0.615625 0.5296875 0.621875 0.5296875
4 0.64375 0.5171875 0.6375 0.5171875 0.6375 0.5328125 0.64375 0.5328125
4 0.625 0.4859375 0.61875 0.4859375 0.61875 0.5015625 0.625 0.5015625
4 0.6109375 0.4984375 0.6015625 0.4984375 0.6015625 0.5125 0.6109375 0.5125
4 0.615625 0.5140625 0.60625 0.5140625 0.60625 0.5296875 0.615625 0.5296875
4 0.60625 0.471875 0.596875 0.471875 0.596875 0.484375 0.60625 0.484375
4 0.6609375 0.3390625000000001 0.6546875 0.3390625000000001 0.6546875 0.3500000000000001 0.6609375 0.3500000000000001
4 0.6609375 0.3593750000000001 0.6546875 0.3593750000000001 0.6546875 0.37187500000000007 0.6609375 0.37187500000000007
0 0.784375 0.14062500000000008 0.7734375 0.14062500000000008 0.7734375 0.15781250000000008 0.784375 0.15781250000000008
4 0.20312500000000008 0.875 0.1937500000000001 0.875 0.1937500000000001 0.8859375 0.20312500000000008 0.8859375
4 0.4828125 0.4453125 0.4765625 0.4453125 0.4765625 0.465625 0.4828125 0.465625
2 0.34062500000000007 0.6484375 0.3203125000000001 0.6484375 0.3203125000000001 0.678125 0.34062500000000007 0.678125
2 0.20312500000000008 0.93125 0.18593750000000014 0.93125 0.18593750000000014 0.9609375 0.20312500000000008 0.9609375
4 0.4859375 0.525 0.4796875 0.525 0.4796875 0.5421875 0.4859375 0.5421875
4 0.5203125 0.54375 0.5140625 0.54375 0.5140625 0.559375 0.5203125 0.559375
4 0.5328125 0.5625 0.5234375 0.5625 0.5234375 0.5765625 0.5328125 0.5765625
2 0.528125 0.6078125 0.515625 0.6078125 0.515625 0.640625 0.528125 0.640625
2 0.5578125 0.6046875 0.540625 0.6046875 0.540625 0.6359375 0.5578125 0.6359375
0 0.540625 0.678125 0.5296875 0.678125 0.5296875 0.7015625 0.540625 0.7015625
2 0.5625 0.646875 0.5484375 0.646875 0.5484375 0.678125 0.5625 0.678125
4 0.6031250000000001 0.7375 0.5953125000000001 0.7375 0.5953125000000001 0.753125 0.6031250000000001 0.753125
2 0.6406250000000002 0.8140625 0.6250000000000002 0.8140625 0.6250000000000002 0.85 0.6406250000000002 0.85
2 0.446875 0.27812500000000007 0.4265625 0.27812500000000007 0.4265625 0.3156250000000001 0.446875 0.3156250000000001
4 0.4765625 0.4296875 0.4703125 0.4296875 0.4703125 0.4484375 0.4765625 0.4484375
4 0.4578125 0.434375 0.4484375 0.434375 0.4484375 0.45 0.4578125 0.45
0 0.4515625 0.4 0.440625 0.4 0.440625 0.4234375 0.4515625 0.4234375
4 0.43125 0.3921875000000001 0.425 0.3921875000000001 0.425 0.40625 0.43125 0.40625
4 0.4265625 0.3687500000000001 0.4203125 0.3687500000000001 0.4203125 0.3843750000000001 0.4265625 0.3843750000000001
4 0.44375 0.41875 0.434375 0.41875 0.434375 0.4390625 0.44375 0.4390625
4 0.4609375 0.4625 0.4546875 0.4625 0.4546875 0.478125 0.4609375 0.478125
4 0.465625 0.4453125 0.459375 0.4453125 0.459375 0.4609375 0.465625 0.4609375
4 0.4703125 0.4640625 0.4625 0.4640625 0.4625 0.4796875 0.4703125 0.4796875
4 0.45625 0.475 0.45 0.475 0.45 0.4890625 0.45625 0.4890625
4 0.4578125 0.4875 0.4484375 0.4875 0.4484375 0.5015625 0.4578125 0.5015625
0 0.4765625 0.5234375 0.465625 0.5234375 0.465625 0.5484375 0.4765625 0.5484375
0 0.4765625 0.496875 0.465625 0.496875 0.465625 0.51875 0.4765625 0.51875
0 0.4921875 0.55625 0.4828125 0.55625 0.4828125 0.5828125 0.4921875 0.5828125
4 0.4984375 0.590625 0.4890625 0.590625 0.4890625 0.615625 0.4984375 0.615625
4 0.509375 0.6109375 0.5015625 0.6109375 0.5015625 0.628125 0.509375 0.628125
6 0.5703125000000001 0.6765625 0.54375 0.6765625 0.5437500000000001 0.7328125 0.5703125000000002 0.7328125
4 0.546875 0.640625 0.5390625 0.640625 0.5390625 0.659375 0.546875 0.659375
4 0.53125 0.646875 0.5265625 0.646875 0.5265625 0.665625 0.53125 0.665625
0 0.6093750000000002 0.76875 0.5984375000000002 0.76875 0.5984375000000002 0.7875 0.6093750000000002 0.7875
4 0.6093750000000002 0.7578125 0.6015625000000002 0.7578125 0.6015625000000002 0.7734375 0.6093750000000002 0.7734375
4 0.6312500000000002 0.8578125 0.6218750000000002 0.8578125 0.6218750000000002 0.8765625 0.6312500000000002 0.8765625
4 0.6562500000000002 0.8890625 0.6468750000000002 0.8890625 0.6468750000000002 0.9078125 0.6562500000000002 0.9078125
2 0.6 0.3500000000000001 0.5859375 0.3500000000000001 0.5859375 0.3812500000000001 0.6 0.3812500000000001
3 0.478125 0.403125 0.4625 0.403125 0.4625 0.43125 0.478125 0.43125
2 0.4234375 0.2984375000000001 0.409375 0.2984375000000001 0.409375 0.3281250000000001 0.4234375 0.3281250000000001
2 0.428125 0.24218750000000008 0.4078125 0.24218750000000008 0.4078125 0.27812500000000007 0.428125 0.27812500000000007
2 0.3921875 0.17187500000000006 0.371875 0.17187500000000006 0.371875 0.2015625000000001 0.3921875 0.2015625000000001
4 0.4015625 0.2562500000000001 0.3921875 0.2562500000000001 0.3921875 0.2765625000000001 0.4015625 0.2765625000000001
4 0.4 0.30937500000000007 0.390625 0.30937500000000007 0.390625 0.33281250000000007 0.4 0.33281250000000007
4 0.3984375 0.2812500000000001 0.3890625 0.2812500000000001 0.3890625 0.2953125000000001 0.3984375 0.2953125000000001
4 0.3875 0.2765625000000001 0.3796875 0.2765625000000001 0.3796875 0.2953125000000001 0.3875 0.2953125000000001
4 0.4109375 0.3203125000000001 0.4015625 0.3203125000000001 0.4015625 0.3359375000000001 0.4109375 0.3359375000000001
4 0.4171875 0.3343750000000001 0.4125 0.3343750000000001 0.4125 0.3437500000000001 0.4171875 0.3437500000000001
0 0.4328125 0.3421875000000001 0.421875 0.3421875000000001 0.421875 0.3625000000000001 0.4328125 0.3625000000000001
0 0.359375 0.017187500000000043 0.346875 0.017187500000000043 0.346875 0.03750000000000005 0.359375 0.03750000000000005
0 0.4125 0.10781250000000005 0.4 0.10781250000000005 0.4 0.12968750000000004 0.4125 0.12968750000000004
0 0.5203125 0.21093750000000008 0.5078125 0.21093750000000008 0.5078125 0.2328125000000001 0.5203125 0.2328125000000001
2 0.590625 0.23437500000000008 0.5703125 0.23437500000000008 0.5703125 0.2578125000000001 0.590625 0.2578125000000001
4 0.5578125 0.2296875000000001 0.5484375 0.2296875000000001 0.5484375 0.2453125000000001 0.5578125 0.2453125000000001
4 0.378125 0.3281250000000001 0.3703125 0.3281250000000001 0.3703125 0.34843750000000007 0.378125 0.34843750000000007
2 0.34843750000000007 0.61875 0.33281250000000007 0.61875 0.33281250000000007 0.640625 0.34843750000000007 0.640625
4 0.3031250000000001 0.671875 0.2968750000000001 0.671875 0.2968750000000001 0.6875 0.3031250000000001 0.6875
2 0.2250000000000001 0.8140625 0.2093750000000001 0.8140625 0.2093750000000001 0.8390625 0.2250000000000001 0.8390625
2 0.18906250000000008 0.871875 0.17343750000000008 0.871875 0.17343750000000008 0.896875 0.18906250000000008 0.896875
0 0.615625 0.53125 0.603125 0.53125 0.603125 0.5453125 0.615625 0.5453125
4 0.6203125 0.503125 0.615625 0.503125 0.615625 0.5125 0.6203125 0.5125
4 0.646875 0.4921875 0.640625 0.4921875 0.640625 0.5078125 0.646875 0.5078125
2 0.8046875 0.12656250000000008 0.7890625 0.12656250000000008 0.7890625 0.1546875000000001 0.8046875 0.1546875000000001
2 0.8046875 0.07031250000000008 0.7875 0.07031250000000008 0.7875 0.09687500000000009 0.8046875 0.09687500000000009
2 0.80625 0.09687500000000009 0.790625 0.09687500000000009 0.790625 0.12343750000000009 0.80625 0.12343750000000009
4 0.790625 0.10468750000000009 0.784375 0.10468750000000009 0.784375 0.11718750000000008 0.790625 0.11718750000000008
4 0.85 0.0359375000000001 0.840625 0.0359375000000001 0.840625 0.050000000000000114 0.85 0.050000000000000114
4 0.875 0.03281250000000011 0.8671875 0.03281250000000011 0.8671875 0.04687500000000011 0.875 0.04687500000000011
4 0.721875 0.1140625000000001 0.7140625 0.1140625000000001 0.7140625 0.1296875000000001 0.721875 0.1296875000000001