4 0.02343750000000007 0.5625 0.009375000000000069 0.5625 0.00937500000000007 0.5875 0.023437500000000073 0.5875
3 0.10312500000000006 0.5390625 0.08437500000000006 0.5390625 0.08437500000000006 0.559375 0.10312500000000009 0.559375
5 0.16406250000000008 0.665625 0.12031250000000009 0.665625 0.12031250000000009 0.69375 0.16406250000000008 0.69375
5 0.18906250000000008 0.634375 0.1453125000000001 0.634375 0.1453125000000001 0.6546875 0.18906250000000008 0.6546875
4 0.1453125000000001 0.5625 0.1312500000000001 0.5625 0.1312500000000001 0.58125 0.1453125000000001 0.58125
3 0.1218750000000001 0.5484375 0.1062500000000001 0.5484375 0.1062500000000001 0.5625 0.1218750000000001 0.5625
2 0.12968750000000004 0.521875 0.10781250000000005 0.521875 0.10781250000000005 0.5421875 0.12968750000000004 0.5421875
3 0.2296875000000001 0.4734375 0.2062500000000001 0.4734375 0.2062500000000001 0.496875 0.2296875000000001 0.496875
6 0.28593750000000007 0.5515625 0.2515625000000001 0.5515625 0.2515625000000001 0.58125 0.28593750000000007 0.58125
2 0.2812500000000001 0.6 0.2640625000000001 0.6 0.2640625000000001 0.6140625 0.2812500000000001 0.6140625
6 0.3140625000000001 0.6265625 0.2796875000000001 0.6265625 0.2796875000000001 0.65625 0.3140625000000001 0.65625
3 0.3218750000000001 0.49375 0.2968750000000001 0.49375 0.2968750000000001 0.5125 0.3218750000000001 0.5125
5 0.4140625 0.5359375 0.3734375000000001 0.5359375 0.3734375000000001 0.5609375 0.4140625 0.5609375
4 0.3500000000000001 0.584375 0.3421875000000001 0.584375 0.3421875000000001 0.596875 0.3500000000000001 0.596875
6 0.5265625 0.615625 0.496875 0.615625 0.496875 0.6328125 0.5265625 0.6328125
4 0.5703125 0.6109375 0.5640625 0.6109375 0.5640625 0.6171875 0.5703125 0.6171875
3 0.6015625 0.621875 0.590625 0.621875 0.590625 0.634375 0.6015625 0.634375
4 0.5953125 0.60625 0.5875 0.60625 0.5875 0.6125 0.5953125 0.6125
4 0.60625 0.603125 0.6 0.603125 0.6 0.609375 0.60625 0.609375
3 0.5953125 0.584375 0.58125 0.584375 0.58125 0.596875 0.5953125 0.596875
6 0.5734375 0.5359375 0.5453125 0.5359375 0.5453125 0.55625 0.5734375 0.55625
3 0.6109375 0.553125 0.59375 0.553125 0.59375 0.56875 0.6109375 0.56875
4 0.678125 0.5796875 0.6703125 0.5796875 0.6703125 0.59375 0.678125 0.59375
0 0.771875 0.6062500000000002 0.7609375 0.6062500000000002 0.7609375 0.6171875000000002 0.771875 0.6171875000000002
2 0.7515625 0.5750000000000002 0.7328125 0.5750000000000002 0.7328125 0.5921875000000002 0.7515625 0.5921875000000002
2 0.3703125 0.28437500000000004 0.3515625 0.284375 0.3515625 0.30000000000000004 0.3703125 0.3000000000000001
2 0.5296875 0.31718750000000007 0.515625 0.31718750000000007 0.515625 0.3437500000000001 0.5296875 0.3437500000000001
2 0.5421875 0.3156250000000001 0.53125 0.3156250000000001 0.53125 0.3453125000000001 0.5421875 0.3453125000000001
2 0.58125 0.3078125000000001 0.571875 0.3078125000000001 0.571875 0.3343750000000001 0.58125 0.3343750000000001
2 0.590625 0.3078125000000001 0.5828125 0.3078125000000001 0.5828125 0.33281250000000007 0.590625 0.33281250000000007
3 0.503125 0.4046875 0.4890625 0.4046875 0.4890625 0.41875 0.503125 0.41875
1 0.7046875 0.3734375000000001 0.6609375 0.3734375000000001 0.6609375 0.4046875 0.7046875 0.4046875
5 0.7640625 0.3734375000000001 0.7140625 0.3734375000000001 0.7140625 0.4000000000000001 0.7640625 0.4000000000000002
2 0.7265625 0.45781250000000007 0.7109375 0.4578125 0.7109375 0.47343750000000007 0.7265625 0.4734375000000002
0 0.734375 0.4375000000000001 0.7234375 0.4375 0.7234375 0.4484375000000001 0.734375 0.44843750000000016
6 0.7796875 0.4312500000000002 0.75 0.4312500000000002 0.75 0.4515625000000002 0.7796875 0.4515625000000002
2 0.8140625 0.5718750000000001 0.7984375 0.5718750000000001 0.7984375 0.5890625000000002 0.8140625 0.5890625000000002
0 0.8484375 0.6015625000000002 0.834375 0.6015625000000002 0.834375 0.6140625000000002 0.8484375 0.6140625000000002
5 0.8265625 0.5265625000000002 0.7828125 0.5265625000000002 0.7828125 0.5515625000000002 0.8265625 0.5515625000000002
6 0.8890625 0.47187500000000016 0.85625 0.47187500000000016 0.85625 0.49218750000000017 0.8890625 0.49218750000000017
2 0.84375 0.46093750000000017 0.825 0.46093750000000017 0.825 0.4781250000000002 0.84375 0.4781250000000002
5 0.8484375 0.4109375000000002 0.8 0.4109375000000002 0.8 0.4390625000000002 0.8484375 0.4390625000000002
0 0.853125 0.3812500000000001 0.840625 0.3812500000000001 0.840625 0.3921875000000001 0.853125 0.3921875000000001
5 0.9640625 0.3843750000000001 0.9234375 0.3843750000000001 0.9234375 0.40937500000000016 0.9640625 0.40937500000000016
5 0.928125 0.6312500000000002 0.8859375 0.6312500000000002 0.8859375 0.6562500000000002 0.928125 0.6562500000000002
6 0.9234375 0.5921875000000002 0.89375 0.5921875000000002 0.89375 0.6125000000000002 0.9234375 0.6125000000000002
2 0.903125 0.5796875000000001 0.8859375 0.5796875000000001 0.8859375 0.5906250000000002 0.903125 0.5906250000000002
2 0.971875 0.5906250000000002 0.95625 0.5906250000000002 0.95625 0.6031250000000001 0.971875 0.6031250000000001
4 0.9796875 0.6031250000000001 0.9703125 0.6031250000000001 0.9703125 0.6078125000000002 0.9796875 0.6078125000000002
4 0.9890625 0.6140625000000002 0.9828125 0.6140625000000002 0.9828125 0.6218750000000002 0.9890625 0.6218750000000002
4 0.9828125 0.6093750000000002 0.9734375 0.6093750000000002 0.9734375 0.6140625000000002 0.9828125 0.6140625000000002
2 0.74375 0.6468750000000002 0.7328125 0.6468750000000002 0.7328125 0.6718750000000002 0.74375 0.6718750000000002
3 0.70625 0.6125 0.696875 0.6125 0.696875 0.6390625 0.70625 0.6390625
2 0.696875 0.6234375 0.6890625 0.6234375 0.6890625 0.6484375 0.696875 0.6484375