2 0.375 0.2828125 0.35625 0.2828125 0.35625 0.29687500000000006 0.375 0.2968750000000001
2 0.43125 0.2406250000000001 0.41875 0.2406250000000001 0.41875 0.26250000000000007 0.43125 0.26250000000000007
2 0.4234375 0.2093750000000001 0.4078125 0.2093750000000001 0.4078125 0.22812500000000008 0.4234375 0.22812500000000008
2 0.534375 0.3125000000000001 0.525 0.3125000000000001 0.525 0.34062500000000007 0.534375 0.34062500000000007
2 0.5453125 0.3109375000000001 0.5359375 0.3109375000000001 0.5359375 0.34062500000000007 0.5453125 0.34062500000000007
2 0.584375 0.3031250000000001 0.578125 0.3031250000000001 0.578125 0.3281250000000001 0.584375 0.3281250000000001
2 0.5953125 0.3046875000000001 0.5875 0.3046875000000001 0.5875 0.3281250000000001 0.5953125 0.3281250000000001
2 0.98125 0.8953125 0.971875 0.8953125 0.971875 0.9234375 0.98125 0.9234375
2 0.746875 0.6421875000000001 0.7390625 0.6421875000000001 0.7390625 0.6656250000000001 0.746875 0.6656250000000001
6 0.934375 0.6250000000000002 0.89375 0.6250000000000002 0.89375 0.6453125000000002 0.934375 0.6453125000000002
5 0.7671875 0.3703125000000001 0.7203125 0.3703125000000001 0.7203125 0.3906250000000001 0.7671875 0.3906250000000001
6 0.7078125 0.3734375000000001 0.665625 0.3734375000000001 0.665625 0.3937500000000001 0.7078125 0.3937500000000001
6 0.3187500000000001 0.625 0.2890625000000001 0.625 0.2890625000000001 0.6453125 0.3187500000000001 0.6453125
6 0.1921875000000001 0.63125 0.1546875000000001 0.63125 0.1546875000000001 0.6515625 0.1921875000000001 0.6515625
6 0.1687500000000001 0.6625 0.1296875000000001 0.6625 0.1296875000000001 0.6875 0.1687500000000001 0.6875
4 0.5734375 0.2687500000000001 0.56875 0.2687500000000001 0.56875 0.2828125000000001 0.5734375 0.2828125000000001
3 0.7937500000000002 0.8421875 0.7718750000000002 0.8421875 0.7718750000000002 0.8609375 0.7937500000000002 0.8609375
3 0.7453125000000002 0.878125 0.7359375000000001 0.878125 0.7359375000000001 0.9140625 0.7453125000000002 0.9140625
4 0.55 0.2718750000000001 0.546875 0.2718750000000001 0.546875 0.28593750000000007 0.55 0.28593750000000007
4 0.5671875 0.2828125000000001 0.5640625 0.2828125000000001 0.5640625 0.2984375000000001 0.5671875 0.2984375000000001
4 0.59375 0.2734375000000001 0.5890625 0.2734375000000001 0.5890625 0.2875000000000001 0.59375 0.2875000000000001
4 0.6046875 0.2968750000000001 0.6015625 0.2968750000000001 0.6015625 0.3109375000000001 0.6046875 0.3109375000000001
4 0.590625 0.2312500000000001 0.5875 0.2312500000000001 0.5875 0.2453125000000001 0.590625 0.2453125000000001
4 0.5578125 0.22031250000000008 0.5546875 0.22031250000000008 0.5546875 0.2296875000000001 0.5578125 0.2296875000000001
4 0.5671875 0.22031250000000008 0.5625 0.22031250000000008 0.5625 0.2328125000000001 0.5671875 0.2328125000000001
4 0.6078125 0.2328125000000001 0.6046875 0.2328125000000001 0.6046875 0.2453125000000001 0.6078125 0.2453125000000001
4 0.54375 0.27031250000000007 0.5390625 0.27031250000000007 0.5390625 0.2828125000000001 0.54375 0.2828125000000001
4 0.4390625 0.2640625000000001 0.434375 0.2640625000000001 0.434375 0.27812500000000007 0.4390625 0.27812500000000007
4 0.6 0.23437500000000008 0.596875 0.23437500000000008 0.596875 0.2468750000000001 0.6 0.2468750000000001
4 0.5578125 0.27031250000000007 0.5546875 0.27031250000000007 0.5546875 0.2843750000000001 0.5578125 0.2843750000000001
4 0.5640625 0.2875000000000001 0.5609375 0.2875000000000001 0.5609375 0.3000000000000001 0.5640625 0.3000000000000001
4 0.571875 0.28593750000000007 0.56875 0.28593750000000007 0.56875 0.2984375000000001 0.571875 0.2984375000000001
0 0.8546875 0.6359375000000002 0.8390625 0.6359375000000002 0.8390625 0.6500000000000001 0.8546875 0.6500000000000001
2 0.7078125 0.634375 0.7015625 0.634375 0.7015625 0.6578125 0.7078125 0.6578125
2 0.7015625 0.6171875 0.6953125 0.6171875 0.6953125 0.6421875 0.7015625 0.6421875
2 0.69375 0.625 0.6875 0.625 0.6875 0.646875 0.69375 0.646875
2 0.7 0.646875 0.69375 0.646875 0.69375 0.6671875 0.7 0.6671875
0 0.853125 0.5968750000000002 0.840625 0.5968750000000002 0.840625 0.6062500000000002 0.853125 0.6062500000000002
2 0.996875 0.8609375 0.984375 0.8609375 0.984375 0.8859375 0.996875 0.8859375
5 1 0.5468750000000002 0.95625 0.5468750000000002 0.95625 0.5718750000000001 1 0.5718750000000001
2 0.6515625 0.5140625 0.6359375 0.5140625 0.6359375 0.528125 0.6515625 0.528125
0 0.665625 0.6015625 0.65625 0.6015625 0.65625 0.615625 0.665625 0.615625
2 0.60625 0.6171875 0.59375 0.6171875 0.59375 0.6296875 0.60625 0.6296875
3 0.6171875 0.5984375 0.6015625 0.5984375 0.6015625 0.6125 0.6171875 0.6125
2 0.9203125 0.5265625000000002 0.903125 0.5265625000000002 0.903125 0.5406250000000001 0.9203125 0.5406250000000001
0 0.615625 0.4453125 0.6078125 0.4453125 0.6078125 0.4546875 0.615625 0.4546875
2 0.5484375 0.446875 0.534375 0.446875 0.534375 0.4609375 0.5484375 0.4609375
4 0.7578125 0.3890625000000001 0.7484375 0.3890625000000001 0.7484375 0.3984375000000001 0.7578125 0.3984375000000001
0 0.678125 0.5984375 0.6703125 0.5984375 0.6703125 0.60625 0.678125 0.60625
0 0.4890625 0.559375 0.4796875 0.559375 0.4796875 0.56875 0.4890625 0.56875
2 1 0.3890625000000001 0.984375 0.3890625000000001 0.984375 0.4031250000000002 1 0.4031250000000002
3 0.2390625000000001 0.5 0.2234375000000001 0.5 0.2234375000000001 0.5140625 0.2390625000000001 0.5140625
6 0.16718750000000004 0.4796875 0.12187500000000004 0.4796875 0.12187500000000004 0.5 0.16718750000000004 0.5
6 0.2671875000000001 0.4609375 0.2250000000000001 0.4609375 0.2250000000000001 0.4765625 0.2671875000000001 0.4765625
2 0.03593750000000008 0.609375 0.020312500000000074 0.609375 0.020312500000000074 0.61875 0.03593750000000008 0.61875
4 0.9328125 0.5843750000000002 0.9234375 0.5843750000000002 0.9234375 0.5953125000000001 0.9328125 0.5953125000000001
4 0.903125 0.6046875000000002 0.8953125 0.6046875000000002 0.8953125 0.6140625000000002 0.903125 0.6140625000000002
2 0.5203125 0.25468750000000007 0.5109375 0.25468750000000007 0.5109375 0.27812500000000007 0.5203125 0.27812500000000007
4 0.9078125 0.5906250000000002 0.9 0.5906250000000002 0.9 0.6015625000000002 0.9078125 0.6015625000000002
6 0.4546875 0.471875 0.428125 0.471875 0.428125 0.4859375 0.4546875 0.4859375
2 0.6484375 0.5328125 0.6328125 0.5328125 0.6328125 0.5453125 0.6484375 0.5453125
6 0.53125 0.6125 0.503125 0.6125 0.503125 0.6296875 0.53125 0.6296875
4 0.06875000000000006 0.61875 0.06250000000000007 0.61875 0.06250000000000007 0.628125 0.06875000000000006 0.628125
4 0.1921875000000001 0.5890625 0.1843750000000001 0.5890625 0.1843750000000001 0.5984375 0.1921875000000001 0.5984375
4 0.2078125000000001 0.6 0.2015625000000001 0.6 0.2015625000000001 0.6140625 0.2078125000000001 0.6140625
4 0.2484375000000001 0.6109375 0.24218750000000008 0.6109375 0.24218750000000008 0.6203125 0.2484375000000001 0.6203125
4 0.446875 0.5546875 0.4390625 0.5546875 0.4390625 0.565625 0.446875 0.565625
4 0.3968750000000001 0.584375 0.3890625000000001 0.584375 0.3890625000000001 0.5953125 0.3968750000000001 0.5953125