4 0.046875000000000056 0.409375 0.03593750000000005 0.409375 0.03593750000000005 0.4296875 0.046875000000000056 0.4296875
4 0.029687500000000054 0.425 0.01406250000000005 0.425 0.014062500000000052 0.446875 0.029687500000000054 0.446875
4 0.028125000000000056 0.453125 0.017187500000000057 0.453125 0.017187500000000057 0.465625 0.028125000000000056 0.465625
4 0.11875000000000005 0.4578125 0.10312500000000005 0.4578125 0.10312500000000005 0.4703125 0.11875000000000005 0.4703125
4 0.16875000000000004 0.4390625 0.15468750000000003 0.4390625 0.15468750000000003 0.4546875 0.16875000000000004 0.4546875
4 0.16406250000000006 0.528125 0.15000000000000005 0.528125 0.15000000000000005 0.54375 0.16406250000000006 0.54375
4 0.06093750000000007 0.5421875 0.050000000000000065 0.5421875 0.050000000000000065 0.5546875 0.06093750000000007 0.5546875
4 0.07031250000000007 0.55625 0.05468750000000007 0.55625 0.05468750000000007 0.5671875 0.07031250000000007 0.5671875
0 0.03125000000000007 0.5421875 0.010937500000000067 0.5421875 0.010937500000000069 0.5609375 0.03125000000000007 0.5609375
0 0.21093750000000008 0.5390625 0.18750000000000006 0.5390625 0.18750000000000006 0.565625 0.21093750000000008 0.565625
0 0.13281250000000006 0.534375 0.11250000000000004 0.534375 0.11250000000000007 0.55625 0.13281250000000008 0.55625
0 0.2968750000000001 0.4234375 0.27812500000000007 0.4234375 0.27812500000000007 0.44375 0.2968750000000001 0.44375
0 0.3453125000000001 0.4203125 0.3265625000000001 0.4203125 0.3265625000000001 0.44375 0.3453125000000001 0.44375
6 0.2015625000000001 0.4484375 0.17187500000000006 0.4484375 0.17187500000000006 0.4734375 0.2015625000000001 0.4734375
4 0.2640625000000001 0.4421875 0.2484375000000001 0.4421875 0.2484375000000001 0.465625 0.2640625000000001 0.465625
4 0.27812500000000007 0.409375 0.2640625000000001 0.409375 0.2640625000000001 0.428125 0.27812500000000007 0.428125
4 0.3156250000000001 0.4359375 0.3000000000000001 0.4359375 0.3000000000000001 0.4546875 0.3156250000000001 0.4546875
4 0.3203125000000001 0.4140625 0.3046875000000001 0.4140625 0.3046875000000001 0.428125 0.3203125000000001 0.428125
4 0.3609375000000001 0.4140625 0.3500000000000001 0.4140625 0.3500000000000001 0.43125 0.3609375000000001 0.43125
4 0.4 0.4234375 0.3843750000000001 0.4234375 0.3843750000000001 0.4390625 0.4 0.4390625
4 0.4109375 0.40625 0.3968750000000001 0.40625 0.3968750000000001 0.421875 0.4109375 0.421875
4 0.3703125000000001 0.5375 0.3578125000000001 0.5375 0.3578125000000001 0.553125 0.3703125000000001 0.553125
4 0.3203125000000001 0.528125 0.30937500000000007 0.528125 0.30937500000000007 0.54375 0.3203125000000001 0.54375
4 0.3859375000000001 0.528125 0.3750000000000001 0.528125 0.3750000000000001 0.5421875 0.3859375000000001 0.5421875
4 0.3734375000000001 0.55 0.3578125000000001 0.55 0.3578125000000001 0.5625 0.3734375000000001 0.5625
4 0.4140625 0.528125 0.39531250000000007 0.528125 0.39531250000000007 0.54375 0.4140625 0.54375
4 0.4859375 0.434375 0.471875 0.434375 0.471875 0.453125 0.4859375 0.453125
4 0.49375 0.5234375 0.4828125 0.5234375 0.4828125 0.540625 0.49375 0.540625
4 0.5328125 0.5265625 0.51875 0.5265625 0.51875 0.546875 0.5328125 0.546875
4 0.553125 0.546875 0.5390625 0.546875 0.5390625 0.565625 0.553125 0.565625
0 0.44375 0.5390625 0.4234375 0.5390625 0.4234375 0.5640625 0.44375 0.5640625
0 0.58125 0.4125 0.5625 0.4125 0.5625 0.4375 0.58125 0.4375
2 0.5859375 0.4453125 0.55625 0.4453125 0.55625 0.4671875 0.5859375 0.4671875
4 0.653125 0.40625 0.6390625 0.40625 0.6390625 0.425 0.653125 0.425
4 0.68125 0.4203125 0.6625 0.4203125 0.6625 0.4359375 0.68125 0.4359375
4 0.6828125 0.4359375 0.6640625 0.4359375 0.6640625 0.45 0.6828125 0.45
4 0.690625 0.44375 0.6765625 0.44375 0.6765625 0.4640625 0.690625 0.4640625
4 0.715625 0.4234375 0.7 0.4234375 0.7 0.440625 0.715625 0.440625
4 0.7125 0.5078125 0.6984375 0.5078125 0.6984375 0.525 0.7125 0.525
4 0.6703125 0.5453125 0.6578125 0.5453125 0.6578125 0.5625 0.6703125 0.5625
4 0.621875 0.5359375 0.6078125 0.5359375 0.6078125 0.5515625 0.621875 0.5515625
4 0.715625 0.5203125 0.6953125 0.5203125 0.6953125 0.5359375 0.715625 0.5359375
4 0.7203125 0.5390625 0.7 0.5390625 0.7 0.546875 0.7203125 0.546875
4 0.7703125 0.43750000000000017 0.7546875 0.43750000000000017 0.7546875 0.45312500000000017 0.7703125 0.45312500000000017
4 0.7625 0.41718750000000016 0.746875 0.41718750000000016 0.746875 0.4312500000000002 0.7625 0.4312500000000002
4 0.7828125 0.40625000000000017 0.76875 0.40625000000000017 0.76875 0.4203125000000002 0.7828125 0.4203125000000002
4 0.8453125 0.4125000000000002 0.83125 0.4125000000000002 0.83125 0.43281250000000016 0.8453125 0.43281250000000016
4 0.9015625 0.4156250000000002 0.88125 0.4156250000000002 0.88125 0.4421875000000002 0.9015625 0.4421875000000002
4 0.7953125 0.5296875000000002 0.7765625 0.5296875000000002 0.7765625 0.5453125000000002 0.7953125 0.5453125000000002
2 0.771875 0.5125000000000002 0.740625 0.5125000000000002 0.740625 0.5406250000000001 0.771875 0.5406250000000001
0 0.8234375 0.5421875000000002 0.803125 0.5421875000000002 0.803125 0.5609375000000002 0.8234375 0.5609375000000002
0 0.865625 0.5281250000000002 0.8421875 0.5281250000000002 0.8421875 0.5484375000000001 0.865625 0.5484375000000001
2 0.8796875 0.4390625000000002 0.84375 0.4390625000000002 0.84375 0.46875000000000017 0.8796875 0.46875000000000017
4 0.896875 0.5515625000000002 0.88125 0.5515625000000002 0.88125 0.5671875000000002 0.896875 0.5671875000000002
4 0.9375 0.3984375000000001 0.9203125 0.3984375000000001 0.9203125 0.42187500000000017 0.9375 0.42187500000000017
0 1 0.40625000000000017 0.9765625 0.40625000000000017 0.9765625 0.43750000000000017 1 0.43750000000000017
2 0.14843750000000006 0.50625 0.12031250000000004 0.50625 0.12031250000000004 0.5328125 0.14843750000000006 0.5328125
0 0.19843750000000004 0.4171875 0.17812500000000003 0.4171875 0.17812500000000003 0.4390625 0.19843750000000004 0.4390625