2 0.3421875 0.2703125 0.3265625 0.2703125 0.3265625 0.284375 0.3421875 0.284375
2 0.39375 0.2000000000000001 0.3796875 0.2000000000000001 0.3796875 0.2140625000000001 0.39375 0.2140625000000001
2 0.4 0.23593750000000008 0.390625 0.23593750000000008 0.390625 0.2500000000000001 0.4 0.2500000000000001
4 0.40625 0.25468750000000007 0.403125 0.25468750000000007 0.403125 0.2656250000000001 0.40625 0.2656250000000001
4 0.4109375 0.2562500000000001 0.40625 0.2562500000000001 0.40625 0.2671875000000001 0.4109375 0.2671875000000001
4 0.43125 0.18906250000000005 0.4265625 0.18906250000000005 0.4265625 0.2000000000000001 0.43125 0.2000000000000001
4 0.5234375 0.2156250000000001 0.5203125 0.2156250000000001 0.5203125 0.2234375000000001 0.5234375 0.2234375000000001
4 0.528125 0.2156250000000001 0.5265625 0.2156250000000001 0.5265625 0.2250000000000001 0.528125 0.2250000000000001
4 0.53125 0.2140625000000001 0.528125 0.2140625000000001 0.528125 0.2250000000000001 0.53125 0.2250000000000001
4 0.5390625 0.2140625000000001 0.5359375 0.2140625000000001 0.5359375 0.2250000000000001 0.5390625 0.2250000000000001
4 0.5625 0.2250000000000001 0.559375 0.2250000000000001 0.559375 0.2390625000000001 0.5625 0.2390625000000001
4 0.565625 0.2250000000000001 0.5625 0.2250000000000001 0.5625 0.2390625000000001 0.565625 0.2390625000000001
4 0.571875 0.22812500000000008 0.56875 0.22812500000000008 0.56875 0.24218750000000008 0.571875 0.24218750000000008
4 0.5765625 0.22656250000000008 0.5734375 0.22656250000000008 0.5734375 0.2406250000000001 0.5765625 0.2406250000000001
4 0.5796875 0.2296875000000001 0.5765625 0.2296875000000001 0.5765625 0.2406250000000001 0.5796875 0.2406250000000001
4 0.5828125 0.2875000000000001 0.5796875 0.2875000000000001 0.5796875 0.30156250000000007 0.5828125 0.30156250000000007
4 0.578125 0.29375000000000007 0.575 0.29375000000000007 0.575 0.3046875000000001 0.578125 0.3046875000000001
4 0.571875 0.2843750000000001 0.5703125 0.2843750000000001 0.5703125 0.29375000000000007 0.571875 0.29375000000000007
4 0.5703125 0.2765625000000001 0.5671875 0.2765625000000001 0.5671875 0.2921875000000001 0.5703125 0.2921875000000001
4 0.565625 0.2687500000000001 0.5625 0.2687500000000001 0.5625 0.2828125000000001 0.565625 0.2828125000000001
4 0.5671875 0.28593750000000007 0.5640625 0.28593750000000007 0.5640625 0.2968750000000001 0.5671875 0.2968750000000001
4 0.5453125 0.2656250000000001 0.5421875 0.2656250000000001 0.5421875 0.2765625000000001 0.5453125 0.2765625000000001
4 0.54375 0.27812500000000007 0.5421875 0.27812500000000007 0.5421875 0.29375000000000007 0.54375 0.29375000000000007
4 0.540625 0.27812500000000007 0.5375 0.27812500000000007 0.5375 0.2921875000000001 0.540625 0.2921875000000001
4 0.5359375 0.2796875000000001 0.5328125 0.2796875000000001 0.5328125 0.29375000000000007 0.5359375 0.29375000000000007
4 0.5265625 0.2656250000000001 0.5234375 0.2656250000000001 0.5234375 0.2765625000000001 0.5265625 0.2765625000000001
4 0.5234375 0.26250000000000007 0.5203125 0.26250000000000007 0.5203125 0.2765625000000001 0.5234375 0.2765625000000001
4 0.515625 0.26250000000000007 0.5125 0.26250000000000007 0.5125 0.2765625000000001 0.515625 0.2765625000000001
2 0.5046875 0.3062500000000001 0.5 0.3062500000000001 0.5 0.33281250000000007 0.5046875 0.33281250000000007
2 0.515625 0.3062500000000001 0.509375 0.3062500000000001 0.509375 0.3312500000000001 0.515625 0.3312500000000001
2 0.5578125 0.3000000000000001 0.5515625 0.3000000000000001 0.5515625 0.3234375000000001 0.5578125 0.3234375000000001
2 0.5671875 0.3000000000000001 0.5609375 0.3000000000000001 0.5609375 0.3218750000000001 0.5671875 0.3218750000000001
5 0.6765625 0.3703125000000001 0.6390625 0.3703125000000001 0.6390625 0.3890625000000001 0.6765625 0.3890625000000001
5 0.7359375 0.3703125000000001 0.6921875 0.3703125000000001 0.6921875 0.38750000000000007 0.7359375 0.38750000000000007
0 0.7140625 0.3921875000000001 0.70625 0.3921875000000001 0.70625 0.4015625 0.7140625 0.4015625
4 0.746875 0.42187500000000017 0.7421875 0.42187500000000017 0.7421875 0.4312500000000002 0.746875 0.4312500000000002
2 0.771875 0.4031250000000002 0.75625 0.4031250000000002 0.75625 0.41406250000000017 0.771875 0.41406250000000017
2 0.7796875 0.3812500000000001 0.76875 0.3812500000000001 0.76875 0.39531250000000007 0.7796875 0.39531250000000007
6 0.8 0.41406250000000017 0.76875 0.41406250000000017 0.76875 0.43750000000000017 0.8 0.43750000000000017
3 0.846875 0.3000000000000001 0.8375 0.3000000000000001 0.8375 0.3296875000000001 0.846875 0.3296875000000001
3 0.996875 0.2812500000000001 0.9890625 0.2812500000000001 0.9890625 0.30937500000000007 0.996875 0.30937500000000007
4 0.9703125 0.23437500000000008 0.9640625 0.23437500000000008 0.9640625 0.24375000000000008 0.9703125 0.24375000000000008
4 0.9421875 0.3687500000000001 0.934375 0.3687500000000001 0.934375 0.3734375000000001 0.9421875 0.3734375000000001
5 0.921875 0.3750000000000001 0.8734375 0.3750000000000001 0.8734375 0.39531250000000007 0.921875 0.39531250000000007
4 0.3390625000000001 0.3921875 0.33281250000000007 0.3921875 0.33281250000000007 0.4015625 0.3390625000000001 0.4015625
6 0.14531250000000004 0.3921875 0.12031250000000004 0.3921875 0.12031250000000004 0.4109375 0.14531250000000004 0.4109375
5 0.11562500000000005 0.4703125 0.06875000000000006 0.4703125 0.06875000000000006 0.4859375 0.11562500000000005 0.4859375
2 0.10156250000000008 0.5859375 0.08750000000000006 0.5859375 0.08750000000000006 0.596875 0.10156250000000008 0.596875
2 0.14843750000000006 0.5328125 0.13281250000000006 0.5328125 0.13281250000000006 0.54375 0.14843750000000006 0.54375
0 0.22031250000000008 0.5546875 0.2062500000000001 0.5546875 0.2062500000000001 0.5640625 0.22031250000000008 0.5640625
0 0.2640625000000001 0.6046875 0.25468750000000007 0.6046875 0.25468750000000007 0.6125 0.2640625000000001 0.6125
4 0.2734375000000001 0.5953125 0.2671875000000001 0.5953125 0.2671875000000001 0.6015625 0.2734375000000001 0.6015625
5 0.2843750000000001 0.6203125 0.25468750000000007 0.6203125 0.25468750000000007 0.6359375 0.2843750000000001 0.6359375
5 0.12500000000000008 0.659375 0.08906250000000009 0.659375 0.08906250000000009 0.6796875 0.12500000000000008 0.6796875
5 0.1515625000000001 0.6265625 0.11562500000000009 0.6265625 0.11562500000000009 0.6421875 0.1515625000000001 0.6421875
5 0.05937500000000009 0.6984375 0.04375000000000009 0.6984375 0.04375000000000009 0.7546875 0.05937500000000009 0.7546875
5 0.025000000000000088 0.7140625 0.014062500000000089 0.7140625 0.014062500000000092 0.7640625 0.025000000000000088 0.7640625
5 0.021875000000000113 0.90625 0.01093750000000011 0.90625 0.010937500000000114 0.953125 0.021875000000000117 0.953125
6 0.2906250000000001 0.4578125 0.2515625000000001 0.4578125 0.2515625000000001 0.475 0.2906250000000001 0.475
6 0.4421875 0.4828125 0.4125 0.4828125 0.4125 0.5015625 0.4421875 0.5015625
6 0.4859375 0.4609375 0.45625 0.4609375 0.45625 0.4765625 0.4859375 0.4765625
6 0.490625 0.440625 0.45 0.440625 0.45 0.459375 0.490625 0.459375
2 0.4765625 0.5796875 0.4625 0.5796875 0.4625 0.590625 0.4765625 0.590625
4 0.496875 0.546875 0.490625 0.546875 0.490625 0.553125 0.496875 0.553125
4 0.5140625 0.6046875 0.5078125 0.6046875 0.5078125 0.6109375 0.5140625 0.6109375
2 0.5765625 0.6171875 0.565625 0.6171875 0.565625 0.6265625 0.5765625 0.6265625
2 0.6015625 0.55625 0.5875 0.55625 0.5875 0.5671875 0.6015625 0.5671875
6 0.5578125 0.4421875 0.528125 0.4421875 0.528125 0.45625 0.5578125 0.45625
6 0.6265625 0.465625 0.596875 0.465625 0.596875 0.48125 0.6265625 0.48125
6 0.6546875 0.440625 0.6234375 0.440625 0.6234375 0.4578125 0.6546875 0.4578125
6 0.715625 0.440625 0.6765625 0.440625 0.6765625 0.459375 0.715625 0.459375
6 0.740625 0.5328125000000001 0.7171875 0.5328125 0.7171875 0.55 0.740625 0.5500000000000002
6 0.7296875 0.5953125000000001 0.7046875 0.5953125 0.7046875 0.6109375000000001 0.7296875 0.6109375000000001
5 0.8421875 0.46093750000000017 0.803125 0.46093750000000017 0.803125 0.47968750000000016 0.8421875 0.47968750000000016
5 0.9953125 0.5531250000000002 0.9265625 0.5531250000000002 0.9265625 0.5734375000000002 0.9953125 0.5734375000000002
6 0.9640625 0.5296875000000002 0.9265625 0.5296875000000002 0.9265625 0.5453125000000002 0.9640625 0.5453125000000002
2 0.9765625 0.47187500000000016 0.9625 0.47187500000000016 0.9625 0.48437500000000017 0.9765625 0.48437500000000017
2 0.9359375 0.5890625000000002 0.921875 0.5890625000000002 0.921875 0.6000000000000002 0.9359375 0.6000000000000002
2 0.9359375 0.7937500000000002 0.925 0.7937500000000002 0.925 0.8046875 0.9359375 0.8046875
2 0.9375 0.8078125 0.9234375 0.8078125 0.9234375 0.8203125 0.9375 0.8203125
2 0.9890625 0.803125 0.975 0.803125 0.975 0.825 0.9890625 0.825
2 0.978125 0.8546875 0.965625 0.8546875 0.965625 0.8734375 0.978125 0.8734375
2 0.99375 0.8734375 0.98125 0.8734375 0.98125 0.89375 0.99375 0.89375
2 1 0.903125 0.9921875 0.903125 0.9921875 0.9265625 1 0.9265625
2 0.9578125 0.859375 0.9515625 0.859375 0.9515625 0.8859375 0.9578125 0.8859375
2 0.9703125 0.9125 0.9640625 0.9125 0.9640625 0.934375 0.9703125 0.934375
2 0.95 0.8890625 0.94375 0.8890625 0.94375 0.9125 0.95 0.9125
2 0.9421875 0.8953125 0.9359375 0.8953125 0.9359375 0.9203125 0.9421875 0.9203125
4 0.928125 0.6546875000000002 0.921875 0.6546875000000002 0.921875 0.6640625000000002 0.928125 0.6640625000000002
4 0.89375 0.6109375000000001 0.8890625 0.6109375000000001 0.8890625 0.6171875000000002 0.89375 0.6171875000000002
4 0.9 0.5906250000000002 0.8921875 0.5906250000000002 0.8921875 0.6000000000000002 0.9 0.6000000000000002
4 0.9265625 0.6046875000000002 0.9203125 0.6046875000000002 0.9203125 0.6140625000000002 0.9265625 0.6140625000000002
4 0.8609375 0.5875000000000001 0.853125 0.5875000000000001 0.853125 0.5953125000000001 0.8609375 0.5953125000000001
4 0.7875 0.6218750000000002 0.78125 0.6218750000000002 0.78125 0.6265625000000001 0.7875 0.6265625000000001
3 0.8234375 0.5656250000000002 0.809375 0.5656250000000002 0.809375 0.5843750000000002 0.8234375 0.5843750000000002
3 0.7734375 0.5468750000000002 0.7609375 0.5468750000000002 0.7609375 0.5609375000000002 0.7734375 0.5609375000000002
3 0.7546875 0.5906250000000002 0.7359375 0.5906250000000002 0.7359375 0.6062500000000002 0.7546875 0.6062500000000002
3 0.68125 0.609375 0.6734375 0.609375 0.6734375 0.6296875 0.68125 0.6296875
3 0.7125000000000001 0.8828125 0.7062500000000002 0.8828125 0.7062500000000002 0.9125 0.7125000000000001 0.9125
3 0.7609375000000002 0.846875 0.7421875000000002 0.846875 0.7421875000000002 0.8609375 0.7609375000000002 0.8609375
0 0.8203125 0.6015625000000002 0.8109375 0.6015625000000002 0.8109375 0.6062500000000002 0.8203125 0.6062500000000002
0 0.821875 0.6406250000000002 0.8109375 0.6406250000000002 0.8109375 0.6515625000000002 0.821875 0.6515625000000002
0 0.7953125 0.5984375000000002 0.7828125 0.5984375000000002 0.7828125 0.6093750000000002 0.7953125 0.6093750000000002
0 0.7578125 0.6625000000000002 0.74375 0.6625000000000002 0.74375 0.6750000000000002 0.7578125 0.6750000000000002
2 0.80625 0.5812500000000002 0.79375 0.5812500000000002 0.79375 0.5921875000000002 0.80625 0.5921875000000002
2 0.7171875 0.64375 0.709375 0.64375 0.709375 0.6640625 0.7171875 0.6640625
2 0.6640625 0.621875 0.65625 0.621875 0.65625 0.64375 0.6640625 0.64375
2 0.6703125 0.61875 0.665625 0.61875 0.665625 0.6421875 0.6703125 0.6421875
2 0.6765625 0.6578125 0.6703125 0.6578125 0.6703125 0.68125 0.6765625 0.68125