5 0.2609375000000001 0.659375 0.2000000000000001 0.659375 0.2000000000000001 0.7046875 0.2609375000000001 0.7046875
5 0.3187500000000001 0.653125 0.2640625000000001 0.653125 0.2640625000000001 0.6984375 0.3187500000000001 0.6984375
4 0.10000000000000009 0.74375 0.08125000000000009 0.74375 0.08125000000000009 0.76875 0.10000000000000009 0.76875
4 0.12656250000000008 0.725 0.11250000000000009 0.725 0.11250000000000009 0.7421875 0.12656250000000008 0.7421875
2 0.05937500000000011 0.81875 0.0375000000000001 0.81875 0.0375000000000001 0.853125 0.05937500000000011 0.853125
2 0.3281250000000001 0.7015625 0.3000000000000001 0.7015625 0.3000000000000001 0.728125 0.3281250000000001 0.728125
2 0.40625 0.66875 0.3828125000000001 0.66875 0.3828125000000001 0.69375 0.40625 0.69375
2 0.2453125000000001 0.809375 0.2140625000000001 0.809375 0.2140625000000001 0.846875 0.2453125000000001 0.846875
2 0.3375000000000001 0.78125 0.2984375000000001 0.78125 0.2984375000000001 0.815625 0.3375000000000001 0.815625
2 0.3343750000000001 0.8171875 0.3046875000000001 0.8171875 0.3046875000000001 0.8453125 0.3343750000000001 0.8453125
4 0.35625000000000007 0.784375 0.3421875000000001 0.784375 0.3421875000000001 0.8015625 0.35625000000000007 0.8015625
2 0.3968750000000001 0.915625 0.3703125000000001 0.915625 0.3703125000000001 0.946875 0.3968750000000001 0.946875
4 0.20468750000000008 0.7859375 0.1859375000000001 0.7859375 0.1859375000000001 0.80625 0.20468750000000008 0.80625
4 0.1562500000000001 0.884375 0.1453125000000001 0.884375 0.14531250000000012 0.915625 0.15625000000000014 0.915625
4 0.17187500000000014 0.9375 0.15781250000000013 0.9375 0.15781250000000013 0.9609375 0.17187500000000014 0.9609375
2 0.453125 0.6859375 0.428125 0.6859375 0.428125 0.7078125 0.453125 0.7078125
2 0.5390625000000002 0.8546875 0.5140625000000002 0.8546875 0.5140625000000002 0.8875 0.5390625000000002 0.8875
2 0.5609375000000002 0.7875 0.5359375000000002 0.7875 0.5359375000000002 0.815625 0.5609375000000002 0.815625
2 0.5781250000000002 0.825 0.5531250000000002 0.825 0.5531250000000002 0.8578125 0.5781250000000002 0.8578125
2 0.5484375000000001 0.8171875 0.5281250000000002 0.8171875 0.5281250000000002 0.853125 0.5484375000000001 0.853125
2 0.6734375000000001 0.846875 0.6453125000000002 0.846875 0.6453125000000002 0.8828125 0.6734375000000001 0.8828125
0 0.6046875000000002 0.8421875 0.5906250000000002 0.8421875 0.5906250000000002 0.8703125 0.6046875000000002 0.8703125
4 0.5312500000000001 0.7140625 0.5140625 0.7140625 0.5140625000000001 0.7359375 0.5312500000000002 0.7359375
4 0.5375 0.6921875 0.5265625 0.6921875 0.5265625 0.7046875 0.5375 0.7046875
2 0.503125 0.49375 0.4890625 0.49375 0.4890625 0.534375 0.503125 0.534375
2 0.5390625 0.440625 0.5203125 0.440625 0.5203125 0.5 0.5390625 0.5
4 0.5375 0.54375 0.5296875 0.54375 0.5296875 0.578125 0.5375 0.578125
4 0.4890625 0.4671875 0.478125 0.4671875 0.478125 0.4890625 0.4890625 0.4890625
4 0.4796875 0.409375 0.4703125 0.409375 0.4703125 0.428125 0.4796875 0.428125
4 0.4921875 0.3843750000000001 0.48125 0.3843750000000001 0.48125 0.40625 0.4921875 0.40625
0 0.4859375 0.3156250000000001 0.4734375 0.3156250000000001 0.4734375 0.34062500000000007 0.4859375 0.34062500000000007
4 0.534375 0.10000000000000005 0.51875 0.10000000000000005 0.51875 0.12500000000000006 0.534375 0.12500000000000006
2 0.4984375 0.0015625000000000597 0.478125 0.0015625000000000582 0.478125 0.046875000000000056 0.4984375 0.046875000000000056
4 0.6187500000000001 0.784375 0.6046875000000002 0.784375 0.6046875000000002 0.8046875 0.6187500000000001 0.8046875
4 0.6234375 0.690625 0.6046875 0.690625 0.6046875 0.709375 0.6234375 0.709375
2 0.8578125 0.6937500000000002 0.8265625 0.6937500000000002 0.8265625 0.7093750000000002 0.8578125 0.7093750000000002
4 0.7234375000000002 0.8578125 0.7125000000000001 0.8578125 0.7125000000000001 0.875 0.7234375000000002 0.875
4 0.7843750000000002 0.846875 0.7687500000000002 0.846875 0.7687500000000002 0.8640625 0.7843750000000002 0.8640625
2 0.8390625 0.846875 0.8109375 0.846875 0.8109375 0.875 0.8390625 0.875
2 0.8890625 0.8625 0.8671875 0.8625 0.8671875 0.8859375 0.8890625 0.8859375
4 0.8953125 0.846875 0.8796875 0.846875 0.8796875 0.859375 0.8953125 0.859375
4 0.88125 0.8921875 0.865625 0.8921875 0.865625 0.903125 0.88125 0.903125
4 0.9421875 0.7015625000000002 0.93125 0.7015625000000002 0.93125 0.7171875000000002 0.9421875 0.7171875000000002
4 0.8515625 0.7187500000000002 0.8421875 0.7187500000000002 0.8421875 0.7281250000000001 0.8515625 0.7281250000000001
2 0.0375000000000001 0.7984375 0.009375000000000097 0.7984375 0.0093750000000001 0.828125 0.0375000000000001 0.828125