1 0.2468750000000001 0.6609375 0.1906250000000001 0.6609375 0.1906250000000001 0.6921875 0.2468750000000001 0.6921875
1 0.3031250000000001 0.653125 0.2484375000000001 0.653125 0.2484375000000001 0.684375 0.3031250000000001 0.684375
4 0.2968750000000001 0.7125 0.2843750000000001 0.7125 0.2843750000000001 0.7234375 0.2968750000000001 0.7234375
3 0.02812500000000011 0.878125 1.0753929705012696e-16 0.878125 1.0897443001787776e-16 0.9015625 0.02812500000000011 0.9015625
4 0.050000000000000114 0.86875 0.03593750000000011 0.86875 0.03593750000000011 0.878125 0.050000000000000114 0.878125
4 0.16406250000000008 0.7890625 0.15000000000000008 0.7890625 0.15000000000000008 0.8 0.16406250000000008 0.8
2 0.1375000000000001 0.878125 0.1140625000000001 0.878125 0.1140625000000001 0.9 0.1375000000000001 0.9
2 0.18906250000000008 0.81875 0.1625000000000001 0.81875 0.1625000000000001 0.8390625 0.18906250000000008 0.8390625
4 0.23437500000000008 0.7890625 0.2218750000000001 0.7890625 0.2218750000000001 0.7984375 0.23437500000000008 0.7984375
4 0.26250000000000007 0.784375 0.2515625000000001 0.784375 0.2515625000000001 0.7953125 0.26250000000000007 0.7953125
4 0.2640625000000001 0.7953125 0.2531250000000001 0.7953125 0.2531250000000001 0.80625 0.2640625000000001 0.80625
4 0.2671875000000001 0.8953125 0.2562500000000001 0.8953125 0.2562500000000001 0.9109375 0.2671875000000001 0.9109375
2 0.27031250000000007 0.8171875 0.2500000000000001 0.8171875 0.2500000000000001 0.8375 0.27031250000000007 0.8375
4 0.3375000000000001 0.790625 0.3265625000000001 0.790625 0.3265625000000001 0.8046875 0.3375000000000001 0.8046875
4 0.42187500000000017 0.909375 0.40937500000000016 0.909375 0.40937500000000016 0.921875 0.42187500000000017 0.921875
4 0.4859375000000002 0.8015625 0.4750000000000002 0.8015625 0.4750000000000002 0.8125 0.4859375000000002 0.8125
4 0.5140625000000002 0.7984375 0.5000000000000002 0.7984375 0.5000000000000002 0.8125 0.5140625000000002 0.8125
4 0.5093750000000001 0.7828125 0.4984375000000002 0.7828125 0.4984375000000002 0.7953125 0.5093750000000001 0.7953125
4 0.5078125000000002 0.7453125 0.5000000000000002 0.7453125 0.5000000000000002 0.7703125 0.5078125000000002 0.7703125
0 0.4484375000000001 0.71875 0.434375 0.71875 0.43437500000000007 0.7390625 0.44843750000000016 0.7390625
4 0.5015625 0.6828125 0.496875 0.6828125 0.496875 0.7 0.5015625 0.7
4 0.5015625 0.696875 0.4953125 0.696875 0.4953125 0.715625 0.5015625 0.715625
2 0.4953125 0.684375 0.48125 0.684375 0.48125 0.7234375 0.4953125 0.7234375
0 0.4765625 0.625 0.4671875 0.625 0.4671875 0.65625 0.4765625 0.65625
0 0.46875 0.521875 0.459375 0.521875 0.459375 0.546875 0.46875 0.546875
4 0.48125 0.5890625 0.475 0.5890625 0.475 0.609375 0.48125 0.609375
4 0.4828125 0.5546875 0.475 0.5546875 0.475 0.575 0.4828125 0.575
4 0.5296875 0.4984375 0.521875 0.4984375 0.521875 0.51875 0.5296875 0.51875
2 0.4890625 0.4140625 0.475 0.4140625 0.475 0.4578125 0.4890625 0.4578125
4 0.4796875 0.27031250000000007 0.475 0.27031250000000007 0.475 0.2890625000000001 0.4796875 0.2890625000000001
0 0.6015625000000002 0.746875 0.5875000000000001 0.746875 0.5875000000000001 0.7671875 0.6015625000000002 0.7671875
2 0.7859375000000002 0.8609375 0.7609375000000002 0.8609375 0.7609375000000002 0.884375 0.7859375000000002 0.884375
4 0.809375 0.8734375 0.7937500000000002 0.8734375 0.7937500000000002 0.8875 0.809375 0.8875
4 0.8109375 0.8828125 0.7953125000000002 0.8828125 0.7953125000000002 0.8953125 0.8109375 0.8953125
4 0.8828125 0.89375 0.86875 0.89375 0.86875 0.9078125 0.8828125 0.9078125
4 0.8421875 0.7250000000000002 0.83125 0.7250000000000002 0.83125 0.7390625000000002 0.8421875 0.7390625000000002
4 0.853125 0.7765625000000002 0.8390625 0.7765625000000002 0.8390625 0.7906250000000001 0.853125 0.7906250000000001
0 0.8953125 0.7765625000000002 0.878125 0.7765625000000002 0.878125 0.7968750000000002 0.8953125 0.7968750000000002
4 0.9359375 0.7203125000000001 0.9203125 0.7203125000000001 0.9203125 0.7328125000000002 0.9359375 0.7328125000000002
2 0.915625 0.809375 0.89375 0.809375 0.89375 0.83125 0.915625 0.83125
4 0.6734375 0.6984375 0.6625 0.6984375 0.6625 0.7125 0.6734375 0.7125
2 0.4796875 0.11718750000000004 0.46875 0.11718750000000004 0.46875 0.15468750000000003 0.4796875 0.15468750000000003
0 0.14843750000000014 0.959375 0.13281250000000014 0.959375 0.13281250000000014 0.9796875 0.14843750000000014 0.9796875