2 0.03281250000000011 0.9 0.00937500000000011 0.9 0.009375000000000112 0.921875 0.03281250000000011 0.921875
2 0.1765625000000001 0.834375 0.1515625000000001 0.834375 0.1515625000000001 0.8546875 0.1765625000000001 0.8546875
2 0.24375000000000008 0.8359375 0.2234375000000001 0.8359375 0.2234375000000001 0.853125 0.24375000000000008 0.853125
0 0.11718750000000008 0.8109375 0.0984375000000001 0.8109375 0.0984375000000001 0.8296875 0.11718750000000008 0.8296875
0 0.14375000000000013 0.9796875 0.12968750000000012 0.9796875 0.12968750000000012 0.99375 0.14375000000000013 0.99375
0 0.2531250000000001 0.7078125 0.2390625000000001 0.7078125 0.2390625000000001 0.7171875 0.2531250000000001 0.7171875
0 0.2562500000000001 0.721875 0.24218750000000008 0.721875 0.24218750000000008 0.7359375 0.2562500000000001 0.7359375
4 0.21250000000000008 0.809375 0.1984375000000001 0.809375 0.1984375000000001 0.8203125 0.21250000000000008 0.8203125
4 0.2328125000000001 0.7953125 0.21875000000000008 0.7953125 0.21875000000000008 0.80625 0.2328125000000001 0.80625
4 0.2765625000000001 0.7953125 0.2656250000000001 0.7953125 0.2656250000000001 0.8046875 0.2765625000000001 0.8046875
4 0.3078125000000001 0.803125 0.29375000000000007 0.803125 0.29375000000000007 0.8109375 0.3078125000000001 0.8109375
4 0.3062500000000001 0.89375 0.29375000000000007 0.89375 0.29375000000000007 0.9078125 0.3062500000000001 0.9078125
4 0.3593750000000001 0.7046875 0.34843750000000007 0.7046875 0.34843750000000007 0.7171875 0.3593750000000001 0.7171875
4 0.4359375 0.68125 0.4265625 0.68125 0.4265625 0.6890625 0.4359375 0.6890625
4 0.4625 0.6765625 0.45625 0.6765625 0.45625 0.6953125 0.4625 0.6953125
4 0.42187500000000017 0.7765625 0.4109375000000002 0.7765625 0.4109375000000002 0.790625 0.42187500000000017 0.790625
4 0.42968750000000017 0.79375 0.4187500000000002 0.79375 0.4187500000000002 0.8078125 0.42968750000000017 0.8078125
4 0.4671875000000002 0.790625 0.4625000000000002 0.790625 0.4625000000000002 0.8125 0.4671875000000002 0.8125
4 0.4734375000000002 0.8390625 0.46406250000000016 0.8390625 0.46406250000000016 0.859375 0.4734375000000002 0.859375
4 0.4984375000000002 0.7640625 0.48750000000000016 0.7640625 0.48750000000000016 0.7765625 0.4984375000000002 0.7765625
4 0.5171875000000001 0.7640625 0.5062500000000002 0.7640625 0.5062500000000002 0.778125 0.5171875000000001 0.778125
4 0.5125000000000002 0.8109375 0.5046875000000002 0.8109375 0.5046875000000002 0.83125 0.5125000000000002 0.83125
4 0.5140625000000002 0.8453125 0.5031250000000002 0.8453125 0.5031250000000002 0.8625 0.5140625000000002 0.8625
4 0.5421875000000002 0.825 0.5328125000000001 0.825 0.5328125000000001 0.84375 0.5421875000000002 0.84375
4 0.5515625000000001 0.7234375 0.5421875 0.7234375 0.5421875 0.7390625 0.5515625000000002 0.7390625
4 0.4671875 0.56875 0.4609375 0.56875 0.4609375 0.5890625 0.4671875 0.5890625
4 0.4609375 0.13437500000000005 0.4546875 0.13437500000000005 0.4546875 0.15468750000000003 0.4609375 0.15468750000000003
4 0.471875 0.15468750000000003 0.465625 0.15468750000000003 0.465625 0.17812500000000003 0.471875 0.17812500000000003
4 0.4703125 0.2140625000000001 0.4640625 0.2140625000000001 0.4640625 0.2328125000000001 0.4703125 0.2328125000000001
0 0.4640625 0.07187500000000006 0.4546875 0.07187500000000006 0.4546875 0.09687500000000007 0.4640625 0.09687500000000007
4 0.5796875000000001 0.8015625 0.5687500000000002 0.8015625 0.5687500000000002 0.815625 0.5796875000000001 0.815625
4 0.6609375000000002 0.7890625 0.6500000000000001 0.7890625 0.6500000000000001 0.8 0.6609375000000002 0.8
4 0.6765625000000002 0.8671875 0.6656250000000001 0.8671875 0.6656250000000001 0.88125 0.6765625000000002 0.88125
4 0.6953125 0.7046875 0.684375 0.7046875 0.684375 0.7140625 0.6953125 0.7140625
4 0.7687500000000002 0.8859375 0.7531250000000002 0.8859375 0.7531250000000002 0.896875 0.7687500000000002 0.896875
4 0.7921875000000002 0.7812500000000002 0.7812500000000002 0.7812500000000002 0.7812500000000002 0.7921875000000002 0.7921875000000002 0.7921875000000002
4 0.8359375 0.809375 0.8234375 0.809375 0.8234375 0.81875 0.8359375 0.81875
4 0.9609375 0.8046875 0.9484375 0.8046875 0.9484375 0.8125 0.9609375 0.8125
4 0.934375 0.7968750000000002 0.9203125 0.7968750000000002 0.9203125 0.80625 0.934375 0.80625
4 0.9 0.8 0.890625 0.8 0.890625 0.8109375 0.9 0.8109375
0 0.5109375000000002 0.959375 0.4968750000000002 0.959375 0.4968750000000002 0.978125 0.5109375000000002 0.978125
0 0.7734375000000001 0.7078125000000002 0.759375 0.7078125000000002 0.7593750000000001 0.7265625000000002 0.7734375000000002 0.7265625000000002
5 0.24218750000000008 0.68125 0.1859375000000001 0.68125 0.1859375000000001 0.7015625 0.24218750000000008 0.7015625
5 0.2984375000000001 0.675 0.24375000000000008 0.675 0.24375000000000008 0.6984375 0.2984375000000001 0.6984375
2 0.4265625000000002 0.8234375 0.40625000000000017 0.8234375 0.40625000000000017 0.84375 0.4265625000000002 0.84375
2 0.49531250000000016 0.7796875 0.47187500000000016 0.7796875 0.47187500000000016 0.81875 0.49531250000000016 0.81875
2 0.5437500000000002 0.85625 0.5203125000000002 0.85625 0.5203125000000002 0.884375 0.5437500000000002 0.884375
2 0.6062500000000002 0.815625 0.5812500000000002 0.815625 0.5812500000000002 0.8375 0.6062500000000002 0.8375
2 0.6765625000000002 0.821875 0.6578125000000001 0.821875 0.6578125000000001 0.8453125 0.6765625000000002 0.8453125
2 0.7687500000000002 0.8015625 0.7500000000000002 0.8015625 0.7500000000000002 0.81875 0.7687500000000002 0.81875
2 0.803125 0.825 0.7859375000000002 0.825 0.7859375000000002 0.8421875 0.803125 0.8421875
3 0.7359375000000001 0.7125000000000001 0.7109375 0.7125 0.7109375000000001 0.7312500000000001 0.7359375000000001 0.7312500000000002
2 0.8625 0.8234375 0.8390625 0.8234375 0.8390625 0.8421875 0.8625 0.8421875
2 0.9421875 0.8265625 0.921875 0.8265625 0.921875 0.8453125 0.9421875 0.8453125
2 1 0.89375 0.978125 0.89375 0.978125 0.915625 1 0.915625
2 0.5234375 0.55625 0.5046875 0.55625 0.5046875 0.5921875 0.5234375 0.5921875