2 0.53125 0.5625 0.5171875 0.5625 0.5171875 0.590625 0.53125 0.590625
2 0.4328125 0.525 0.4171875 0.525 0.4171875 0.55 0.4328125 0.55
0 0.3671875000000001 0.628125 0.35625000000000007 0.628125 0.35625000000000007 0.64375 0.3671875000000001 0.64375
2 0.596875 0.5734375 0.5765625 0.5734375 0.5765625 0.6078125 0.596875 0.6078125
2 0.35625000000000007 0.4609375 0.3312500000000001 0.4609375 0.3312500000000001 0.4859375 0.35625000000000007 0.4859375
2 0.16562500000000005 0.346875 0.14062500000000006 0.346875 0.14062500000000006 0.36875 0.16562500000000005 0.36875
2 0.22812500000000008 0.4 0.2062500000000001 0.4 0.2062500000000001 0.428125 0.22812500000000008 0.428125
2 0.1796875 0.125 0.1609375 0.125 0.1609375 0.1546875 0.1796875 0.1546875
5 0.275 0.2765625 0.259375 0.2765625 0.259375 0.296875 0.275 0.296875
2 0.3031250000000001 0.53125 0.27812500000000007 0.53125 0.27812500000000007 0.55625 0.3031250000000001 0.55625
3 0.3062500000000001 0.590625 0.2921875000000001 0.590625 0.2921875000000001 0.6109375 0.3062500000000001 0.6109375
0 0.31718750000000007 0.55 0.30156250000000007 0.55 0.30156250000000007 0.5625 0.31718750000000007 0.5625
0 0.2375000000000001 0.5921875 0.2218750000000001 0.5921875 0.2218750000000001 0.603125 0.2375000000000001 0.603125
0 0.2453125000000001 0.55 0.23437500000000008 0.55 0.23437500000000008 0.5703125 0.2453125000000001 0.5703125
0 0.2718750000000001 0.621875 0.2578125000000001 0.621875 0.2578125000000001 0.6359375 0.2718750000000001 0.6359375
2 0.3187500000000001 0.646875 0.2953125000000001 0.646875 0.2953125000000001 0.665625 0.3187500000000001 0.665625
0 0.2796875000000001 0.7453125 0.2640625000000001 0.7453125 0.2640625000000001 0.7640625 0.2796875000000001 0.7640625
3 0.27812500000000007 0.6765625 0.2593750000000001 0.6765625 0.2593750000000001 0.6921875 0.27812500000000007 0.6921875
3 0.2093750000000001 0.7625 0.1906250000000001 0.7625 0.1906250000000001 0.78125 0.2093750000000001 0.78125
4 0.10156250000000008 0.7546875 0.0906250000000001 0.7546875 0.0906250000000001 0.765625 0.10156250000000008 0.765625
4 0.020312500000000087 0.7140625 0.009375000000000088 0.7140625 0.009375000000000088 0.7296875 0.020312500000000087 0.7296875
0 0.05312500000000009 0.6734375 0.03437500000000008 0.6734375 0.034375000000000086 0.6890625 0.05312500000000009 0.6890625
0 0.032812500000000085 0.66875 0.017187500000000085 0.66875 0.017187500000000085 0.6828125 0.03281250000000009 0.6828125
0 0.07968750000000009 0.646875 0.06250000000000008 0.646875 0.06250000000000008 0.6640625 0.07968750000000009 0.6640625
2 0.09687500000000007 0.634375 0.07968750000000006 0.634375 0.07968750000000008 0.6515625 0.09687500000000009 0.6515625
0 0.07656250000000007 0.6203125 0.06562500000000007 0.6203125 0.06562500000000007 0.6421875 0.07656250000000009 0.6421875
4 0.023437500000000083 0.690625 0.012500000000000084 0.690625 0.012500000000000084 0.7 0.023437500000000083 0.7
3 0.0593750000000001 0.8015625 0.0390625000000001 0.8015625 0.0390625000000001 0.8171875 0.05937500000000011 0.8171875
0 0.2984375000000001 0.575 0.2890625000000001 0.575 0.2890625000000001 0.5890625 0.2984375000000001 0.5890625
0 0.2734375000000001 0.5765625 0.2609375000000001 0.5765625 0.2609375000000001 0.5921875 0.2734375000000001 0.5921875
0 0.2328125000000001 0.6390625 0.21875000000000008 0.6390625 0.21875000000000008 0.65 0.2328125000000001 0.65
0 0.4 0.5625 0.3843750000000001 0.5625 0.3843750000000001 0.578125 0.4 0.578125
4 0.36406250000000007 0.6515625 0.3546875000000001 0.6515625 0.3546875000000001 0.6671875 0.36406250000000007 0.6671875
4 0.3265625000000001 0.6703125 0.3156250000000001 0.6703125 0.3156250000000001 0.68125 0.3265625000000001 0.68125
3 0.39531250000000007 0.5015625 0.37968750000000007 0.5015625 0.37968750000000007 0.5265625 0.39531250000000007 0.5265625
3 0.3984375000000001 0.53125 0.3828125000000001 0.53125 0.3828125000000001 0.546875 0.3984375000000001 0.546875
4 0.4109375 0.45 0.4 0.45 0.4 0.465625 0.4109375 0.465625
0 0.4125 0.5828125 0.3984375000000001 0.5828125 0.3984375000000001 0.596875 0.4125 0.596875
3 0.421875 0.55625 0.4078125 0.55625 0.4078125 0.5671875 0.421875 0.5671875
3 0.4078125 0.4015625 0.3937500000000001 0.4015625 0.3937500000000001 0.425 0.4078125 0.425
0 0.4796875 0.440625 0.4625 0.440625 0.4625 0.45625 0.4796875 0.45625
0 0.5984375 0.475 0.5828125 0.475 0.5828125 0.496875 0.5984375 0.496875
2 0.3078125 0.3078125 0.284375 0.3078125 0.284375 0.3328125 0.3078125 0.3328125
4 0.371875 0.34218750000000003 0.3625 0.3421875 0.3625 0.35781250000000003 0.371875 0.3578125000000001
4 0.290625 0.278125 0.278125 0.278125 0.278125 0.29375 0.290625 0.29375
4 0.303125 0.2828125 0.29375 0.2828125 0.29375 0.2984375 0.303125 0.2984375
0 0.2921875000000001 0.4703125 0.2750000000000001 0.4703125 0.2750000000000001 0.4859375 0.2921875000000001 0.4859375
0 0.2296875 0.2359375 0.2140625 0.2359375 0.2140625 0.2578125 0.2296875 0.2578125
4 0.19687500000000005 0.2078125 0.18906250000000005 0.2078125 0.18906250000000005 0.2234375 0.19687500000000005 0.2234375
4 0.25 0.253125 0.240625 0.253125 0.240625 0.2671875 0.25 0.2671875
4 0.08281250000000002 0.0984375 0.07187500000000002 0.0984375 0.07187500000000002 0.11875 0.08281250000000002 0.11875
4 0.040625 0.006250000000000004 0.03125 0.006250000000000003 0.03125 0.020312500000000004 0.040625 0.020312500000000004
4 0.012500000000000002 0.015625 1.9135106236677394e-18 0.015625 2.7745904043182217e-18 0.0296875 0.012500000000000006 0.0296875
2 0.3046875 0.2421875 0.2890625 0.2421875 0.2890625 0.2640625 0.3046875 0.2640625
3 0.284375 0.209375 0.271875 0.209375 0.271875 0.253125 0.284375 0.253125
0 0.54375 0.3593750000000001 0.5296875 0.3593750000000001 0.5296875 0.3750000000000001 0.54375 0.3750000000000001
0 0.553125 0.3781250000000001 0.534375 0.3781250000000001 0.534375 0.3937500000000001 0.553125 0.3937500000000001
4 0.55625 0.4296875 0.546875 0.4296875 0.546875 0.44375 0.55625 0.44375
0 0.6 0.3625000000000001 0.5890625 0.3625000000000001 0.5890625 0.3781250000000001 0.6 0.3781250000000001
0 0.5953125 0.3312500000000001 0.58125 0.3312500000000001 0.58125 0.3453125000000001 0.5953125 0.3453125000000001
4 0.625 0.2968750000000001 0.6171875 0.2968750000000001 0.6171875 0.3078125000000001 0.625 0.3078125000000001
4 0.5796875 0.3593750000000001 0.56875 0.3593750000000001 0.56875 0.3734375000000001 0.5796875 0.3734375000000001
4 0.6828125 0.30937500000000007 0.675 0.30937500000000007 0.675 0.32500000000000007 0.6828125 0.32500000000000007
0 0.709375 0.1984375000000001 0.6984375 0.1984375000000001 0.6984375 0.22031250000000008 0.709375 0.22031250000000008
0 0.6859375 0.2250000000000001 0.6765625 0.2250000000000001 0.6765625 0.2453125000000001 0.6859375 0.2453125000000001
0 0.684375 0.2500000000000001 0.675 0.2500000000000001 0.675 0.27031250000000007 0.684375 0.27031250000000007
4 0.709375 0.1671875000000001 0.7 0.1671875000000001 0.7 0.1843750000000001 0.709375 0.1843750000000001
0 0.7375 0.15000000000000008 0.7265625 0.15000000000000008 0.7265625 0.17343750000000008 0.7375 0.17343750000000008
0 0.8421875 0.2015625000000001 0.83125 0.2015625000000001 0.83125 0.22656250000000008 0.8421875 0.22656250000000008
4 0.8953125 0.05937500000000011 0.8859375 0.05937500000000011 0.8859375 0.0796875000000001 0.8953125 0.0796875000000001
0 0.815625 0.2171875000000001 0.803125 0.2171875000000001 0.803125 0.2375000000000001 0.815625 0.2375000000000001
0 0.79375 0.2500000000000001 0.7828125 0.2500000000000001 0.7828125 0.2671875000000001 0.79375 0.2671875000000001
0 0.7421875 0.3578125000000001 0.73125 0.3578125000000001 0.73125 0.3828125000000001 0.7421875 0.3828125000000001
0 0.7765625 0.40625000000000017 0.7625 0.40625000000000017 0.7625 0.42968750000000017 0.7765625 0.42968750000000017
4 0.7140625 0.4578125 0.70625 0.4578125 0.70625 0.4734375 0.7140625 0.4734375
0 0.6953125 0.484375 0.6828125 0.484375 0.6828125 0.5046875 0.6953125 0.5046875
0 0.690625 0.5375 0.678125 0.5375 0.678125 0.5625 0.690625 0.5625
4 0.625 0.53125 0.6140625 0.53125 0.6140625 0.5453125 0.625 0.5453125
4 0.6734375 0.6109375 0.665625 0.6109375 0.665625 0.6265625 0.6734375 0.6265625
4 0.6375 0.5984375 0.6265625 0.5984375 0.6265625 0.6140625 0.6375 0.6140625
2 0.5625 0.4796875 0.5390625 0.4796875 0.5390625 0.509375 0.5625 0.509375
4 0.6515625 0.575 0.6375 0.575 0.6375 0.5921875 0.6515625 0.5921875
4 0.6625 0.571875 0.65 0.571875 0.65 0.590625 0.6625 0.590625
0 0.646875 0.6203125 0.63125 0.6203125 0.63125 0.640625 0.646875 0.640625
2 0.5953125 0.659375 0.575 0.659375 0.575 0.684375 0.5953125 0.684375
4 0.571875 0.68125 0.5578125 0.68125 0.5578125 0.7015625 0.571875 0.7015625
4 0.540625 0.6125 0.5296875 0.6125 0.5296875 0.628125 0.540625 0.628125
0 0.5328125 0.4765625 0.51875 0.4765625 0.51875 0.5046875 0.5328125 0.5046875
2 0.5015625 0.446875 0.4859375 0.446875 0.4859375 0.4703125 0.5015625 0.4703125
2 0.7671875000000001 0.7171875000000002 0.7453125 0.7171875000000002 0.7453125 0.7468750000000002 0.7671875000000001 0.7468750000000002
2 0.7109375 0.6 0.6953125 0.6 0.6953125 0.6328125 0.7109375 0.6328125
2 0.7328125 0.6203125 0.7125 0.6203125 0.7125 0.6515625 0.7328125 0.6515625000000002
3 0.8171875 0.7656250000000002 0.8015625 0.7656250000000002 0.8015625 0.7843750000000002 0.8171875 0.7843750000000002
4 0.759375 0.6703125000000002 0.7515625 0.6703125000000002 0.7515625 0.6890625000000001 0.759375 0.6890625000000001
4 0.7859375000000001 0.7218750000000002 0.771875 0.7218750000000002 0.7718750000000001 0.7437500000000001 0.7859375000000002 0.7437500000000001
0 0.7718750000000002 0.8421875 0.7562500000000002 0.8421875 0.7562500000000002 0.8671875 0.7718750000000002 0.8671875
0 0.7343750000000002 0.8015625 0.7171875000000002 0.8015625 0.7171875000000002 0.821875 0.7343750000000002 0.821875
0 0.6968750000000001 0.778125 0.6796875000000002 0.778125 0.6796875000000002 0.8046875 0.6968750000000001 0.8046875
0 0.6312500000000001 0.7203125 0.6109375 0.7203125 0.6109375000000001 0.74375 0.6312500000000002 0.74375
0 0.6937500000000002 0.8328125 0.6828125000000002 0.8328125 0.6828125000000002 0.85 0.6937500000000002 0.85
0 0.7093750000000002 0.840625 0.6968750000000001 0.840625 0.6968750000000001 0.8578125 0.7093750000000002 0.8578125
4 0.8734375 0.9625 0.859375 0.9625 0.859375 0.984375 0.8734375 0.984375
4 0.8546875 0.7906250000000001 0.84375 0.7906250000000001 0.84375 0.80625 0.8546875 0.80625
4 0.8640625 0.81875 0.85 0.81875 0.85 0.840625 0.8640625 0.840625
4 0.8890625 0.85625 0.878125 0.85625 0.878125 0.871875 0.8890625 0.871875
4 0.909375 0.8546875 0.896875 0.8546875 0.896875 0.878125 0.909375 0.878125
4 0.778125 0.6953125000000002 0.765625 0.6953125000000002 0.765625 0.7140625000000002 0.778125 0.7140625000000002
0 0.2968750000000001 0.6796875 0.2812500000000001 0.6796875 0.2812500000000001 0.69375 0.2968750000000001 0.69375
2 0.27812500000000007 0.696875 0.2578125000000001 0.696875 0.2578125000000001 0.715625 0.27812500000000007 0.715625
2 0.2312500000000001 0.7046875 0.2156250000000001 0.7046875 0.2156250000000001 0.721875 0.2312500000000001 0.721875
0 0.1703125000000001 0.7078125 0.1546875000000001 0.7078125 0.1546875000000001 0.7265625 0.1703125000000001 0.7265625
0 0.1609375000000001 0.7265625 0.1468750000000001 0.7265625 0.1468750000000001 0.7375 0.1609375000000001 0.7375
0 0.1531250000000001 0.7484375 0.1359375000000001 0.7484375 0.1359375000000001 0.7640625 0.1531250000000001 0.7640625
4 0.1859375000000001 0.7171875 0.1750000000000001 0.7171875 0.1750000000000001 0.734375 0.1859375000000001 0.734375
4 0.3828125000000001 0.6578125 0.3734375000000001 0.6578125 0.3734375000000001 0.6734375 0.3828125000000001 0.6734375
4 0.4109375 0.6328125 0.4 0.6328125 0.4 0.65 0.4109375 0.65
4 0.3468750000000001 0.5375 0.3375000000000001 0.5375 0.3375000000000001 0.553125 0.3468750000000001 0.553125
4 0.3859375000000001 0.546875 0.3750000000000001 0.546875 0.3750000000000001 0.5609375 0.3859375000000001 0.5609375
2 0.490625 0.5921875 0.4703125 0.5921875 0.4703125 0.61875 0.490625 0.61875
2 0.590625 0.4890625 0.571875 0.4890625 0.571875 0.51875 0.590625 0.51875
2 0.4453125 0.41875 0.43125 0.41875 0.43125 0.4375 0.4453125 0.4375
0 0.6140625 0.3734375000000001 0.6 0.3734375000000001 0.6 0.38750000000000007 0.6140625 0.38750000000000007
0 0.6390625 0.3453125000000001 0.625 0.3453125000000001 0.625 0.3609375000000001 0.6390625 0.3609375000000001
0 0.640625 0.3109375000000001 0.63125 0.3109375000000001 0.63125 0.3343750000000001 0.640625 0.3343750000000001
0 0.6625 0.2953125000000001 0.65 0.2953125000000001 0.65 0.3156250000000001 0.6625 0.3156250000000001
0 0.6609375 0.3218750000000001 0.6453125 0.3218750000000001 0.6453125 0.34062500000000007 0.6609375 0.34062500000000007
0 0.6640625 0.34062500000000007 0.6484375 0.34062500000000007 0.6484375 0.3609375000000001 0.6640625 0.3609375000000001
2 0.634375 0.3781250000000001 0.615625 0.3781250000000001 0.615625 0.3984375000000001 0.634375 0.3984375000000001
2 0.621875 0.3234375000000001 0.60625 0.3234375000000001 0.60625 0.3546875000000001 0.621875 0.3546875000000001
0 0.60625 0.3312500000000001 0.596875 0.3312500000000001 0.596875 0.3531250000000001 0.60625 0.3531250000000001
4 0.56875 0.3234375000000001 0.5578125 0.3234375000000001 0.5578125 0.3390625000000001 0.56875 0.3390625000000001
2 0.696875 0.2531250000000001 0.68125 0.2531250000000001 0.68125 0.2890625000000001 0.696875 0.2890625000000001
4 0.721875 0.1906250000000001 0.7140625 0.1906250000000001 0.7140625 0.21093750000000008 0.721875 0.21093750000000008
4 0.7625 0.03281250000000009 0.7515625 0.03281250000000009 0.7515625 0.042187500000000086 0.7625 0.042187500000000086
4 0.7796875 0.025000000000000095 0.7671875 0.025000000000000088 0.7671875 0.037500000000000096 0.7796875 0.0375000000000001
4 0.7765625 0.006250000000000094 0.765625 0.006250000000000094 0.765625 0.021875000000000096 0.7765625 0.021875000000000096
4 0.79375 0.0031250000000000965 0.7796875 0.0031250000000000956 0.7796875 0.0171875000000001 0.79375 0.0171875000000001
4 0.7859375 0.3046875000000001 0.778125 0.3046875000000001 0.778125 0.3203125000000001 0.7859375 0.3203125000000001
4 0.70625 0.4578125 0.6984375 0.4578125 0.6984375 0.4734375 0.70625 0.4734375
4 0.6984375 0.4671875 0.69375 0.4671875 0.69375 0.4734375 0.6984375 0.4734375
4 0.6890625 0.475 0.68125 0.475 0.68125 0.4828125 0.6890625 0.4828125
4 0.6859375 0.4796875 0.675 0.4796875 0.675 0.490625 0.6859375 0.490625
0 0.6984375 0.440625 0.6890625 0.440625 0.6890625 0.4671875 0.6984375 0.4671875
4 0.6796875 0.4953125 0.66875 0.4953125 0.66875 0.5078125 0.6796875 0.5078125
0 0.6875 0.509375 0.6703125 0.509375 0.6703125 0.5234375 0.6875 0.5234375
2 0.6078125 0.525 0.5890625 0.525 0.5890625 0.55625 0.6078125 0.55625
2 0.565625 0.63125 0.5421875 0.63125 0.5421875 0.6609375 0.565625 0.6609375
4 0.5609375 0.6203125 0.55 0.6203125 0.55 0.63125 0.5609375 0.63125
2 0.6578125 0.5953125 0.6390625 0.5953125 0.6390625 0.625 0.6578125 0.625
3 0.7023307364417766 0.8357915206040639 0.6864448453125 0.8121065421875002 0.6787208716622016 0.8172871339674881 0.6946067627914783 0.8409721123840518
4 0.8359375 0.7656250000000002 0.821875 0.7656250000000002 0.821875 0.7859375000000002 0.8359375 0.7859375000000002
4 0.81875 0.7468750000000002 0.8078125 0.7468750000000002 0.8078125 0.7656250000000002 0.81875 0.7656250000000002
4 0.803125 0.8625 0.7875000000000002 0.8625 0.7875000000000002 0.88125 0.803125 0.88125
0 0.7890625000000002 0.878125 0.7750000000000001 0.878125 0.7750000000000001 0.903125 0.7890625000000002 0.903125
4 0.7343750000000002 0.825 0.7218750000000002 0.825 0.7218750000000002 0.84375 0.7343750000000002 0.84375
2 0.8390625 0.9 0.815625 0.9 0.815625 0.9390625 0.8390625 0.9390625
2 0.8734375 0.9234375 0.8484375 0.9234375 0.8484375 0.9546875 0.8734375 0.9546875
4 0.9140625 0.884375 0.903125 0.884375 0.903125 0.903125 0.9140625 0.903125
2 0.94375 0.8859375 0.925 0.8859375 0.925 0.9109375 0.94375 0.9109375
2 0.99375 0.9515625 0.9609375 0.9515625 0.9609375 0.990625 0.99375 0.990625
4 0.9859375 0.934375 0.9734375 0.934375 0.9734375 0.9515625 0.9859375 0.9515625
4 0.49375 0.3812500000000001 0.48125 0.3812500000000001 0.48125 0.3921875000000001 0.49375 0.3921875000000001
4 0.496875 0.421875 0.4859375 0.421875 0.4859375 0.440625 0.496875 0.440625
4 0.453125 0.3890625000000001 0.44375 0.3890625000000001 0.44375 0.4046875 0.453125 0.4046875
4 0.4625 0.4109375 0.4484375 0.4109375 0.4484375 0.4234375 0.4625 0.4234375
4 0.4578125 0.425 0.4484375 0.425 0.4484375 0.4421875 0.4578125 0.4421875
4 0.43125 0.3734375000000001 0.4234375 0.3734375000000001 0.4234375 0.3921875000000001 0.43125 0.3921875000000001
4 0.4359375 0.34843750000000007 0.4203125 0.34843750000000007 0.4203125 0.3656250000000001 0.4359375 0.3656250000000001
4 0.3546875 0.3125 0.3421875 0.3125 0.3421875 0.33125 0.3546875 0.33125
4 0.540625 0.4421875 0.5328125 0.4421875 0.5328125 0.4609375 0.540625 0.4609375
4 0.4796875 0.4609375 0.471875 0.4609375 0.471875 0.471875 0.4796875 0.471875
4 0.4734375 0.46875 0.4640625 0.46875 0.4640625 0.484375 0.4734375 0.484375
4 0.4640625 0.4296875 0.459375 0.4296875 0.459375 0.45 0.4640625 0.45
4 0.596875 0.3968750000000001 0.5859375 0.3968750000000001 0.5859375 0.4109375 0.596875 0.4109375
4 0.5640625 0.3765625000000001 0.5515625 0.3765625000000001 0.5515625 0.3968750000000001 0.5640625 0.3968750000000001
1 0.7234375 0.6265625 0.6796875 0.6265625 0.6796875 0.6921875 0.7234375 0.6921875
1 0.37343750000000003 0.33906250000000004 0.328125 0.3390625 0.32812500000000006 0.39375000000000004 0.3734375000000001 0.3937500000000001