4 0.9875 0.3812500000000001 0.978125 0.3812500000000001 0.978125 0.3906250000000001 0.9875 0.3906250000000001
4 0.8734375 0.3671875000000001 0.8640625 0.3671875000000001 0.8640625 0.3734375000000001 0.8734375 0.3734375000000001
4 0.6953125 0.3750000000000001 0.6875 0.3750000000000001 0.6875 0.3843750000000001 0.6953125 0.3843750000000001
4 0.6078125 0.546875 0.5984375 0.546875 0.5984375 0.5578125 0.6078125 0.5578125
4 0.3546875000000001 0.4078125 0.3421875000000001 0.4078125 0.3421875000000001 0.41875 0.3546875000000001 0.41875
4 0.2609375000000001 0.365625 0.2500000000000001 0.365625 0.2500000000000001 0.375 0.2609375000000001 0.375
4 0.20312500000000008 0.4078125 0.19375000000000003 0.4078125 0.19375000000000003 0.41875 0.20312500000000008 0.41875
4 0.08593750000000007 0.5703125 0.07656250000000006 0.5703125 0.07656250000000006 0.5796875 0.08593750000000007 0.5796875
4 0.03125000000000007 0.5625 0.020312500000000067 0.5625 0.02031250000000007 0.56875 0.03125000000000007 0.56875
4 0.03750000000000007 0.5703125 0.025000000000000067 0.5703125 0.025000000000000067 0.5765625 0.03750000000000007 0.5765625
4 0.04375000000000007 0.58125 0.034375000000000065 0.58125 0.034375000000000065 0.5875 0.04375000000000007 0.5875
4 0.03437500000000007 0.5859375 0.023437500000000073 0.5859375 0.023437500000000073 0.596875 0.03437500000000008 0.596875
4 0.021875000000000002 0.003125000000000002 0.0125 0.0031250000000000015 0.012500000000000002 0.028125 0.021875000000000006 0.028125
4 0.010937500000000001 8.610797806504827e-19 0.003125 3.827021247335479e-19 0.0031250000000000015 0.0234375 0.010937500000000003 0.0234375
2 0.020312500000000008 0.028125 0.0015625000000000036 0.028125 0.0015625000000000062 0.075 0.02031250000000001 0.075
2 0.15937500000000004 0.246875 0.13906250000000003 0.246875 0.13906250000000003 0.2875 0.15937500000000004 0.2875
2 0.048437500000000064 0.528125 0.021875000000000068 0.528125 0.021875000000000068 0.5515625 0.048437500000000064 0.5515625
2 0.07343750000000007 0.509375 0.050000000000000065 0.509375 0.050000000000000065 0.5265625 0.07343750000000007 0.5265625
2 0.07187500000000006 0.53125 0.05156250000000007 0.53125 0.05156250000000007 0.5453125 0.07187500000000006 0.5453125
2 0.06718750000000007 0.5515625 0.042187500000000065 0.5515625 0.042187500000000065 0.5703125 0.06718750000000007 0.5703125
2 0.09218750000000006 0.5453125 0.07031250000000007 0.5453125 0.07031250000000007 0.5625 0.09218750000000006 0.5625
2 0.09843750000000007 0.5859375 0.07343750000000007 0.5859375 0.07343750000000007 0.60625 0.09843750000000007 0.60625
2 0.2656250000000001 0.5609375 0.2406250000000001 0.5609375 0.2406250000000001 0.58125 0.2656250000000001 0.58125
2 0.2765625000000001 0.528125 0.2515625000000001 0.528125 0.2515625000000001 0.5515625 0.2765625000000001 0.5515625
2 0.35625000000000007 0.5078125 0.3296875000000001 0.5078125 0.3296875000000001 0.53125 0.35625000000000007 0.53125
2 0.5078125 0.3578125000000001 0.484375 0.3578125000000001 0.484375 0.3781250000000001 0.5078125 0.3781250000000001
2 0.5859375 0.478125 0.5625 0.478125 0.5625 0.503125 0.5859375 0.503125
2 0.6234375 0.5015625 0.5953125 0.5015625 0.5953125 0.521875 0.6234375 0.521875
2 0.790625 0.4656250000000002 0.7625 0.4656250000000002 0.7625 0.4859375000000002 0.790625 0.4859375000000002
2 0.8484375 0.4734375000000002 0.8234375 0.4734375000000002 0.8234375 0.4984375000000002 0.8484375 0.4984375000000002
2 0.7890625 0.2406250000000001 0.759375 0.2406250000000001 0.759375 0.26250000000000007 0.7890625 0.26250000000000007
2 0.9171875 0.4968750000000002 0.890625 0.4968750000000002 0.890625 0.5218750000000002 0.9171875 0.5218750000000002
2 0.95625 0.4734375000000002 0.9328125 0.4734375000000002 0.9328125 0.4937500000000002 0.95625 0.4937500000000002
2 0.9 0.4109375000000002 0.878125 0.4109375000000002 0.878125 0.43281250000000016 0.9 0.43281250000000016
2 0.9078125 0.3265625000000001 0.8828125 0.3265625000000001 0.8828125 0.3468750000000001 0.9078125 0.3468750000000001
2 0.990625 0.3218750000000001 0.9671875 0.3218750000000001 0.9671875 0.34062500000000007 0.990625 0.34062500000000007
2 0.7796875 0.15781250000000008 0.753125 0.15781250000000008 0.753125 0.17968750000000008 0.7796875 0.17968750000000008
0 0.890625 0.3921875000000001 0.871875 0.3921875000000001 0.871875 0.40625000000000017 0.890625 0.40625000000000017
0 0.3984375000000001 0.53125 0.3843750000000001 0.53125 0.3843750000000001 0.55 0.3984375000000001 0.55
0 0.2015625000000001 0.3703125 0.18125000000000005 0.3703125 0.18125000000000005 0.3859375 0.2015625000000001 0.3859375
0 0.040625000000000064 0.509375 0.02187500000000006 0.509375 0.021875000000000065 0.5265625 0.040625000000000064 0.5265625
0 0.06406250000000006 0.5703125 0.048437500000000064 0.5703125 0.048437500000000064 0.584375 0.06406250000000006 0.584375
6 0.025000000000000078 0.5953125 0.001562500000000073 0.5953125 0.0015625000000000747 0.621875 0.025000000000000078 0.621875
6 0.07812500000000004 0.3 0.05312500000000005 0.3 0.05312500000000005 0.36875 0.07812500000000004 0.36875
3 0.025000000000000015 0.109375 0.006250000000000014 0.109375 0.006250000000000017 0.1578125 0.025000000000000022 0.1578125
3 0.6265625 0.421875 0.603125 0.421875 0.603125 0.44375 0.6265625 0.44375
3 0.8078125 0.42500000000000016 0.778125 0.42500000000000016 0.778125 0.4421875000000002 0.8078125 0.4421875000000002
2 0.8265625 0.3937500000000001 0.80625 0.3937500000000001 0.80625 0.41406250000000017 0.8265625 0.41406250000000017