2 0.042187500000000065 0.5171875 0.03125000000000007 0.5171875 0.03125000000000007 0.553125 0.042187500000000065 0.553125
2 0.21875000000000006 0.359375 0.2078125 0.359375 0.20781250000000004 0.4078125 0.21875000000000008 0.4078125
2 0.2312500000000001 0.4625 0.2171875000000001 0.4625 0.2171875000000001 0.5015625 0.2312500000000001 0.5015625
2 0.22812500000000008 0.496875 0.21875000000000008 0.496875 0.21875000000000008 0.534375 0.22812500000000008 0.534375
2 0.3187500000000001 0.684375 0.2953125000000001 0.684375 0.2953125000000001 0.7046875 0.3187500000000001 0.7046875
2 0.428125 0.4484375 0.4171875 0.4484375 0.4171875 0.4890625 0.428125 0.4890625
2 0.4671875 0.3968750000000001 0.45625 0.3968750000000001 0.45625 0.4359375 0.4671875 0.4359375
2 0.471875 0.3359375000000001 0.459375 0.3359375000000001 0.459375 0.3781250000000001 0.471875 0.3781250000000001
2 0.4609375 0.484375 0.45 0.484375 0.45 0.5296875 0.4609375 0.5296875
2 0.4671875 0.5359375 0.4546875 0.5359375 0.4546875 0.5703125 0.4671875 0.5703125
2 0.4234375 0.4921875 0.4125 0.4921875 0.4125 0.53125 0.4234375 0.53125
2 0.4359375 0.571875 0.4265625 0.571875 0.4265625 0.609375 0.4359375 0.609375
2 0.4671875 0.615625 0.45625 0.615625 0.45625 0.6421875 0.4671875 0.6421875
2 0.4546875 0.6265625 0.4453125 0.6265625 0.4453125 0.6625 0.4546875 0.6625
2 0.4671875 0.6765625 0.45625 0.6765625 0.45625 0.721875 0.4671875 0.721875
2 0.40156250000000016 0.753125 0.3890625000000001 0.753125 0.3890625000000001 0.79375 0.40156250000000016 0.79375
2 0.3984375000000001 0.83125 0.3843750000000001 0.83125 0.3843750000000001 0.8546875 0.3984375000000001 0.8546875
2 0.3984375000000001 0.85625 0.3828125000000001 0.85625 0.3828125000000001 0.875 0.3984375000000001 0.875
2 0.3968750000000001 0.8734375 0.3859375000000001 0.8734375 0.3859375000000001 0.8953125 0.3968750000000001 0.8953125
2 0.3921875000000001 0.934375 0.3812500000000001 0.934375 0.3812500000000001 0.9578125 0.3921875000000001 0.9578125
2 0.2078125000000001 0.709375 0.18906250000000008 0.709375 0.18906250000000008 0.734375 0.2078125000000001 0.734375
2 0.06718750000000008 0.621875 0.045312500000000075 0.621875 0.045312500000000075 0.646875 0.0671875000000001 0.646875
2 0.53125 0.3343750000000001 0.5171875 0.3343750000000001 0.5171875 0.3609375000000001 0.53125 0.3609375000000001
2 0.58125 0.3312500000000001 0.5609375 0.3312500000000001 0.5609375 0.3687500000000001 0.58125 0.3687500000000001
2 0.534375 0.38750000000000007 0.5203125 0.38750000000000007 0.5203125 0.428125 0.534375 0.428125
2 0.55625 0.3984375000000001 0.546875 0.3984375000000001 0.546875 0.434375 0.55625 0.434375
2 0.5484375 0.44375 0.528125 0.44375 0.528125 0.46875 0.5484375 0.46875
2 0.5296875 0.51875 0.5140625 0.51875 0.5140625 0.5453125 0.5296875 0.5453125
2 0.5265625 0.64375 0.5125 0.64375 0.5125 0.6796875 0.5265625 0.6796875
2 0.5515625000000001 0.721875 0.534375 0.721875 0.534375 0.7578125 0.5515625000000002 0.7578125
2 0.5390625000000001 0.725 0.5234375 0.725 0.5234375000000001 0.7609375 0.5390625000000002 0.7609375
2 0.5500000000000002 0.7484375 0.5328125000000001 0.7484375 0.5328125000000001 0.7890625 0.5500000000000002 0.7890625
2 0.5265625000000002 0.9125 0.5171875000000001 0.9125 0.5171875000000001 0.9484375 0.5265625000000002 0.9484375
2 0.4468750000000002 0.909375 0.4359375000000002 0.909375 0.4359375000000002 0.9453125 0.4468750000000002 0.9453125
2 0.5343750000000002 0.84375 0.5234375000000002 0.84375 0.5234375000000002 0.8734375 0.5343750000000002 0.8734375
2 0.5734375000000002 0.965625 0.5562500000000001 0.965625 0.5562500000000001 0.9828125 0.5734375000000002 0.9828125
2 0.5718750000000001 0.9828125 0.5578125000000002 0.9828125 0.5578125000000002 0.9953125 0.5718750000000001 0.9953125
2 0.81875 0.875 0.8046875 0.875 0.8046875 0.9078125 0.81875 0.9078125
2 0.84375 0.8875 0.8296875 0.8875 0.8296875 0.93125 0.84375 0.93125
2 0.8546875 0.890625 0.84375 0.890625 0.84375 0.928125 0.8546875 0.928125
2 0.8140625 0.946875 0.7953125000000002 0.946875 0.7953125000000002 0.9609375 0.8140625 0.9609375
2 0.8109375 0.95625 0.7937500000000002 0.95625 0.7937500000000002 0.9828125 0.8109375 0.9828125
2 0.80625 0.971875 0.7921875000000002 0.971875 0.7921875000000002 1 0.80625 1
2 0.8421875 0.5156250000000002 0.81875 0.5156250000000002 0.81875 0.5406250000000001 0.8421875 0.5406250000000001
2 0.909375 0.5171875000000001 0.884375 0.5171875000000001 0.884375 0.5453125000000002 0.909375 0.5453125000000002
2 0.7015625 0.45625 0.678125 0.45625 0.678125 0.4828125 0.7015625 0.4828125
2 0.6859375 0.5 0.665625 0.5 0.665625 0.5234375 0.6859375 0.5234375
2 0.696875 0.5125 0.6828125 0.5125 0.6828125 0.5296875 0.696875 0.5296875
2 0.6953125 0.5328125 0.68125 0.5328125 0.68125 0.5609375 0.6953125 0.5609375
2 0.7390625 0.46562500000000007 0.715625 0.465625 0.715625 0.4843750000000001 0.7390625 0.48437500000000017
3 0.590625 0.2406250000000001 0.5734375 0.2406250000000001 0.5734375 0.2812500000000001 0.590625 0.2812500000000001
2 0.54375 0.2250000000000001 0.5328125 0.2250000000000001 0.5328125 0.2750000000000001 0.54375 0.2750000000000001
2 0.715625 0.2671875000000001 0.703125 0.2671875000000001 0.703125 0.2968750000000001 0.715625 0.2968750000000001
2 0.8 0.2093750000000001 0.790625 0.2093750000000001 0.790625 0.24375000000000008 0.8 0.24375000000000008
2 0.8171875 0.2140625000000001 0.8046875 0.2140625000000001 0.8046875 0.2390625000000001 0.8171875 0.2390625000000001
2 0.8328125 0.2609375000000001 0.828125 0.2609375000000001 0.828125 0.2906250000000001 0.8328125 0.2906250000000001
2 0.925 0.3265625000000001 0.9078125 0.3265625000000001 0.9078125 0.3453125000000001 0.925 0.3453125000000001
2 0.9921875 0.29375000000000007 0.96875 0.29375000000000007 0.96875 0.3187500000000001 0.9921875 0.3187500000000001
2 0.5296875 0.2296875000000001 0.5234375 0.2296875000000001 0.5234375 0.2718750000000001 0.5296875 0.2718750000000001
2 0.5421875 0.16875000000000004 0.53125 0.16875000000000004 0.53125 0.2156250000000001 0.5421875 0.2156250000000001
2 0.5765625 0.1750000000000001 0.559375 0.1750000000000001 0.559375 0.20312500000000008 0.5765625 0.20312500000000008
2 0.575 0.1937500000000001 0.5578125 0.1937500000000001 0.5578125 0.21875000000000008 0.575 0.21875000000000008
2 0.578125 0.14062500000000008 0.5546875 0.14062500000000008 0.5546875 0.15781250000000008 0.578125 0.15781250000000008
2 0.5765625 0.12343750000000009 0.5578125 0.12343750000000009 0.5578125 0.1390625000000001 0.5765625 0.1390625000000001
2 0.578125 0.10312500000000009 0.559375 0.10312500000000009 0.559375 0.1281250000000001 0.578125 0.1281250000000001
2 0.5890625 0.09375000000000007 0.571875 0.09375000000000007 0.571875 0.11093750000000009 0.5890625 0.11093750000000009
2 0.5765625 0.06093750000000007 0.55625 0.06093750000000007 0.55625 0.08281250000000007 0.5765625 0.08281250000000007
2 0.5984375 0.045312500000000075 0.5765625 0.04531250000000007 0.5765625 0.06718750000000007 0.5984375 0.06718750000000007
2 0.6234375 0.04062500000000008 0.603125 0.04062500000000008 0.603125 0.06093750000000007 0.6234375 0.06093750000000007
2 0.6296875 0.001562500000000076 0.609375 0.001562500000000075 0.609375 0.028125000000000077 0.6296875 0.028125000000000077
2 0.6296875 0.018750000000000076 0.6109375 0.018750000000000072 0.6109375 0.03593750000000008 0.6296875 0.03593750000000008
1 0.55 6.630314311008718e-17 0.5328125 6.52507122670699e-17 0.5328125 0.04531250000000007 0.55 0.04531250000000007
0 0.5328125 0.13281250000000006 0.521875 0.13281250000000006 0.521875 0.16093750000000004 0.5328125 0.16093750000000004
2 0.4703125 0.2531250000000001 0.459375 0.2531250000000001 0.459375 0.2843750000000001 0.4703125 0.2843750000000001
2 0.4671875 0.2875000000000001 0.4578125 0.2875000000000001 0.4578125 0.33281250000000007 0.4671875 0.33281250000000007
2 0.4203125 0.16250000000000003 0.4109375 0.16250000000000003 0.4109375 0.2015625000000001 0.4203125 0.2015625000000001
2 0.4375 0.16406250000000006 0.4234375 0.16406250000000006 0.4234375 0.18593750000000003 0.4375 0.18593750000000003
2 0.4140625 0.15468750000000003 0.403125 0.15468750000000003 0.403125 0.18437500000000004 0.4140625 0.18437500000000004
2 0.3671875 0.04062500000000004 0.35625 0.04062500000000004 0.35625 0.07187500000000005 0.3671875 0.07187500000000005
2 0.3453125 0.035937500000000046 0.334375 0.035937500000000046 0.334375 0.07187500000000005 0.3453125 0.07187500000000005
2 0.3515625 0.09218750000000005 0.3328125 0.09218750000000005 0.3328125 0.11093750000000005 0.3515625 0.11093750000000005
2 0.303125 0.08750000000000005 0.2890625 0.08750000000000005 0.2890625 0.10312500000000005 0.303125 0.10312500000000005
2 0.2390625 0.06093750000000002 0.221875 0.06093750000000002 0.221875 0.07812500000000003 0.2390625 0.07812500000000003
2 0.196875 0.07500000000000002 0.18125 0.07500000000000002 0.18125 0.09687500000000002 0.196875 0.09687500000000002
2 0.203125 0.051562500000000025 0.1875 0.051562500000000025 0.1875 0.06875000000000002 0.203125 0.06875000000000002
2 0.2171875 0.05312500000000002 0.2 0.05312500000000002 0.2 0.07187500000000002 0.2171875 0.07187500000000002
2 0.1078125 0.02343750000000001 0.0859375 0.02343750000000001 0.0859375 0.03750000000000001 0.1078125 0.03750000000000001
2 0.05625000000000001 0.05625 0.04218750000000001 0.05625 0.04218750000000001 0.1015625 0.05625000000000002 0.1015625
2 0.05468750000000002 0.103125 0.04531250000000001 0.103125 0.04531250000000001 0.134375 0.05468750000000002 0.134375
2 0.051562500000000025 0.1890625 0.042187500000000024 0.1890625 0.04218750000000003 0.2328125 0.051562500000000025 0.2328125
2 0.2375 0.2359375 0.2296875 0.2359375 0.2296875 0.2671875 0.2375 0.2671875
2 0.225 0.284375 0.209375 0.284375 0.209375 0.3171875 0.225 0.3171875
2 0.4359375 0.4 0.4265625 0.4 0.4265625 0.4234375 0.4359375 0.4234375
3 0.4640625 0.037500000000000054 0.453125 0.037500000000000054 0.453125 0.06562500000000006 0.4640625 0.06562500000000007
0 0.4703125 0.04375000000000005 0.4609375 0.04375000000000005 0.4609375 0.07343750000000007 0.4703125 0.07343750000000007
0 0.53125 0.04375000000000007 0.5203125 0.04375000000000007 0.5203125 0.07500000000000007 0.53125 0.07500000000000007
0 0.5609375 0.03125000000000007 0.55 0.03125000000000007 0.55 0.056250000000000064 0.5609375 0.056250000000000064
0 0.5796875 0.020312500000000074 0.5703125 0.020312500000000074 0.5703125 0.04687500000000007 0.5796875 0.04687500000000007
0 0.559375 0.11562500000000009 0.55 0.11562500000000009 0.55 0.14062500000000008 0.559375 0.14062500000000008
0 0.46875 0.12656250000000005 0.45625 0.12656250000000005 0.45625 0.15937500000000004 0.46875 0.15937500000000004
0 0.5203125 0.2484375000000001 0.5125 0.2484375000000001 0.5125 0.27031250000000007 0.5203125 0.27031250000000007
0 0.521875 0.2671875000000001 0.5125 0.2671875000000001 0.5125 0.29375000000000007 0.521875 0.29375000000000007
0 0.4546875 0.2656250000000001 0.4421875 0.2656250000000001 0.4421875 0.2921875000000001 0.4546875 0.2921875000000001
0 0.4609375 0.2500000000000001 0.45 0.2500000000000001 0.45 0.2687500000000001 0.4609375 0.2687500000000001
0 0.646875 0.3359375000000001 0.628125 0.3359375000000001 0.628125 0.3578125000000001 0.646875 0.3578125000000001
0 0.703125 0.30937500000000007 0.684375 0.30937500000000007 0.684375 0.33281250000000007 0.703125 0.33281250000000007
3 0.7171875 0.2968750000000001 0.696875 0.2968750000000001 0.696875 0.3218750000000001 0.7171875 0.3218750000000001
0 0.7859375 0.23593750000000008 0.7765625 0.23593750000000008 0.7765625 0.2609375000000001 0.7859375 0.2609375000000001
0 0.775 0.2640625000000001 0.7640625 0.2640625000000001 0.7640625 0.2828125000000001 0.775 0.2828125000000001
0 0.8796875 0.1687500000000001 0.8625 0.1687500000000001 0.8625 0.2000000000000001 0.8796875 0.2000000000000001
0 0.73125 0.5093750000000001 0.715625 0.509375 0.715625 0.5281250000000001 0.73125 0.5281250000000002
0 0.9859375 0.4859375000000002 0.965625 0.4859375000000002 0.965625 0.5046875000000002 0.9859375 0.5046875000000002
0 0.5265625 0.434375 0.515625 0.434375 0.515625 0.4609375 0.5265625 0.4609375
0 0.5390625000000002 0.7828125 0.5296875000000002 0.7828125 0.5296875000000002 0.80625 0.5390625000000002 0.80625
0 0.5468750000000002 0.803125 0.5359375000000002 0.803125 0.5359375000000002 0.8265625 0.5468750000000002 0.8265625
0 0.5453125000000002 0.828125 0.5375000000000002 0.828125 0.5375000000000002 0.853125 0.5453125000000002 0.853125
0 0.5453125000000002 0.8484375 0.5375000000000002 0.8484375 0.5375000000000002 0.8703125 0.5453125000000002 0.8703125
0 0.5468750000000002 0.871875 0.5390625000000002 0.871875 0.5390625000000002 0.890625 0.5468750000000002 0.890625
0 0.5453125000000002 0.8890625 0.5375000000000002 0.8890625 0.5375000000000002 0.9171875 0.5453125000000002 0.9171875
0 0.5296875000000002 0.821875 0.5218750000000002 0.821875 0.5218750000000002 0.840625 0.5296875000000002 0.840625
0 0.5250000000000001 0.8484375 0.5140625000000002 0.8484375 0.5140625000000002 0.86875 0.5250000000000001 0.86875
0 0.5234375000000002 0.890625 0.5125000000000002 0.890625 0.5125000000000002 0.9125 0.5234375000000002 0.9125
0 0.5406250000000001 0.9515625 0.5343750000000002 0.9515625 0.5343750000000002 0.9703125 0.5406250000000001 0.9703125
0 0.5312500000000002 0.953125 0.5234375000000002 0.953125 0.5234375000000002 0.9765625 0.5312500000000002 0.9765625
0 0.5343750000000002 0.96875 0.5218750000000002 0.96875 0.5218750000000002 0.9859375 0.5343750000000002 0.9859375
0 0.5453125 0.6375 0.5359375 0.6375 0.5359375 0.6609375 0.5453125 0.6609375
0 0.4484375 0.546875 0.4390625 0.546875 0.4390625 0.571875 0.4484375 0.571875
0 0.446875 0.596875 0.4390625 0.596875 0.4390625 0.61875 0.446875 0.61875
0 0.4 0.696875 0.3859375000000001 0.696875 0.3859375000000001 0.715625 0.4 0.715625
0 0.4046875 0.59375 0.3937500000000001 0.59375 0.3937500000000001 0.6140625 0.4046875 0.6140625
0 0.3781250000000001 0.6890625 0.3625000000000001 0.6890625 0.3625000000000001 0.709375 0.3781250000000001 0.709375
0 0.11250000000000009 0.6546875 0.09375000000000008 0.6546875 0.09375000000000008 0.66875 0.11250000000000009 0.66875
2 0.6234375 0.5125 0.60625 0.5125 0.60625 0.5328125 0.6234375 0.5328125
4 0.017187500000000085 0.6859375 0.001562500000000084 0.6859375 0.001562500000000085 0.703125 0.017187500000000088 0.703125
4 0.042187500000000086 0.6875 0.02656250000000009 0.6875 0.02656250000000009 0.696875 0.042187500000000086 0.696875
4 0.06562500000000009 0.6859375 0.04843750000000009 0.6859375 0.04843750000000009 0.703125 0.06562500000000009 0.703125
4 0.12656250000000008 0.68125 0.10468750000000009 0.68125 0.10468750000000009 0.6953125 0.12656250000000008 0.6953125
4 0.18125000000000008 0.6765625 0.16562500000000008 0.6765625 0.16562500000000008 0.69375 0.18125000000000008 0.69375
4 0.3531250000000001 0.61875 0.3375000000000001 0.61875 0.3375000000000001 0.6359375 0.3531250000000001 0.6359375
4 0.37968750000000007 0.603125 0.3703125000000001 0.603125 0.3703125000000001 0.61875 0.37968750000000007 0.61875
4 0.425 0.5921875 0.415625 0.5921875 0.415625 0.6109375 0.425 0.6109375
4 0.446875 0.684375 0.4375 0.684375 0.4375 0.70625 0.446875 0.70625
4 0.4 0.678125 0.3906250000000001 0.678125 0.3906250000000001 0.69375 0.4 0.69375
4 0.4515625000000002 0.7515625 0.4421875000000002 0.7515625 0.4421875000000002 0.7703125 0.4515625000000002 0.7703125
4 0.44531250000000017 0.803125 0.4343750000000002 0.803125 0.4343750000000002 0.828125 0.44531250000000017 0.828125
4 0.5375 0.559375 0.51875 0.559375 0.51875 0.578125 0.5375 0.578125
4 0.540625 0.515625 0.5328125 0.515625 0.5328125 0.5421875 0.540625 0.5421875
4 0.5484375 0.5234375 0.5390625 0.5234375 0.5390625 0.546875 0.5484375 0.546875
4 0.546875 0.5 0.5390625 0.5 0.5390625 0.5203125 0.546875 0.5203125
4 0.5484375 0.478125 0.540625 0.478125 0.540625 0.5078125 0.5484375 0.5078125
4 0.534375 0.4734375 0.5234375 0.4734375 0.5234375 0.49375 0.534375 0.49375
4 0.5203125 0.6234375 0.5109375 0.6234375 0.5109375 0.6453125 0.5203125 0.6453125
4 0.51875 0.6796875 0.5078125 0.6796875 0.5078125 0.709375 0.51875 0.709375
4 0.4546875 0.678125 0.4484375 0.678125 0.4484375 0.703125 0.4546875 0.703125
4 0.4625 0.6484375 0.453125 0.6484375 0.453125 0.66875 0.4625 0.66875
4 0.4078125 0.615625 0.3937500000000001 0.615625 0.3937500000000001 0.6296875 0.4078125 0.6296875
4 0.546875 0.55625 0.5359375 0.55625 0.5359375 0.584375 0.546875 0.584375
4 0.578125 0.50625 0.565625 0.50625 0.565625 0.5265625 0.578125 0.5265625
4 0.565625 0.5 0.5578125 0.5 0.5578125 0.5203125 0.565625 0.5203125
4 0.56875 0.4421875 0.5546875 0.4421875 0.5546875 0.45625 0.56875 0.45625
4 0.6125 0.4703125 0.6 0.4703125 0.6 0.4875 0.6125 0.4875
4 0.5125000000000002 0.9234375 0.5046875000000002 0.9234375 0.5046875000000002 0.95 0.5125000000000002 0.95
4 0.5171875000000001 0.8453125 0.5093750000000001 0.8453125 0.5093750000000001 0.8671875 0.5171875000000001 0.8671875
4 0.4484375000000001 0.7203125 0.4375 0.7203125 0.4375000000000001 0.7390625 0.44843750000000016 0.7390625
4 0.83125 0.3359375000000001 0.821875 0.3359375000000001 0.821875 0.3531250000000001 0.83125 0.3531250000000001
4 0.7375 0.3421875000000001 0.725 0.3421875000000001 0.725 0.36406250000000007 0.7375 0.36406250000000007
4 0.6921875 0.33281250000000007 0.6796875 0.33281250000000007 0.6796875 0.3609375000000001 0.6921875 0.3609375000000001
4 0.7671875 0.4593750000000002 0.7546875 0.4593750000000002 0.7546875 0.4812500000000002 0.7671875 0.4812500000000002
4 0.846875 0.4906250000000002 0.8265625 0.4906250000000002 0.8265625 0.5125000000000002 0.846875 0.5125000000000002
4 0.9375 0.5046875000000002 0.9265625 0.5046875000000002 0.9265625 0.5281250000000002 0.9375 0.5281250000000002
4 0.946875 0.4906250000000002 0.934375 0.4906250000000002 0.934375 0.5093750000000001 0.946875 0.5093750000000001
4 0.5359375 0.3062500000000001 0.5234375 0.3062500000000001 0.5234375 0.3343750000000001 0.5359375 0.3343750000000001
4 0.54375 0.33281250000000007 0.528125 0.33281250000000007 0.528125 0.3609375000000001 0.54375 0.3609375000000001
4 0.4578125 0.18281250000000004 0.4484375 0.18281250000000004 0.4484375 0.20468750000000008 0.4578125 0.20468750000000008
4 0.465625 0.2093750000000001 0.446875 0.2093750000000001 0.446875 0.22656250000000008 0.465625 0.22656250000000008
4 0.4578125 0.3109375000000001 0.4484375 0.3109375000000001 0.4484375 0.32500000000000007 0.4578125 0.32500000000000007
4 0.45625 0.3234375000000001 0.4421875 0.3234375000000001 0.4421875 0.3500000000000001 0.45625 0.3500000000000001
4 0.528125 0.10781250000000005 0.51875 0.10781250000000005 0.51875 0.13125000000000003 0.528125 0.13125000000000003
4 0.528125 0.08125000000000007 0.5125 0.08125000000000007 0.5125 0.10468750000000004 0.528125 0.10468750000000004
4 0.528125 0.16875000000000004 0.5171875 0.16875000000000004 0.5171875 0.19843750000000004 0.528125 0.19843750000000004
4 0.7421875 0.3000000000000001 0.728125 0.3000000000000001 0.728125 0.3218750000000001 0.7421875 0.3218750000000001
4 0.6359375 0.48125 0.6234375 0.48125 0.6234375 0.5078125 0.6359375 0.5078125
4 0.6890625 0.4796875 0.6796875 0.4796875 0.6796875 0.496875 0.6890625 0.496875