6 0.5421875 0.4828125 0.5109375 0.4828125 0.5109375 0.4984375 0.5421875 0.4984375
2 0.35 0.2796875 0.3328125 0.2796875 0.3328125 0.29375 0.35 0.29375
2 0.409375 0.24218750000000008 0.3984375 0.24218750000000008 0.3984375 0.26250000000000007 0.409375 0.26250000000000007
2 0.4015625 0.2078125000000001 0.384375 0.2078125000000001 0.384375 0.22656250000000008 0.4015625 0.22656250000000008
2 0.5140625 0.3109375000000001 0.5046875 0.3109375000000001 0.5046875 0.34062500000000007 0.5140625 0.34062500000000007
2 0.5234375 0.3109375000000001 0.515625 0.3109375000000001 0.515625 0.34062500000000007 0.5234375 0.34062500000000007
2 0.5625 0.3046875000000001 0.55625 0.3046875000000001 0.55625 0.3296875000000001 0.5625 0.3296875000000001
2 0.5734375 0.3062500000000001 0.565625 0.3062500000000001 0.565625 0.3296875000000001 0.5734375 0.3296875000000001
2 0.9671875 0.8578125 0.95625 0.8578125 0.95625 0.8828125 0.9671875 0.8828125
2 0.9484375 0.8890625 0.940625 0.8890625 0.940625 0.91875 0.9484375 0.91875
2 0.7234375 0.6421875 0.7140625 0.6421875 0.7140625 0.665625 0.7234375 0.665625
6 0.9046875 0.6281250000000002 0.865625 0.6281250000000002 0.865625 0.6484375000000002 0.9046875 0.6484375000000002
5 0.7421875 0.3734375000000001 0.6953125 0.3734375000000001 0.6953125 0.3937500000000001 0.7421875 0.3937500000000001
6 0.6828125 0.3750000000000001 0.6421875 0.3750000000000001 0.6421875 0.3937500000000001 0.6828125 0.3937500000000001
6 0.2968750000000001 0.625 0.2671875000000001 0.625 0.2671875000000001 0.64375 0.2968750000000001 0.64375
6 0.1671875000000001 0.6296875 0.1281250000000001 0.6296875 0.1281250000000001 0.65 0.1671875000000001 0.65
6 0.14218750000000008 0.6625 0.10312500000000009 0.6625 0.10312500000000009 0.6875 0.14218750000000008 0.6875
4 0.553125 0.2718750000000001 0.5484375 0.2718750000000001 0.5484375 0.28593750000000007 0.553125 0.28593750000000007
3 0.7687500000000002 0.8421875 0.7468750000000002 0.8421875 0.7468750000000002 0.8609375 0.7687500000000002 0.8609375
3 0.7218750000000002 0.8765625 0.7109375000000002 0.8765625 0.7109375000000002 0.9125 0.7218750000000002 0.9125
4 0.5296875 0.2718750000000001 0.5265625 0.2718750000000001 0.5265625 0.28593750000000007 0.5296875 0.28593750000000007
4 0.5453125 0.2828125000000001 0.5421875 0.2828125000000001 0.5421875 0.2984375000000001 0.5453125 0.2984375000000001
4 0.5734375 0.2734375000000001 0.56875 0.2734375000000001 0.56875 0.2890625000000001 0.5734375 0.2890625000000001
4 0.5875 0.2921875000000001 0.5828125 0.2921875000000001 0.5828125 0.3062500000000001 0.5875 0.3062500000000001
4 0.571875 0.2312500000000001 0.56875 0.2312500000000001 0.56875 0.2468750000000001 0.571875 0.2468750000000001
4 0.5375 0.2218750000000001 0.534375 0.2218750000000001 0.534375 0.2328125000000001 0.5375 0.2328125000000001
4 0.5453125 0.22031250000000008 0.540625 0.22031250000000008 0.540625 0.2328125000000001 0.5453125 0.2328125000000001
4 0.5859375 0.23437500000000008 0.5828125 0.23437500000000008 0.5828125 0.2468750000000001 0.5859375 0.2468750000000001
4 0.521875 0.27031250000000007 0.5171875 0.27031250000000007 0.5171875 0.2828125000000001 0.521875 0.2828125000000001
4 0.4171875 0.26250000000000007 0.4140625 0.26250000000000007 0.4140625 0.2765625000000001 0.4171875 0.2765625000000001
4 0.578125 0.23437500000000008 0.575 0.23437500000000008 0.575 0.2484375000000001 0.578125 0.2484375000000001
4 0.534375 0.2718750000000001 0.53125 0.2718750000000001 0.53125 0.28593750000000007 0.534375 0.28593750000000007
4 0.5421875 0.2875000000000001 0.5390625 0.2875000000000001 0.5390625 0.3000000000000001 0.5421875 0.3000000000000001
4 0.55 0.2875000000000001 0.546875 0.2875000000000001 0.546875 0.2984375000000001 0.55 0.2984375000000001
0 0.8296875 0.6375000000000002 0.8140625 0.6375000000000002 0.8140625 0.6515625000000002 0.8296875 0.6515625000000002
2 0.684375 0.6359375 0.678125 0.6359375 0.678125 0.659375 0.684375 0.659375
2 0.678125 0.6171875 0.671875 0.6171875 0.671875 0.6421875 0.678125 0.6421875
2 0.6703125 0.621875 0.6625 0.621875 0.6625 0.64375 0.6703125 0.64375
2 0.6765625 0.64375 0.6703125 0.64375 0.6703125 0.6640625 0.6765625 0.6640625
0 0.8265625 0.5968750000000002 0.8140625 0.5968750000000002 0.8140625 0.6062500000000002 0.8265625 0.6062500000000002
2 0.975 0.9078125 0.96875 0.9078125 0.96875 0.93125 0.975 0.93125
0 0.871875 0.37968750000000007 0.859375 0.37968750000000007 0.859375 0.3921875000000001 0.871875 0.3921875000000001
2 0.9828125 0.85 0.9703125 0.85 0.9703125 0.8734375 0.9828125 0.8734375
6 0.4265625 0.540625 0.4 0.540625 0.4 0.55625 0.4265625 0.55625
3 0.7859375 0.4859375000000002 0.765625 0.4859375000000002 0.765625 0.5000000000000002 0.7859375 0.5000000000000002
5 1 0.5500000000000002 0.93125 0.5500000000000002 0.93125 0.5734375000000002 1 0.5734375000000002
2 0.99375 0.7937500000000002 0.9796875 0.7937500000000002 0.9796875 0.825 0.99375 0.825
0 0.8 0.5984375000000002 0.7890625 0.5984375000000002 0.7890625 0.6109375000000001 0.8 0.6109375000000001
6 0.7375 0.596875 0.7125 0.596875 0.7125 0.6140625000000001 0.7375 0.6140625000000002
3 0.7609375 0.5921875000000002 0.7390625 0.5921875000000002 0.7390625 0.6046875000000002 0.7609375 0.6046875000000002
2 0.609375 0.559375 0.596875 0.559375 0.596875 0.5703125 0.609375 0.5703125
2 0.4234375 0.4875 0.4078125 0.4875 0.4078125 0.5015625 0.4234375 0.5015625
6 0.9703125 0.4500000000000002 0.94375 0.4500000000000002 0.94375 0.4671875000000002 0.9703125 0.4671875000000002
4 0.7296875 0.4015625000000001 0.721875 0.4015625 0.721875 0.41093750000000007 0.7296875 0.4109375000000002
3 0.721875 0.5765625 0.70625 0.5765625 0.70625 0.5875 0.721875 0.5875
4 0.496875 0.6 0.4890625 0.6 0.4890625 0.6125 0.496875 0.6125
2 0.584375 0.6171875 0.571875 0.6171875 0.571875 0.628125 0.584375 0.628125
2 0.4609375 0.51875 0.446875 0.51875 0.446875 0.5328125 0.4609375 0.5328125
6 0.878125 0.5453125000000002 0.846875 0.5453125000000002 0.846875 0.5671875000000002 0.878125 0.5671875000000002
6 0.7671875 0.5578125000000002 0.7359375 0.5578125000000002 0.7359375 0.5765625000000002 0.7671875 0.5765625000000002
6 0.8859375 0.5156250000000002 0.8515625 0.5156250000000002 0.8515625 0.5359375000000002 0.8859375 0.5359375000000002
6 0.050000000000000065 0.4703125 0.014062500000000056 0.4703125 0.014062500000000058 0.490625 0.050000000000000065 0.490625
4 0.9 0.37187500000000007 0.89375 0.37187500000000007 0.89375 0.3812500000000001 0.9 0.3812500000000001
2 0.821875 0.41406250000000017 0.80625 0.41406250000000017 0.80625 0.42968750000000017 0.821875 0.42968750000000017
2 0.36406250000000007 0.51875 0.3500000000000001 0.51875 0.3500000000000001 0.5328125 0.36406250000000007 0.5328125
4 0.8859375 0.5875000000000001 0.878125 0.5875000000000001 0.878125 0.5984375000000002 0.8859375 0.5984375000000002
2 0.3859375000000001 0.4515625 0.37187500000000007 0.4515625 0.37187500000000007 0.465625 0.3859375000000001 0.465625
6 0.36406250000000007 0.4703125 0.3281250000000001 0.4703125 0.3281250000000001 0.490625 0.36406250000000007 0.490625
3 0.3218750000000001 0.4515625 0.30156250000000007 0.4515625 0.30156250000000007 0.4671875 0.3218750000000001 0.4671875
4 0.4359375 0.3937500000000001 0.4296875 0.3937500000000001 0.4296875 0.403125 0.4359375 0.403125
2 0.98125 0.6500000000000001 0.965625 0.6500000000000001 0.965625 0.6765625000000002 0.98125 0.6765625000000002
3 0.63125 0.53125 0.615625 0.53125 0.615625 0.5453125 0.63125 0.5453125
2 0.5640625 0.5140625 0.553125 0.5140625 0.553125 0.528125 0.5640625 0.528125
4 0.51875 0.4078125 0.5109375 0.4078125 0.5109375 0.41875 0.51875 0.41875