0 0.7906250000000001 0.971875 0.7781250000000002 0.971875 0.7781250000000002 0.996875 0.7906250000000001 0.996875
4 0.7656250000000002 0.971875 0.7578125000000002 0.971875 0.7578125000000002 0.9875 0.7656250000000002 0.9875
2 0.7343750000000002 0.8453125 0.7109375000000002 0.8453125 0.7109375000000002 0.86875 0.7343750000000002 0.86875
4 0.7593750000000001 0.909375 0.7515625000000001 0.909375 0.7515625000000001 0.9203125 0.7593750000000001 0.9203125
4 0.7515625000000001 0.8921875 0.7421875000000002 0.8921875 0.7421875000000002 0.9078125 0.7515625000000001 0.9078125
4 0.6875000000000002 0.765625 0.6812500000000001 0.765625 0.6812500000000001 0.7828125 0.6875000000000002 0.7828125
0 0.5890625 0.6828125 0.578125 0.6828125 0.578125 0.7046875 0.5890625 0.7046875
4 0.559375 0.640625 0.5515625 0.640625 0.5515625 0.6546875 0.559375 0.6546875
4 0.5484375 0.6390625 0.5421875 0.6390625 0.5421875 0.6546875 0.5484375 0.6546875
4 0.546875 0.6578125 0.5375 0.6578125 0.5375 0.6734375 0.546875 0.6734375
2 0.6312500000000002 0.928125 0.6093750000000002 0.928125 0.6093750000000002 0.95625 0.6312500000000002 0.95625
2 0.878125 0.16562500000000008 0.8609375 0.16562500000000008 0.8609375 0.19687500000000008 0.878125 0.19687500000000008
2 0.9328125 0.2875000000000001 0.915625 0.2875000000000001 0.915625 0.3265625000000001 0.9328125 0.3265625000000001
6 0.8421875 0.1062500000000001 0.8171875 0.1062500000000001 0.8171875 0.1468750000000001 0.8421875 0.1468750000000001
2 0.815625 0.0359375000000001 0.7953125 0.0359375000000001 0.7953125 0.07031250000000008 0.815625 0.07031250000000008
2 0.7140625 8.610797806504827e-17 0.6921875 8.476852062848085e-17 0.6921875 0.02656250000000009 0.7140625 0.02656250000000009
2 0.73125 0.004687500000000089 0.7125 0.004687500000000087 0.7125 0.03750000000000009 0.73125 0.03750000000000009
0 0.6859375 0.06093750000000009 0.671875 0.06093750000000009 0.671875 0.08593750000000008 0.6859375 0.08593750000000008
0 0.66875 0.07187500000000009 0.6578125 0.07187500000000009 0.6578125 0.09687500000000009 0.66875 0.09687500000000009
2 0.746875 0.07656250000000009 0.7265625 0.07656250000000009 0.7265625 0.11250000000000009 0.746875 0.11250000000000009
2 0.690625 0.17968750000000008 0.671875 0.17968750000000008 0.671875 0.21093750000000008 0.690625 0.21093750000000008
2 0.634375 0.19531250000000008 0.6125 0.19531250000000008 0.6125 0.2250000000000001 0.634375 0.2250000000000001
2 0.5921875 0.20312500000000008 0.571875 0.20312500000000008 0.571875 0.22812500000000008 0.5921875 0.22812500000000008
0 0.7984375 0.07031250000000008 0.7859375 0.07031250000000008 0.7859375 0.09375000000000008 0.7984375 0.09375000000000008
0 0.7953125 0.11718750000000008 0.78125 0.11718750000000008 0.78125 0.14062500000000008 0.7953125 0.14062500000000008
0 0.7890625 0.1437500000000001 0.775 0.1437500000000001 0.775 0.16406250000000008 0.7890625 0.16406250000000008
0 0.7828125 0.11718750000000008 0.7703125 0.11718750000000008 0.7703125 0.1375000000000001 0.7828125 0.1375000000000001
0 0.75625 0.14218750000000008 0.7421875 0.14218750000000008 0.7421875 0.1609375000000001 0.75625 0.1609375000000001
0 0.7671875 0.15781250000000008 0.753125 0.15781250000000008 0.753125 0.1765625000000001 0.7671875 0.1765625000000001
2 0.78125 0.08125000000000009 0.759375 0.08125000000000009 0.759375 0.11250000000000009 0.78125 0.11250000000000009
2 0.8 0.08906250000000009 0.7828125 0.08906250000000009 0.7828125 0.11875000000000009 0.8 0.11875000000000009
3 0.7625 0.1140625000000001 0.746875 0.1140625000000001 0.746875 0.1359375000000001 0.7625 0.1359375000000001
2 0.775 0.1750000000000001 0.759375 0.1750000000000001 0.759375 0.2062500000000001 0.775 0.2062500000000001
2 0.740625 0.1437500000000001 0.721875 0.1437500000000001 0.721875 0.1750000000000001 0.740625 0.1750000000000001
2 0.75 0.16562500000000008 0.73125 0.16562500000000008 0.73125 0.19687500000000008 0.75 0.19687500000000008
2 0.746875 0.2015625000000001 0.7265625 0.2015625000000001 0.7265625 0.2328125000000001 0.746875 0.2328125000000001
2 0.7234375 0.17343750000000008 0.7078125 0.17343750000000008 0.7078125 0.20468750000000008 0.7234375 0.20468750000000008
3 0.7140625 0.20312500000000008 0.696875 0.20312500000000008 0.696875 0.2312500000000001 0.7140625 0.2312500000000001
0 0.7265625 0.2218750000000001 0.715625 0.2218750000000001 0.715625 0.2468750000000001 0.7265625 0.2468750000000001
3 0.74375 0.22656250000000008 0.7296875 0.22656250000000008 0.7296875 0.2500000000000001 0.74375 0.2500000000000001
2 0.69375 0.2250000000000001 0.6734375 0.2250000000000001 0.6734375 0.2578125000000001 0.69375 0.2578125000000001
2 0.671875 0.2578125000000001 0.6546875 0.2578125000000001 0.6546875 0.2890625000000001 0.671875 0.2890625000000001
2 0.659375 0.28593750000000007 0.640625 0.28593750000000007 0.640625 0.3187500000000001 0.659375 0.3187500000000001
2 0.640625 0.3187500000000001 0.6234375 0.3187500000000001 0.6234375 0.3500000000000001 0.640625 0.3500000000000001
2 0.6125 0.3156250000000001 0.5921875 0.3156250000000001 0.5921875 0.3453125000000001 0.6125 0.3453125000000001
0 0.6390625 0.3515625000000001 0.628125 0.3515625000000001 0.628125 0.3734375000000001 0.6390625 0.3734375000000001
3 0.64375 0.37187500000000007 0.625 0.37187500000000007 0.625 0.40625 0.64375 0.40625
1 0.7234375 0.2484375000000001 0.6734375 0.2484375000000001 0.6734375 0.3312500000000001 0.7234375 0.3312500000000001
2 0.659375 0.3203125000000001 0.6421875 0.3203125000000001 0.6421875 0.3515625000000001 0.659375 0.3515625000000001
2 0.61875 0.3703125000000001 0.6015625 0.3703125000000001 0.6015625 0.403125 0.61875 0.403125
2 0.6203125 0.4015625 0.6 0.4015625 0.6 0.434375 0.6203125 0.434375
4 0.5609375 0.3515625000000001 0.5515625 0.3515625000000001 0.5515625 0.3656250000000001 0.5609375 0.3656250000000001
4 0.571875 0.3593750000000001 0.5640625 0.3593750000000001 0.5640625 0.3703125000000001 0.571875 0.3703125000000001
4 0.55 0.3859375000000001 0.540625 0.3859375000000001 0.540625 0.3968750000000001 0.55 0.3968750000000001
4 0.5609375 0.38750000000000007 0.5515625 0.38750000000000007 0.5515625 0.3984375000000001 0.5609375 0.3984375000000001
4 0.5265625 0.403125 0.5171875 0.403125 0.5171875 0.4140625 0.5265625 0.4140625
4 0.521875 0.4296875 0.5109375 0.4296875 0.5109375 0.4390625 0.521875 0.4390625
4 0.6046875 0.434375 0.59375 0.434375 0.59375 0.446875 0.6046875 0.446875
4 0.6078125 0.490625 0.6 0.490625 0.6 0.5015625 0.6078125 0.5015625
4 0.609375 0.503125 0.6 0.503125 0.6 0.5140625 0.609375 0.5140625
4 0.6203125 0.4890625 0.609375 0.4890625 0.609375 0.4984375 0.6203125 0.4984375
4 0.628125 0.5125 0.6171875 0.5125 0.6171875 0.521875 0.628125 0.521875
4 0.6265625 0.5203125 0.6171875 0.5203125 0.6171875 0.5296875 0.6265625 0.5296875
4 0.6390625 0.446875 0.6296875 0.446875 0.6296875 0.459375 0.6390625 0.459375
4 0.625 0.4421875 0.615625 0.4421875 0.615625 0.4515625 0.625 0.4515625
4 0.625 0.4546875 0.615625 0.4546875 0.615625 0.465625 0.625 0.465625
4 0.6203125 0.465625 0.6125 0.465625 0.6125 0.4765625 0.6203125 0.4765625
4 0.63125 0.4296875 0.621875 0.4296875 0.621875 0.440625 0.63125 0.440625
4 0.6265625 0.409375 0.6203125 0.409375 0.6203125 0.4265625 0.6265625 0.4265625
4 0.6390625 0.4125 0.634375 0.4125 0.634375 0.425 0.6390625 0.425
4 0.6484375 0.3593750000000001 0.640625 0.3593750000000001 0.640625 0.3703125000000001 0.6484375 0.3703125000000001
4 0.628125 0.3609375000000001 0.6203125 0.3609375000000001 0.6203125 0.3734375000000001 0.628125 0.3734375000000001
4 0.65 0.3671875000000001 0.6453125 0.3671875000000001 0.6453125 0.37968750000000007 0.65 0.37968750000000007
4 0.6625 0.4796875 0.65625 0.4796875 0.65625 0.4984375 0.6625 0.4984375
4 0.6578125 0.5109375 0.653125 0.5109375 0.653125 0.525 0.6578125 0.525
4 0.6484375 0.4625 0.64375 0.4625 0.64375 0.4828125 0.6484375 0.4828125
4 0.6453125 0.4390625 0.640625 0.4390625 0.640625 0.45 0.6453125 0.45
4 0.6140625 0.45625 0.60625 0.45625 0.60625 0.4671875 0.6140625 0.4671875
3 0.6421875 0.48125 0.6296875 0.48125 0.6296875 0.515625 0.6421875 0.515625
4 0.6328125 0.5578125 0.6234375 0.5578125 0.6234375 0.56875 0.6328125 0.56875
4 0.6234375 0.5546875 0.6140625 0.5546875 0.6140625 0.5640625 0.6234375 0.5640625
4 0.7640625 0.028125000000000087 0.7578125 0.028125000000000087 0.7578125 0.04375000000000009 0.7640625 0.04375000000000009
4 0.7484375 0.02968750000000009 0.7375 0.02968750000000009 0.7375 0.04375000000000009 0.7484375 0.04375000000000009
4 0.709375 0.034375000000000086 0.7 0.034375000000000086 0.7 0.04843750000000009 0.709375 0.04843750000000009
4 0.7078125 0.11875000000000009 0.7 0.11875000000000009 0.7 0.13281250000000008 0.7078125 0.13281250000000008
4 0.7140625 0.12500000000000008 0.7046875 0.12500000000000008 0.7046875 0.14218750000000008 0.7140625 0.14218750000000008
4 0.6953125 0.1375000000000001 0.6890625 0.1375000000000001 0.6890625 0.1515625000000001 0.6953125 0.1515625000000001
4 0.66875 0.1750000000000001 0.659375 0.1750000000000001 0.659375 0.1906250000000001 0.66875 0.1906250000000001
4 0.6703125 0.1906250000000001 0.6625 0.1906250000000001 0.6625 0.2078125000000001 0.6703125 0.2078125000000001
4 0.6453125 0.2156250000000001 0.6390625 0.2156250000000001 0.6390625 0.2312500000000001 0.6453125 0.2312500000000001
4 0.65 0.2296875000000001 0.6421875 0.2296875000000001 0.6421875 0.2453125000000001 0.65 0.2453125000000001
4 0.75625 0.2296875000000001 0.746875 0.2296875000000001 0.746875 0.24375000000000008 0.75625 0.24375000000000008
4 0.7546875 0.2015625000000001 0.746875 0.2015625000000001 0.746875 0.2140625000000001 0.7546875 0.2140625000000001
4 0.7734375 0.2015625000000001 0.7640625 0.2015625000000001 0.7640625 0.2156250000000001 0.7734375 0.2156250000000001
4 0.7671875 0.14218750000000008 0.7578125 0.14218750000000008 0.7578125 0.15625000000000008 0.7671875 0.15625000000000008
4 0.7953125 0.1593750000000001 0.7875 0.1593750000000001 0.7875 0.1750000000000001 0.7953125 0.1750000000000001
4 0.771875 0.1140625000000001 0.7640625 0.1140625000000001 0.7640625 0.12343750000000009 0.771875 0.12343750000000009
4 0.671875 0.32500000000000007 0.6625 0.32500000000000007 0.6625 0.3343750000000001 0.671875 0.3343750000000001
4 0.6671875 0.3359375000000001 0.6609375 0.3359375000000001 0.6609375 0.3500000000000001 0.6671875 0.3500000000000001
4 0.6578125 0.3500000000000001 0.6515625 0.3500000000000001 0.6515625 0.3609375000000001 0.6578125 0.3609375000000001
4 0.715625 0.3515625000000001 0.7109375 0.3515625000000001 0.7109375 0.3671875000000001 0.715625 0.3671875000000001
2 0.9953125 0.3906250000000001 0.978125 0.3906250000000001 0.978125 0.4265625000000002 0.9953125 0.4265625000000002
2 0.9796875 0.35625000000000007 0.9640625 0.35625000000000007 0.9640625 0.3921875000000001 0.9796875 0.3921875000000001
2 0.24375000000000008 0.5 0.2250000000000001 0.5 0.2250000000000001 0.5390625 0.24375000000000008 0.5390625
0 0.3421875000000001 0.509375 0.3265625000000001 0.509375 0.3265625000000001 0.5328125 0.3421875000000001 0.5328125
0 0.23437500000000008 0.6796875 0.22031250000000008 0.6796875 0.22031250000000008 0.703125 0.23437500000000008 0.703125
2 0.20468750000000008 0.659375 0.1859375000000001 0.659375 0.1859375000000001 0.7015625 0.20468750000000008 0.7015625
2 0.1765625000000001 0.7125 0.15625000000000008 0.7125 0.15625000000000008 0.7484375 0.1765625000000001 0.7484375
2 0.1906250000000001 0.7703125 0.17343750000000008 0.7703125 0.17343750000000008 0.8078125 0.1906250000000001 0.8078125
2 0.15000000000000013 0.94375 0.13125000000000014 0.94375 0.13125000000000014 0.978125 0.15000000000000013 0.978125
2 0.15312500000000012 0.96875 0.13437500000000013 0.96875 0.13437500000000013 1 0.15312500000000012 1
2 0.17500000000000013 0.9453125 0.15468750000000014 0.9453125 0.15468750000000014 0.9796875 0.17500000000000013 0.9796875
3 0.18906250000000013 0.9140625 0.16875000000000012 0.9140625 0.16875000000000012 0.946875 0.18906250000000013 0.946875
2 0.19687500000000008 0.86875 0.1750000000000001 0.86875 0.1750000000000001 0.903125 0.19687500000000008 0.903125
4 0.12968750000000012 0.984375 0.12031250000000013 0.984375 0.12031250000000013 1 0.12968750000000012 1
2 0.2390625000000001 0.79375 0.2140625000000001 0.79375 0.2140625000000001 0.8328125 0.2390625000000001 0.8328125
2 0.2468750000000001 0.8125 0.2296875000000001 0.8125 0.2296875000000001 0.8421875 0.2468750000000001 0.8421875
2 0.2734375000000001 0.7453125 0.2531250000000001 0.7453125 0.2531250000000001 0.775 0.2734375000000001 0.775
2 0.2750000000000001 0.7796875 0.2562500000000001 0.7796875 0.2562500000000001 0.809375 0.2750000000000001 0.809375
2 0.2921875000000001 0.7109375 0.2750000000000001 0.7109375 0.2750000000000001 0.7390625 0.2921875000000001 0.7390625
3 0.3031250000000001 0.7328125 0.2828125000000001 0.7328125 0.2828125000000001 0.7703125 0.3031250000000001 0.7703125
2 0.31718750000000007 0.6640625 0.2953125000000001 0.6640625 0.2953125000000001 0.7015625 0.31718750000000007 0.7015625
2 0.3265625000000001 0.696875 0.3062500000000001 0.696875 0.3062500000000001 0.73125 0.3265625000000001 0.73125
4 0.3312500000000001 0.6625 0.3218750000000001 0.6625 0.3218750000000001 0.6765625 0.3312500000000001 0.6765625
2 0.34843750000000007 0.6578125 0.3296875000000001 0.6578125 0.3296875000000001 0.6890625 0.34843750000000007 0.6890625
3 0.3453125000000001 0.621875 0.3234375000000001 0.621875 0.3234375000000001 0.6546875 0.3453125000000001 0.6546875
2 0.3687500000000001 0.6296875 0.34843750000000007 0.6296875 0.34843750000000007 0.6640625 0.3687500000000001 0.6640625
2 0.3781250000000001 0.565625 0.3578125000000001 0.565625 0.3578125000000001 0.5984375 0.3781250000000001 0.5984375
6 0.4015625 0.5796875 0.3765625000000001 0.5796875 0.3765625000000001 0.6203125 0.4015625 0.6203125
4 0.3625000000000001 0.6015625 0.3531250000000001 0.6015625 0.3531250000000001 0.615625 0.3625000000000001 0.615625
4 0.3625000000000001 0.621875 0.3531250000000001 0.621875 0.3531250000000001 0.6359375 0.3625000000000001 0.6359375
4 0.3703125000000001 0.5984375 0.36406250000000007 0.5984375 0.36406250000000007 0.6125 0.3703125000000001 0.6125
4 0.3781250000000001 0.6015625 0.3687500000000001 0.6015625 0.3687500000000001 0.6125 0.3781250000000001 0.6125
4 0.3750000000000001 0.6140625 0.3671875000000001 0.6140625 0.3671875000000001 0.625 0.3750000000000001 0.625
4 0.39531250000000007 0.553125 0.38750000000000007 0.553125 0.38750000000000007 0.5640625 0.39531250000000007 0.5640625
4 0.46875 0.4765625 0.459375 0.4765625 0.459375 0.4875 0.46875 0.4875
4 0.4859375 0.5375 0.475 0.5375 0.475 0.55 0.4859375 0.55
4 0.4203125 0.5015625 0.4140625 0.5015625 0.4140625 0.5171875 0.4203125 0.5171875
2 0.4140625 0.475 0.4 0.475 0.4 0.5109375 0.4140625 0.5109375
4 0.40625 0.409375 0.4 0.409375 0.4 0.428125 0.40625 0.428125
4 0.39687500000000003 0.3578125000000001 0.390625 0.3578125000000001 0.39062500000000006 0.3734375000000001 0.3968750000000001 0.3734375000000001
2 0.3796875 0.25468750000000007 0.3640625 0.25468750000000007 0.3640625 0.2906250000000001 0.3796875 0.2906250000000001
2 0.3484375 0.02343750000000004 0.3296875 0.023437500000000038 0.3296875 0.06093750000000005 0.3484375 0.06093750000000005
2 0.3375 0.07031250000000004 0.321875 0.07031250000000004 0.321875 0.10312500000000005 0.3375 0.10312500000000005
2 0.3578125 0.10468750000000004 0.3390625 0.10468750000000004 0.3390625 0.14062500000000006 0.3578125 0.14062500000000006
2 0.3796875 0.11250000000000004 0.359375 0.11250000000000004 0.359375 0.15156250000000004 0.3796875 0.15156250000000004
2 0.3796875 0.08750000000000005 0.3640625 0.08750000000000005 0.3640625 0.12343750000000005 0.3796875 0.12343750000000005
2 0.378125 0.15000000000000005 0.3609375 0.15000000000000005 0.3609375 0.18281250000000004 0.378125 0.18281250000000004
2 0.3984375 0.15625000000000006 0.3796875 0.15625000000000006 0.3796875 0.19531250000000006 0.3984375 0.19531250000000006
2 0.4 0.19218750000000004 0.3828125 0.19218750000000004 0.3828125 0.22812500000000008 0.4 0.22812500000000008
2 0.4140625 0.16093750000000004 0.4 0.16093750000000004 0.4 0.19218750000000004 0.4140625 0.19218750000000004
0 0.428125 0.16562500000000005 0.415625 0.16562500000000005 0.415625 0.18906250000000005 0.428125 0.18906250000000005
6 0.440625 0.18750000000000006 0.4125 0.18750000000000006 0.4125 0.24375000000000008 0.440625 0.24375000000000008
2 0.4375 0.2671875000000001 0.415625 0.2671875000000001 0.415625 0.3031250000000001 0.4375 0.3031250000000001
4 0.409375 0.19218750000000004 0.403125 0.19218750000000004 0.403125 0.2062500000000001 0.409375 0.2062500000000001
4 0.409375 0.2140625000000001 0.4046875 0.2140625000000001 0.4046875 0.2296875000000001 0.409375 0.2296875000000001
4 0.4328125 0.2562500000000001 0.425 0.2562500000000001 0.425 0.2718750000000001 0.4328125 0.2718750000000001
4 0.440625 0.27031250000000007 0.43125 0.27031250000000007 0.43125 0.2875000000000001 0.440625 0.2875000000000001
0 0.4515625 0.25468750000000007 0.4390625 0.25468750000000007 0.4390625 0.2765625000000001 0.4515625 0.2765625000000001
0 0.459375 0.24375000000000008 0.4484375 0.24375000000000008 0.4484375 0.2640625000000001 0.459375 0.2640625000000001
2 0.7046875 0.64375 0.6859375 0.64375 0.6859375 0.678125 0.7046875 0.678125
2 0.7125 0.68125 0.7 0.68125 0.7 0.7109375 0.7125 0.7109375
0 0.6234375 0.53125 0.6078125 0.53125 0.6078125 0.5453125 0.6234375 0.5453125