1 0.1781250000000001 0.715625 0.1218750000000001 0.715625 0.1218750000000001 0.74375 0.1781250000000001 0.74375
6 0.30156250000000007 0.69375 0.2562500000000001 0.69375 0.2562500000000001 0.7296875 0.30156250000000007 0.7296875
5 0.2468750000000001 0.6546875 0.18750000000000008 0.6546875 0.18750000000000008 0.6953125 0.2468750000000001 0.6953125
5 0.3109375000000001 0.634375 0.2484375000000001 0.634375 0.2484375000000001 0.6828125 0.3109375000000001 0.6828125
2 0.08125000000000009 0.71875 0.05625000000000009 0.71875 0.05625000000000009 0.7484375 0.08125000000000009 0.7484375
0 0.042187500000000086 0.7171875 0.02656250000000009 0.7171875 0.02656250000000009 0.7546875 0.042187500000000086 0.7546875
2 0.04531250000000011 0.8703125 0.015625000000000104 0.8703125 0.015625000000000108 0.896875 0.04531250000000011 0.896875
4 0.08281250000000011 0.928125 0.06718750000000011 0.928125 0.06718750000000011 0.95 0.08281250000000011 0.95
4 0.042187500000000114 0.9140625 0.03125000000000011 0.9140625 0.03125000000000011 0.9328125 0.042187500000000114 0.9328125
2 0.2500000000000001 0.8390625 0.22031250000000008 0.8390625 0.22031250000000008 0.8796875 0.2500000000000001 0.8796875
2 0.2593750000000001 0.8015625 0.2296875000000001 0.8015625 0.2296875000000001 0.8359375 0.2593750000000001 0.8359375
4 0.30937500000000007 0.878125 0.2953125000000001 0.878125 0.2953125000000001 0.903125 0.30937500000000007 0.903125
4 0.2968750000000001 0.7828125 0.2828125000000001 0.7828125 0.2828125000000001 0.8 0.2968750000000001 0.8
2 0.3703125000000001 0.85625 0.3437500000000001 0.85625 0.3437500000000001 0.890625 0.3703125000000001 0.890625
2 0.3781250000000001 0.909375 0.35625000000000007 0.909375 0.35625000000000007 0.9421875 0.3781250000000001 0.9421875
4 0.3687500000000001 0.7546875 0.3546875000000001 0.7546875 0.3546875000000001 0.7734375 0.3687500000000001 0.7734375
2 0.4937500000000002 0.85 0.4703125000000002 0.85 0.4703125000000002 0.871875 0.4937500000000002 0.871875
3 0.5234375000000002 0.7640625 0.5000000000000002 0.7640625 0.5000000000000002 0.796875 0.5234375000000002 0.796875
2 0.5484375000000001 0.7109375 0.5265625 0.7109375 0.5265625 0.7578125 0.5484375000000001 0.7578125
4 0.453125 0.6875 0.4421875 0.6875 0.4421875 0.7140625 0.453125 0.7140625
4 0.534375 0.675 0.525 0.675 0.525 0.69375 0.534375 0.69375
4 0.475 0.49375 0.465625 0.49375 0.465625 0.5359375 0.475 0.5359375
4 0.5265625 0.3593750000000001 0.515625 0.3593750000000001 0.515625 0.3750000000000001 0.5265625 0.3750000000000001
4 0.46875 0.3078125000000001 0.4578125 0.3078125000000001 0.4578125 0.3281250000000001 0.46875 0.3281250000000001
2 0.509375 0.2828125000000001 0.496875 0.2828125000000001 0.496875 0.3359375000000001 0.509375 0.3359375000000001
2 0.5171875 0.22031250000000008 0.5 0.22031250000000008 0.5 0.27031250000000007 0.5171875 0.27031250000000007
4 0.4765625 0.014062500000000058 0.465625 0.014062500000000056 0.465625 0.037500000000000054 0.4765625 0.037500000000000054
4 0.521875 0.6421875 0.5140625 0.6421875 0.5140625 0.665625 0.521875 0.665625
4 0.4796875 0.628125 0.471875 0.628125 0.471875 0.6578125 0.4796875 0.6578125
2 0.6000000000000002 0.746875 0.5750000000000002 0.746875 0.5750000000000002 0.7859375 0.6000000000000002 0.7859375
2 0.6500000000000001 0.771875 0.6234375000000002 0.771875 0.6234375000000002 0.7953125 0.6500000000000001 0.7953125
6 0.6062500000000002 0.8734375 0.5578125000000002 0.8734375 0.5578125000000002 0.8984375 0.6062500000000002 0.8984375
0 0.5640625000000001 0.9 0.5468750000000002 0.9 0.5468750000000002 0.9171875 0.5640625000000001 0.9171875
2 0.6484375000000002 0.8609375 0.6234375000000002 0.8609375 0.6234375000000002 0.8921875 0.6484375000000002 0.8921875
4 0.5859375000000002 0.84375 0.5718750000000001 0.84375 0.5718750000000001 0.8625 0.5859375000000002 0.8625
4 0.5640625000000001 0.8484375 0.5484375000000001 0.8484375 0.5484375000000001 0.86875 0.5640625000000001 0.86875
4 0.5953125000000001 0.7921875 0.5765625000000002 0.7921875 0.5765625000000002 0.8078125 0.5953125000000001 0.8078125
4 0.7015625000000002 0.778125 0.6859375000000002 0.778125 0.6859375000000002 0.8015625 0.7015625000000002 0.8015625
4 0.6968750000000001 0.84375 0.6875000000000002 0.84375 0.6875000000000002 0.86875 0.6968750000000001 0.86875
2 0.7421875000000002 0.8546875 0.7187500000000002 0.8546875 0.7187500000000002 0.8921875 0.7421875000000002 0.8921875
4 0.7421875000000002 0.7656250000000002 0.7265625000000002 0.7656250000000002 0.7265625000000002 0.7906250000000001 0.7421875000000002 0.7906250000000001
2 0.7734375000000002 0.8125 0.7468750000000002 0.8125 0.7468750000000002 0.8453125 0.7734375000000002 0.8453125
2 0.7781250000000002 0.7843750000000002 0.7562500000000002 0.7843750000000002 0.7562500000000002 0.809375 0.7781250000000002 0.809375
2 0.8390625 0.7859375000000002 0.8140625 0.7859375000000002 0.8140625 0.8140625 0.8390625 0.8140625
4 0.8359375 0.8171875 0.825 0.8171875 0.825 0.8359375 0.8359375 0.8359375
4 0.859375 0.825 0.8453125 0.825 0.8453125 0.84375 0.859375 0.84375
2 0.8734375 0.7921875000000002 0.859375 0.7921875000000002 0.859375 0.8109375 0.8734375 0.8109375
4 0.8921875 0.8625 0.8828125 0.8625 0.8828125 0.88125 0.8921875 0.88125
0 0.8984375 0.7015625000000002 0.8796875 0.7015625000000002 0.8796875 0.7296875000000002 0.8984375 0.7296875000000002
4 0.7875 0.6968750000000001 0.771875 0.6968750000000001 0.771875 0.7140625000000002 0.7875 0.7140625000000002
2 0.934375 0.7890625000000002 0.909375 0.7890625000000002 0.909375 0.8140625 0.934375 0.8140625
4 0.940625 0.85625 0.9265625 0.85625 0.9265625 0.884375 0.940625 0.884375
4 0.4750000000000002 0.790625 0.4625000000000002 0.790625 0.4625000000000002 0.809375 0.4750000000000002 0.809375