2 0.16093750000000004 0.240625 0.14062500000000006 0.240625 0.14062500000000006 0.2828125 0.16093750000000004 0.2828125
2 0.023437500000000007 0.020312500000000004 0.004687500000000002 0.0203125 0.004687500000000006 0.06875 0.02343750000000001 0.06875
2 0.0265625 0.0015625000000000027 0.015625 0.001562500000000002 0.015625 0.020312500000000004 0.0265625 0.020312500000000004
2 0.057812500000000024 0.1109375 0.03593750000000001 0.1109375 0.03593750000000002 0.1609375 0.057812500000000024 0.1609375
2 0.04062500000000002 0.165625 0.025000000000000022 0.165625 0.025000000000000022 0.209375 0.04062500000000002 0.209375
2 0.05625000000000002 0.1796875 0.035937500000000025 0.1796875 0.035937500000000025 0.2203125 0.05625000000000002 0.2203125
2 0.029687500000000026 0.2140625 0.010937500000000025 0.2140625 0.010937500000000029 0.2640625 0.029687500000000033 0.2640625
2 0.045312500000000026 0.221875 0.026562500000000024 0.221875 0.026562500000000027 0.265625 0.04531250000000003 0.265625
0 0.03437500000000003 0.26875 0.018750000000000034 0.26875 0.018750000000000037 0.296875 0.03437500000000003 0.296875
4 0.014062500000000033 0.265625 3.2529680602351567e-17 0.265625 3.3773462507735604e-17 0.2859375 0.014062500000000033 0.2859375
3 0.08125000000000004 0.2953125 0.05468750000000004 0.2953125 0.05468750000000004 0.3609375 0.08125000000000004 0.3609375
4 0.07656250000000005 0.3765625 0.06093750000000005 0.3765625 0.06093750000000005 0.3875 0.07656250000000005 0.3875
0 0.20312500000000008 0.365625 0.18281250000000004 0.365625 0.18281250000000004 0.384375 0.20312500000000008 0.384375
4 0.26250000000000007 0.4015625 0.2453125000000001 0.4015625 0.2453125000000001 0.415625 0.26250000000000007 0.415625
4 0.26250000000000007 0.3640625 0.2515625000000001 0.3640625 0.2515625000000001 0.375 0.26250000000000007 0.375
3 0.048437500000000064 0.5125 0.02031250000000006 0.5125 0.020312500000000063 0.5359375 0.048437500000000064 0.5359375
2 0.017187500000000067 0.5375 0.001562500000000066 0.5375 0.0015625000000000669 0.55625 0.017187500000000067 0.55625
2 0.026562500000000065 0.5609375 0.0015625000000000686 0.5609375 0.0015625000000000701 0.5859375 0.026562500000000065 0.5859375
2 0.09687500000000007 0.5390625 0.07031250000000007 0.5390625 0.07031250000000007 0.5609375 0.09687500000000007 0.5609375
4 0.2687500000000001 0.503125 0.2515625000000001 0.503125 0.2515625000000001 0.5203125 0.2687500000000001 0.5203125
6 0.27812500000000007 0.5296875 0.21093750000000008 0.5296875 0.21093750000000008 0.5640625 0.27812500000000007 0.5640625
2 0.3781250000000001 0.54375 0.3515625000000001 0.54375 0.3515625000000001 0.56875 0.3781250000000001 0.56875
4 0.4328125 0.5578125 0.41875 0.5578125 0.41875 0.571875 0.4328125 0.571875
4 0.46875 0.5515625 0.4546875 0.5515625 0.4546875 0.5671875 0.46875 0.5671875
6 0.4859375 0.5765625 0.44375 0.5765625 0.44375 0.6046875 0.4859375 0.6046875
2 0.5109375 0.3546875000000001 0.4859375 0.3546875000000001 0.4859375 0.3781250000000001 0.5109375 0.3781250000000001
2 0.7828125 0.1593750000000001 0.75625 0.1593750000000001 0.75625 0.1843750000000001 0.7828125 0.1843750000000001
2 0.790625 0.2406250000000001 0.7625 0.2406250000000001 0.7625 0.2656250000000001 0.790625 0.2656250000000001
2 0.6671875 0.521875 0.640625 0.521875 0.640625 0.55 0.6671875 0.55
4 0.74375 0.40625000000000017 0.7296875 0.40625000000000017 0.7296875 0.4234375000000002 0.74375 0.4234375000000002
4 0.8640625 0.3968750000000001 0.85 0.3968750000000001 0.85 0.4125000000000002 0.8640625 0.4125000000000002
0 0.9421875 0.42187500000000017 0.9234375 0.42187500000000017 0.9234375 0.44062500000000016 0.9421875 0.44062500000000016