2 0.5234375 0.5515625 0.509375 0.5515625 0.509375 0.5921875 0.5234375 0.5921875
2 0.17500000000000004 0.2953125 0.15312500000000004 0.2953125 0.15312500000000004 0.328125 0.17500000000000004 0.328125
0 0.28593750000000007 0.6625 0.2750000000000001 0.6625 0.2750000000000001 0.6796875 0.28593750000000007 0.6796875
2 0.58125 0.603125 0.5609375 0.603125 0.5609375 0.6375 0.58125 0.6375
2 0.2984375000000001 0.4 0.2734375000000001 0.4 0.2734375000000001 0.4265625 0.2984375000000001 0.4265625
2 0.16562500000000005 0.346875 0.14062500000000006 0.346875 0.14062500000000006 0.36875 0.16562500000000005 0.36875
2 0.22812500000000008 0.4 0.2062500000000001 0.4 0.2062500000000001 0.428125 0.22812500000000008 0.428125
2 0.1796875 0.1203125 0.1609375 0.1203125 0.1609375 0.15 0.1796875 0.15
0 0.3390625 0.33125 0.3234375 0.33125 0.3234375 0.35 0.3390625 0.35
2 0.3031250000000001 0.53125 0.27812500000000007 0.53125 0.27812500000000007 0.55625 0.3031250000000001 0.55625
4 0.29375000000000007 0.58125 0.2796875000000001 0.58125 0.2796875000000001 0.6015625 0.29375000000000007 0.6015625
0 0.3203125000000001 0.56875 0.3062500000000001 0.56875 0.3062500000000001 0.5796875 0.3203125000000001 0.5796875
0 0.2375000000000001 0.5921875 0.2218750000000001 0.5921875 0.2218750000000001 0.603125 0.2375000000000001 0.603125
0 0.2453125000000001 0.55 0.23437500000000008 0.55 0.23437500000000008 0.5703125 0.2453125000000001 0.5703125
0 0.2453125000000001 0.6234375 0.2312500000000001 0.6234375 0.2312500000000001 0.6375 0.2453125000000001 0.6375
0 0.2796875000000001 0.7453125 0.2640625000000001 0.7453125 0.2640625000000001 0.7640625 0.2796875000000001 0.7640625
3 0.1703125000000001 0.721875 0.1515625000000001 0.721875 0.1515625000000001 0.7375 0.1703125000000001 0.7375
3 0.2093750000000001 0.7625 0.1906250000000001 0.7625 0.1906250000000001 0.78125 0.2093750000000001 0.78125
4 0.10156250000000008 0.7546875 0.0906250000000001 0.7546875 0.0906250000000001 0.765625 0.10156250000000008 0.765625
4 0.020312500000000087 0.7140625 0.009375000000000088 0.7140625 0.009375000000000088 0.7296875 0.020312500000000087 0.7296875
0 0.05312500000000009 0.6734375 0.03437500000000008 0.6734375 0.034375000000000086 0.6890625 0.05312500000000009 0.6890625
0 0.032812500000000085 0.66875 0.017187500000000085 0.66875 0.017187500000000085 0.6828125 0.03281250000000009 0.6828125
0 0.07968750000000009 0.646875 0.06250000000000008 0.646875 0.06250000000000008 0.6640625 0.07968750000000009 0.6640625
2 0.09687500000000007 0.634375 0.07968750000000006 0.634375 0.07968750000000008 0.6515625 0.09687500000000009 0.6515625
0 0.07656250000000007 0.6203125 0.06562500000000007 0.6203125 0.06562500000000007 0.6421875 0.07656250000000009 0.6421875
4 0.023437500000000083 0.690625 0.012500000000000084 0.690625 0.012500000000000084 0.7 0.023437500000000083 0.7
3 0.0593750000000001 0.8015625 0.0390625000000001 0.8015625 0.0390625000000001 0.8171875 0.05937500000000011 0.8171875
0 0.3203125000000001 0.540625 0.30937500000000007 0.540625 0.30937500000000007 0.55625 0.3203125000000001 0.55625
0 0.2734375000000001 0.5765625 0.2609375000000001 0.5765625 0.2609375000000001 0.5921875 0.2734375000000001 0.5921875
0 0.3375000000000001 0.571875 0.3265625000000001 0.571875 0.3265625000000001 0.584375 0.3375000000000001 0.584375
4 0.4125 0.51875 0.4015625 0.51875 0.4015625 0.534375 0.4125 0.534375
4 0.3203125000000001 0.6953125 0.3109375000000001 0.6953125 0.3109375000000001 0.7046875 0.3203125000000001 0.7046875
3 0.37968750000000007 0.53125 0.36406250000000007 0.53125 0.36406250000000007 0.55625 0.37968750000000007 0.55625
0 0.3812500000000001 0.565625 0.3656250000000001 0.565625 0.3656250000000001 0.58125 0.3812500000000001 0.58125
3 0.453125 0.4953125 0.440625 0.4953125 0.440625 0.5109375 0.453125 0.5109375
0 0.3109375000000001 0.4625 0.2968750000000001 0.4625 0.2968750000000001 0.4765625 0.3109375000000001 0.4765625
2 0.4328125 0.5546875 0.4109375 0.5546875 0.4109375 0.5765625 0.4328125 0.5765625
0 0.5734375 0.4546875 0.5578125 0.4546875 0.5578125 0.4765625 0.5734375 0.4765625
2 0.37968750000000007 0.3765625 0.35625000000000007 0.3765625 0.35625000000000007 0.4 0.37968750000000007 0.4
4 0.35781250000000003 0.353125 0.3484375 0.353125 0.34843750000000007 0.36875 0.3578125000000001 0.36875
4 0.365625 0.32343750000000004 0.353125 0.3234375 0.353125 0.3375 0.365625 0.3375000000000001
4 0.334375 0.3078125 0.325 0.3078125 0.325 0.325 0.334375 0.325
0 0.2921875000000001 0.4703125 0.2750000000000001 0.4703125 0.2750000000000001 0.4859375 0.2921875000000001 0.4859375
0 0.2421875 0.2546875 0.228125 0.2546875 0.228125 0.26875 0.2421875 0.26875
4 0.3359375 0.2859375 0.3265625 0.2859375 0.3265625 0.3 0.3359375 0.3
4 0.109375 0.11875 0.09843750000000002 0.11875 0.09843750000000002 0.1390625 0.109375 0.1390625
4 0.040625 0.006250000000000004 0.03125 0.006250000000000003 0.03125 0.020312500000000004 0.040625 0.020312500000000004
4 0.012500000000000002 0.015625 1.9135106236677394e-18 0.015625 2.7745904043182217e-18 0.0296875 0.012500000000000006 0.0296875
2 0.3046875 0.2421875 0.2890625 0.2421875 0.2890625 0.2640625 0.3046875 0.2640625
3 0.284375 0.209375 0.271875 0.209375 0.271875 0.253125 0.284375 0.253125
0 0.55625 0.39531250000000007 0.5421875 0.39531250000000007 0.5421875 0.4109375 0.55625 0.4109375
0 0.540625 0.3906250000000001 0.521875 0.3906250000000001 0.521875 0.40625 0.540625 0.40625
4 0.55625 0.4203125 0.546875 0.4203125 0.546875 0.4359375 0.55625 0.4359375
0 0.6078125 0.3515625000000001 0.596875 0.3515625000000001 0.596875 0.3687500000000001 0.6078125 0.3687500000000001
4 0.625 0.2968750000000001 0.6171875 0.2968750000000001 0.6171875 0.3078125000000001 0.625 0.3078125000000001
4 0.575 0.3546875000000001 0.5640625 0.3546875000000001 0.5640625 0.3687500000000001 0.575 0.3687500000000001
4 0.6828125 0.2968750000000001 0.6734375 0.2968750000000001 0.6734375 0.3125000000000001 0.6828125 0.3125000000000001
0 0.721875 0.17968750000000008 0.7109375 0.17968750000000008 0.7109375 0.2015625000000001 0.721875 0.2015625000000001
0 0.69375 0.2234375000000001 0.6828125 0.2234375000000001 0.6828125 0.24375000000000008 0.69375 0.24375000000000008
0 0.628125 0.3109375000000001 0.61875 0.3109375000000001 0.61875 0.3296875000000001 0.628125 0.3296875000000001
4 0.709375 0.1671875000000001 0.7 0.1671875000000001 0.7 0.1843750000000001 0.709375 0.1843750000000001
0 0.7375 0.15781250000000008 0.728125 0.15781250000000008 0.728125 0.18125000000000008 0.7375 0.18125000000000008
0 0.815625 0.2796875000000001 0.8046875 0.2796875000000001 0.8046875 0.3031250000000001 0.815625 0.3031250000000001
4 0.896875 0.0640625000000001 0.8875 0.0640625000000001 0.8875 0.08437500000000012 0.896875 0.08437500000000012
0 0.7921875 0.3609375000000001 0.7796875 0.3609375000000001 0.7796875 0.3812500000000001 0.7921875 0.3812500000000001
0 0.646875 0.2718750000000001 0.6359375 0.2718750000000001 0.6359375 0.2890625000000001 0.646875 0.2890625000000001
0 0.7375 0.3843750000000001 0.7265625 0.3843750000000001 0.7265625 0.40937500000000016 0.7375 0.40937500000000016
0 0.7765625 0.40625000000000017 0.7625 0.40625000000000017 0.7625 0.42968750000000017 0.7765625 0.42968750000000017
0 0.721875 0.4296875 0.7109375 0.4296875 0.7109375 0.4578125 0.721875 0.4578125
0 0.6953125 0.484375 0.6828125 0.484375 0.6828125 0.5046875 0.6953125 0.5046875
4 0.646875 0.3890625000000001 0.6359375 0.3890625000000001 0.6359375 0.403125 0.646875 0.403125
0 0.675 0.590625 0.6625 0.590625 0.6625 0.6125 0.675 0.6125
4 0.5984375 0.553125 0.5875 0.553125 0.5875 0.56875 0.5984375 0.56875
2 0.5734375 0.490625 0.55 0.490625 0.55 0.5203125 0.5734375 0.5203125
0 0.6546875 0.4609375 0.640625 0.4609375 0.640625 0.478125 0.6546875 0.478125
4 0.671875 0.575 0.6609375 0.575 0.6609375 0.5921875 0.671875 0.5921875
0 0.6859375000000002 0.7515625 0.6703125000000002 0.7515625 0.6703125000000002 0.771875 0.6859375000000002 0.771875
0 0.565625 0.66875 0.5453125 0.66875 0.5453125 0.69375 0.565625 0.69375
4 0.5265625 0.534375 0.5125 0.534375 0.5125 0.5546875 0.5265625 0.5546875
3 0.5296875 0.60625 0.5140625 0.60625 0.5140625 0.640625 0.5296875 0.640625
0 0.5328125 0.4765625 0.51875 0.4765625 0.51875 0.5046875 0.5328125 0.5046875
3 0.496875 0.4484375 0.48125 0.4484375 0.48125 0.471875 0.496875 0.471875
3 0.7296875 0.6671875 0.7078125 0.6671875 0.7078125 0.6968750000000001 0.7296875 0.6968750000000001
2 0.7109375 0.6 0.6953125 0.6 0.6953125 0.6328125 0.7109375 0.6328125
2 0.7328125 0.6203125 0.7125 0.6203125 0.7125 0.6515625 0.7328125 0.6515625000000002
4 0.7515625 0.6578125000000001 0.7359375 0.6578125000000001 0.7359375 0.6765625000000002 0.7515625 0.6765625000000002
4 0.7453125 0.7031250000000002 0.7359375 0.7031250000000002 0.7359375 0.7203125000000001 0.7453125 0.7203125000000001
4 0.7781250000000001 0.7156250000000002 0.7640625 0.7156250000000002 0.7640625000000001 0.7359375000000001 0.7781250000000002 0.7359375000000001
2 0.7796875000000002 0.846875 0.7593750000000001 0.846875 0.7593750000000001 0.8796875 0.7796875000000002 0.8796875
2 0.7296875000000002 0.803125 0.7046875000000001 0.803125 0.7046875000000001 0.8375 0.7296875000000002 0.8375
0 0.6843750000000002 0.778125 0.6671875000000002 0.778125 0.6671875000000002 0.803125 0.6843750000000002 0.803125
0 0.64375 0.6984375 0.6234375 0.6984375 0.6234375 0.721875 0.64375 0.721875
0 0.6937500000000002 0.8328125 0.6828125000000002 0.8328125 0.6828125000000002 0.85 0.6937500000000002 0.85
0 0.7093750000000002 0.840625 0.6968750000000001 0.840625 0.6968750000000001 0.8578125 0.7093750000000002 0.8578125
4 0.8640625 0.9609375 0.85 0.9609375 0.85 0.9828125 0.8640625 0.9828125
4 0.86875 0.8109375 0.8578125 0.8109375 0.8578125 0.8265625 0.86875 0.8265625
4 0.8640625 0.7796875000000002 0.85 0.7796875000000002 0.85 0.8015625 0.8640625 0.8015625
4 0.8890625 0.85625 0.878125 0.85625 0.878125 0.871875 0.8890625 0.871875
4 0.909375 0.8546875 0.896875 0.8546875 0.896875 0.878125 0.909375 0.878125
4 0.7609375 0.6937500000000002 0.75 0.6937500000000002 0.75 0.7140625000000002 0.7609375 0.7140625000000002
2 0.21093750000000008 0.6953125 0.18750000000000008 0.6953125 0.18750000000000008 0.71875 0.21093750000000008 0.71875
4 0.2328125000000001 0.709375 0.2171875000000001 0.709375 0.2171875000000001 0.725 0.2328125000000001 0.725
0 0.1906250000000001 0.646875 0.1750000000000001 0.646875 0.1750000000000001 0.665625 0.1906250000000001 0.665625
4 0.24375000000000008 0.696875 0.2296875000000001 0.696875 0.2296875000000001 0.709375 0.24375000000000008 0.709375
0 0.1531250000000001 0.7484375 0.1359375000000001 0.7484375 0.1359375000000001 0.7640625 0.1531250000000001 0.7640625
4 0.1859375000000001 0.7171875 0.1750000000000001 0.7171875 0.1750000000000001 0.734375 0.1859375000000001 0.734375
4 0.4015625 0.5484375 0.3921875000000001 0.5484375 0.3921875000000001 0.5640625 0.4015625 0.5640625
4 0.446875 0.596875 0.4359375 0.596875 0.4359375 0.615625 0.446875 0.615625
0 0.34062500000000007 0.540625 0.3296875000000001 0.540625 0.3296875000000001 0.5578125 0.34062500000000007 0.5578125
4 0.3781250000000001 0.5109375 0.3687500000000001 0.5109375 0.3687500000000001 0.525 0.3781250000000001 0.525
3 0.27031250000000007 0.4109375 0.2562500000000001 0.4109375 0.2562500000000001 0.43125 0.27031250000000007 0.43125
2 0.625 0.553125 0.6 0.553125 0.6 0.5921875 0.625 0.5921875
0 0.6796875 0.2734375000000001 0.665625 0.2734375000000001 0.665625 0.2890625000000001 0.6796875 0.2890625000000001
0 0.6375 0.3453125000000001 0.6234375 0.3453125000000001 0.6234375 0.3609375000000001 0.6375 0.3609375000000001
0 0.6140625 0.30156250000000007 0.6046875 0.30156250000000007 0.6046875 0.32500000000000007 0.6140625 0.32500000000000007
4 0.6328125 0.3671875000000001 0.61875 0.3671875000000001 0.61875 0.3843750000000001 0.6328125 0.3843750000000001
0 0.6203125 0.4015625 0.603125 0.4015625 0.603125 0.4234375 0.6203125 0.4234375
2 0.6125 0.37187500000000007 0.5984375 0.37187500000000007 0.5984375 0.4015625 0.6125 0.4015625
4 0.6015625 0.3281250000000001 0.5921875 0.3281250000000001 0.5921875 0.3500000000000001 0.6015625 0.3500000000000001
2 0.696875 0.2531250000000001 0.68125 0.2531250000000001 0.68125 0.2890625000000001 0.696875 0.2890625000000001
0 0.7484375 0.1140625000000001 0.7375 0.1140625000000001 0.7375 0.15000000000000008 0.7484375 0.15000000000000008
0 0.85625 0.12500000000000008 0.8453125 0.12500000000000008 0.8453125 0.1625000000000001 0.85625 0.1625000000000001
2 0.7859375 0.050000000000000086 0.765625 0.050000000000000086 0.765625 0.07812500000000008 0.7859375 0.07812500000000008
0 0.7546875 0.08750000000000009 0.74375 0.08750000000000009 0.74375 0.1062500000000001 0.7546875 0.1062500000000001
0 0.6984375 0.17968750000000008 0.6828125 0.17968750000000008 0.6828125 0.20312500000000008 0.6984375 0.20312500000000008
4 0.775 0.3234375000000001 0.76875 0.3234375000000001 0.76875 0.3390625000000001 0.775 0.3390625000000001
0 0.7078125 0.4484375 0.696875 0.4484375 0.696875 0.471875 0.7078125 0.471875
4 0.6828125 0.528125 0.6734375 0.528125 0.6734375 0.5359375 0.6828125 0.5359375
4 0.6890625 0.475 0.68125 0.475 0.68125 0.4828125 0.6890625 0.4828125
4 0.6859375 0.4796875 0.675 0.4796875 0.675 0.490625 0.6859375 0.490625
0 0.6984375 0.440625 0.6890625 0.440625 0.6890625 0.4671875 0.6984375 0.4671875
4 0.6796875 0.4953125 0.66875 0.4953125 0.66875 0.5078125 0.6796875 0.5078125
0 0.6875 0.509375 0.6703125 0.509375 0.6703125 0.5234375 0.6875 0.5234375
2 0.653125 0.5828125 0.6328125 0.5828125 0.6328125 0.6140625 0.653125 0.6140625
2 0.5453125 0.5015625 0.521875 0.5015625 0.521875 0.5328125 0.5453125 0.5328125
2 0.553125 0.6125 0.5375 0.6125 0.5375 0.6421875 0.553125 0.6421875
2 0.6796875 0.6296875 0.6578125 0.6296875 0.6578125 0.6625 0.6796875 0.6625
3 0.7083788426058775 0.8348838549965512 0.6895656234375 0.8155181750000002 0.6817324027066227 0.8231279309409493 0.7005456218750001 0.8424936109375004
4 0.8703125 0.7765625000000002 0.8625 0.7765625000000002 0.8625 0.7859375000000002 0.8703125 0.7859375000000002
3 0.8046875 0.7093750000000002 0.79375 0.7093750000000002 0.7937500000000001 0.7296875000000002 0.8046875 0.7296875000000002
4 0.6968750000000001 0.775 0.6875000000000002 0.775 0.6875000000000002 0.7953125 0.6968750000000001 0.7953125
0 0.7734375000000002 0.8734375 0.7578125000000002 0.8734375 0.7578125000000002 0.8984375 0.7734375000000002 0.8984375
2 0.7562500000000002 0.8109375 0.7328125000000002 0.8109375 0.7328125000000002 0.8421875 0.7562500000000002 0.8421875
4 0.7968750000000002 0.896875 0.7796875000000002 0.896875 0.7796875000000002 0.9140625 0.7968750000000002 0.9140625
4 0.821875 0.88125 0.8078125 0.88125 0.8078125 0.90625 0.821875 0.90625
4 0.9140625 0.884375 0.903125 0.884375 0.903125 0.903125 0.9140625 0.903125
2 0.9484375 0.9 0.9296875 0.9 0.9296875 0.925 0.9484375 0.925
4 1 0.9765625 0.9875 0.9765625 0.9875 0.99375 1 0.99375
4 0.51875 0.403125 0.50625 0.403125 0.50625 0.4140625 0.51875 0.4140625
4 0.515625 0.43125 0.50625 0.43125 0.50625 0.45 0.515625 0.45
4 0.4625 0.3781250000000001 0.453125 0.3781250000000001 0.453125 0.3937500000000001 0.4625 0.3937500000000001
0 0.4703125 0.53125 0.4546875 0.53125 0.4546875 0.5484375 0.4703125 0.5484375
4 0.4015625 0.3453125000000001 0.3921875 0.3453125000000001 0.3921875 0.3625000000000001 0.4015625 0.3625000000000001
4 0.39062500000000006 0.3546875000000001 0.3765625 0.3546875000000001 0.3765625 0.37187500000000007 0.3906250000000001 0.37187500000000007
3 0.3703125 0.3453125 0.3578125 0.3453125 0.3578125 0.36250000000000004 0.3703125 0.3625000000000001
4 0.48125 0.421875 0.471875 0.421875 0.471875 0.440625 0.48125 0.440625
0 0.50625 0.5109375 0.490625 0.5109375 0.490625 0.53125 0.50625 0.53125
4 0.4765625 0.50625 0.465625 0.50625 0.465625 0.521875 0.4765625 0.521875
4 0.471875 0.6 0.459375 0.6 0.459375 0.6203125 0.471875 0.6203125
4 0.553125 0.409375 0.54375 0.409375 0.54375 0.4234375 0.553125 0.4234375
3 0.890625 0.9390625 0.865625 0.9390625 0.865625 0.9796875 0.890625 0.9796875
4 0.75625 0.6328125000000002 0.7453125 0.6328125000000002 0.7453125 0.6515625000000002 0.75625 0.6515625000000002
1 0.4125 0.4203125 0.37968750000000007 0.4203125 0.37968750000000007 0.490625 0.4125 0.490625
1 0.828125 0.7375000000000002 0.7843750000000002 0.7375000000000002 0.7843750000000002 0.8046875 0.828125 0.8046875