2 0.03281250000000001 0.010937500000000003 0.015625 0.010937500000000003 0.015625000000000003 0.053125 0.03281250000000001 0.053125
4 0.014062500000000006 0.046875 0.007812500000000005 0.046875 0.007812500000000007 0.0640625 0.014062500000000006 0.0640625
4 0.015625000000000007 0.0328125 0.0015625000000000042 0.0328125 0.0015625000000000049 0.04375 0.015625000000000007 0.04375
2 0.16875000000000004 0.2359375 0.14843750000000006 0.2359375 0.14843750000000006 0.275 0.16875000000000004 0.275
3 0.08750000000000005 0.284375 0.06093750000000005 0.284375 0.06093750000000005 0.3546875 0.08750000000000005 0.3546875
4 0.017187500000000053 0.421875 0.006250000000000052 0.421875 0.006250000000000052 0.434375 0.017187500000000057 0.434375
0 0.20625000000000004 0.3578125 0.19062500000000004 0.3578125 0.19062500000000004 0.375 0.2062500000000001 0.375
4 0.26875000000000004 0.35625 0.259375 0.35625 0.259375 0.365625 0.2687500000000001 0.365625
3 0.3140625000000001 0.39375 0.2984375000000001 0.39375 0.2984375000000001 0.409375 0.3140625000000001 0.409375
2 0.515625 0.3609375000000001 0.490625 0.3609375000000001 0.490625 0.37968750000000007 0.515625 0.37968750000000007
4 0.6140625 0.3546875000000001 0.603125 0.3546875000000001 0.603125 0.3625000000000001 0.6140625 0.3625000000000001
2 0.79375 0.25468750000000007 0.76875 0.25468750000000007 0.76875 0.2765625000000001 0.79375 0.2765625000000001
2 0.7859375 0.1703125000000001 0.7609375 0.1703125000000001 0.7609375 0.1937500000000001 0.7859375 0.1937500000000001
4 0.921875 0.43750000000000017 0.9109375 0.43750000000000017 0.9109375 0.44843750000000016 0.921875 0.44843750000000016
4 0.4640625 0.5296875 0.45 0.5296875 0.45 0.5390625 0.4640625 0.5390625
4 0.3687500000000001 0.5671875 0.3578125000000001 0.5671875 0.3578125000000001 0.578125 0.3687500000000001 0.578125
4 0.34843750000000007 0.5578125 0.3359375000000001 0.5578125 0.3359375000000001 0.56875 0.34843750000000007 0.56875
2 0.3218750000000001 0.5203125 0.3000000000000001 0.5203125 0.3000000000000001 0.540625 0.3218750000000001 0.540625
3 0.3046875000000001 0.4984375 0.2875000000000001 0.4984375 0.2875000000000001 0.5140625 0.3046875000000001 0.5140625
4 0.3046875000000001 0.5578125 0.29375000000000007 0.5578125 0.29375000000000007 0.56875 0.3046875000000001 0.56875
2 0.13593750000000007 0.525 0.10937500000000004 0.525 0.10937500000000007 0.5484375 0.1359375000000001 0.5484375
2 0.13750000000000004 0.496875 0.10937500000000004 0.496875 0.10937500000000004 0.5171875 0.13750000000000004 0.5171875
4 0.10156250000000007 0.54375 0.09062500000000007 0.54375 0.09062500000000007 0.5546875 0.10156250000000008 0.5546875
2 0.05937500000000007 0.5015625 0.03593750000000007 0.5015625 0.03593750000000007 0.521875 0.05937500000000007 0.521875
2 0.05937500000000007 0.53125 0.032812500000000064 0.53125 0.032812500000000064 0.5515625 0.05937500000000007 0.5515625
2 0.05937500000000007 0.553125 0.034375000000000065 0.553125 0.034375000000000065 0.5703125 0.05937500000000007 0.5703125
4 0.048437500000000064 0.571875 0.03906250000000007 0.571875 0.03906250000000007 0.58125 0.048437500000000064 0.58125
4 0.035937500000000074 0.584375 0.025000000000000067 0.584375 0.02500000000000007 0.5953125 0.03593750000000008 0.5953125