0 0.5609375 0.415625 0.5453125 0.415625 0.5453125 0.4421875 0.5609375 0.4421875
2 0.5640625 0.46875 0.553125 0.46875 0.553125 0.5140625 0.5640625 0.5140625
4 0.5359375 0.3734375000000001 0.5234375 0.3734375000000001 0.5234375 0.3984375000000001 0.5359375 0.3984375000000001
4 0.534375 0.3437500000000001 0.5171875 0.3437500000000001 0.5171875 0.3687500000000001 0.534375 0.3687500000000001
4 0.54375 0.471875 0.5328125 0.471875 0.5328125 0.49375 0.54375 0.49375
2 0.5453125 0.553125 0.5296875 0.553125 0.5296875 0.5953125 0.5453125 0.5953125
4 0.484375 0.4734375 0.4734375 0.4734375 0.4734375 0.4984375 0.484375 0.4984375
4 0.490625 0.4734375 0.4796875 0.4734375 0.4796875 0.5015625 0.490625 0.5015625
4 0.49375 0.4796875 0.484375 0.4796875 0.484375 0.5046875 0.49375 0.5046875
4 0.4984375 0.4796875 0.4875 0.4796875 0.4875 0.50625 0.4984375 0.50625
4 0.48125 0.496875 0.471875 0.496875 0.471875 0.5234375 0.48125 0.5234375
4 0.4875 0.496875 0.4765625 0.496875 0.4765625 0.515625 0.4875 0.515625
4 0.4796875 0.525 0.4703125 0.525 0.4703125 0.5453125 0.4796875 0.5453125
4 0.4859375 0.5140625 0.4765625 0.5140625 0.4765625 0.5390625 0.4859375 0.5390625
4 0.5140625 0.5203125 0.503125 0.5203125 0.503125 0.5453125 0.5140625 0.5453125
4 0.515625 0.5015625 0.5078125 0.5015625 0.5078125 0.521875 0.515625 0.521875
4 0.4703125 0.5859375 0.4578125 0.5859375 0.4578125 0.6125 0.4703125 0.6125
4 0.48125 0.584375 0.4703125 0.584375 0.4703125 0.603125 0.48125 0.603125
4 0.475 0.6 0.465625 0.6 0.465625 0.61875 0.475 0.61875
4 0.6078125 0.3734375000000001 0.59375 0.3734375000000001 0.59375 0.4 0.6078125 0.4
4 0.5218750000000002 0.821875 0.5109375000000002 0.821875 0.5109375000000002 0.84375 0.5218750000000002 0.84375
4 0.5062500000000002 0.8375 0.4937500000000002 0.8375 0.4937500000000002 0.8625 0.5062500000000002 0.8625
4 0.5484375 0.675 0.534375 0.675 0.534375 0.7015625 0.5484375 0.7015625
4 0.4640625 0.6828125 0.453125 0.6828125 0.453125 0.7109375 0.4640625 0.7109375
2 0.4515625000000002 0.75625 0.43750000000000017 0.75625 0.43750000000000017 0.8 0.4515625000000002 0.8
2 0.46875000000000017 0.75625 0.4546875000000002 0.75625 0.4546875000000002 0.8078125 0.46875000000000017 0.8078125
2 0.4812500000000002 0.7734375 0.4625000000000002 0.7734375 0.4625000000000002 0.8203125 0.4812500000000002 0.8203125
2 0.4609375 0.625 0.4453125 0.625 0.4453125 0.671875 0.4609375 0.671875
0 0.4765625 0.615625 0.4625 0.615625 0.4625 0.65 0.4765625 0.65
0 0.478125 0.6421875 0.4625 0.6421875 0.4625 0.6828125 0.478125 0.6828125
4 0.465625 0.640625 0.453125 0.640625 0.453125 0.6671875 0.465625 0.6671875
2 0.4765625000000001 0.6921875 0.4609375 0.6921875 0.4609375000000001 0.7375 0.47656250000000017 0.7375
2 0.4937500000000001 0.6765625 0.475 0.6765625 0.4750000000000001 0.728125 0.4937500000000002 0.728125
2 0.496875 0.6328125 0.48125 0.6328125 0.48125 0.6796875 0.496875 0.6796875
2 0.5390625000000002 0.7703125 0.5218750000000002 0.7703125 0.5218750000000002 0.8140625 0.5390625000000002 0.8140625
2 0.5140625000000002 0.8578125 0.4984375000000002 0.8578125 0.4984375000000002 0.9078125 0.5140625000000002 0.9078125
2 0.4671875000000002 0.8671875 0.4515625000000002 0.8671875 0.4515625000000002 0.9078125 0.4671875000000002 0.9078125
4 0.4515625000000002 0.9046875 0.4359375000000002 0.9046875 0.4359375000000002 0.93125 0.4515625000000002 0.93125
0 0.4625000000000002 0.8125 0.44531250000000017 0.8125 0.44531250000000017 0.8453125 0.4625000000000002 0.8453125
2 0.45312500000000017 0.853125 0.4359375000000002 0.853125 0.4359375000000002 0.896875 0.45312500000000017 0.896875
4 0.44062500000000016 0.8453125 0.4312500000000002 0.8453125 0.4312500000000002 0.871875 0.44062500000000016 0.871875
2 0.4812500000000002 0.83125 0.4656250000000002 0.83125 0.4656250000000002 0.8765625 0.4812500000000002 0.8765625
2 0.5078125 0.4859375 0.4953125 0.4859375 0.4953125 0.534375 0.5078125 0.534375
2 0.4984375 0.5109375 0.4796875 0.5109375 0.4796875 0.5578125 0.4984375 0.5578125
2 0.50625 0.5375 0.4921875 0.5375 0.4921875 0.584375 0.50625 0.584375
2 0.4828125 0.5453125 0.465625 0.5453125 0.465625 0.5859375 0.4828125 0.5859375
2 0.4921875 0.559375 0.478125 0.559375 0.478125 0.5984375 0.4921875 0.5984375
2 0.4953125 0.5125 0.48125 0.5125 0.48125 0.55625 0.4953125 0.55625
4 0.4984375 0.55 0.4890625 0.55 0.4890625 0.575 0.4984375 0.575
2 0.503125 0.5875 0.4859375 0.5875 0.4859375 0.6328125 0.503125 0.6328125
2 0.4859375 0.6015625 0.4671875 0.6015625 0.4671875 0.6546875 0.4859375 0.6546875
2 0.5515625 0.421875 0.53125 0.421875 0.53125 0.4625 0.5515625 0.4625
3 0.39375000000000004 0.3625000000000001 0.3734375 0.3625000000000001 0.37343750000000003 0.38750000000000007 0.3937500000000001 0.38750000000000007
4 0.4015625 0.3921875000000001 0.3828125000000001 0.3921875000000001 0.3828125000000001 0.4078125 0.4015625 0.4078125
4 0.4109375 0.409375 0.3921875000000001 0.409375 0.3921875000000001 0.428125 0.4109375 0.428125
4 0.50625 0.27031250000000007 0.490625 0.27031250000000007 0.490625 0.2984375000000001 0.50625 0.2984375000000001
4 0.525 0.2562500000000001 0.509375 0.2562500000000001 0.509375 0.2875000000000001 0.525 0.2875000000000001
4 0.3203125 0.19218750000000004 0.3046875 0.19218750000000004 0.3046875 0.2140625 0.3203125 0.2140625
4 0.3328125 0.18125000000000005 0.3140625 0.18125000000000005 0.3140625 0.2015625 0.3328125 0.2015625
2 0.234375 0.16562500000000005 0.2078125 0.16562500000000005 0.2078125 0.19687500000000005 0.234375 0.19687500000000005
2 0.209375 0.13906250000000003 0.184375 0.13906250000000003 0.184375 0.16718750000000004 0.209375 0.16718750000000004
2 0.184375 0.12343750000000002 0.1609375 0.1234375 0.1609375 0.14843750000000003 0.184375 0.14843750000000006
4 0.1453125 0.13125 0.128125 0.13125 0.128125 0.146875 0.1453125 0.146875
4 0.10625 0.121875 0.09218750000000002 0.121875 0.09218750000000002 0.140625 0.10625 0.140625
4 0.08750000000000002 0.0921875 0.07031250000000003 0.0921875 0.07031250000000003 0.125 0.08750000000000002 0.125
4 0.103125 0.07500000000000001 0.0859375 0.075 0.08593750000000001 0.103125 0.103125 0.103125
2 0.1375 0.146875 0.109375 0.146875 0.109375 0.175 0.1375 0.175
4 0.275 0.11250000000000004 0.25625 0.11250000000000004 0.25625 0.13437500000000005 0.275 0.13437500000000005
2 0.2890625 0.15468750000000003 0.2609375 0.15468750000000003 0.2609375 0.18437500000000004 0.2890625 0.18437500000000004
0 0.0515625 4.975127621536122e-18 0.0296875 3.6356701849687045e-18 0.0296875 0.034375 0.0515625 0.03437500000000001
4 0.021875000000000006 0.04375 0.0015625000000000055 0.04375 0.001562500000000007 0.065625 0.021875000000000006 0.065625
4 0.02812500000000001 0.0578125 0.003125000000000007 0.0578125 0.0031250000000000075 0.0734375 0.02812500000000001 0.0734375
4 0.02343750000000001 0.06875 0.0015625000000000083 0.06875 0.0015625000000000094 0.0875 0.02343750000000001 0.0875
4 0.021875000000000016 0.125 0.006250000000000017 0.125 0.006250000000000018 0.15 0.021875000000000016 0.15
4 0.05468750000000002 0.10625 0.03750000000000001 0.10625 0.03750000000000001 0.1328125 0.05468750000000002 0.1328125
0 0.039062500000000035 0.28125 0.015625000000000035 0.28125 0.015625000000000035 0.3078125 0.039062500000000035 0.3078125
2 0.303125 0.2 0.2734375 0.2 0.2734375 0.228125 0.303125 0.228125
2 0.3328125 0.15156250000000004 0.303125 0.15156250000000004 0.303125 0.17656250000000004 0.3328125 0.17656250000000004
2 0.3703125 0.18281250000000004 0.340625 0.18281250000000004 0.340625 0.20937500000000003 0.3703125 0.2093750000000001
2 0.371875 0.20468750000000005 0.340625 0.2046875 0.340625 0.23437500000000006 0.371875 0.23437500000000008
0 0.353125 0.13593750000000004 0.328125 0.13593750000000004 0.328125 0.16250000000000003 0.353125 0.16250000000000003
0 0.3859375 0.16562500000000005 0.3625 0.16562500000000005 0.3625 0.19218750000000004 0.3859375 0.19218750000000004
4 0.396875 0.14375000000000004 0.3796875 0.14375000000000004 0.3796875 0.16875000000000004 0.396875 0.16875000000000004
0 0.4140625 0.17343750000000005 0.3953125 0.17343750000000005 0.3953125 0.19375000000000003 0.4140625 0.19375000000000003
2 0.415625 0.18437500000000004 0.3875 0.18437500000000004 0.3875 0.2140625000000001 0.415625 0.2140625000000001
2 0.4109375 0.2062500000000001 0.375 0.2062500000000001 0.375 0.23437500000000008 0.4109375 0.23437500000000008
2 0.434375 0.21250000000000008 0.4078125 0.21250000000000008 0.4078125 0.2390625000000001 0.434375 0.2390625000000001
2 0.471875 0.2312500000000001 0.446875 0.2312500000000001 0.446875 0.2656250000000001 0.471875 0.2656250000000001
0 0.4453125 0.19687500000000005 0.4265625 0.19687500000000005 0.4265625 0.2250000000000001 0.4453125 0.2250000000000001
3 0.45625 0.17500000000000004 0.4296875 0.17500000000000004 0.4296875 0.20468750000000008 0.45625 0.20468750000000008
4 0.4484375 0.15156250000000004 0.4328125 0.15156250000000004 0.4328125 0.16718750000000004 0.4484375 0.16718750000000004
4 0.45625 0.16562500000000005 0.4359375 0.16562500000000005 0.4359375 0.18125000000000005 0.45625 0.18125000000000005
0 0.51875 0.13593750000000004 0.4953125 0.13593750000000004 0.4953125 0.16562500000000005 0.51875 0.16562500000000005
3 0.5140625 0.16875000000000004 0.49375 0.16875000000000004 0.49375 0.19218750000000004 0.5140625 0.19218750000000004
2 0.528125 0.19687500000000005 0.503125 0.19687500000000005 0.503125 0.2218750000000001 0.528125 0.2218750000000001
2 0.5796875 0.2015625000000001 0.553125 0.2015625000000001 0.553125 0.2296875000000001 0.5796875 0.2296875000000001
2 0.4890625 0.2171875000000001 0.4640625 0.2171875000000001 0.4640625 0.2531250000000001 0.4890625 0.2531250000000001
2 0.5484375 0.3078125000000001 0.525 0.3078125000000001 0.525 0.3625000000000001 0.5484375 0.3625000000000001
6 0.3593750000000001 0.39375 0.33281250000000007 0.39375 0.33281250000000007 0.4234375 0.3593750000000001 0.4234375
0 0.584375 0.1593750000000001 0.5640625 0.1593750000000001 0.5640625 0.18906250000000008 0.584375 0.18906250000000008
4 0.596875 0.21250000000000008 0.5796875 0.21250000000000008 0.5796875 0.2312500000000001 0.596875 0.2312500000000001
4 0.6203125 0.2156250000000001 0.6046875 0.2156250000000001 0.6046875 0.2390625000000001 0.6203125 0.2390625000000001
4 0.6375 0.2156250000000001 0.621875 0.2156250000000001 0.621875 0.2375000000000001 0.6375 0.2375000000000001
4 0.659375 0.20312500000000008 0.64375 0.20312500000000008 0.64375 0.22656250000000008 0.659375 0.22656250000000008
2 0.6984375 0.2015625000000001 0.675 0.2015625000000001 0.675 0.2312500000000001 0.6984375 0.2312500000000001
2 0.6375 0.1531250000000001 0.6125 0.1531250000000001 0.6125 0.1765625000000001 0.6375 0.1765625000000001
4 0.7171875 0.1937500000000001 0.7015625 0.1937500000000001 0.7015625 0.21250000000000008 0.7171875 0.21250000000000008
4 0.7015625 0.11718750000000008 0.69375 0.11718750000000008 0.69375 0.1375000000000001 0.7015625 0.1375000000000001
4 0.7125 0.11718750000000008 0.7046875 0.11718750000000008 0.7046875 0.1359375000000001 0.7125 0.1359375000000001
2 0.7640625 0.2218750000000001 0.7421875 0.2218750000000001 0.7421875 0.2484375000000001 0.7640625 0.2484375000000001
4 0.8 0.2250000000000001 0.784375 0.2250000000000001 0.784375 0.2484375000000001 0.8 0.2484375000000001
4 0.7984375 0.1984375000000001 0.7796875 0.1984375000000001 0.7796875 0.2140625000000001 0.7984375 0.2140625000000001
4 0.7765625 0.17187500000000008 0.7578125 0.17187500000000008 0.7578125 0.2000000000000001 0.7765625 0.2000000000000001
2 0.7875 0.1359375000000001 0.7703125 0.1359375000000001 0.7703125 0.1765625000000001 0.7875 0.1765625000000001
4 0.6859375 0.1140625000000001 0.678125 0.1140625000000001 0.678125 0.14218750000000008 0.6859375 0.14218750000000008
4 0.7359375 0.15625000000000008 0.7171875 0.15625000000000008 0.7171875 0.17968750000000008 0.7359375 0.17968750000000008
4 0.85 0.22656250000000008 0.8296875 0.22656250000000008 0.8296875 0.2468750000000001 0.85 0.2468750000000001
4 0.8828125 0.2484375000000001 0.865625 0.2484375000000001 0.865625 0.2718750000000001 0.8828125 0.2718750000000001
4 0.946875 0.2390625000000001 0.9296875 0.2390625000000001 0.9296875 0.2593750000000001 0.946875 0.2593750000000001
4 0.8671875 0.17343750000000008 0.853125 0.17343750000000008 0.853125 0.2015625000000001 0.8671875 0.2015625000000001
2 0.8515625 0.1671875000000001 0.828125 0.1671875000000001 0.828125 0.1906250000000001 0.8515625 0.1906250000000001
2 0.93125 0.1984375000000001 0.903125 0.1984375000000001 0.903125 0.2312500000000001 0.93125 0.2312500000000001
2 0.9953125 0.2156250000000001 0.965625 0.2156250000000001 0.965625 0.24375000000000008 0.9953125 0.24375000000000008
0 0.98125 0.19218750000000012 0.95625 0.19218750000000012 0.95625 0.21250000000000008 0.98125 0.21250000000000008
2 0.8296875 0.006250000000000101 0.8109375 0.0062500000000001 0.8109375 0.0468750000000001 0.8296875 0.0468750000000001
4 0.9859375 0.4187500000000002 0.9671875 0.4187500000000002 0.9671875 0.43750000000000017 0.9859375 0.43750000000000017
4 0.940625 0.4046875000000002 0.9234375 0.4046875000000002 0.9234375 0.42968750000000017 0.940625 0.42968750000000017
2 0.9015625 0.38750000000000007 0.875 0.38750000000000007 0.875 0.4078125000000002 0.9015625 0.4078125000000002
0 0.86875 0.4078125000000002 0.84375 0.4078125000000002 0.84375 0.43281250000000016 0.86875 0.43281250000000016
2 0.8375 0.3812500000000001 0.80625 0.3812500000000001 0.80625 0.40625000000000017 0.8375 0.40625000000000017
4 0.7875 0.3968750000000001 0.76875 0.3968750000000001 0.76875 0.4156250000000002 0.7875 0.4156250000000002
4 0.7765625 0.3703125000000001 0.759375 0.3703125000000001 0.759375 0.3906250000000001 0.7765625 0.3906250000000001
2 1 0.3687500000000001 0.990625 0.3687500000000001 0.990625 0.3984375000000001 1 0.3984375000000001
2 0.753125 0.41093750000000007 0.725 0.4109375 0.725 0.4437500000000001 0.753125 0.4437500000000002
4 0.7140625 0.35625000000000007 0.6953125 0.35625000000000007 0.6953125 0.3765625000000001 0.7140625 0.3765625000000001
4 0.7046875 0.3937500000000001 0.684375 0.3937500000000001 0.684375 0.409375 0.7046875 0.409375
4 0.6984375 0.4078125 0.6796875 0.4078125 0.6796875 0.4234375 0.6984375 0.4234375
2 0.6859375 0.3750000000000001 0.65625 0.3750000000000001 0.65625 0.4046875 0.6859375 0.4046875
4 0.6515625 0.4234375 0.6375 0.4234375 0.6375 0.4375 0.6515625 0.4375
4 0.64375 0.4015625 0.625 0.4015625 0.625 0.4203125 0.64375 0.4203125
4 0.6375 0.3906250000000001 0.6234375 0.3906250000000001 0.6234375 0.4046875 0.6375 0.4046875
3 0.6484375 0.3734375000000001 0.6234375 0.3734375000000001 0.6234375 0.4 0.6484375 0.4
4 0.659375 0.3687500000000001 0.6421875 0.3687500000000001 0.6421875 0.3843750000000001 0.659375 0.3843750000000001
2 0.6515625 0.3546875000000001 0.628125 0.3546875000000001 0.628125 0.3750000000000001 0.6515625 0.3750000000000001
4 0.6390625 0.3437500000000001 0.6234375 0.3437500000000001 0.6234375 0.3609375000000001 0.6390625 0.3609375000000001
4 0.64375 0.33281250000000007 0.6296875 0.33281250000000007 0.6296875 0.3531250000000001 0.64375 0.3531250000000001
0 0.65625 0.3906250000000001 0.6359375 0.3906250000000001 0.6359375 0.415625 0.65625 0.415625
2 0.5234375 0.2968750000000001 0.5 0.2968750000000001 0.5 0.3468750000000001 0.5234375 0.3468750000000001
2 0.10156250000000008 0.5515625 0.07812500000000007 0.5515625 0.07812500000000007 0.578125 0.10156250000000008 0.578125
2 0.057812500000000065 0.546875 0.034375000000000065 0.546875 0.034375000000000065 0.5703125 0.057812500000000065 0.5703125
2 0.050000000000000086 0.659375 0.023437500000000083 0.659375 0.023437500000000083 0.6890625 0.050000000000000086 0.6890625
2 0.5671875 0.06406250000000006 0.5515625 0.06406250000000006 0.5515625 0.09843750000000007 0.5671875 0.09843750000000007
2 0.5515625 6.639881864127056e-17 0.5328125 6.52507122670699e-17 0.5328125 0.018750000000000065 0.5515625 0.018750000000000065
2 0.63125 7.644474941552619e-17 0.6171875 7.558366963487571e-17 0.6171875 0.02656250000000008 0.63125 0.02656250000000008
2 0.05156250000000007 0.571875 0.025000000000000067 0.571875 0.02500000000000007 0.596875 0.05156250000000007 0.596875
3 0.9375 0.16718750000000013 0.9171875 0.16718750000000013 0.9171875 0.18750000000000014 0.9375 0.18750000000000014
4 0.3078125000000001 0.575 0.29375000000000007 0.575 0.29375000000000007 0.590625 0.3078125000000001 0.590625
4 0.3062500000000001 0.58125 0.2906250000000001 0.58125 0.2906250000000001 0.596875 0.3062500000000001 0.596875
4 0.3031250000000001 0.5890625 0.2890625000000001 0.5890625 0.2890625000000001 0.6046875 0.3031250000000001 0.6046875