4 0.13437500000000005 0.49375 0.12031250000000004 0.49375 0.12031250000000004 0.521875 0.13437500000000005 0.521875
4 0.17656250000000004 0.478125 0.16093750000000004 0.478125 0.16093750000000004 0.5078125 0.17656250000000004 0.5078125
2 0.3265625000000001 0.534375 0.3062500000000001 0.534375 0.3062500000000001 0.5609375 0.3265625000000001 0.5609375
2 0.30937500000000007 0.584375 0.2890625000000001 0.584375 0.2890625000000001 0.603125 0.30937500000000007 0.603125
2 0.2156250000000001 0.5609375 0.1937500000000001 0.5609375 0.1937500000000001 0.5859375 0.2156250000000001 0.5859375
2 0.37968750000000007 0.54375 0.3609375000000001 0.54375 0.3609375000000001 0.5640625 0.37968750000000007 0.5640625
0 0.484375 0.49375 0.4703125 0.49375 0.4703125 0.515625 0.484375 0.515625
4 0.403125 0.5578125 0.3906250000000001 0.5578125 0.3906250000000001 0.5796875 0.403125 0.5796875
2 0.496875 0.5625 0.4765625 0.5625 0.4765625 0.5859375 0.496875 0.5859375
2 0.5375 0.5390625 0.5203125 0.5390625 0.5203125 0.5640625 0.5375 0.5640625
2 0.5796875 0.5359375 0.55625 0.5359375 0.55625 0.55625 0.5796875 0.55625
2 0.5921875 0.496875 0.565625 0.496875 0.565625 0.5234375 0.5921875 0.5234375
2 0.675 0.534375 0.653125 0.534375 0.653125 0.55625 0.675 0.55625
2 0.6859375 0.5546875 0.6625 0.5546875 0.6625 0.5734375 0.6859375 0.5734375
2 0.6859375 0.5734375 0.665625 0.5734375 0.665625 0.6 0.6859375 0.6
2 0.73125 0.4781250000000001 0.7046875 0.478125 0.7046875 0.5046875000000001 0.73125 0.5046875000000002
0 0.76875 0.47656250000000017 0.7453125 0.47656250000000017 0.7453125 0.4968750000000002 0.76875 0.4968750000000002
2 0.753125 0.5296875000000001 0.7203125 0.5296875 0.7203125 0.5562500000000001 0.753125 0.5562500000000001
2 0.80625 0.46406250000000016 0.7828125 0.46406250000000016 0.7828125 0.4890625000000002 0.80625 0.4890625000000002
2 0.821875 0.5109375000000002 0.796875 0.5109375000000002 0.796875 0.5218750000000002 0.821875 0.5218750000000002
2 0.8265625 0.5421875000000002 0.7953125 0.5421875000000002 0.7953125 0.5734375000000002 0.8265625 0.5734375000000002
2 0.8 0.5765625000000002 0.7828125 0.5765625000000002 0.7828125 0.5921875000000002 0.8 0.5921875000000002
2 0.896875 0.48437500000000017 0.871875 0.48437500000000017 0.871875 0.4968750000000002 0.896875 0.4968750000000002
2 0.8859375 0.5281250000000002 0.8671875 0.5281250000000002 0.8671875 0.5500000000000002 0.8859375 0.5500000000000002
2 0.8578125 0.5515625000000002 0.834375 0.5515625000000002 0.834375 0.5718750000000001 0.8578125 0.5718750000000001
2 0.8890625 0.5453125000000002 0.8671875 0.5453125000000002 0.8671875 0.5656250000000002 0.8890625 0.5656250000000002
2 0.91875 0.5046875000000002 0.903125 0.5046875000000002 0.903125 0.5296875000000002 0.91875 0.5296875000000002
2 0.9140625 0.46875000000000017 0.8953125 0.46875000000000017 0.8953125 0.5000000000000002 0.9140625 0.5000000000000002
2 0.9359375 0.47968750000000016 0.9109375 0.47968750000000016 0.9109375 0.5015625000000001 0.9359375 0.5015625000000001
2 0.9390625 0.5015625000000001 0.91875 0.5015625000000001 0.91875 0.5203125000000002 0.9390625 0.5203125000000002
2 0.9484375 0.5421875000000002 0.921875 0.5421875000000002 0.921875 0.5625000000000002 0.9484375 0.5625000000000002
2 0.925 0.5531250000000002 0.896875 0.5531250000000002 0.896875 0.5796875000000001 0.925 0.5796875000000001
2 0.9578125 0.5312500000000002 0.93125 0.5312500000000002 0.93125 0.5484375000000001 0.9578125 0.5484375000000001
2 0.9765625 0.5531250000000002 0.953125 0.5531250000000002 0.953125 0.5734375000000002 0.9765625 0.5734375000000002
2 0.99375 0.5265625000000002 0.9671875 0.5265625000000002 0.9671875 0.5515625000000002 0.99375 0.5515625000000002
2 0.9578125 0.48437500000000017 0.9359375 0.48437500000000017 0.9359375 0.5015625000000001 0.9578125 0.5015625000000001
2 0.9625 0.5046875000000002 0.940625 0.5046875000000002 0.940625 0.5234375000000002 0.9625 0.5234375000000002
2 0.95 0.4671875000000002 0.9296875 0.4671875000000002 0.9296875 0.4812500000000002 0.95 0.4812500000000002
0 0.946875 0.45312500000000017 0.9296875 0.45312500000000017 0.9296875 0.46875000000000017 0.946875 0.46875000000000017
5 0.8609375 0.4734375000000002 0.840625 0.4734375000000002 0.840625 0.4984375000000002 0.8609375 0.4984375000000002
4 0.8390625 0.4671875000000002 0.81875 0.4671875000000002 0.81875 0.47656250000000017 0.8390625 0.47656250000000017
4 0.85 0.5062500000000002 0.8328125 0.5062500000000002 0.8328125 0.5218750000000002 0.85 0.5218750000000002
4 0.9625 0.4593750000000002 0.953125 0.4593750000000002 0.953125 0.4734375000000002 0.9625 0.4734375000000002
2 0.7375 0.5781250000000001 0.70625 0.578125 0.70625 0.5984375000000001 0.7375 0.5984375000000002
4 0.6109375 0.55625 0.5953125 0.55625 0.5953125 0.571875 0.6109375 0.571875
4 0.6421875 0.5734375 0.6265625 0.5734375 0.6265625 0.5921875 0.6421875 0.5921875
4 0.65625 0.59375 0.6453125 0.59375 0.6453125 0.603125 0.65625 0.603125
4 0.6 0.5625 0.5859375 0.5625 0.5859375 0.584375 0.6 0.584375
4 0.6203125 0.4828125 0.6046875 0.4828125 0.6046875 0.50625 0.6203125 0.50625
2 0.5953125 0.5875 0.578125 0.5875 0.578125 0.6171875 0.5953125 0.6171875
2 0.578125 0.5875 0.5546875 0.5875 0.5546875 0.6125 0.578125 0.6125
2 0.5062500000000002 0.7859375 0.49531250000000016 0.7859375 0.49531250000000016 0.815625 0.5062500000000002 0.815625
2 0.5046875000000002 0.8203125 0.4937500000000002 0.8203125 0.4937500000000002 0.85625 0.5046875000000002 0.85625
4 0.5156250000000002 0.8390625 0.5062500000000002 0.8390625 0.5062500000000002 0.8578125 0.5156250000000002 0.8578125
2 0.5078125000000002 0.9171875 0.49218750000000017 0.9171875 0.49218750000000017 0.95 0.5078125000000002 0.95
2 0.5078125000000002 0.9546875 0.49218750000000017 0.9546875 0.49218750000000017 1 0.5078125000000002 1
4 0.5796875 0.65 0.571875 0.65 0.571875 0.665625 0.5796875 0.665625
4 0.5859375 0.65625 0.578125 0.65625 0.578125 0.6671875 0.5859375 0.6671875
4 0.603125 0.64375 0.5984375 0.64375 0.5984375 0.6578125 0.603125 0.6578125
4 0.6234375 0.671875 0.6203125 0.671875 0.6203125 0.6859375 0.6234375 0.6859375
4 0.6203125 0.66875 0.615625 0.66875 0.615625 0.68125 0.6203125 0.68125
4 0.6171875 0.6734375 0.6125 0.6734375 0.6125 0.6875 0.6171875 0.6875
4 0.6078125 0.66875 0.603125 0.66875 0.603125 0.6875 0.6078125 0.6875
4 0.6046875 0.66875 0.6 0.66875 0.6 0.690625 0.6046875 0.690625
4 0.59375 0.6671875 0.5890625 0.6671875 0.5890625 0.6921875 0.59375 0.6921875
4 0.5875 0.671875 0.5859375 0.671875 0.5859375 0.6859375 0.5875 0.6859375
4 0.584375 0.671875 0.58125 0.671875 0.58125 0.6859375 0.584375 0.6859375
4 0.58125 0.6703125 0.5796875 0.6703125 0.5796875 0.6890625 0.58125 0.6890625
4 0.5765625 0.6703125 0.571875 0.6703125 0.571875 0.684375 0.5765625 0.684375
4 0.8015625 0.6671875000000002 0.796875 0.6671875000000002 0.796875 0.6843750000000002 0.8015625 0.6843750000000002
4 0.7671875 0.6718750000000002 0.759375 0.6718750000000002 0.759375 0.6875000000000002 0.7671875 0.6875000000000002
4 0.7546875 0.6703125000000002 0.74375 0.6703125000000002 0.74375 0.6906250000000002 0.7546875 0.6906250000000002
4 0.7328125 0.6703125000000001 0.721875 0.6703125 0.721875 0.6843750000000001 0.7328125 0.6843750000000002
4 0.8578125 0.6671875000000002 0.8515625 0.6671875000000002 0.8515625 0.6859375000000002 0.8578125 0.6859375000000002
4 0.8515625 0.6656250000000001 0.846875 0.6656250000000001 0.846875 0.6812500000000001 0.8515625 0.6812500000000001