2 0.534375 0.35625000000000007 0.509375 0.35625000000000007 0.509375 0.3859375000000001 0.534375 0.3859375000000001
2 0.4546875 0.3375000000000001 0.4296875 0.3375000000000001 0.4296875 0.3671875000000001 0.4546875 0.3671875000000001
2 0.40625 0.3515625000000001 0.38125 0.3515625000000001 0.38125000000000003 0.3812500000000001 0.40625 0.3812500000000001
2 0.3984375 0.3156250000000001 0.371875 0.3156250000000001 0.371875 0.34062500000000007 0.3984375 0.34062500000000007
1 0.5078125 0.2765625000000001 0.44375 0.2765625000000001 0.44375 0.3375000000000001 0.5078125 0.3375000000000001
3 0.5484375 0.2812500000000001 0.5296875 0.2812500000000001 0.5296875 0.3109375000000001 0.5484375 0.3109375000000001
4 0.60625 0.26250000000000007 0.5921875 0.26250000000000007 0.5921875 0.2875000000000001 0.60625 0.2875000000000001
4 0.3515625 0.321875 0.3359375 0.321875 0.3359375 0.340625 0.3515625 0.340625
4 0.35000000000000003 0.3578125 0.3296875 0.3578125 0.3296875 0.38125 0.3500000000000001 0.38125
2 0.3265625 0.3 0.296875 0.3 0.296875 0.33125 0.3265625 0.33125
0 0.30156250000000007 0.340625 0.278125 0.340625 0.27812500000000007 0.365625 0.30156250000000007 0.365625
0 0.4609375 0.2234375000000001 0.440625 0.2234375000000001 0.440625 0.25468750000000007 0.4609375 0.25468750000000007
2 0.2703125 0.296875 0.2453125 0.296875 0.2453125 0.321875 0.2703125 0.321875
6 0.3625000000000001 0.3984375 0.3375000000000001 0.3984375 0.3375000000000001 0.425 0.3625000000000001 0.425
4 0.3906250000000001 0.3734375000000001 0.3734375000000001 0.3734375000000001 0.3734375000000001 0.3906250000000001 0.3906250000000001 0.3906250000000001
6 0.2078125 0.30625 0.18281250000000004 0.30625 0.18281250000000004 0.340625 0.2078125 0.340625
2 0.2546875 0.3140625 0.228125 0.3140625 0.228125 0.3484375 0.2546875 0.3484375
2 0.13750000000000004 0.321875 0.11406250000000004 0.321875 0.11406250000000004 0.3453125 0.13750000000000004 0.3453125
3 0.12187500000000004 0.2828125 0.09687500000000004 0.2828125 0.09687500000000004 0.309375 0.12187500000000004 0.309375
4 0.046875000000000035 0.2890625 0.029687500000000033 0.2890625 0.029687500000000033 0.3109375 0.046875000000000035 0.3109375
1 0.06875000000000002 0.203125 0.007812500000000024 0.203125 0.007812500000000028 0.25625 0.06875000000000002 0.25625
2 0.17343750000000002 0.171875 0.1453125 0.171875 0.1453125 0.2015625 0.17343750000000005 0.2015625
2 0.1734375 0.134375 0.146875 0.134375 0.146875 0.1625 0.1734375 0.1625
2 0.128125 0.1203125 0.09843750000000002 0.1203125 0.09843750000000002 0.15 0.128125 0.15
2 0.09375000000000003 0.146875 0.06718750000000002 0.146875 0.06718750000000002 0.171875 0.09375000000000003 0.171875
0 0.09375000000000003 0.09531250000000001 0.07031250000000003 0.0953125 0.07031250000000003 0.1234375 0.09375000000000003 0.1234375
4 0.08281250000000002 0.1109375 0.06562500000000002 0.1109375 0.06562500000000002 0.1359375 0.08281250000000002 0.1359375
4 0.14375 0.11875 0.1265625 0.11875 0.1265625 0.140625 0.14375 0.140625
4 0.051562500000000025 0.09375 0.031250000000000014 0.09375 0.031250000000000014 0.1140625 0.051562500000000025 0.1140625
0 0.0609375 5.931882933369992e-18 0.0359375 4.401074434435801e-18 0.0359375 0.03125000000000001 0.0609375 0.031250000000000014
4 0.04062500000000001 0.0328125 0.0265625 0.0328125 0.026562500000000006 0.059375 0.04062500000000001 0.059375
4 0.02812500000000001 0.0515625 0.010937500000000006 0.0515625 0.010937500000000006 0.0703125 0.02812500000000001 0.0703125
4 0.031250000000000014 0.0625 0.009375000000000008 0.0625 0.00937500000000001 0.0859375 0.031250000000000014 0.0859375
4 0.1921875 0.10781250000000002 0.1734375 0.1078125 0.1734375 0.12812500000000002 0.1921875 0.12812500000000004
4 0.1984375 0.12031250000000002 0.1796875 0.1203125 0.1796875 0.13906250000000003 0.1984375 0.13906250000000003
4 0.215625 0.11718750000000004 0.2 0.11718750000000004 0.2 0.14062500000000006 0.215625 0.14062500000000006
4 0.2 0.13125000000000003 0.18125 0.13125 0.18125 0.15468750000000003 0.2 0.15468750000000003
2 0.225 0.14687500000000003 0.1984375 0.14687500000000003 0.1984375 0.17656250000000004 0.225 0.17656250000000004
2 0.2390625 0.12031250000000004 0.209375 0.12031250000000004 0.209375 0.15156250000000004 0.2390625 0.15156250000000004
2 0.2671875 0.11875000000000005 0.2375 0.11875000000000005 0.2375 0.15312500000000004 0.2671875 0.15312500000000004
2 0.2703125 0.14843750000000006 0.2359375 0.14843750000000006 0.2359375 0.17500000000000004 0.2703125 0.17500000000000004
2 0.2796875 0.16718750000000004 0.2453125 0.16718750000000004 0.2453125 0.19843750000000004 0.2796875 0.19843750000000004
2 0.2609375 0.18593750000000003 0.228125 0.18593750000000003 0.228125 0.2171875 0.2609375 0.2171875
2 0.3453125 0.13906250000000003 0.31875 0.13906250000000003 0.31875 0.16875000000000004 0.3453125 0.16875000000000004
0 0.2859375 0.10156250000000004 0.2640625 0.10156250000000004 0.2640625 0.13750000000000004 0.2859375 0.13750000000000004
4 0.3015625 0.14062500000000006 0.2828125 0.14062500000000006 0.2828125 0.16875000000000004 0.3015625 0.16875000000000004
0 0.3171875 0.14687500000000003 0.2953125 0.14687500000000003 0.2953125 0.17656250000000004 0.3171875 0.17656250000000004
0 0.421875 0.21250000000000008 0.4015625 0.21250000000000008 0.4015625 0.24218750000000008 0.421875 0.24218750000000008
0 0.4 0.20312500000000008 0.3796875 0.20312500000000008 0.3796875 0.23437500000000008 0.4 0.23437500000000008
0 0.3625 0.16875000000000004 0.340625 0.16875000000000004 0.340625 0.20625 0.3625 0.20625
4 0.371875 0.13281250000000006 0.35625 0.13281250000000006 0.35625 0.16250000000000003 0.371875 0.16250000000000003
4 0.415625 0.13593750000000004 0.396875 0.13593750000000004 0.396875 0.16562500000000005 0.415625 0.16562500000000005
4 0.45625 0.19218750000000004 0.4421875 0.19218750000000004 0.4421875 0.2171875000000001 0.45625 0.2171875000000001
4 0.4375 0.17812500000000003 0.4203125 0.17812500000000003 0.4203125 0.2000000000000001 0.4375 0.2000000000000001
4 0.41875 0.17656250000000004 0.4 0.17656250000000004 0.4 0.19687500000000005 0.41875 0.19687500000000005
4 0.3953125 0.17187500000000006 0.378125 0.17187500000000006 0.378125 0.19218750000000004 0.3953125 0.19218750000000004
4 0.378125 0.16875000000000004 0.359375 0.16875000000000004 0.359375 0.19062500000000004 0.378125 0.19062500000000004
3 0.384375 0.18281250000000004 0.3578125 0.18281250000000004 0.3578125 0.21250000000000005 0.384375 0.21250000000000008
2 0.4109375 0.18437500000000004 0.3765625 0.18437500000000004 0.3765625 0.2156250000000001 0.4109375 0.2156250000000001
2 0.428125 0.18437500000000004 0.4078125 0.18437500000000004 0.4078125 0.2156250000000001 0.428125 0.2156250000000001
2 0.346875 0.203125 0.3203125 0.203125 0.3203125 0.2265625 0.346875 0.2265625
2 0.3421875 0.17031250000000003 0.309375 0.17031250000000003 0.309375 0.203125 0.3421875 0.203125
2 0.3125 0.16718750000000004 0.2859375 0.16718750000000004 0.2859375 0.19843750000000004 0.3125 0.19843750000000004
2 0.3171875 0.18593750000000003 0.2859375 0.18593750000000003 0.2859375 0.221875 0.3171875 0.221875
4 0.29375 0.17656250000000004 0.275 0.17656250000000004 0.275 0.19687500000000005 0.29375 0.19687500000000005
2 0.2875 0.18750000000000006 0.2578125 0.18750000000000006 0.2578125 0.215625 0.2875 0.215625
4 0.4453125 0.2062500000000001 0.4265625 0.2062500000000001 0.4265625 0.23593750000000008 0.4453125 0.23593750000000008
4 0.3515625 0.2125 0.340625 0.2125 0.340625 0.228125 0.3515625 0.228125
4 0.3140625 0.209375 0.3 0.209375 0.3 0.2296875 0.3140625 0.2296875
4 0.3640625 0.19375000000000003 0.346875 0.19375000000000003 0.346875 0.20937500000000003 0.3640625 0.2093750000000001
4 0.353125 0.19218750000000004 0.3359375 0.19218750000000004 0.3359375 0.2109375 0.353125 0.2109375
2 0.3796875 0.20156250000000003 0.35 0.2015625 0.35 0.23125000000000004 0.3796875 0.2312500000000001
4 0.1453125 0.159375 0.128125 0.159375 0.12812500000000002 0.184375 0.14531250000000004 0.184375
0 0.07812500000000003 0.128125 0.051562500000000025 0.128125 0.051562500000000025 0.153125 0.07812500000000003 0.153125
0 0.023437500000000014 0.1 1.2246467991473533e-17 0.1 1.4064303083957884e-17 0.1296875 0.023437500000000017 0.1296875
2 0.006250000000000015 0.115625 1.4159978615141272e-17 0.115625 1.5977813707625624e-17 0.1453125 0.006250000000000017 0.1453125
2 0.346875 0.334375 0.3171875 0.334375 0.3171875 0.3609375 0.346875 0.3609375
2 0.5250000000000001 0.85625 0.5046875000000002 0.85625 0.5046875000000002 0.9125 0.5250000000000001 0.9125
2 0.4671875000000002 0.875 0.4437500000000002 0.875 0.4437500000000002 0.93125 0.4671875000000002 0.93125
5 0.3531250000000001 0.9515625 0.3234375000000001 0.9515625 0.3234375000000001 1 0.3531250000000001 1
2 0.4562500000000001 0.70625 0.4375 0.70625 0.4375000000000001 0.75625 0.45625000000000016 0.75625
4 0.4750000000000001 0.7125 0.4609375 0.7125 0.4609375000000001 0.7484375 0.4750000000000002 0.7484375
4 0.4921875 0.61875 0.478125 0.61875 0.478125 0.646875 0.4921875 0.646875
2 0.5046875 0.5890625 0.4859375 0.5890625 0.4859375 0.6375 0.5046875 0.6375
2 0.484375 0.546875 0.4671875 0.546875 0.4671875 0.59375 0.484375 0.59375
2 0.4921875 0.5515625 0.4765625 0.5515625 0.4765625 0.6015625 0.4921875 0.6015625
2 0.5078125 0.5359375 0.49375 0.5359375 0.49375 0.5859375 0.5078125 0.5859375
2 0.5 0.5140625 0.484375 0.5140625 0.484375 0.559375 0.5 0.559375
2 0.5125 0.48125 0.496875 0.48125 0.496875 0.5375 0.5125 0.5375
4 0.4859375 0.478125 0.475 0.478125 0.475 0.5 0.4859375 0.5
4 0.4828125 0.49375 0.4734375 0.49375 0.4734375 0.5234375 0.4828125 0.5234375
4 0.4890625 0.49375 0.4796875 0.49375 0.4796875 0.51875 0.4890625 0.51875
4 0.4921875 0.4734375 0.48125 0.4734375 0.48125 0.5078125 0.4921875 0.5078125
4 0.4953125 0.475 0.4859375 0.475 0.4859375 0.5078125 0.4953125 0.5078125
4 0.5 0.4765625 0.490625 0.4765625 0.490625 0.5125 0.5 0.5125
4 0.490625 0.509375 0.4765625 0.509375 0.4765625 0.540625 0.490625 0.540625
2 0.10468750000000009 0.55 0.08125000000000007 0.55 0.08125000000000007 0.575 0.10468750000000009 0.575
2 0.06093750000000007 0.5390625 0.03750000000000007 0.5390625 0.03750000000000007 0.565625 0.06093750000000007 0.565625
2 0.05468750000000007 0.565625 0.028125000000000067 0.565625 0.028125000000000074 0.590625 0.05468750000000007 0.590625
2 0.04843750000000008 0.653125 0.025000000000000078 0.653125 0.025000000000000078 0.6796875 0.04843750000000008 0.6796875
2 0.55625 6.687719629718749e-17 0.5359375 6.563341439180346e-17 0.5359375 0.021875000000000068 0.55625 0.021875000000000068
0 0.51875 0.12343750000000005 0.4984375 0.12343750000000005 0.4984375 0.16562500000000005 0.51875 0.16562500000000005
4 0.5671875 0.14843750000000008 0.546875 0.14843750000000008 0.546875 0.17968750000000008 0.5671875 0.17968750000000008
4 0.6453125 0.1750000000000001 0.625 0.1750000000000001 0.625 0.19687500000000008 0.6453125 0.19687500000000008
2 0.640625 7.721015366499328e-17 0.6203125 7.596637175960925e-17 0.6203125 0.02968750000000008 0.640625 0.02968750000000008
4 0.6640625 0.2093750000000001 0.6484375 0.2093750000000001 0.6484375 0.23437500000000008 0.6640625 0.23437500000000008
4 0.7078125 0.1140625000000001 0.6984375 0.1140625000000001 0.6984375 0.1375000000000001 0.7078125 0.1375000000000001
4 0.7171875 0.11718750000000008 0.70625 0.11718750000000008 0.70625 0.14218750000000008 0.7171875 0.14218750000000008
4 0.690625 0.11250000000000009 0.68125 0.11250000000000009 0.68125 0.1468750000000001 0.690625 0.1468750000000001
4 0.7609375 0.2296875000000001 0.7421875 0.2296875000000001 0.7421875 0.2562500000000001 0.7609375 0.2562500000000001
4 0.7421875 0.1593750000000001 0.7203125 0.1593750000000001 0.7203125 0.18125000000000008 0.7421875 0.18125000000000008
4 0.7609375 0.19687500000000008 0.7453125 0.19687500000000008 0.7453125 0.2218750000000001 0.7609375 0.2218750000000001
2 0.7921875 0.1375000000000001 0.7734375 0.1375000000000001 0.7734375 0.1781250000000001 0.7921875 0.1781250000000001
4 0.89375 0.2531250000000001 0.878125 0.2531250000000001 0.878125 0.2718750000000001 0.89375 0.2718750000000001
4 0.9328125 0.21093750000000008 0.9125 0.21093750000000008 0.9125 0.23437500000000008 0.9328125 0.23437500000000008
2 0.85625 0.16562500000000008 0.83125 0.16562500000000008 0.83125 0.19687500000000008 0.85625 0.19687500000000008
2 0.8375 0.2000000000000001 0.8109375 0.2000000000000001 0.8109375 0.22812500000000008 0.8375 0.22812500000000008
4 0.8046875 0.2015625000000001 0.784375 0.2015625000000001 0.784375 0.22812500000000008 0.8046875 0.22812500000000008
4 0.80625 0.2484375000000001 0.7859375 0.2484375000000001 0.7859375 0.2718750000000001 0.80625 0.2718750000000001
0 0.825 0.2234375000000001 0.8015625 0.2234375000000001 0.8015625 0.2515625000000001 0.825 0.2515625000000001
4 0.871875 0.1765625000000001 0.8578125 0.1765625000000001 0.8578125 0.2062500000000001 0.871875 0.2062500000000001
2 0.8609375 0.2375000000000001 0.834375 0.2375000000000001 0.834375 0.2687500000000001 0.8609375 0.2687500000000001
0 0.96875 0.19531250000000014 0.946875 0.19531250000000014 0.946875 0.2250000000000001 0.96875 0.2250000000000001
0 0.975 0.2328125000000001 0.9484375 0.2328125000000001 0.9484375 0.2562500000000001 0.975 0.2562500000000001
4 0.965625 0.2531250000000001 0.9421875 0.2531250000000001 0.9421875 0.2750000000000001 0.965625 0.2750000000000001
4 1 0.2515625000000001 0.9890625 0.2515625000000001 0.9890625 0.28593750000000007 1 0.28593750000000007
2 0.890625 0.3859375000000001 0.865625 0.3859375000000001 0.865625 0.41406250000000017 0.890625 0.41406250000000017
3 0.84375 0.3890625000000001 0.8203125 0.3890625000000001 0.8203125 0.41718750000000016 0.84375 0.41718750000000016
2 0.7046875 0.2250000000000001 0.68125 0.2250000000000001 0.68125 0.2500000000000001 0.7046875 0.2500000000000001
0 0.725 0.20468750000000008 0.703125 0.20468750000000008 0.703125 0.23437500000000008 0.725 0.23437500000000008
2 0.571875 0.06250000000000007 0.5546875 0.06250000000000007 0.5546875 0.09687500000000007 0.571875 0.09687500000000007
2 0.8390625 0.0031250000000001012 0.8140625 0.0031250000000001 0.8140625 0.0531250000000001 0.8390625 0.05312500000000011
3 0.94375 0.17031250000000014 0.9171875 0.17031250000000014 0.9171875 0.19375000000000014 0.94375 0.19375000000000014
4 0.9734375 0.2218750000000001 0.9578125 0.2218750000000001 0.9578125 0.2406250000000001 0.9734375 0.2406250000000001
4 0.4078125 0.3421875000000001 0.39375 0.3421875000000001 0.39375 0.3593750000000001 0.4078125 0.3593750000000001
4 0.3109375000000001 0.571875 0.2953125000000001 0.571875 0.2953125000000001 0.590625 0.3109375000000001 0.590625
4 0.30937500000000007 0.5796875 0.29375000000000007 0.5796875 0.29375000000000007 0.5953125 0.30937500000000007 0.5953125
4 0.3078125000000001 0.5875 0.2906250000000001 0.5875 0.2906250000000001 0.60625 0.3078125000000001 0.60625