2 0.3484375 0.07187500000000005 0.328125 0.07187500000000005 0.328125 0.11250000000000004 0.3484375 0.11250000000000004
2 0.3515625 0.014062500000000042 0.3359375 0.014062500000000039 0.3359375 0.050000000000000044 0.3515625 0.050000000000000044
2 0.3640625 0.10937500000000004 0.346875 0.10937500000000004 0.346875 0.14843750000000006 0.3640625 0.14843750000000006
2 0.378125 0.14218750000000005 0.3609375 0.14218750000000005 0.3609375 0.17968750000000006 0.378125 0.17968750000000006
2 0.396875 0.17656250000000004 0.3796875 0.17656250000000004 0.3796875 0.2156250000000001 0.396875 0.2156250000000001
2 0.4234375 0.16562500000000005 0.4046875 0.16562500000000005 0.4046875 0.2093750000000001 0.4234375 0.2093750000000001
2 0.4203125 0.2250000000000001 0.4 0.2250000000000001 0.4 0.2609375000000001 0.4203125 0.2609375000000001
2 0.440625 0.2578125000000001 0.4203125 0.2578125000000001 0.4203125 0.2984375000000001 0.440625 0.2984375000000001
3 0.465625 0.2312500000000001 0.4453125 0.2312500000000001 0.4453125 0.27031250000000007 0.465625 0.27031250000000007
0 0.4421875 0.2218750000000001 0.43125 0.2218750000000001 0.43125 0.2453125000000001 0.4421875 0.2453125000000001
4 0.459375 0.2953125000000001 0.4515625 0.2953125000000001 0.4515625 0.3140625000000001 0.459375 0.3140625000000001
2 0.4546875 0.3031250000000001 0.4375 0.3031250000000001 0.4375 0.3375000000000001 0.4546875 0.3375000000000001
0 0.3671875 0.27343750000000006 0.3546875 0.2734375 0.3546875 0.2984375 0.3671875 0.2984375000000001
4 0.5609375 0.3750000000000001 0.55 0.3750000000000001 0.55 0.3937500000000001 0.5609375 0.3937500000000001
2 0.5921875 0.3609375000000001 0.56875 0.3609375000000001 0.56875 0.3968750000000001 0.5921875 0.3968750000000001
2 0.4109375 0.515625 0.3906250000000001 0.515625 0.3906250000000001 0.5515625 0.4109375 0.5515625
2 0.3859375000000001 0.553125 0.3671875000000001 0.553125 0.3671875000000001 0.5796875 0.3859375000000001 0.5796875
2 0.3500000000000001 0.6171875 0.3312500000000001 0.6171875 0.3312500000000001 0.646875 0.3500000000000001 0.646875
2 0.3187500000000001 0.66875 0.2984375000000001 0.66875 0.2984375000000001 0.7 0.3187500000000001 0.7
2 0.3375000000000001 0.678125 0.3156250000000001 0.678125 0.3156250000000001 0.7125 0.3375000000000001 0.7125
3 0.2812500000000001 0.7203125 0.2609375000000001 0.7203125 0.2609375000000001 0.753125 0.2812500000000001 0.753125
2 0.30156250000000007 0.715625 0.2828125000000001 0.715625 0.2828125000000001 0.753125 0.30156250000000007 0.753125
2 0.2609375000000001 0.7953125 0.24218750000000008 0.7953125 0.24218750000000008 0.83125 0.2609375000000001 0.83125
2 0.2515625000000001 0.7765625 0.2312500000000001 0.7765625 0.2312500000000001 0.809375 0.2515625000000001 0.809375
2 0.2062500000000001 0.846875 0.1828125000000001 0.846875 0.1828125000000001 0.878125 0.2062500000000001 0.878125
2 0.19218750000000012 0.9 0.17187500000000008 0.9 0.1718750000000001 0.94375 0.19218750000000012 0.94375
2 0.16562500000000013 0.953125 0.14531250000000012 0.953125 0.14531250000000012 0.984375 0.16562500000000013 0.984375
2 0.16093750000000012 0.928125 0.13593750000000013 0.928125 0.13593750000000013 0.9640625 0.16093750000000012 0.9640625
4 0.22812500000000008 0.809375 0.2140625000000001 0.809375 0.2140625000000001 0.828125 0.22812500000000008 0.828125
2 0.36406250000000007 0.646875 0.3453125000000001 0.646875 0.3453125000000001 0.6734375 0.36406250000000007 0.6734375
4 0.3609375000000001 0.5890625 0.3515625000000001 0.5890625 0.3515625000000001 0.603125 0.3609375000000001 0.603125
2 0.3937500000000001 0.59375 0.3734375000000001 0.59375 0.3734375000000001 0.625 0.3937500000000001 0.625
2 0.453125 0.5203125 0.4328125 0.5203125 0.4328125 0.5484375 0.453125 0.5484375
4 0.475 0.475 0.4625 0.475 0.4625 0.4921875 0.475 0.4921875
2 0.528125 0.4390625 0.5046875 0.4390625 0.5046875 0.4640625 0.528125 0.4640625
4 0.4546875 0.4859375 0.4453125 0.4859375 0.4453125 0.50625 0.4546875 0.50625
4 0.475 0.496875 0.4609375 0.496875 0.4609375 0.5109375 0.475 0.5109375
4 0.48125 0.4484375 0.471875 0.4484375 0.471875 0.4609375 0.48125 0.4609375
4 0.515625 0.4703125 0.503125 0.4703125 0.503125 0.484375 0.515625 0.484375
4 0.509375 0.3921875000000001 0.5 0.3921875000000001 0.5 0.409375 0.509375 0.409375
4 0.5390625 0.37968750000000007 0.528125 0.37968750000000007 0.528125 0.3921875000000001 0.5390625 0.3921875000000001
4 0.5625 0.3515625000000001 0.5515625 0.3515625000000001 0.5515625 0.3656250000000001 0.5625 0.3656250000000001
4 0.6640625 0.20468750000000008 0.6546875 0.20468750000000008 0.6546875 0.2218750000000001 0.6640625 0.2218750000000001
4 0.6703125 0.18906250000000008 0.6609375 0.18906250000000008 0.6609375 0.20312500000000008 0.6703125 0.20312500000000008
4 0.628125 0.2687500000000001 0.6203125 0.2687500000000001 0.6203125 0.2843750000000001 0.628125 0.2843750000000001
4 0.615625 0.3937500000000001 0.60625 0.3937500000000001 0.60625 0.4078125 0.615625 0.4078125
4 0.61875 0.4703125 0.6125 0.4703125 0.6125 0.4796875 0.61875 0.4796875
4 0.6328125 0.440625 0.625 0.440625 0.625 0.4515625 0.6328125 0.4515625
4 0.6234375 0.5015625 0.6171875 0.5015625 0.6171875 0.5109375 0.6234375 0.5109375
4 0.6375 0.5015625 0.6296875 0.5015625 0.6296875 0.5171875 0.6375 0.5171875
4 0.63125 0.5203125 0.621875 0.5203125 0.621875 0.5328125 0.63125 0.5328125
4 0.6375 0.4859375 0.6296875 0.4859375 0.6296875 0.5 0.6375 0.5
4 0.65 0.446875 0.64375 0.446875 0.64375 0.4609375 0.65 0.4609375
4 0.64375 0.4640625 0.6359375 0.4640625 0.6359375 0.478125 0.64375 0.478125
4 0.640625 0.45625 0.63125 0.45625 0.63125 0.465625 0.640625 0.465625
4 0.671875 0.3265625000000001 0.6640625 0.3265625000000001 0.6640625 0.3375000000000001 0.671875 0.3375000000000001
4 0.68125 0.32500000000000007 0.671875 0.32500000000000007 0.671875 0.33281250000000007 0.68125 0.33281250000000007
4 0.6859375 0.3390625000000001 0.6765625 0.3390625000000001 0.6765625 0.3500000000000001 0.6859375 0.3500000000000001
4 0.690625 0.3265625000000001 0.6828125 0.3265625000000001 0.6828125 0.3375000000000001 0.690625 0.3375000000000001
4 0.6953125 0.3187500000000001 0.6890625 0.3187500000000001 0.6890625 0.3296875000000001 0.6953125 0.3296875000000001
4 0.7015625 0.3296875000000001 0.6921875 0.3296875000000001 0.6921875 0.3437500000000001 0.7015625 0.3437500000000001
4 0.71875 0.2890625000000001 0.709375 0.2890625000000001 0.709375 0.2984375000000001 0.71875 0.2984375000000001
4 0.725 0.27031250000000007 0.71875 0.27031250000000007 0.71875 0.2812500000000001 0.725 0.2812500000000001
4 0.7296875 0.2593750000000001 0.7234375 0.2593750000000001 0.7234375 0.2671875000000001 0.7296875 0.2671875000000001
4 0.7390625 0.2515625000000001 0.7328125 0.2515625000000001 0.7328125 0.2609375000000001 0.7390625 0.2609375000000001
4 0.7 0.2765625000000001 0.6921875 0.2765625000000001 0.6921875 0.2890625000000001 0.7 0.2890625000000001
4 0.66875 0.2687500000000001 0.659375 0.2687500000000001 0.659375 0.2828125000000001 0.66875 0.2828125000000001
4 0.71875 0.12343750000000009 0.709375 0.12343750000000009 0.709375 0.1390625000000001 0.71875 0.1390625000000001
4 0.7234375 0.2156250000000001 0.715625 0.2156250000000001 0.715625 0.2312500000000001 0.7234375 0.2312500000000001
4 0.7578125 0.1859375000000001 0.75 0.1859375000000001 0.75 0.2000000000000001 0.7578125 0.2000000000000001
4 0.759375 0.08125000000000009 0.7515625 0.08125000000000009 0.7515625 0.09687500000000009 0.759375 0.09687500000000009
2 0.853125 1.0323389814687454e-16 0.8328125 1.019901162414905e-16 0.8328125 0.0281250000000001 0.853125 0.0281250000000001
2 0.8390625 0.021875000000000103 0.81875 0.0218750000000001 0.81875 0.05312500000000011 0.8390625 0.05312500000000011
2 0.840625 0.08437500000000012 0.821875 0.08437500000000012 0.821875 0.1140625000000001 0.840625 0.1140625000000001
2 0.7984375 0.07968750000000009 0.78125 0.07968750000000009 0.78125 0.10937500000000008 0.7984375 0.10937500000000008
2 0.7828125 0.10781250000000009 0.7625 0.10781250000000009 0.7625 0.14218750000000008 0.7828125 0.14218750000000008
2 0.809375 0.12500000000000008 0.7890625 0.12500000000000008 0.7890625 0.16562500000000008 0.809375 0.16562500000000008
2 0.8421875 0.1312500000000001 0.8171875 0.1312500000000001 0.8171875 0.1671875000000001 0.8421875 0.1671875000000001
2 0.7875 0.1531250000000001 0.76875 0.1531250000000001 0.76875 0.18125000000000008 0.7875 0.18125000000000008
2 0.759375 0.1359375000000001 0.7359375 0.1359375000000001 0.7359375 0.1671875000000001 0.759375 0.1671875000000001
2 0.728125 0.18125000000000008 0.709375 0.18125000000000008 0.709375 0.2078125000000001 0.728125 0.2078125000000001
2 0.7453125 0.07656250000000009 0.725 0.07656250000000009 0.725 0.11093750000000009 0.7453125 0.11093750000000009
2 0.7125 0.2062500000000001 0.6921875 0.2062500000000001 0.6921875 0.2375000000000001 0.7125 0.2375000000000001
2 0.74375 0.18906250000000008 0.725 0.18906250000000008 0.725 0.22031250000000008 0.74375 0.22031250000000008
2 0.759375 0.21093750000000008 0.7421875 0.21093750000000008 0.7421875 0.2390625000000001 0.759375 0.2390625000000001
2 0.740625 0.2296875000000001 0.721875 0.2296875000000001 0.721875 0.2531250000000001 0.740625 0.2531250000000001
2 0.6859375 0.2531250000000001 0.671875 0.2531250000000001 0.671875 0.2828125000000001 0.6859375 0.2828125000000001
2 0.675 0.2218750000000001 0.6546875 0.2218750000000001 0.6546875 0.2609375000000001 0.675 0.2609375000000001
2 0.66875 0.2828125000000001 0.6546875 0.2828125000000001 0.6546875 0.30937500000000007 0.66875 0.30937500000000007
2 0.7046875 0.2875000000000001 0.6875 0.2875000000000001 0.6875 0.3140625000000001 0.7046875 0.3140625000000001
2 0.6109375 0.4078125 0.596875 0.4078125 0.596875 0.4328125 0.6109375 0.4328125
2 0.6234375 0.4453125 0.6078125 0.4453125 0.6078125 0.46875 0.6234375 0.46875
1 0.590625 0.64375 0.5546875 0.64375 0.5546875 0.7203125 0.590625 0.7203125
2 0.6718750000000002 0.728125 0.6546875000000002 0.728125 0.6546875000000002 0.76875 0.6718750000000002 0.76875
2 0.6015625000000002 0.7375 0.5812500000000002 0.7375 0.5812500000000002 0.78125 0.6015625000000002 0.78125
2 0.7546875000000002 0.91875 0.7296875000000002 0.91875 0.7296875000000002 0.9546875 0.7546875000000002 0.9546875
4 0.6171875 0.6890625 0.609375 0.6890625 0.609375 0.7140625 0.6171875 0.7140625
4 0.6328125 0.5484375 0.61875 0.5484375 0.61875 0.565625 0.6328125 0.565625
4 0.6125 0.5390625 0.603125 0.5390625 0.603125 0.5578125 0.6125 0.5578125
4 0.771875 0.050000000000000086 0.7640625 0.050000000000000086 0.7640625 0.06562500000000009 0.771875 0.06562500000000009
0 0.6875 0.0750000000000001 0.675 0.0750000000000001 0.675 0.09375000000000008 0.6875 0.09375000000000008
0 0.675 0.08437500000000009 0.6640625 0.08437500000000009 0.6640625 0.1062500000000001 0.675 0.1062500000000001
2 0.7375 0.01562500000000009 0.71875 0.01562500000000009 0.71875 0.04531250000000009 0.7375 0.04531250000000009
0 0.8140625 0.05156250000000009 0.8015625 0.05156250000000009 0.8015625 0.07656250000000009 0.8140625 0.07656250000000009
0 0.796875 0.10781250000000009 0.7859375 0.10781250000000009 0.7859375 0.12343750000000009 0.796875 0.12343750000000009
0 0.8171875 0.10312500000000009 0.803125 0.10312500000000009 0.803125 0.12031250000000009 0.8171875 0.12031250000000009
0 0.853125 0.05937500000000011 0.8390625 0.05937500000000011 0.8390625 0.07812500000000011 0.853125 0.07812500000000011
0 0.771875 0.1843750000000001 0.759375 0.1843750000000001 0.759375 0.2062500000000001 0.771875 0.2062500000000001
3 0.7203125 0.2312500000000001 0.69375 0.2312500000000001 0.69375 0.2718750000000001 0.7203125 0.2718750000000001
1 0.6625 0.3062500000000001 0.61875 0.3062500000000001 0.61875 0.39531250000000007 0.6625 0.39531250000000007
0 0.4046875 0.14375000000000004 0.390625 0.14375000000000004 0.390625 0.16562500000000005 0.4046875 0.16562500000000005
2 0.4 0.2843750000000001 0.3859375 0.2843750000000001 0.3859375 0.3218750000000001 0.4 0.3218750000000001
4 0.4015625 0.3437500000000001 0.3921875 0.3437500000000001 0.3921875 0.36406250000000007 0.4015625 0.36406250000000007
4 0.17031250000000012 0.9015625 0.1609375000000001 0.9015625 0.16093750000000012 0.91875 0.17031250000000014 0.91875
4 0.5453125 0.6625 0.5359375 0.6625 0.5359375 0.68125 0.5453125 0.68125
4 0.5546875 0.65625 0.5453125 0.65625 0.5453125 0.6765625 0.5546875 0.6765625
4 0.64375 0.54375 0.6375 0.54375 0.6375 0.5625 0.64375 0.5625
0 0.625 0.478125 0.615625 0.478125 0.615625 0.4984375 0.625 0.4984375
2 0.659375 0.4859375 0.646875 0.4859375 0.646875 0.521875 0.659375 0.521875
0 0.6359375 0.421875 0.625 0.421875 0.625 0.4421875 0.6359375 0.4421875
4 0.88125 0.02812500000000011 0.8703125 0.02812500000000011 0.8703125 0.04843750000000011 0.88125 0.04843750000000011
2 0.8765625 1.0610416408237614e-16 0.85625 1.0486038217699211e-16 0.85625 0.026562500000000107 0.8765625 0.02656250000000011
2 0.7921875 9.567553118338697e-17 0.7703125 9.433607374681956e-17 0.7703125 0.03281250000000009 0.7921875 0.0328125000000001
2 0.8125 0.001562500000000098 0.790625 0.0015625000000000972 0.790625 0.0359375000000001 0.8125 0.0359375000000001
2 0.728125 0.13281250000000008 0.7078125 0.13281250000000008 0.7078125 0.1625000000000001 0.728125 0.1625000000000001
4 0.703125 0.14062500000000008 0.690625 0.14062500000000008 0.690625 0.1593750000000001 0.703125 0.1593750000000001
4 0.6859375 0.1609375000000001 0.6765625 0.1609375000000001 0.6765625 0.1765625000000001 0.6859375 0.1765625000000001
4 0.684375 0.18125000000000008 0.675 0.18125000000000008 0.675 0.19687500000000008 0.684375 0.19687500000000008
4 0.69375 0.1859375000000001 0.684375 0.1859375000000001 0.684375 0.20312500000000008 0.69375 0.20312500000000008
4 0.6515625 0.20312500000000008 0.64375 0.20312500000000008 0.64375 0.21875000000000008 0.6515625 0.21875000000000008
2 0.6078125 0.30937500000000007 0.5875 0.30937500000000007 0.5875 0.3390625000000001 0.6078125 0.3390625000000001
4 0.553125 0.4078125 0.5421875 0.4078125 0.5421875 0.4234375 0.553125 0.4234375
2 0.4109375 0.559375 0.3921875000000001 0.559375 0.3921875000000001 0.5875 0.4109375 0.5875
4 0.37187500000000007 0.5921875 0.36406250000000007 0.5921875 0.36406250000000007 0.6078125 0.37187500000000007 0.6078125
4 0.14062500000000014 0.975 0.12968750000000012 0.975 0.12968750000000012 0.9859375 0.14062500000000014 0.9859375
4 0.12812500000000013 0.9671875 0.11562500000000013 0.9671875 0.11562500000000013 0.9859375 0.12812500000000013 0.9859375
4 0.4234375 0.5234375 0.4140625 0.5234375 0.4140625 0.5390625 0.4234375 0.5390625
4 0.515625 0.4125 0.50625 0.4125 0.50625 0.4265625 0.515625 0.4265625
2 0.421875 0.409375 0.409375 0.409375 0.409375 0.4484375 0.421875 0.4484375
2 0.4140625 0.475 0.40625 0.475 0.40625 0.490625 0.4140625 0.490625
2 0.3671875 0.06875000000000005 0.3484375 0.06875000000000005 0.3484375 0.10312500000000005 0.3671875 0.10312500000000005
2 0.5640625 0.6921875 0.55 0.6921875 0.55 0.725 0.5640625 0.725
0 0.3421875000000001 0.509375 0.3265625000000001 0.509375 0.3265625000000001 0.5390625 0.3421875000000001 0.5390625
4 0.453125 0.2718750000000001 0.446875 0.2718750000000001 0.446875 0.2843750000000001 0.453125 0.2843750000000001
4 0.446875 0.2718750000000001 0.440625 0.2718750000000001 0.440625 0.2843750000000001 0.446875 0.2843750000000001
4 0.3984375 0.05468750000000004 0.3890625 0.05468750000000004 0.3890625 0.07187500000000005 0.3984375 0.07187500000000005
2 0.45 0.19843750000000004 0.4328125 0.19843750000000004 0.4328125 0.22812500000000008 0.45 0.22812500000000008
4 0.6703125 0.3140625000000001 0.6625 0.3140625000000001 0.6625 0.3234375000000001 0.6703125 0.3234375000000001
4 0.63125 0.4640625 0.625 0.4640625 0.625 0.4734375 0.63125 0.4734375
4 0.434375 0.5171875 0.428125 0.5171875 0.428125 0.5328125 0.434375 0.5328125
0 0.23593750000000008 0.6765625 0.22031250000000008 0.6765625 0.22031250000000008 0.6984375 0.23593750000000008 0.6984375
2 0.2062500000000001 0.6578125 0.1859375000000001 0.6578125 0.1859375000000001 0.696875 0.2062500000000001 0.696875
2 0.1921875000000001 0.7703125 0.1750000000000001 0.7703125 0.1750000000000001 0.796875 0.1921875000000001 0.796875
2 0.690625 0.2812500000000001 0.671875 0.2812500000000001 0.671875 0.31718750000000007 0.690625 0.31718750000000007