4 0.759375 0.5375000000000002 0.74375 0.5375000000000002 0.74375 0.5562500000000001 0.759375 0.5562500000000001
4 0.671875 0.5359375 0.65625 0.5359375 0.65625 0.5546875 0.671875 0.5546875
4 0.58125 0.415625 0.565625 0.415625 0.565625 0.4328125 0.58125 0.4328125
4 0.4421875 0.4078125 0.4265625 0.4078125 0.4265625 0.4265625 0.4421875 0.4265625
4 0.421875 0.4921875 0.403125 0.4921875 0.403125 0.5109375 0.421875 0.5109375
4 0.27187500000000003 0.359375 0.2515625 0.359375 0.2515625 0.378125 0.2718750000000001 0.378125
4 0.07187500000000006 0.5984375 0.056250000000000064 0.5984375 0.056250000000000064 0.6125 0.07187500000000006 0.6125
4 0.07187500000000004 0.2625 0.059375000000000025 0.2625 0.05937500000000003 0.290625 0.07187500000000005 0.290625
4 0.012500000000000034 0.2640625 0.0015625000000000326 0.2640625 0.0015625000000000343 0.2921875 0.012500000000000034 0.2921875
4 0.0265625 2.678914873134835e-18 0.0171875 2.1048616860345133e-18 0.0171875 0.021875000000000002 0.0265625 0.021875000000000006
4 0.0125 1.0524308430172566e-18 0.0046875 5.740531871003218e-19 0.0046875000000000016 0.0171875 0.0125 0.0171875
2 0.026562500000000006 0.021875000000000002 0.004687500000000002 0.021875 0.004687500000000006 0.071875 0.02656250000000001 0.071875
2 0.05625000000000002 0.1109375 0.03593750000000001 0.1109375 0.03593750000000002 0.1640625 0.05625000000000002 0.1640625
2 0.03906250000000002 0.165625 0.02343750000000002 0.165625 0.023437500000000024 0.2125 0.03906250000000002 0.2125
2 0.051562500000000025 0.178125 0.035937500000000025 0.178125 0.035937500000000025 0.221875 0.051562500000000025 0.221875
2 0.026562500000000027 0.2171875 0.009375000000000027 0.2171875 0.009375000000000031 0.2640625 0.026562500000000034 0.2640625
2 0.04218750000000003 0.221875 0.026562500000000024 0.221875 0.026562500000000027 0.265625 0.04218750000000003 0.265625
2 0.01093750000000004 0.2859375 3.501724441311963e-17 0.2859375 3.7791834817437855e-17 0.33125 0.010937500000000041 0.33125
2 0.16718750000000004 0.2359375 0.13906250000000003 0.2359375 0.13906250000000003 0.2859375 0.16718750000000004 0.2859375
2 0.012500000000000067 0.5296875 6.486801014233636e-17 0.5296875 6.620746757890379e-17 0.5515625 0.012500000000000067 0.5515625
2 0.03593750000000007 0.5046875 0.012500000000000061 0.5046875 0.012500000000000063 0.5296875 0.03593750000000007 0.5296875
2 0.03906250000000007 0.565625 0.012500000000000067 0.565625 0.01250000000000007 0.59375 0.039062500000000076 0.59375
2 0.08125000000000007 0.54375 0.05156250000000007 0.54375 0.05156250000000007 0.5703125 0.08125000000000007 0.5703125
2 0.09531250000000006 0.50625 0.06875000000000006 0.50625 0.06875000000000006 0.534375 0.09531250000000006 0.534375
2 0.11718750000000007 0.53125 0.09375000000000007 0.53125 0.09375000000000007 0.55625 0.11718750000000008 0.55625
2 0.12031250000000009 0.55625 0.09843750000000007 0.55625 0.09843750000000007 0.5828125 0.12031250000000009 0.5828125
2 0.16718750000000007 0.53125 0.14062500000000006 0.53125 0.14062500000000006 0.5546875 0.1671875000000001 0.5546875
2 0.509375 0.35625000000000007 0.484375 0.35625000000000007 0.484375 0.3812500000000001 0.509375 0.3812500000000001
2 0.7328125 0.4859375000000001 0.703125 0.4859375 0.703125 0.5125000000000001 0.7328125 0.5125000000000002
2 0.8875 0.5062500000000002 0.8609375 0.5062500000000002 0.8609375 0.5312500000000002 0.8875 0.5312500000000002
2 0.99375 0.3203125000000001 0.9703125 0.3203125000000001 0.9703125 0.3500000000000001 0.99375 0.3500000000000001
2 0.78125 0.1609375000000001 0.7546875 0.1609375000000001 0.7546875 0.1859375000000001 0.78125 0.1859375000000001
2 0.7890625 0.2390625000000001 0.7609375 0.2390625000000001 0.7609375 0.27031250000000007 0.7890625 0.27031250000000007
3 0.9484375 0.3859375000000001 0.928125 0.3859375000000001 0.928125 0.4078125000000002 0.9484375 0.4078125000000002
3 0.3593750000000001 0.525 0.29375000000000007 0.525 0.29375000000000007 0.5640625 0.3593750000000001 0.5640625
3 0.15625000000000006 0.503125 0.12656250000000005 0.503125 0.12656250000000005 0.53125 0.15625000000000006 0.53125
0 0.03593750000000003 0.2703125 0.017187500000000033 0.2703125 0.017187500000000036 0.3 0.03593750000000003 0.3
0 0.20312500000000006 0.3609375 0.18125000000000005 0.3609375 0.18125000000000005 0.3859375 0.20312500000000008 0.3859375
0 0.06093750000000007 0.5765625 0.042187500000000065 0.5765625 0.04218750000000007 0.6 0.06093750000000007 0.6
0 0.6859375 0.4203125 0.6640625 0.4203125 0.6640625 0.45625 0.6859375 0.45625
6 0.4875 0.5671875 0.4453125 0.5671875 0.4453125 0.6046875 0.4875 0.6046875
6 0.08437500000000005 0.29375 0.05468750000000004 0.29375 0.05468750000000004 0.3703125 0.08437500000000005 0.3703125