2 0.3421875 0.26875 0.325 0.26875 0.325 0.2828125 0.3421875 0.2828125
2 0.4015625 0.2296875000000001 0.390625 0.2296875000000001 0.390625 0.2515625000000001 0.4015625 0.2515625000000001
2 0.3953125 0.19687500000000005 0.378125 0.19687500000000005 0.378125 0.2156250000000001 0.3953125 0.2156250000000001
2 0.50625 0.3046875000000001 0.496875 0.3046875000000001 0.496875 0.3343750000000001 0.50625 0.3343750000000001
2 0.5171875 0.3046875000000001 0.509375 0.3046875000000001 0.509375 0.3343750000000001 0.5171875 0.3343750000000001
2 0.5578125 0.2984375000000001 0.55 0.2984375000000001 0.55 0.3234375000000001 0.5578125 0.3234375000000001
2 0.5671875 0.2984375000000001 0.559375 0.2984375000000001 0.559375 0.3234375000000001 0.5671875 0.3234375000000001
2 0.9609375 0.8609375 0.95 0.8609375 0.95 0.8859375 0.9609375 0.8859375
2 0.94375 0.8921875 0.934375 0.8921875 0.934375 0.921875 0.94375 0.921875
2 0.71875 0.6390625 0.709375 0.6390625 0.709375 0.6625 0.71875 0.6625
6 0.9 0.6296875000000002 0.859375 0.6296875000000002 0.859375 0.6500000000000001 0.9 0.6500000000000001
5 0.7375 0.3703125000000001 0.690625 0.3703125000000001 0.690625 0.3890625000000001 0.7375 0.3890625000000001
6 0.678125 0.3703125000000001 0.6375 0.3703125000000001 0.6375 0.3906250000000001 0.678125 0.3906250000000001
6 0.2828125000000001 0.6203125 0.2531250000000001 0.6203125 0.2531250000000001 0.6390625 0.2828125000000001 0.6390625
6 0.1546875000000001 0.6234375 0.11562500000000009 0.6234375 0.11562500000000009 0.64375 0.1546875000000001 0.64375
6 0.1281250000000001 0.6546875 0.08906250000000009 0.6546875 0.08906250000000009 0.6796875 0.1281250000000001 0.6796875
4 0.546875 0.2656250000000001 0.5421875 0.2656250000000001 0.5421875 0.2796875000000001 0.546875 0.2796875000000001
3 0.7625000000000002 0.84375 0.7406250000000002 0.84375 0.7406250000000002 0.8625 0.7625000000000002 0.8625
3 0.7140625000000002 0.8796875 0.7046875000000001 0.8796875 0.7046875000000001 0.9140625 0.7140625000000002 0.9140625
4 0.5234375 0.2640625000000001 0.5203125 0.2640625000000001 0.5203125 0.27812500000000007 0.5234375 0.27812500000000007
4 0.540625 0.2765625000000001 0.5375 0.2765625000000001 0.5375 0.2921875000000001 0.540625 0.2921875000000001
4 0.5671875 0.2671875000000001 0.5625 0.2671875000000001 0.5625 0.2828125000000001 0.5671875 0.2828125000000001
4 0.578125 0.2921875000000001 0.5734375 0.2921875000000001 0.5734375 0.3062500000000001 0.578125 0.3062500000000001
4 0.565625 0.2250000000000001 0.5625 0.2250000000000001 0.5625 0.2390625000000001 0.565625 0.2390625000000001
4 0.53125 0.2156250000000001 0.528125 0.2156250000000001 0.528125 0.2250000000000001 0.53125 0.2250000000000001
4 0.5390625 0.2140625000000001 0.534375 0.2140625000000001 0.534375 0.22656250000000008 0.5390625 0.22656250000000008
4 0.5765625 0.22656250000000008 0.5734375 0.22656250000000008 0.5734375 0.2406250000000001 0.5765625 0.2406250000000001
4 0.515625 0.26250000000000007 0.5109375 0.26250000000000007 0.5109375 0.2765625000000001 0.515625 0.2765625000000001
4 0.4109375 0.25468750000000007 0.40625 0.25468750000000007 0.40625 0.2671875000000001 0.4109375 0.2671875000000001
4 0.571875 0.22812500000000008 0.56875 0.22812500000000008 0.56875 0.24218750000000008 0.571875 0.24218750000000008
4 0.528125 0.2656250000000001 0.525 0.2656250000000001 0.525 0.2796875000000001 0.528125 0.2796875000000001
4 0.5359375 0.2828125000000001 0.5328125 0.2828125000000001 0.5328125 0.29375000000000007 0.5359375 0.29375000000000007
4 0.54375 0.2828125000000001 0.540625 0.2828125000000001 0.540625 0.29375000000000007 0.54375 0.29375000000000007
0 0.8234375 0.6359375000000002 0.8078125 0.6359375000000002 0.8078125 0.6515625000000002 0.8234375 0.6515625000000002
2 0.678125 0.6359375 0.6734375 0.6359375 0.6734375 0.659375 0.678125 0.659375
2 0.671875 0.6171875 0.665625 0.6171875 0.665625 0.640625 0.671875 0.640625
2 0.6640625 0.6203125 0.6578125 0.6203125 0.6578125 0.6421875 0.6640625 0.6421875
2 0.671875 0.6453125 0.665625 0.6453125 0.665625 0.6640625 0.671875 0.6640625
0 0.821875 0.5984375000000002 0.809375 0.5984375000000002 0.809375 0.6062500000000002 0.821875 0.6062500000000002
2 0.9703125 0.909375 0.9625 0.909375 0.9625 0.9328125 0.9703125 0.9328125
2 0.978125 0.8484375 0.9640625 0.8484375 0.9640625 0.8734375 0.978125 0.8734375
5 0.9984375 0.5500000000000002 0.9265625 0.5500000000000002 0.9265625 0.5734375000000002 0.9984375 0.5734375000000002
2 0.9890625 0.7953125000000002 0.975 0.7953125000000002 0.975 0.8265625 0.9890625 0.8265625
0 0.7953125 0.5968750000000002 0.7828125 0.5968750000000002 0.7828125 0.6109375000000001 0.7953125 0.6109375000000001
6 0.7296875 0.5937500000000001 0.703125 0.59375 0.703125 0.6109375000000001 0.7296875 0.6109375000000001
3 0.75625 0.5921875000000002 0.7359375 0.5921875000000002 0.7359375 0.6046875000000002 0.75625 0.6046875000000002
2 0.5765625 0.6125 0.565625 0.6125 0.565625 0.6265625 0.5765625 0.6265625
2 0.478125 0.578125 0.4640625 0.578125 0.4640625 0.5921875 0.478125 0.5921875
2 0.78125 0.3828125000000001 0.7671875 0.3828125000000001 0.7671875 0.3937500000000001 0.78125 0.3937500000000001
6 0.84375 0.4625000000000002 0.8078125 0.4625000000000002 0.8078125 0.47968750000000016 0.84375 0.47968750000000016
6 0.023437500000000076 0.6015625 7.367015901120797e-17 0.6015625 7.481826538540861e-17 0.6203125 0.023437500000000076 0.6203125
4 0.9390625 0.3656250000000001 0.9328125 0.3656250000000001 0.9328125 0.3765625000000001 0.9390625 0.3765625000000001
2 0.7734375 0.4000000000000002 0.7578125 0.4000000000000002 0.7578125 0.41406250000000017 0.7734375 0.41406250000000017
5 0.7171875 0.4421875 0.6765625 0.4421875 0.6765625 0.4578125 0.7171875 0.4578125
4 0.8609375 0.5859375000000002 0.8515625 0.5859375000000002 0.8515625 0.5937500000000002 0.8609375 0.5937500000000002
4 0.75 0.42187500000000017 0.74375 0.42187500000000017 0.74375 0.4312500000000002 0.75 0.4312500000000002
6 0.9625 0.5265625000000002 0.9234375 0.5265625000000002 0.9234375 0.5468750000000002 0.9625 0.5468750000000002
2 0.14218750000000008 0.53125 0.12656250000000005 0.53125 0.12656250000000008 0.5453125 0.14218750000000008 0.5453125
6 0.8 0.4156250000000002 0.76875 0.4156250000000002 0.76875 0.4390625000000002 0.8 0.4390625000000002
6 0.65625 0.440625 0.6265625 0.440625 0.6265625 0.459375 0.65625 0.459375
4 0.4953125 0.5453125 0.4859375 0.5453125 0.4859375 0.5546875 0.4953125 0.5546875
4 0.2734375000000001 0.59375 0.2640625000000001 0.59375 0.2640625000000001 0.603125 0.2734375000000001 0.603125
2 0.6015625 0.55625 0.5875 0.55625 0.5875 0.5671875 0.6015625 0.5671875
6 0.6296875 0.4640625 0.6 0.4640625 0.6 0.4828125 0.6296875 0.4828125
0 0.715625 0.3921875000000001 0.70625 0.3921875000000001 0.70625 0.4015625 0.715625 0.4015625
2 0.9796875 0.4703125000000002 0.9640625 0.4703125000000002 0.9640625 0.48437500000000017 0.9796875 0.48437500000000017
4 0.771875 0.5468750000000002 0.759375 0.5468750000000002 0.759375 0.5609375000000002 0.771875 0.5609375000000002
4 0.5140625 0.6015625 0.50625 0.6015625 0.50625 0.6109375 0.5140625 0.6109375
3 0.8453125 0.3000000000000001 0.8359375 0.3000000000000001 0.8359375 0.3343750000000001 0.8453125 0.3343750000000001
5 0.921875 0.3765625000000001 0.875 0.3765625000000001 0.875 0.3937500000000001 0.921875 0.3937500000000001
6 0.5609375 0.4375 0.53125 0.4375 0.53125 0.45625 0.5609375 0.45625
6 0.4921875 0.440625 0.453125 0.440625 0.453125 0.459375 0.4921875 0.459375
6 0.4875 0.4609375 0.4578125 0.4609375 0.4578125 0.4765625 0.4875 0.4765625
6 0.4453125 0.4828125 0.415625 0.4828125 0.415625 0.5 0.4453125 0.5
4 0.3421875000000001 0.39375 0.3359375000000001 0.39375 0.3359375000000001 0.403125 0.3421875000000001 0.403125
6 0.29375000000000007 0.4546875 0.25468750000000007 0.4546875 0.25468750000000007 0.475 0.29375000000000007 0.475
6 0.15000000000000005 0.390625 0.12343750000000005 0.390625 0.12343750000000005 0.4109375 0.15000000000000005 0.4109375
5 0.11718750000000004 0.46875 0.07031250000000007 0.46875 0.07031250000000007 0.484375 0.11718750000000004 0.484375
2 0.1062500000000001 0.5828125 0.09062500000000007 0.5828125 0.09062500000000007 0.596875 0.1062500000000001 0.596875
0 0.2171875000000001 0.553125 0.2015625000000001 0.553125 0.2015625000000001 0.5640625 0.2171875000000001 0.5640625
0 0.26250000000000007 0.6015625 0.2531250000000001 0.6015625 0.2531250000000001 0.6125 0.26250000000000007 0.6125
6 0.7390625 0.5312500000000001 0.7140625 0.53125 0.7140625 0.5515625000000001 0.7390625 0.5515625000000002
2 0.8078125 0.5781250000000002 0.79375 0.5781250000000002 0.79375 0.5921875000000002 0.8078125 0.5921875000000002
3 0.821875 0.5656250000000002 0.809375 0.5656250000000002 0.809375 0.5843750000000002 0.821875 0.5843750000000002
4 0.8984375 0.5890625000000002 0.890625 0.5890625000000002 0.890625 0.6000000000000002 0.8984375 0.6000000000000002
4 0.93125 0.6062500000000002 0.921875 0.6062500000000002 0.921875 0.6156250000000002 0.93125 0.6156250000000002
4 0.8953125 0.6062500000000002 0.8875 0.6062500000000002 0.8875 0.6171875000000002 0.8953125 0.6171875000000002
4 0.93125 0.6531250000000002 0.921875 0.6531250000000002 0.921875 0.6671875000000002 0.93125 0.6671875000000002
2 0.9359375 0.5843750000000002 0.91875 0.5843750000000002 0.91875 0.6000000000000002 0.9359375 0.6000000000000002
2 0.99375 0.871875 0.9796875 0.871875 0.9796875 0.8953125 0.99375 0.8953125
2 1 0.903125 0.990625 0.903125 0.990625 0.925 1 0.925