1 0.15312500000000007 0.540625 0.07968750000000006 0.540625 0.07968750000000006 0.56875 0.1531250000000001 0.56875
1 0.2328125000000001 0.5328125 0.15937500000000004 0.5328125 0.15937500000000007 0.5703125 0.2328125000000001 0.5703125
4 0.020312500000000087 0.7015625 0.001562500000000086 0.7015625 0.001562500000000087 0.7203125 0.020312500000000087 0.7203125
3 0.017187500000000116 0.9421875 1.1538469060716468e-16 0.9421875 1.1662847251254872e-16 0.9625 0.017187500000000116 0.9625
3 0.012500000000000105 0.8484375 1.0390362686515824e-16 0.8484375 1.0524308430172568e-16 0.8703125 0.012500000000000105 0.8703125
3 0.0312500000000001 0.8296875 0.0125000000000001 0.8296875 0.012500000000000103 0.8546875 0.0312500000000001 0.8546875
2 0.1468750000000001 0.734375 0.12031250000000009 0.734375 0.12031250000000009 0.7578125 0.1468750000000001 0.7578125
4 0.1937500000000001 0.6890625 0.1765625000000001 0.6890625 0.1765625000000001 0.7078125 0.1937500000000001 0.7078125
2 0.3140625000000001 0.8375 0.2890625000000001 0.8375 0.2890625000000001 0.8640625 0.3140625000000001 0.8640625
4 0.3578125000000001 0.5921875 0.3437500000000001 0.5921875 0.3437500000000001 0.6078125 0.3578125000000001 0.6078125
4 0.34843750000000007 0.534375 0.3375000000000001 0.534375 0.3375000000000001 0.5515625 0.34843750000000007 0.5515625
4 0.39531250000000007 0.90625 0.3812500000000001 0.90625 0.3812500000000001 0.9203125 0.39531250000000007 0.9203125
2 0.4390625000000002 0.8265625 0.4156250000000002 0.8265625 0.4156250000000002 0.8484375 0.4390625000000002 0.8484375
6 0.5250000000000001 0.828125 0.4906250000000002 0.828125 0.4906250000000002 0.8625 0.5250000000000001 0.8625
6 0.4234375000000002 0.8640625 0.4031250000000002 0.8640625 0.4031250000000002 0.884375 0.4234375000000002 0.884375
4 0.4421875000000002 0.78125 0.42968750000000017 0.78125 0.42968750000000017 0.7921875 0.4421875000000002 0.7921875
6 0.4703125 0.5578125 0.4515625 0.5578125 0.4515625 0.6140625 0.4703125 0.6140625
4 0.490625 0.4859375 0.4828125 0.4859375 0.4828125 0.5078125 0.490625 0.5078125
4 0.4734375 0.4453125 0.4671875 0.4453125 0.4671875 0.4671875 0.4734375 0.4671875
2 0.5359375 0.2750000000000001 0.5203125 0.2750000000000001 0.5203125 0.3234375000000001 0.5359375 0.3234375000000001
4 0.5890625 0.6203125 0.575 0.6203125 0.575 0.640625 0.5890625 0.640625
4 0.6093750000000002 0.8203125 0.5953125000000001 0.8203125 0.5953125000000001 0.8328125 0.6093750000000002 0.8328125
4 0.6437500000000002 0.7984375 0.6296875000000002 0.7984375 0.6296875000000002 0.8140625 0.6437500000000002 0.8140625
4 0.81875 0.809375 0.803125 0.809375 0.803125 0.825 0.81875 0.825
6 0.8953125 0.8625 0.8671875 0.8625 0.8671875 0.8875 0.8953125 0.8875
3 0.9046875 0.8359375 0.8859375 0.8359375 0.8859375 0.85625 0.9046875 0.85625
4 0.9015625 0.8109375 0.8828125 0.8109375 0.8828125 0.8265625 0.9015625 0.8265625
6 1 0.7546875000000002 0.98125 0.7546875000000002 0.98125 0.7828125000000001 1 0.7828125000000001
4 1 0.8125 0.9890625 0.8125 0.9890625 0.8328125 1 0.8328125
3 0.5203125000000002 0.93125 0.5015625000000001 0.93125 0.5015625000000001 0.946875 0.5203125000000002 0.946875