5 0.2531250000000001 0.6734375 0.18906250000000008 0.6734375 0.18906250000000008 0.70625 0.2531250000000001 0.70625
5 0.3125000000000001 0.665625 0.2531250000000001 0.665625 0.2531250000000001 0.6921875 0.3125000000000001 0.6921875
5 0.1703125000000001 0.8015625 0.1140625000000001 0.8015625 0.1140625000000001 0.8703125 0.1703125000000001 0.8703125
5 0.721875 0.6703125 0.6609375 0.6703125 0.6609375000000001 0.7265625 0.7218750000000002 0.7265625
5 0.5281250000000002 0.7984375 0.47656250000000017 0.7984375 0.47656250000000017 0.84375 0.5281250000000002 0.84375
4 0.32500000000000007 0.69375 0.30937500000000007 0.69375 0.30937500000000007 0.7046875 0.32500000000000007 0.7046875
4 0.2562500000000001 0.8890625 0.2406250000000001 0.8890625 0.2406250000000001 0.903125 0.2562500000000001 0.903125
4 0.26250000000000007 0.93125 0.2515625000000001 0.93125 0.2515625000000001 0.9515625 0.26250000000000007 0.9515625
2 0.6015625000000002 0.8390625 0.5765625000000002 0.8390625 0.5765625000000002 0.875 0.6015625000000002 0.875
2 0.5703125000000002 0.815625 0.5437500000000002 0.815625 0.5437500000000002 0.840625 0.5703125000000002 0.840625
2 0.5171875000000001 0.7265625 0.4937500000000002 0.7265625 0.4937500000000002 0.7703125 0.5171875000000001 0.7703125
2 0.5453125000000002 0.7453125 0.5234375000000002 0.7453125 0.5234375000000002 0.79375 0.5453125000000002 0.79375
2 0.49375 0.5796875 0.4734375 0.5796875 0.4734375 0.634375 0.49375 0.634375
2 0.49375 0.45 0.4734375 0.45 0.4734375 0.5015625 0.49375 0.5015625
2 0.4859375 0.3593750000000001 0.4703125 0.3593750000000001 0.4703125 0.4171875 0.4859375 0.4171875
0 0.4671875 0.11718750000000004 0.453125 0.11718750000000004 0.453125 0.14843750000000006 0.4671875 0.14843750000000006
0 0.5140625 0.6796875 0.503125 0.6796875 0.503125 0.7140625 0.5140625 0.7140625
2 0.4187500000000002 0.803125 0.3890625000000001 0.803125 0.3890625000000001 0.828125 0.4187500000000002 0.828125
2 0.4125000000000002 0.778125 0.3812500000000001 0.778125 0.3812500000000001 0.803125 0.4125000000000002 0.803125
2 0.3890625000000001 0.9203125 0.3593750000000001 0.9203125 0.3593750000000001 0.9484375 0.3890625000000001 0.9484375
3 0.625 0.6640625 0.59375 0.6640625 0.59375 0.6921875 0.625 0.6921875
4 0.896875 0.7093750000000002 0.8828125 0.7093750000000002 0.8828125 0.7281250000000001 0.896875 0.7281250000000001
4 0.7750000000000001 0.7578125000000002 0.7625000000000002 0.7578125000000002 0.7625000000000002 0.7765625000000002 0.7750000000000001 0.7765625000000002
4 1 0.871875 0.98125 0.871875 0.98125 0.8875 1 0.8875
4 0.7015625000000002 0.771875 0.6812500000000001 0.771875 0.6812500000000001 0.7875 0.7015625000000002 0.7875
4 0.48750000000000016 0.75625 0.4734375000000002 0.75625 0.4734375000000002 0.775 0.48750000000000016 0.775
4 0.4031250000000002 0.7578125 0.38750000000000007 0.7578125 0.38750000000000007 0.7734375 0.4031250000000002 0.7734375
4 0.11875000000000009 0.7265625 0.10312500000000009 0.7265625 0.10312500000000009 0.7453125 0.11875000000000009 0.7453125
4 0.04843750000000012 0.9484375 0.03125000000000011 0.9484375 0.03125000000000012 0.965625 0.04843750000000012 0.965625
4 0.015625000000000118 0.9390625 0.004687500000000115 0.9390625 0.004687500000000117 0.9609375 0.015625000000000118 0.9609375
4 0.3812500000000001 0.765625 0.3671875000000001 0.765625 0.3671875000000001 0.7796875 0.3812500000000001 0.7796875
4 0.47187500000000016 0.790625 0.4546875000000002 0.790625 0.4546875000000002 0.809375 0.47187500000000016 0.809375