0 0.1140625000000001 0.840625 0.10156250000000008 0.840625 0.10156250000000008 0.86875 0.1140625000000001 0.86875
4 0.1359375000000001 0.8484375 0.12500000000000008 0.8484375 0.12500000000000008 0.8640625 0.1359375000000001 0.8640625
2 0.2171875000000001 0.953125 0.2015625000000001 0.953125 0.2015625000000001 0.9875 0.2171875000000001 0.9875
2 0.2390625000000001 0.9296875 0.22031250000000008 0.9296875 0.22031250000000008 0.9609375 0.2390625000000001 0.9609375
0 0.2875000000000001 0.8578125 0.2750000000000001 0.8578125 0.2750000000000001 0.8796875 0.2875000000000001 0.8796875
2 0.2234375000000001 0.740625 0.2078125000000001 0.740625 0.2078125000000001 0.7703125 0.2234375000000001 0.7703125
0 0.2328125000000001 0.69375 0.21875000000000008 0.69375 0.21875000000000008 0.7140625 0.2328125000000001 0.7140625
2 0.2578125000000001 0.6828125 0.24375000000000008 0.6828125 0.24375000000000008 0.7046875 0.2578125000000001 0.7046875
2 0.3078125000000001 0.5953125 0.2921875000000001 0.5953125 0.2921875000000001 0.621875 0.3078125000000001 0.621875
4 0.3281250000000001 0.6171875 0.3187500000000001 0.6171875 0.3187500000000001 0.63125 0.3281250000000001 0.63125
2 0.3437500000000001 0.584375 0.32500000000000007 0.584375 0.32500000000000007 0.6109375 0.3437500000000001 0.6109375
2 0.3375000000000001 0.571875 0.3203125000000001 0.571875 0.3203125000000001 0.6015625 0.3375000000000001 0.6015625
4 0.3453125000000001 0.5375 0.3359375000000001 0.5375 0.3359375000000001 0.553125 0.3453125000000001 0.553125
4 0.3468750000000001 0.496875 0.34062500000000007 0.496875 0.34062500000000007 0.515625 0.3468750000000001 0.515625
4 0.3859375000000001 0.5265625 0.3781250000000001 0.5265625 0.3781250000000001 0.5453125 0.3859375000000001 0.5453125
4 0.3890625000000001 0.48125 0.3828125000000001 0.48125 0.3828125000000001 0.5 0.3890625000000001 0.5
4 0.3781250000000001 0.4140625 0.3703125000000001 0.4140625 0.3703125000000001 0.4375 0.3781250000000001 0.4375
4 0.3609375000000001 0.4359375 0.3515625000000001 0.4359375 0.3515625000000001 0.4578125 0.3609375000000001 0.4578125
0 0.3515625000000001 0.4265625 0.3421875000000001 0.4265625 0.3421875000000001 0.4515625 0.3515625000000001 0.4515625
2 0.4046875 0.4828125 0.3937500000000001 0.4828125 0.3937500000000001 0.5140625 0.4046875 0.5140625
2 0.3750000000000001 0.5421875 0.35625000000000007 0.5421875 0.35625000000000007 0.56875 0.3750000000000001 0.56875
0 0.3890625000000001 0.4078125 0.37968750000000007 0.4078125 0.37968750000000007 0.4328125 0.3890625000000001 0.4328125
4 0.38125000000000003 0.3468750000000001 0.371875 0.3468750000000001 0.37187500000000007 0.3703125000000001 0.3812500000000001 0.3703125000000001
2 0.3375 0.2953125 0.3234375 0.2953125 0.3234375 0.3234375 0.3375 0.3234375
4 0.36250000000000004 0.3609375 0.3546875 0.3609375 0.35468750000000004 0.3796875 0.3625000000000001 0.3796875
4 0.365625 0.34218750000000003 0.3546875 0.3421875 0.3546875 0.35625000000000007 0.365625 0.35625000000000007
3 0.3546875 0.012500000000000042 0.33125 0.012500000000000039 0.33125 0.06250000000000004 0.3546875 0.06250000000000004
4 0.384375 0.13750000000000004 0.375 0.13750000000000004 0.375 0.15312500000000004 0.384375 0.15312500000000004
4 0.3984375 0.17656250000000004 0.3890625 0.17656250000000004 0.3890625 0.19218750000000004 0.3984375 0.19218750000000004
2 0.425 0.18281250000000004 0.4109375 0.18281250000000004 0.4109375 0.2062500000000001 0.425 0.2062500000000001
2 0.41875 0.22031250000000008 0.403125 0.22031250000000008 0.403125 0.2484375000000001 0.41875 0.2484375000000001
2 0.41875 0.2609375000000001 0.4046875 0.2609375000000001 0.4046875 0.2875000000000001 0.41875 0.2875000000000001
2 0.4296875 0.2484375000000001 0.415625 0.2484375000000001 0.415625 0.2750000000000001 0.4296875 0.2750000000000001
2 0.4421875 0.2390625000000001 0.428125 0.2390625000000001 0.428125 0.26250000000000007 0.4421875 0.26250000000000007
2 0.434375 0.28593750000000007 0.41875 0.28593750000000007 0.41875 0.31718750000000007 0.434375 0.31718750000000007
2 0.440625 0.2765625000000001 0.4265625 0.2765625000000001 0.4265625 0.3031250000000001 0.440625 0.3031250000000001
2 0.4484375 0.27031250000000007 0.434375 0.27031250000000007 0.434375 0.2921875000000001 0.4484375 0.2921875000000001
4 0.46875 0.3812500000000001 0.4625 0.3812500000000001 0.4625 0.4015625 0.46875 0.4015625
4 0.4890625 0.3890625000000001 0.4796875 0.3890625000000001 0.4796875 0.403125 0.4890625 0.403125
2 0.5125 0.3781250000000001 0.49375 0.3781250000000001 0.49375 0.4046875 0.5125 0.4046875
2 0.48125 0.428125 0.4625 0.428125 0.4625 0.45 0.48125 0.45
2 0.503125 0.4171875 0.484375 0.4171875 0.484375 0.4390625 0.503125 0.4390625
0 0.5375 0.32500000000000007 0.5234375 0.32500000000000007 0.5234375 0.3421875000000001 0.5375 0.3421875000000001
2 0.5328125 0.3937500000000001 0.515625 0.3937500000000001 0.515625 0.409375 0.5328125 0.409375
2 0.55 0.3750000000000001 0.53125 0.3750000000000001 0.53125 0.3921875000000001 0.55 0.3921875000000001
2 0.5515625 0.3515625000000001 0.5359375 0.3515625000000001 0.5359375 0.3703125000000001 0.5515625 0.3703125000000001
2 0.528125 0.4109375 0.5109375 0.4109375 0.5109375 0.4265625 0.528125 0.4265625
4 0.5484375 0.4109375 0.5390625 0.4109375 0.5390625 0.421875 0.5484375 0.421875
0 0.553125 0.29375000000000007 0.5453125 0.29375000000000007 0.5453125 0.3187500000000001 0.553125 0.3187500000000001
2 0.5765625 0.4296875 0.5609375 0.4296875 0.5609375 0.4515625 0.5765625 0.4515625
2 0.5859375 0.4078125 0.565625 0.4078125 0.565625 0.43125 0.5859375 0.43125
4 0.571875 0.3546875000000001 0.5625 0.3546875000000001 0.5625 0.36406250000000007 0.571875 0.36406250000000007
4 0.584375 0.3515625000000001 0.575 0.3515625000000001 0.575 0.3609375000000001 0.584375 0.3609375000000001
4 0.6078125 0.35625000000000007 0.5984375 0.35625000000000007 0.5984375 0.3656250000000001 0.6078125 0.3656250000000001
4 0.6078125 0.3312500000000001 0.5984375 0.3312500000000001 0.5984375 0.3453125000000001 0.6078125 0.3453125000000001
0 0.5828125 0.2953125000000001 0.5734375 0.2953125000000001 0.5734375 0.3218750000000001 0.5828125 0.3218750000000001
4 0.621875 0.3843750000000001 0.6109375 0.3843750000000001 0.6109375 0.4046875 0.621875 0.4046875
4 0.640625 0.3437500000000001 0.63125 0.3437500000000001 0.63125 0.3546875000000001 0.640625 0.3546875000000001
2 0.68125 0.33281250000000007 0.6640625 0.33281250000000007 0.6640625 0.3546875000000001 0.68125 0.3546875000000001
0 0.6421875 0.3265625000000001 0.6296875 0.3265625000000001 0.6296875 0.3421875000000001 0.6421875 0.3421875000000001
2 0.653125 0.2968750000000001 0.634375 0.2968750000000001 0.634375 0.3156250000000001 0.653125 0.3156250000000001
0 0.70625 0.28593750000000007 0.696875 0.28593750000000007 0.696875 0.3000000000000001 0.70625 0.3000000000000001
0 0.7390625 0.2593750000000001 0.728125 0.2593750000000001 0.728125 0.2750000000000001 0.7390625 0.2750000000000001
4 0.6046875 0.4921875 0.5953125 0.4921875 0.5953125 0.503125 0.6046875 0.503125
2 0.6203125 0.48125 0.603125 0.48125 0.603125 0.503125 0.6203125 0.503125
2 0.56875 0.5859375 0.55 0.5859375 0.55 0.609375 0.56875 0.609375
4 0.5796875 0.5671875 0.5703125 0.5671875 0.5703125 0.578125 0.5796875 0.578125
4 0.678125 0.5640625 0.66875 0.5640625 0.66875 0.578125 0.678125 0.578125
4 0.6484375000000002 0.7265625 0.6359375000000002 0.7265625 0.6359375000000002 0.740625 0.6484375000000002 0.740625
4 0.6609375 0.6953125 0.653125 0.6953125 0.653125 0.7109375 0.6609375 0.7109375
4 0.6609375000000001 0.7171875 0.65 0.7171875 0.6500000000000001 0.7296875 0.6609375000000002 0.7296875
4 0.6515625000000002 0.7375 0.6406250000000002 0.7375 0.6406250000000002 0.7515625 0.6515625000000002 0.7515625
2 0.6750000000000002 0.7328125 0.6562500000000002 0.7328125 0.6562500000000002 0.75 0.6750000000000002 0.75
0 0.6765625 0.7140625 0.6625 0.7140625 0.6625 0.725 0.6765625 0.725
4 0.6718750000000002 0.7578125 0.6609375000000002 0.7578125 0.6609375000000002 0.7671875 0.6718750000000002 0.7671875
4 0.6828125000000002 0.75 0.6734375000000001 0.75 0.6734375000000001 0.7609375 0.6828125000000002 0.7609375
4 0.6812500000000001 0.7671875 0.6718750000000002 0.7671875 0.6718750000000002 0.7765625 0.6812500000000001 0.7765625
4 0.6937500000000002 0.7703125 0.6828125000000002 0.7703125 0.6828125000000002 0.78125 0.6937500000000002 0.78125
4 0.6859375000000002 0.7421875 0.6796875000000002 0.7421875 0.6796875000000002 0.753125 0.6859375000000002 0.753125
2 0.7015625000000001 0.7046875 0.6828125 0.7046875 0.6828125 0.7265625 0.7015625000000002 0.7265625
2 0.7140625000000002 0.7546875 0.6953125000000002 0.7546875 0.6953125000000002 0.7765625 0.7140625000000002 0.7765625
2 0.7171875000000001 0.7171875 0.7015625 0.7171875 0.7015625000000001 0.7359375 0.7171875000000002 0.7359375
6 0.7216683905976498 0.7477676741908945 0.6882559515625 0.72570026875 0.6767495437773503 0.7431222148716053 0.7101619828125001 0.7651896203124999
6 0.7706608296282542 0.7888564583528372 0.7357070921875 0.7588493609375002 0.7236551188092458 0.7728880900846634 0.7586088562500001 0.8028951875000002
2 0.803125 0.7015625000000002 0.7859375 0.7015625000000002 0.7859375000000001 0.7281250000000001 0.803125 0.7281250000000001
2 0.7625 0.6718750000000002 0.7453125 0.6718750000000002 0.7453125 0.7000000000000002 0.7625 0.7000000000000002
2 0.7859375000000001 0.7109375000000002 0.7703125 0.7109375000000002 0.7703125000000001 0.7359375000000001 0.7859375000000002 0.7359375000000001
0 0.7468750000000002 0.7437500000000001 0.7328125000000002 0.7437500000000001 0.7328125000000002 0.7625000000000002 0.7468750000000002 0.7625000000000002
3 0.7312500000000002 0.7312500000000001 0.7156250000000002 0.73125 0.7156250000000002 0.753125 0.7312500000000002 0.7531250000000002
2 0.7281250000000001 0.7515625000000001 0.7109375000000002 0.7515625 0.7109375000000002 0.7734375000000001 0.7281250000000001 0.7734375000000002
2 0.7828125000000001 0.7937500000000002 0.7656250000000002 0.7937500000000002 0.7656250000000002 0.815625 0.7828125000000001 0.815625
2 0.803125 0.815625 0.7859375000000002 0.815625 0.7859375000000002 0.8359375 0.803125 0.8359375
2 0.7671875000000001 0.7515625000000001 0.7500000000000002 0.7515625000000001 0.7500000000000002 0.7765625000000002 0.7671875000000001 0.7765625000000002
2 0.821875 0.8328125 0.8046875 0.8328125 0.8046875 0.85625 0.821875 0.85625
2 0.8203125 0.8484375 0.8015625 0.8484375 0.8015625 0.8734375 0.8203125 0.8734375
2 0.8484375 0.859375 0.8296875 0.859375 0.8296875 0.878125 0.8484375 0.878125
0 0.825 0.88125 0.8125 0.88125 0.8125 0.896875 0.825 0.896875
2 0.8375 0.871875 0.821875 0.871875 0.821875 0.890625 0.8375 0.890625
2 0.8359375 0.890625 0.825 0.890625 0.825 0.9015625 0.8359375 0.9015625
3 0.8359375 0.9 0.8171875 0.9 0.8171875 0.928125 0.8359375 0.928125
2 0.8546875 0.88125 0.8375 0.88125 0.8375 0.9046875 0.8546875 0.9046875
4 0.8625 0.884375 0.8546875 0.884375 0.8546875 0.8984375 0.8625 0.8984375
2 0.853125 0.8984375 0.8359375 0.8984375 0.8359375 0.9203125 0.853125 0.9203125
2 0.875 0.9015625 0.85625 0.9015625 0.85625 0.921875 0.875 0.921875
2 0.8921875 0.9109375 0.8765625 0.9109375 0.8765625 0.9359375 0.8921875 0.9359375
2 0.9109375 0.9359375 0.8921875 0.9359375 0.8921875 0.9625 0.9109375 0.9625
0 0.9125 0.9609375 0.9015625 0.9609375 0.9015625 0.9796875 0.9125 0.9796875
2 0.9296875 0.96875 0.9125 0.96875 0.9125 0.99375 0.9296875 0.99375
3 0.934375 0.9515625 0.9125 0.9515625 0.9125 0.98125 0.934375 0.98125
2 0.8734375 0.7312500000000002 0.8578125 0.7312500000000002 0.8578125 0.7578125000000002 0.8734375 0.7578125000000002
0 0.8765625 0.7531250000000002 0.8671875 0.7531250000000002 0.8671875 0.7734375000000002 0.8765625 0.7734375000000002
2 0.8859375 0.7468750000000002 0.875 0.7468750000000002 0.875 0.7718750000000002 0.8859375 0.7718750000000002
0 0.8984375 0.7593750000000001 0.890625 0.7593750000000001 0.890625 0.7781250000000002 0.8984375 0.7781250000000002
2 0.9140625 0.7593750000000001 0.8984375 0.7593750000000001 0.8984375 0.7890625000000002 0.9140625 0.7890625000000002
2 0.9265625 0.8046875 0.9109375 0.8046875 0.9109375 0.825 0.9265625 0.825
4 0.940625 0.8671875 0.93125 0.8671875 0.93125 0.8796875 0.940625 0.8796875
2 0.95 0.8046875 0.934375 0.8046875 0.934375 0.834375 0.95 0.834375
2 0.9578125 0.8296875 0.9390625 0.8296875 0.9390625 0.85 0.9578125 0.85
2 0.9671875 0.846875 0.95 0.846875 0.95 0.8671875 0.9671875 0.8671875
2 0.9796875 0.8640625 0.959375 0.8640625 0.959375 0.884375 0.9796875 0.884375
2 0.984375 0.8828125 0.9640625 0.8828125 0.9640625 0.903125 0.984375 0.903125
4 0.996875 0.928125 0.984375 0.928125 0.984375 0.94375 0.996875 0.94375
1 0.9765625 0.9078125 0.925 0.9078125 0.925 0.9703125 0.9765625 0.9703125
0 0.7625 0.6390625000000002 0.7515625 0.6390625000000002 0.7515625 0.6609375000000002 0.7625 0.6609375000000002
6 0.578125 0.2468750000000001 0.5609375 0.2468750000000001 0.5609375 0.30156250000000007 0.578125 0.30156250000000007
4 0.5828125 0.2296875000000001 0.575 0.2296875000000001 0.575 0.2500000000000001 0.5828125 0.2500000000000001
4 0.59375 0.2515625000000001 0.5875 0.2515625000000001 0.5875 0.2656250000000001 0.59375 0.2656250000000001
0 0.609375 0.2468750000000001 0.596875 0.2468750000000001 0.596875 0.26250000000000007 0.609375 0.26250000000000007
0 0.6109375 0.2750000000000001 0.6 0.2750000000000001 0.6 0.2921875000000001 0.6109375 0.2921875000000001
2 0.5921875 0.17968750000000008 0.5765625 0.17968750000000008 0.5765625 0.21093750000000008 0.5921875 0.21093750000000008
2 0.5625 0.029687500000000068 0.5515625 0.029687500000000068 0.5515625 0.06406250000000006 0.5625 0.06406250000000006
2 0.60625 0.03906250000000007 0.5859375 0.03906250000000007 0.5859375 0.06875000000000006 0.60625 0.06875000000000006
1 0.7497293560337166 0.29588059451576787 0.7337424038446484 0.27506269315686593 0.6777942415609317 0.3180276673910981 0.6937811937499999 0.33884556875000005
1 0.9068948588220532 0.14352367941658914 0.8908244562499998 0.13000054062500016 0.8269931333654463 0.20585534558341112 0.8430635359374999 0.2193784843750001
2 0.803125 0.15000000000000008 0.790625 0.15000000000000008 0.790625 0.17968750000000008 0.803125 0.17968750000000008
2 0.81875 0.1609375000000001 0.8 0.1609375000000001 0.8 0.1828125000000001 0.81875 0.1828125000000001
2 0.8296875 0.12343750000000009 0.8171875 0.12343750000000009 0.8171875 0.15625000000000008 0.8296875 0.15625000000000008
2 0.8390625 0.1546875000000001 0.8203125 0.1546875000000001 0.8203125 0.1843750000000001 0.8390625 0.1843750000000001
4 0.8125 0.18125000000000008 0.80625 0.18125000000000008 0.80625 0.2000000000000001 0.8125 0.2000000000000001
4 0.85 0.1609375000000001 0.8390625 0.1609375000000001 0.8390625 0.17968750000000008 0.85 0.17968750000000008
2 0.88125 0.06718750000000011 0.865625 0.06718750000000011 0.865625 0.09687500000000011 0.88125 0.09687500000000011
2 0.9390625 0.04531250000000011 0.91875 0.04531250000000011 0.91875 0.07812500000000011 0.9390625 0.07812500000000011
0 0.9390625 0.10625000000000014 0.9234375 0.10625000000000014 0.9234375 0.12656250000000013 0.9390625 0.12656250000000013
4 0.8796875 0.1828125000000001 0.8671875 0.1828125000000001 0.8671875 0.1984375000000001 0.8796875 0.1984375000000001
4 0.834375 0.2312500000000001 0.8203125 0.2312500000000001 0.8203125 0.2500000000000001 0.834375 0.2500000000000001
3 0.840625 0.2468750000000001 0.825 0.2468750000000001 0.825 0.2671875000000001 0.840625 0.2671875000000001
2 0.7546875 0.3359375000000001 0.7375 0.3359375000000001 0.7375 0.3656250000000001 0.7546875 0.3656250000000001
2 0.7484375 0.3187500000000001 0.7296875 0.3187500000000001 0.7296875 0.3453125000000001 0.7484375 0.3453125000000001
2 0.7328125 0.3468750000000001 0.7171875 0.3468750000000001 0.7171875 0.3703125000000001 0.7328125 0.3703125000000001
2 0.7171875 0.3375000000000001 0.7 0.3375000000000001 0.7 0.3609375000000001 0.7171875 0.3609375000000001
2 0.7015625 0.3578125000000001 0.6859375 0.3578125000000001 0.6859375 0.3812500000000001 0.7015625 0.3812500000000001
2 0.715625 0.3609375000000001 0.6984375 0.3609375000000001 0.6984375 0.3859375000000001 0.715625 0.3859375000000001
2 0.66875 0.409375 0.653125 0.409375 0.653125 0.4359375 0.66875 0.4359375
2 0.684375 0.37968750000000007 0.66875 0.37968750000000007 0.66875 0.40625 0.684375 0.40625
2 0.6953125 0.3859375000000001 0.678125 0.3859375000000001 0.678125 0.4078125 0.6953125 0.4078125
0 0.6765625 0.4375 0.6671875 0.4375 0.6671875 0.45625 0.6765625 0.45625
2 0.68125 0.4109375 0.6671875 0.4109375 0.6671875 0.43125 0.68125 0.43125
2 0.5062500000000002 0.7875 0.48750000000000016 0.7875 0.48750000000000016 0.8140625 0.5062500000000002 0.8140625
2 0.4640625 0.659375 0.45 0.659375 0.45 0.7046875 0.4640625 0.7046875
2 0.4625 0.575 0.4421875 0.575 0.4421875 0.60625 0.4625 0.60625
4 0.5328125 0.6125 0.5234375 0.6125 0.5234375 0.625 0.5328125 0.625
4 0.42500000000000016 0.746875 0.41718750000000016 0.746875 0.41718750000000016 0.7640625 0.42500000000000016 0.7640625
2 0.5609375000000002 0.765625 0.5421875000000002 0.765625 0.5421875000000002 0.7890625 0.5609375000000002 0.7890625
0 0.5000000000000001 0.715625 0.4859375 0.715625 0.4859375000000001 0.7359375 0.5000000000000002 0.7359375
1 0.3828125000000001 0.6859375 0.3375000000000001 0.6859375 0.3375000000000001 0.721875 0.3828125000000001 0.721875
2 0.3500000000000001 0.7421875 0.3343750000000001 0.7421875 0.3343750000000001 0.765625 0.3500000000000001 0.765625
0 0.3734375000000001 0.753125 0.3546875000000001 0.753125 0.3546875000000001 0.7734375 0.3734375000000001 0.7734375
0 0.3828125000000001 0.78125 0.3687500000000001 0.78125 0.3687500000000001 0.796875 0.3828125000000001 0.796875
0 0.4046875000000002 0.7703125 0.3890625000000001 0.7703125 0.3890625000000001 0.7859375 0.4046875000000002 0.7859375
2 0.31718750000000007 0.76875 0.2953125000000001 0.76875 0.2953125000000001 0.7953125 0.31718750000000007 0.7953125
0 0.3218750000000001 0.7953125 0.30937500000000007 0.7953125 0.30937500000000007 0.815625 0.3218750000000001 0.815625
0 0.3453125000000001 0.7875 0.3312500000000001 0.7875 0.3312500000000001 0.80625 0.3453125000000001 0.80625
2 0.33281250000000007 0.8109375 0.3140625000000001 0.8109375 0.3140625000000001 0.8359375 0.33281250000000007 0.8359375
4 0.3187500000000001 0.9515625 0.3125000000000001 0.9515625 0.3125000000000001 0.9671875 0.3187500000000001 0.9671875
2 0.3375000000000001 0.9359375 0.3187500000000001 0.9359375 0.3187500000000001 0.9578125 0.3375000000000001 0.9578125
4 0.35625000000000007 0.9296875 0.3468750000000001 0.9296875 0.3468750000000001 0.9453125 0.35625000000000007 0.9453125
2 0.37968750000000007 0.940625 0.36406250000000007 0.940625 0.36406250000000007 0.9671875 0.37968750000000007 0.9671875
4 0.4125000000000002 0.86875 0.4031250000000002 0.86875 0.4031250000000002 0.8828125 0.4125000000000002 0.8828125
0 0.4343750000000002 0.8484375 0.42187500000000017 0.8484375 0.42187500000000017 0.865625 0.4343750000000002 0.865625
3 0.4546875000000002 0.8484375 0.4359375000000002 0.8484375 0.4359375000000002 0.875 0.4546875000000002 0.875