5 0.2500000000000001 0.6734375 0.18906250000000008 0.6734375 0.18906250000000008 0.703125 0.2500000000000001 0.703125
5 0.3109375000000001 0.665625 0.2500000000000001 0.665625 0.2500000000000001 0.696875 0.3109375000000001 0.696875
5 0.2484375000000001 0.7140625 0.1843750000000001 0.7140625 0.1843750000000001 0.75 0.2484375000000001 0.75
6 0.3937500000000001 0.8125 0.3421875000000001 0.8125 0.3421875000000001 0.8484375 0.3937500000000001 0.8484375
2 0.050000000000000086 0.7484375 0.018750000000000093 0.7484375 0.018750000000000093 0.771875 0.050000000000000086 0.771875
3 0.13281250000000008 0.7203125 0.10156250000000008 0.7203125 0.10156250000000008 0.746875 0.13281250000000008 0.746875
4 0.07343750000000011 0.825 0.05937500000000011 0.825 0.05937500000000011 0.840625 0.07343750000000011 0.840625
4 0.0968750000000001 0.8109375 0.07812500000000008 0.8109375 0.0781250000000001 0.828125 0.09687500000000011 0.828125
4 0.17343750000000008 0.784375 0.1609375000000001 0.784375 0.1609375000000001 0.809375 0.17343750000000008 0.809375
4 0.20468750000000008 0.79375 0.1906250000000001 0.79375 0.1906250000000001 0.8171875 0.20468750000000008 0.8171875
0 0.22812500000000008 0.8890625 0.21093750000000008 0.8890625 0.21093750000000008 0.915625 0.22812500000000008 0.915625
4 0.2609375000000001 0.8125 0.24375000000000008 0.8125 0.24375000000000008 0.8296875 0.2609375000000001 0.8296875
4 0.2062500000000001 0.8734375 0.1906250000000001 0.8734375 0.1906250000000001 0.896875 0.2062500000000001 0.896875
4 0.3046875000000001 0.70625 0.2890625000000001 0.70625 0.2890625000000001 0.7265625 0.3046875000000001 0.7265625
4 0.29375000000000007 0.765625 0.2828125000000001 0.765625 0.2828125000000001 0.784375 0.29375000000000007 0.784375
4 0.3437500000000001 0.7875 0.32500000000000007 0.7875 0.32500000000000007 0.80625 0.3437500000000001 0.80625
2 0.38750000000000007 0.9203125 0.3609375000000001 0.9203125 0.3609375000000001 0.95 0.38750000000000007 0.95
4 0.4187500000000002 0.790625 0.40625000000000017 0.790625 0.40625000000000017 0.8125 0.4187500000000002 0.8125
4 0.4343750000000002 0.78125 0.4203125000000002 0.78125 0.4203125000000002 0.8 0.4343750000000002 0.8
0 0.478125 0.6375 0.46875 0.6375 0.46875 0.6703125 0.478125 0.6703125
2 0.5640625000000001 0.709375 0.534375 0.709375 0.534375 0.7484375 0.5640625000000001 0.7484375
2 0.5031250000000002 0.8 0.46875000000000017 0.8 0.46875000000000017 0.828125 0.5031250000000002 0.828125
2 0.5343750000000002 0.7640625 0.5171875000000001 0.7640625 0.5171875000000001 0.825 0.5343750000000002 0.825
2 0.5578125000000002 0.8109375 0.5390625000000002 0.8109375 0.5390625000000002 0.8609375 0.5578125000000002 0.8609375
2 0.6484375 0.6796875 0.621875 0.6796875 0.621875 0.709375 0.6484375 0.709375
2 0.5953125000000001 0.8421875 0.5703125000000002 0.8421875 0.5703125000000002 0.875 0.5953125000000001 0.875
2 0.6468750000000002 0.796875 0.6203125000000002 0.796875 0.6203125000000002 0.8359375 0.6468750000000002 0.8359375
2 0.6718750000000002 0.8421875 0.6468750000000002 0.8421875 0.6468750000000002 0.8796875 0.6718750000000002 0.8796875
2 0.6359375000000002 0.85625 0.6046875000000002 0.85625 0.6046875000000002 0.88125 0.6359375000000002 0.88125
2 0.6125000000000002 0.884375 0.5828125000000002 0.884375 0.5828125000000002 0.909375 0.6125000000000002 0.909375
2 0.7453125000000002 0.84375 0.7140625000000002 0.84375 0.7140625000000002 0.875 0.7453125000000002 0.875
4 0.7796875000000002 0.85 0.7671875000000001 0.85 0.7671875000000001 0.875 0.7796875000000002 0.875
4 0.978125 0.834375 0.965625 0.834375 0.965625 0.85625 0.978125 0.85625
2 0.49375 0.503125 0.4734375 0.503125 0.4734375 0.5453125 0.49375 0.5453125
0 0.5125 0.3375000000000001 0.49375 0.3375000000000001 0.49375 0.3812500000000001 0.5125 0.3812500000000001
4 0.4734375 0.2734375000000001 0.459375 0.2734375000000001 0.459375 0.3000000000000001 0.4734375 0.3000000000000001
4 0.471875 0.14218750000000005 0.4578125 0.14218750000000005 0.4578125 0.17812500000000003 0.471875 0.17812500000000003
4 0.4796875 0.06562500000000007 0.46875 0.06562500000000007 0.46875 0.09062500000000007 0.4796875 0.09062500000000007
4 0.471875 0.007812500000000057 0.45625 0.007812500000000056 0.45625 0.04843750000000006 0.471875 0.04843750000000006