4 0.11718750000000008 0.7453125 0.10312500000000009 0.7453125 0.10312500000000009 0.7671875 0.11718750000000008 0.7671875
4 0.07656250000000012 0.8609375 0.06093750000000011 0.8609375 0.06093750000000011 0.88125 0.07656250000000012 0.88125
4 0.18593750000000012 0.8953125 0.1703125000000001 0.8953125 0.17031250000000012 0.9171875 0.18593750000000014 0.9171875
4 0.3546875000000001 0.875 0.3343750000000001 0.875 0.3343750000000001 0.9 0.3546875000000001 0.9
2 0.3937500000000001 0.8328125 0.3593750000000001 0.8328125 0.3593750000000001 0.86875 0.3937500000000001 0.86875
2 0.3046875000000001 0.7828125 0.27812500000000007 0.7828125 0.27812500000000007 0.809375 0.3046875000000001 0.809375
2 0.5203125 0.5125 0.5015625 0.5125 0.5015625 0.56875 0.5203125 0.56875
4 0.478125 0.659375 0.465625 0.659375 0.465625 0.6921875 0.478125 0.6921875
4 0.03593750000000008 0.671875 0.017187500000000085 0.671875 0.017187500000000085 0.6921875 0.03593750000000009 0.6921875
3 0.7406250000000002 0.7968750000000001 0.7062500000000002 0.796875 0.7062500000000002 0.828125 0.7406250000000002 0.828125
2 0.6828125000000002 0.740625 0.6562500000000002 0.740625 0.6562500000000002 0.765625 0.6828125000000002 0.765625
2 0.6781250000000002 0.8375 0.6484375000000002 0.8375 0.6484375000000002 0.865625 0.6781250000000002 0.865625
2 0.7796875000000002 0.8390625 0.7484375000000002 0.8390625 0.7484375000000002 0.8703125 0.7796875000000002 0.8703125
2 0.978125 0.6828125000000002 0.9546875 0.6828125000000002 0.9546875 0.7046875000000001 0.978125 0.7046875000000001
0 0.6093750000000002 0.8375 0.5890625000000002 0.8375 0.5890625000000002 0.8609375 0.6093750000000002 0.8609375
4 0.925 0.7578125000000002 0.9109375 0.7578125000000002 0.9109375 0.7812500000000002 0.925 0.7812500000000002
4 0.7656250000000002 0.88125 0.7500000000000002 0.88125 0.7500000000000002 0.9 0.7656250000000002 0.9
4 0.6828125000000002 0.871875 0.6687500000000002 0.871875 0.6687500000000002 0.8953125 0.6828125000000002 0.8953125
4 0.6609375000000002 0.8921875 0.6421875000000001 0.8921875 0.6421875000000001 0.9171875 0.6609375000000002 0.9171875
4 0.971875 0.7640625000000002 0.953125 0.7640625000000002 0.953125 0.7828125000000001 0.971875 0.7828125000000001
4 0.9921875 0.7718750000000002 0.9765625 0.7718750000000002 0.9765625 0.7921875000000002 0.9921875 0.7921875000000002
4 0.9796875 0.85625 0.959375 0.85625 0.959375 0.8796875 0.9796875 0.8796875
2 0.5265625 0.35625000000000007 0.509375 0.35625000000000007 0.509375 0.4015625 0.5265625 0.4015625
4 0.528125 0.4328125 0.515625 0.4328125 0.515625 0.4625 0.528125 0.4625
3 0.9734375 0.7953125000000002 0.9421875 0.7953125000000002 0.9421875 0.8265625 0.9734375 0.8265625
1 0.4437500000000002 0.775 0.3781250000000001 0.775 0.3781250000000001 0.8234375 0.4437500000000002 0.8234375