4 0.871875 0.5203125000000002 0.8578125 0.5203125000000002 0.8578125 0.5328125000000001 0.871875 0.5328125000000001
4 0.7921875 0.3890625000000001 0.7765625 0.3890625000000001 0.7765625 0.4046875000000002 0.7921875 0.4046875000000002
4 0.653125 0.53125 0.640625 0.53125 0.640625 0.5453125 0.653125 0.5453125
4 0.3656250000000001 0.5375 0.3515625000000001 0.5375 0.3515625000000001 0.55 0.3656250000000001 0.55
4 0.26406250000000003 0.3625 0.2515625 0.3625 0.2515625 0.371875 0.2640625000000001 0.371875
4 0.14843750000000008 0.5734375 0.13437500000000008 0.5734375 0.13437500000000008 0.5921875 0.14843750000000008 0.5921875
4 0.1062500000000001 0.575 0.09531250000000006 0.575 0.09531250000000006 0.5875 0.1062500000000001 0.5875
4 0.010937500000000074 0.59375 7.271340369937409e-17 0.59375 7.347880794884119e-17 0.60625 0.010937500000000076 0.60625
4 0.0234375 2.4875638107680615e-18 0.0171875 2.1048616860345133e-18 0.0171875 0.0171875 0.0234375 0.017187500000000005
4 0.0140625 1.2437819053840307e-18 0.00625 7.654042494670958e-19 0.006250000000000001 0.0125 0.0140625 0.0125
2 0.023437500000000003 0.021875000000000002 0.004687500000000002 0.021875 0.004687500000000006 0.065625 0.023437500000000007 0.065625
2 0.0765625 0.023437500000000007 0.0625 0.023437500000000007 0.0625 0.075 0.0765625 0.075
2 0.06875 0.078125 0.05 0.078125 0.05000000000000001 0.121875 0.06875000000000002 0.121875
2 0.08281250000000001 0.0796875 0.06875 0.0796875 0.06875 0.1203125 0.08281250000000002 0.1203125
2 0.051562500000000025 0.1265625 0.03593750000000001 0.1265625 0.03593750000000002 0.1734375 0.051562500000000025 0.1734375
2 0.06250000000000003 0.134375 0.051562500000000025 0.134375 0.051562500000000025 0.175 0.06250000000000003 0.175
2 0.035937500000000025 0.1796875 0.02031250000000002 0.1796875 0.020312500000000025 0.2234375 0.035937500000000025 0.2234375
2 0.051562500000000025 0.1828125 0.035937500000000025 0.1828125 0.035937500000000025 0.2296875 0.051562500000000025 0.2296875
2 0.039062500000000035 0.23125 0.026562500000000034 0.23125 0.026562500000000034 0.271875 0.039062500000000035 0.271875
2 0.021875000000000033 0.24375 0.0031250000000000305 0.24375 0.003125000000000033 0.3 0.02187500000000004 0.3
2 0.16562500000000005 0.2390625 0.14062500000000006 0.2390625 0.14062500000000006 0.2796875 0.16562500000000005 0.2796875
2 0.3156250000000001 0.39375 0.2953125000000001 0.39375 0.2953125000000001 0.4109375 0.3156250000000001 0.4109375
2 0.43125 0.5234375 0.403125 0.5234375 0.403125 0.546875 0.43125 0.546875
2 0.5078125 0.3578125000000001 0.484375 0.3578125000000001 0.484375 0.3781250000000001 0.5078125 0.3781250000000001
2 0.7171875 0.50625 0.690625 0.50625 0.690625 0.53125 0.7171875 0.53125
2 0.99375 0.32500000000000007 0.9671875 0.32500000000000007 0.9671875 0.3468750000000001 0.99375 0.3468750000000001
2 0.7796875 0.1625000000000001 0.7546875 0.1625000000000001 0.7546875 0.1828125000000001 0.7796875 0.1828125000000001
2 0.790625 0.24375000000000008 0.7609375 0.24375000000000008 0.7609375 0.26250000000000007 0.790625 0.26250000000000007
0 0.659375 0.5046875 0.640625 0.5046875 0.640625 0.5265625 0.659375 0.5265625
0 0.20312500000000008 0.3640625 0.18437500000000004 0.3640625 0.18437500000000004 0.3828125 0.20312500000000008 0.3828125
0 0.090625 0.02031250000000001 0.0765625 0.02031250000000001 0.0765625 0.05625 0.090625 0.05625
6 0.08281250000000004 0.29375 0.05312500000000005 0.29375 0.05312500000000005 0.3640625 0.08281250000000004 0.3640625
6 0.484375 0.575 0.44375 0.575 0.44375 0.6015625 0.484375 0.6015625