4 0.025000000000000078 0.6203125 0.015625000000000076 0.6203125 0.015625000000000076 0.6296875 0.025000000000000078 0.6296875
4 0.3750000000000001 0.80625 0.3671875000000001 0.80625 0.3671875000000001 0.815625 0.3750000000000001 0.815625
4 0.3656250000000001 0.825 0.3578125000000001 0.825 0.3578125000000001 0.8328125 0.3656250000000001 0.8328125
4 0.3656250000000001 0.840625 0.35625000000000007 0.840625 0.35625000000000007 0.8453125 0.3656250000000001 0.8453125
4 0.6687500000000002 0.8328125 0.6609375000000002 0.8328125 0.6609375000000002 0.8421875 0.6687500000000002 0.8421875
4 0.7484375000000002 0.8390625 0.7406250000000002 0.8390625 0.7406250000000002 0.8484375 0.7484375000000002 0.8484375
4 0.9578125 0.8328125 0.95 0.8328125 0.95 0.8390625 0.9578125 0.8390625
4 0.9453125 0.8421875 0.934375 0.8421875 0.934375 0.8484375 0.9453125 0.8484375
4 0.7234375 0.7046875 0.715625 0.7046875 0.715625 0.7125 0.7234375 0.7125
4 0.5984375 0.6234375 0.5890625 0.6234375 0.5890625 0.6296875 0.5984375 0.6296875
4 0.559375 0.60625 0.553125 0.60625 0.553125 0.615625 0.559375 0.615625
4 0.53125 0.5734375 0.525 0.5734375 0.525 0.584375 0.53125 0.584375
4 0.4421875 0.6546875 0.434375 0.6546875 0.434375 0.6640625 0.4421875 0.6640625
4 0.521875 0.5484375 0.515625 0.5484375 0.515625 0.559375 0.521875 0.559375
4 0.440625 0.12343750000000005 0.434375 0.12343750000000005 0.434375 0.13125000000000003 0.440625 0.13125000000000003
4 0.45625 0.15312500000000004 0.45 0.15312500000000004 0.45 0.15937500000000004 0.45625 0.15937500000000004
4 0.45 0.16406250000000006 0.44375 0.16406250000000006 0.44375 0.17031250000000003 0.45 0.17031250000000003
4 0.4484375 0.19687500000000005 0.4421875 0.19687500000000005 0.4421875 0.20312500000000008 0.4484375 0.20312500000000008
4 0.446875 0.2171875000000001 0.440625 0.2171875000000001 0.440625 0.22812500000000008 0.446875 0.22812500000000008
4 0.4453125 0.20312500000000008 0.4390625 0.20312500000000008 0.4390625 0.2093750000000001 0.4453125 0.2093750000000001
4 0.4328125 0.2375000000000001 0.425 0.2375000000000001 0.425 0.2468750000000001 0.4328125 0.2468750000000001
4 0.4375 0.22812500000000008 0.43125 0.22812500000000008 0.43125 0.2375000000000001 0.4375 0.2375000000000001
4 0.4390625 0.2171875000000001 0.4328125 0.2171875000000001 0.4328125 0.22656250000000008 0.4390625 0.22656250000000008
4 0.4296875 0.26250000000000007 0.421875 0.26250000000000007 0.421875 0.2687500000000001 0.4296875 0.2687500000000001
4 0.4578125 0.2968750000000001 0.453125 0.2968750000000001 0.453125 0.3046875000000001 0.4578125 0.3046875000000001
4 0.4734375 0.2906250000000001 0.46875 0.2906250000000001 0.46875 0.3031250000000001 0.4734375 0.3031250000000001
4 0.446875 0.3046875000000001 0.4390625 0.3046875000000001 0.4390625 0.3109375000000001 0.446875 0.3109375000000001
4 0.4390625 0.3140625000000001 0.434375 0.3140625000000001 0.434375 0.32500000000000007 0.4390625 0.32500000000000007
4 0.446875 0.3218750000000001 0.440625 0.3218750000000001 0.440625 0.3312500000000001 0.446875 0.3312500000000001
4 0.4296875 0.3046875000000001 0.4234375 0.3046875000000001 0.4234375 0.3140625000000001 0.4296875 0.3140625000000001
4 0.4640625 0.4296875 0.459375 0.4296875 0.459375 0.44375 0.4640625 0.44375
2 0.07812500000000008 0.6953125 0.05937500000000009 0.6953125 0.05937500000000009 0.709375 0.07812500000000008 0.709375
2 0.10781250000000009 0.615625 0.09218750000000006 0.615625 0.09218750000000006 0.6296875 0.10781250000000009 0.6296875
2 0.1593750000000001 0.6921875 0.1390625000000001 0.6921875 0.1390625000000001 0.7078125 0.1593750000000001 0.7078125
2 0.1921875000000001 0.6953125 0.1750000000000001 0.6953125 0.1750000000000001 0.7109375 0.1921875000000001 0.7109375
2 0.20468750000000008 0.6453125 0.18906250000000008 0.6453125 0.18906250000000008 0.6625 0.20468750000000008 0.6625
2 0.2953125000000001 0.584375 0.27812500000000007 0.584375 0.27812500000000007 0.6015625 0.2953125000000001 0.6015625
2 0.3187500000000001 0.5890625 0.3000000000000001 0.5890625 0.3000000000000001 0.603125 0.3187500000000001 0.603125
2 0.5015625000000001 0.71875 0.484375 0.71875 0.4843750000000001 0.7328125 0.5015625000000001 0.7328125
2 0.5453125 0.6 0.53125 0.6 0.53125 0.6203125 0.5453125 0.6203125
2 0.621875 0.584375 0.60625 0.584375 0.60625 0.6 0.621875 0.6
2 0.65 0.68125 0.6359375 0.68125 0.6359375 0.6953125 0.65 0.6953125
2 0.684375 0.59375 0.6703125 0.59375 0.6703125 0.60625 0.684375 0.60625
2 0.8421875 0.6265625000000001 0.825 0.6265625000000001 0.825 0.6406250000000002 0.8421875 0.6406250000000002
2 0.9421875 0.6281250000000002 0.921875 0.6281250000000002 0.921875 0.6437500000000002 0.9421875 0.6437500000000002
2 0.98125 0.5968750000000002 0.9609375 0.5968750000000002 0.9609375 0.6109375000000001 0.98125 0.6109375000000001
2 0.9140625 0.5609375000000002 0.9 0.5609375000000002 0.9 0.5750000000000002 0.9140625 0.5750000000000002
2 0.915625 0.47187500000000016 0.9078125 0.47187500000000016 0.9078125 0.4984375000000002 0.915625 0.4984375000000002
2 0.8703125 0.5109375000000002 0.8625 0.5109375000000002 0.8625 0.5390625000000002 0.8703125 0.5390625000000002
2 0.5203125 0.4953125 0.5125 0.4953125 0.5125 0.5265625 0.5203125 0.5265625
2 0.525 0.4546875 0.515625 0.4546875 0.515625 0.4859375 0.525 0.4859375
2 0.553125 0.446875 0.5484375 0.446875 0.5484375 0.46875 0.553125 0.46875
2 0.5375 0.3656250000000001 0.53125 0.3656250000000001 0.53125 0.3921875000000001 0.5375 0.3921875000000001
2 0.546875 0.3437500000000001 0.5375 0.3437500000000001 0.5375 0.3687500000000001 0.546875 0.3687500000000001
2 0.4578125 0.30937500000000007 0.453125 0.30937500000000007 0.453125 0.3343750000000001 0.4578125 0.3343750000000001
2 0.4515625 0.2828125000000001 0.4359375 0.2828125000000001 0.4359375 0.3000000000000001 0.4515625 0.3000000000000001
2 0.45625 0.26250000000000007 0.4421875 0.26250000000000007 0.4421875 0.2812500000000001 0.45625 0.2812500000000001
2 0.45625 0.23437500000000008 0.440625 0.23437500000000008 0.440625 0.25468750000000007 0.45625 0.25468750000000007
2 0.509375 0.2375000000000001 0.5015625 0.2375000000000001 0.5015625 0.2671875000000001 0.509375 0.2671875000000001
2 0.4390625 0.18281250000000004 0.425 0.18281250000000004 0.425 0.2015625000000001 0.4390625 0.2015625000000001
2 0.4546875 0.17187500000000006 0.4390625 0.17187500000000006 0.4390625 0.18906250000000005 0.4546875 0.18906250000000005
2 0.45 0.03281250000000006 0.44375 0.03281250000000006 0.44375 0.06093750000000005 0.45 0.06093750000000005
2 0.4765625 0.012500000000000058 0.4671875 0.012500000000000056 0.4671875 0.04062500000000006 0.4765625 0.04062500000000006
3 0.440625 0.028125000000000056 0.4328125 0.028125000000000056 0.4328125 0.057812500000000044 0.440625 0.057812500000000044
3 0.4609375 0.05937500000000005 0.4515625 0.059375000000000046 0.4515625 0.08593750000000006 0.4609375 0.08593750000000007
3 0.4328125 0.11093750000000005 0.415625 0.11093750000000005 0.415625 0.12656250000000005 0.4328125 0.12656250000000005
2 0.446875 0.15000000000000005 0.43125 0.15000000000000005 0.43125 0.16250000000000003 0.446875 0.16250000000000003
0 0.459375 0.19062500000000004 0.45 0.19062500000000004 0.45 0.2062500000000001 0.459375 0.2062500000000001
3 0.4625 0.3437500000000001 0.4546875 0.3437500000000001 0.4546875 0.37968750000000007 0.4625 0.37968750000000007
3 0.540625 0.4125 0.5328125 0.4125 0.5328125 0.4484375 0.540625 0.4484375
0 0.446875 0.484375 0.4359375 0.484375 0.4359375 0.4953125 0.446875 0.4953125
0 0.4578125 0.484375 0.4484375 0.484375 0.4484375 0.4984375 0.4578125 0.4984375
0 0.4578125 0.496875 0.45 0.496875 0.45 0.5140625 0.4578125 0.5140625
0 0.453125 0.534375 0.446875 0.534375 0.446875 0.553125 0.453125 0.553125
3 0.5640625 0.521875 0.5484375 0.521875 0.5484375 0.546875 0.5640625 0.546875
0 0.5765625 0.575 0.5671875 0.575 0.5671875 0.5890625 0.5765625 0.5890625
6 0.56875 0.5734375 0.5484375 0.5734375 0.5484375 0.6078125 0.56875 0.6078125
3 0.2828125000000001 0.50625 0.2609375000000001 0.50625 0.2609375000000001 0.5203125 0.2828125000000001 0.5203125
2 0.3468750000000001 0.4171875 0.3343750000000001 0.4171875 0.3343750000000001 0.428125 0.3468750000000001 0.428125
2 0.3468750000000001 0.434375 0.3343750000000001 0.434375 0.3343750000000001 0.4453125 0.3468750000000001 0.4453125
6 0.10781250000000009 0.5890625 0.06562500000000007 0.5890625 0.06562500000000007 0.609375 0.10781250000000009 0.609375
3 0.13281250000000008 0.7078125 0.09531250000000009 0.7078125 0.09531250000000009 0.734375 0.13281250000000008 0.734375
2 0.19687500000000008 0.8078125 0.17968750000000008 0.8078125 0.17968750000000008 0.8234375 0.19687500000000008 0.8234375
2 0.2484375000000001 0.76875 0.2328125000000001 0.76875 0.2328125000000001 0.784375 0.2484375000000001 0.784375
3 0.2250000000000001 0.7921875 0.20468750000000008 0.7921875 0.20468750000000008 0.8078125 0.2250000000000001 0.8078125
1 0.4250000000000001 0.7125 0.3765625000000001 0.7125 0.3765625000000001 0.734375 0.42500000000000016 0.734375
3 0.45 0.68125 0.4296875 0.68125 0.4296875 0.6953125 0.45 0.6953125
2 0.4343750000000002 0.7796875 0.4187500000000002 0.7796875 0.4187500000000002 0.79375 0.4343750000000002 0.79375
2 0.4890625000000002 0.7828125 0.4734375000000002 0.7828125 0.4734375000000002 0.796875 0.4890625000000002 0.796875
0 0.5156250000000002 0.8375 0.5046875000000002 0.8375 0.5046875000000002 0.8515625 0.5156250000000002 0.8515625
5 0.5453125 0.6921875 0.4875 0.6921875 0.4875 0.715625 0.5453125 0.715625
1 0.5578125 0.65 0.509375 0.65 0.509375 0.6796875 0.5578125 0.6796875
6 0.590625 0.64375 0.559375 0.64375 0.559375 0.684375 0.590625 0.684375
6 0.5531250000000002 0.8 0.5218750000000002 0.8 0.5218750000000002 0.8234375 0.5531250000000002 0.8234375
6 0.6828125000000002 0.803125 0.6343750000000001 0.803125 0.6343750000000001 0.828125 0.6828125000000002 0.828125
3 0.71875 0.684375 0.6890625 0.684375 0.6890625 0.703125 0.71875 0.703125
0 0.7796875 0.6296875000000002 0.765625 0.6296875000000002 0.765625 0.6421875000000001 0.7796875 0.6421875000000001
3 0.79375 0.5953125000000001 0.775 0.5953125000000001 0.775 0.6078125000000002 0.79375 0.6078125000000002
5 0.8765625 0.7796875000000002 0.8296875 0.7796875000000002 0.8296875 0.80625 0.8765625 0.80625
6 0.871875 0.8109375 0.8296875 0.8109375 0.8296875 0.8375 0.871875 0.8375
2 0.9296875 0.8171875 0.909375 0.8171875 0.909375 0.834375 0.9296875 0.834375
4 0.8515625 0.846875 0.8421875 0.846875 0.8421875 0.8546875 0.8515625 0.8546875
6 0.975 0.6734375000000001 0.9390625 0.6734375000000001 0.9390625 0.6953125000000002 0.975 0.6953125000000002
4 0.9578125 0.6984375000000002 0.95 0.6984375000000002 0.95 0.7046875000000001 0.9578125 0.7046875000000001
2 0.7015625000000002 0.85625 0.6843750000000002 0.85625 0.6843750000000002 0.871875 0.7015625000000002 0.871875
6 0.5421875 0.10937500000000004 0.5265625 0.10937500000000004 0.5265625 0.18437500000000004 0.5421875 0.18437500000000004