2 0.98125 0.4750000000000002 0.95625 0.4750000000000002 0.95625 0.4937500000000002 0.98125 0.4937500000000002
2 0.9890625 0.3234375000000001 0.96875 0.3234375000000001 0.96875 0.3390625000000001 0.9890625 0.3390625000000001
2 0.9078125 0.3281250000000001 0.8828125 0.3281250000000001 0.8828125 0.3453125000000001 0.9078125 0.3453125000000001
2 0.7765625 0.1593750000000001 0.7515625 0.1593750000000001 0.7515625 0.1828125000000001 0.7765625 0.1828125000000001
2 0.7875 0.24375000000000008 0.7609375 0.24375000000000008 0.7609375 0.26250000000000007 0.7875 0.26250000000000007
4 0.7921875 0.5000000000000002 0.7796875 0.5000000000000002 0.7796875 0.5093750000000001 0.7921875 0.5093750000000001
2 0.5078125 0.3609375000000001 0.484375 0.3609375000000001 0.484375 0.3812500000000001 0.5078125 0.3812500000000001
4 0.3281250000000001 0.571875 0.31718750000000007 0.571875 0.31718750000000007 0.5828125 0.3281250000000001 0.5828125
4 0.2609375000000001 0.36875 0.2515625000000001 0.36875 0.2515625000000001 0.378125 0.2609375000000001 0.378125
4 0.21250000000000008 0.58125 0.2015625000000001 0.58125 0.2015625000000001 0.5921875 0.21250000000000008 0.5921875
0 0.2000000000000001 0.3734375 0.18281250000000004 0.3734375 0.18281250000000004 0.3890625 0.2000000000000001 0.3890625
2 0.16093750000000004 0.2515625 0.13750000000000004 0.2515625 0.13750000000000004 0.2875 0.16093750000000004 0.2875
2 0.18437500000000007 0.5390625 0.15937500000000004 0.5390625 0.15937500000000007 0.5578125 0.1843750000000001 0.5578125
2 0.15625000000000006 0.5125 0.13125000000000003 0.5125 0.13125000000000003 0.53125 0.15625000000000006 0.53125
2 0.15625000000000006 0.540625 0.13125000000000003 0.540625 0.13125000000000006 0.5609375 0.15625000000000008 0.5609375
2 0.1453125000000001 0.5625 0.12500000000000008 0.5625 0.12500000000000008 0.5859375 0.1453125000000001 0.5859375
2 0.12500000000000006 0.5140625 0.10625000000000004 0.5140625 0.10625000000000004 0.534375 0.12500000000000006 0.534375
2 0.10000000000000005 0.51875 0.07500000000000007 0.51875 0.07500000000000007 0.5390625 0.10000000000000005 0.5390625
2 0.12343750000000009 0.5484375 0.10000000000000009 0.5484375 0.10000000000000009 0.5671875 0.12343750000000009 0.5671875
2 0.10781250000000009 0.5671875 0.08281250000000007 0.5671875 0.08281250000000007 0.5953125 0.10781250000000009 0.5953125
2 0.09375000000000007 0.55 0.06875000000000006 0.55 0.06875000000000006 0.5671875 0.09375000000000007 0.5671875
2 0.07187500000000006 0.5109375 0.048437500000000064 0.5109375 0.048437500000000064 0.5296875 0.07187500000000006 0.5296875
2 0.07343750000000007 0.5296875 0.050000000000000065 0.5296875 0.050000000000000065 0.55 0.07343750000000007 0.55
2 0.06562500000000007 0.5546875 0.042187500000000065 0.5546875 0.042187500000000065 0.56875 0.06562500000000007 0.56875
2 0.050000000000000065 0.5328125 0.021875000000000068 0.5328125 0.021875000000000068 0.5515625 0.050000000000000065 0.5515625
0 0.04375000000000007 0.515625 0.023437500000000062 0.515625 0.023437500000000062 0.5296875 0.04375000000000007 0.5296875
0 0.06562500000000007 0.575 0.04687500000000007 0.575 0.04687500000000007 0.5890625 0.06562500000000007 0.5890625
0 0.1375000000000001 0.6109375 0.11875000000000009 0.6109375 0.11875000000000009 0.621875 0.1375000000000001 0.621875
4 0.11875000000000009 0.5671875 0.10781250000000009 0.5671875 0.10781250000000009 0.575 0.11875000000000009 0.575
4 0.07812500000000007 0.5765625 0.06875000000000006 0.5765625 0.06875000000000006 0.5859375 0.07812500000000007 0.5859375
4 0.03125000000000007 0.5640625 0.021875000000000068 0.5640625 0.021875000000000068 0.5734375 0.03125000000000007 0.5734375
4 0.03593750000000007 0.575 0.026562500000000065 0.575 0.026562500000000065 0.58125 0.03593750000000007 0.58125
4 0.04531250000000007 0.58125 0.03593750000000007 0.58125 0.03593750000000007 0.5875 0.04531250000000007 0.5875
4 0.05156250000000007 0.590625 0.04062500000000008 0.590625 0.04062500000000008 0.5953125 0.05156250000000007 0.5953125
4 0.02656250000000008 0.6125 0.015625000000000076 0.6125 0.015625000000000076 0.61875 0.02656250000000008 0.61875
4 0.039062500000000056 0.4578125 0.028125000000000056 0.4578125 0.028125000000000056 0.4640625 0.039062500000000056 0.4640625
2 0.02187500000000001 0.034375 0.0015625000000000042 0.034375 0.0015625000000000066 0.075 0.021875000000000012 0.075
4 0.0921875 0.05781250000000001 0.084375 0.0578125 0.084375 0.084375 0.0921875 0.08437500000000002
4 0.021875000000000002 0.010937500000000003 0.0125 0.010937500000000003 0.012500000000000002 0.0296875 0.021875000000000006 0.0296875
4 0.010937500000000001 0.004687500000000001 0.003125 0.0046875 0.0031250000000000015 0.025 0.010937500000000003 0.025
6 0.07812500000000004 0.309375 0.05312500000000005 0.309375 0.05312500000000005 0.371875 0.07812500000000004 0.371875