2 0.09843750000000007 0.503125 0.07812500000000007 0.503125 0.07812500000000007 0.5171875 0.09843750000000007 0.5171875
2 0.3843750000000001 0.490625 0.3671875000000001 0.490625 0.3671875000000001 0.50625 0.3843750000000001 0.50625
2 0.60625 0.5578125 0.590625 0.5578125 0.590625 0.5734375 0.60625 0.5734375
2 0.746875 0.42968750000000017 0.7296875 0.42968750000000017 0.7296875 0.44843750000000016 0.746875 0.44843750000000016
2 0.35 0.2828125 0.33125 0.2828125 0.33125 0.296875 0.35 0.296875
2 0.40625 0.24375000000000008 0.3953125 0.24375000000000008 0.3953125 0.2656250000000001 0.40625 0.2656250000000001
2 0.3984375 0.2093750000000001 0.3828125 0.2093750000000001 0.3828125 0.22812500000000008 0.3984375 0.22812500000000008
2 0.509375 0.3109375000000001 0.5015625 0.3109375000000001 0.5015625 0.3421875000000001 0.509375 0.3421875000000001
2 0.5203125 0.30937500000000007 0.5125 0.30937500000000007 0.5125 0.3437500000000001 0.5203125 0.3437500000000001
2 0.559375 0.3031250000000001 0.553125 0.3031250000000001 0.553125 0.33281250000000007 0.559375 0.33281250000000007
2 0.5703125 0.3078125000000001 0.5609375 0.3078125000000001 0.5609375 0.33281250000000007 0.5703125 0.33281250000000007
2 0.8765625 0.5703125000000002 0.8609375 0.5703125000000002 0.8609375 0.5906250000000002 0.8765625 0.5906250000000002
2 0.859375 0.5968750000000002 0.8421875 0.5968750000000002 0.8421875 0.6109375000000001 0.859375 0.6109375000000001
2 0.9609375 0.85625 0.95 0.85625 0.95 0.88125 0.9609375 0.88125
2 0.94375 0.8890625 0.9375 0.8890625 0.9375 0.91875 0.94375 0.91875
2 0.971875 0.90625 0.9625 0.90625 0.9625 0.93125 0.971875 0.93125
2 1 0.896875 0.9921875 0.896875 0.9921875 0.9234375 1 0.9234375
2 0.990625 0.7953125000000002 0.975 0.7953125000000002 0.975 0.8234375 0.990625 0.8234375
2 0.9765625 0.8484375 0.965625 0.8484375 0.965625 0.8703125 0.9765625 0.8703125
2 0.846875 0.9296875 0.8359375 0.9296875 0.8359375 0.9609375 0.846875 0.9609375
2 0.7203125 0.6421875 0.7125 0.6421875 0.7125 0.665625 0.7203125 0.665625
6 0.13437500000000005 0.48125 0.09218750000000006 0.48125 0.09218750000000006 0.5 0.13437500000000005 0.5
6 0.3078125000000001 0.4734375 0.2687500000000001 0.4734375 0.2687500000000001 0.490625 0.3078125000000001 0.490625
6 0.5578125 0.465625 0.525 0.465625 0.525 0.484375 0.5578125 0.484375
6 0.609375 0.484375 0.578125 0.484375 0.578125 0.5046875 0.609375 0.5046875
6 0.6546875 0.5171875 0.6234375 0.5171875 0.6234375 0.5390625 0.6546875 0.5390625
6 0.7703125 0.46406250000000016 0.73125 0.46406250000000016 0.73125 0.48437500000000017 0.7703125 0.48437500000000017
6 0.721875 0.528125 0.690625 0.528125 0.690625 0.5484375 0.721875 0.5484375
5 0.996875 0.5500000000000002 0.9265625 0.5500000000000002 0.9265625 0.5734375000000002 0.996875 0.5734375000000002
6 0.9 0.6296875000000002 0.8625 0.6296875000000002 0.8625 0.6500000000000001 0.9 0.6500000000000001
5 0.7390625 0.3765625000000001 0.69375 0.3765625000000001 0.69375 0.3937500000000001 0.7390625 0.3937500000000001
6 0.6796875 0.3765625000000001 0.6390625 0.3765625000000001 0.6390625 0.39531250000000007 0.6796875 0.39531250000000007
6 0.2921875000000001 0.6265625 0.26250000000000007 0.6265625 0.26250000000000007 0.646875 0.2921875000000001 0.646875
6 0.16406250000000008 0.634375 0.12500000000000008 0.634375 0.12500000000000008 0.6546875 0.16406250000000008 0.6546875
6 0.1390625000000001 0.665625 0.10000000000000009 0.665625 0.10000000000000009 0.690625 0.1390625000000001 0.690625
6 0.6875 0.5671875 0.65625 0.5671875 0.65625 0.590625 0.6875 0.590625
6 0.734375 0.5953125000000001 0.70625 0.5953125 0.70625 0.6156250000000001 0.734375 0.6156250000000002
3 0.7578125 0.5921875000000002 0.7375 0.5921875000000002 0.7375 0.6062500000000002 0.7578125 0.6062500000000002
3 0.85625 0.5812500000000002 0.8375 0.5812500000000002 0.8375 0.5953125000000001 0.85625 0.5953125000000001
0 0.821875 0.5984375000000002 0.8109375 0.5984375000000002 0.8109375 0.6078125000000002 0.821875 0.6078125000000002
0 0.7984375 0.5984375000000002 0.784375 0.5984375000000002 0.784375 0.6125000000000002 0.7984375 0.6125000000000002
3 0.671875 0.44375 0.65 0.44375 0.65 0.459375 0.671875 0.459375
4 0.5484375 0.2750000000000001 0.54375 0.2750000000000001 0.54375 0.2890625000000001 0.5484375 0.2890625000000001
4 0.6078125 0.5484375 0.5984375 0.5484375 0.5984375 0.5546875 0.6078125 0.5546875
4 0.7640625 0.5640625000000001 0.7546875 0.5640625000000001 0.7546875 0.5750000000000002 0.7640625 0.5750000000000002
4 0.8015625 0.5765625000000002 0.7921875 0.5765625000000002 0.7921875 0.5875000000000001 0.8015625 0.5875000000000001
4 0.8109375 0.5609375000000002 0.8015625 0.5609375000000002 0.8015625 0.5718750000000001 0.8109375 0.5718750000000001
3 0.7640625000000002 0.8421875 0.7421875000000002 0.8421875 0.7421875000000002 0.8609375 0.7640625000000002 0.8609375
3 0.7171875000000002 0.878125 0.7078125000000002 0.878125 0.7078125000000002 0.9125 0.7171875000000002 0.9125
3 0.1296875000000001 0.5515625 0.11250000000000009 0.5515625 0.11250000000000009 0.5671875 0.1296875000000001 0.5671875
4 0.2062500000000001 0.4015625 0.19687500000000005 0.4015625 0.19687500000000005 0.4109375 0.2062500000000001 0.4109375
4 0.91875 0.4000000000000002 0.909375 0.4000000000000002 0.909375 0.4078125000000002 0.91875 0.4078125000000002
4 0.5265625 0.2734375000000001 0.5234375 0.2734375000000001 0.5234375 0.2875000000000001 0.5265625 0.2875000000000001
4 0.54375 0.2875000000000001 0.540625 0.2875000000000001 0.540625 0.30156250000000007 0.54375 0.30156250000000007
4 0.56875 0.2765625000000001 0.5640625 0.2765625000000001 0.5640625 0.2921875000000001 0.56875 0.2921875000000001
4 0.5796875 0.2984375000000001 0.5765625 0.2984375000000001 0.5765625 0.3140625000000001 0.5796875 0.3140625000000001
4 0.56875 0.23437500000000008 0.565625 0.23437500000000008 0.565625 0.2500000000000001 0.56875 0.2500000000000001
4 0.534375 0.2234375000000001 0.5296875 0.2234375000000001 0.5296875 0.23437500000000008 0.534375 0.23437500000000008
4 0.5421875 0.2234375000000001 0.5375 0.2234375000000001 0.5375 0.23593750000000008 0.5421875 0.23593750000000008
4 0.578125 0.2375000000000001 0.575 0.2375000000000001 0.575 0.2500000000000001 0.578125 0.2500000000000001
4 0.51875 0.2734375000000001 0.5140625 0.2734375000000001 0.5140625 0.2875000000000001 0.51875 0.2875000000000001
4 0.4140625 0.2656250000000001 0.4109375 0.2656250000000001 0.4109375 0.27812500000000007 0.4140625 0.27812500000000007
4 0.5328125 0.27812500000000007 0.5296875 0.27812500000000007 0.5296875 0.2890625000000001 0.5328125 0.2890625000000001
4 0.575 0.2406250000000001 0.571875 0.2406250000000001 0.571875 0.2515625000000001 0.575 0.2515625000000001
4 0.546875 0.2921875000000001 0.54375 0.2921875000000001 0.54375 0.3031250000000001 0.546875 0.3031250000000001
4 0.5390625 0.29375000000000007 0.5359375 0.29375000000000007 0.5359375 0.3046875000000001 0.5390625 0.3046875000000001
0 0.825 0.6390625000000002 0.8109375 0.6390625000000002 0.8109375 0.6515625000000002 0.825 0.6515625000000002
2 0.6828125 0.6375 0.6765625 0.6375 0.6765625 0.6578125 0.6828125 0.6578125
2 0.675 0.6203125 0.6671875 0.6203125 0.6671875 0.64375 0.675 0.64375
2 0.6671875 0.621875 0.659375 0.621875 0.659375 0.646875 0.6671875 0.646875
2 0.675 0.6453125 0.66875 0.6453125 0.66875 0.66875 0.675 0.66875