0 0.0296875000000001 0.78125 0.010937500000000095 0.78125 0.010937500000000096 0.8015625 0.0296875000000001 0.8015625
2 0.08437500000000009 0.721875 0.06093750000000009 0.721875 0.06093750000000009 0.7421875 0.08437500000000009 0.7421875
4 0.13437500000000008 0.7140625 0.1218750000000001 0.7140625 0.1218750000000001 0.7296875 0.13437500000000008 0.7296875
1 0.1812500000000001 0.86875 0.11718750000000008 0.86875 0.11718750000000011 0.909375 0.18125000000000013 0.909375
0 0.14843750000000014 0.921875 0.13281250000000014 0.921875 0.13281250000000014 0.9359375 0.14843750000000014 0.9359375
4 0.13437500000000013 0.9375 0.12031250000000013 0.9375 0.12031250000000013 0.9515625 0.13437500000000013 0.9515625
0 0.14375000000000013 0.9546875 0.12812500000000013 0.9546875 0.12812500000000013 0.971875 0.14375000000000013 0.971875
4 0.18906250000000008 0.715625 0.17343750000000008 0.715625 0.17343750000000008 0.7328125 0.18906250000000008 0.7328125
2 0.2218750000000001 0.809375 0.2000000000000001 0.809375 0.2000000000000001 0.8328125 0.2218750000000001 0.8328125
5 0.2453125000000001 0.6578125 0.18906250000000008 0.6578125 0.18906250000000008 0.6859375 0.2453125000000001 0.6859375
5 0.30156250000000007 0.65 0.2468750000000001 0.65 0.2468750000000001 0.68125 0.30156250000000007 0.68125
2 0.2843750000000001 0.809375 0.2593750000000001 0.809375 0.2593750000000001 0.83125 0.2843750000000001 0.83125
4 0.3781250000000001 0.671875 0.3687500000000001 0.671875 0.3687500000000001 0.6796875 0.3781250000000001 0.6796875
2 0.3890625000000001 0.803125 0.36406250000000007 0.803125 0.36406250000000007 0.8328125 0.3890625000000001 0.8328125
2 0.3515625000000001 0.878125 0.3265625000000001 0.878125 0.3265625000000001 0.9015625 0.3515625000000001 0.9015625
4 0.4109375000000002 0.7515625 0.40156250000000016 0.7515625 0.40156250000000016 0.765625 0.4109375000000002 0.765625
4 0.4203125000000002 0.778125 0.40625000000000017 0.778125 0.40625000000000017 0.79375 0.4203125000000002 0.79375
4 0.4546875000000002 0.834375 0.4390625000000002 0.834375 0.4390625000000002 0.8515625 0.4546875000000002 0.8515625
4 0.4562500000000001 0.7125 0.4453125 0.7125 0.4453125000000001 0.728125 0.45625000000000016 0.728125
2 0.47187500000000016 0.8859375 0.4468750000000002 0.8859375 0.4468750000000002 0.9109375 0.47187500000000016 0.9109375
0 0.5125000000000002 0.946875 0.4968750000000002 0.946875 0.4968750000000002 0.9609375 0.5125000000000002 0.9609375
4 0.5328125000000001 0.809375 0.5218750000000002 0.809375 0.5218750000000002 0.8296875 0.5328125000000001 0.8296875
4 0.5312500000000002 0.7703125 0.5218750000000002 0.7703125 0.5218750000000002 0.7875 0.5312500000000002 0.7875
4 0.5046875000000001 0.7234375 0.4953125 0.7234375 0.4953125000000001 0.74375 0.5046875000000002 0.74375
4 0.5421875 0.6984375 0.534375 0.6984375 0.534375 0.71875 0.5421875 0.71875
4 0.5625000000000002 0.7265625 0.5515625000000002 0.7265625 0.5515625000000002 0.7453125 0.5625000000000002 0.7453125
4 0.6515625000000002 0.7953125 0.6406250000000002 0.7953125 0.6406250000000002 0.803125 0.6515625000000002 0.803125
4 0.6906250000000002 0.7953125 0.6796875000000002 0.7953125 0.6796875000000002 0.8078125 0.6906250000000002 0.8078125
4 0.7078125000000002 0.7828125 0.6968750000000001 0.7828125 0.6968750000000001 0.796875 0.7078125000000002 0.796875
2 0.6765625 0.7 0.65625 0.7 0.65625 0.71875 0.6765625 0.71875
0 0.6765625000000002 0.85625 0.6625000000000002 0.85625 0.6625000000000002 0.878125 0.6765625000000002 0.878125
6 0.7578125000000002 0.859375 0.7140625000000002 0.859375 0.7140625000000002 0.8890625 0.7578125000000002 0.8890625
1 0.978125 0.859375 0.909375 0.859375 0.909375 0.8984375 0.978125 0.8984375
4 0.825 0.89375 0.809375 0.89375 0.809375 0.9125 0.825 0.9125
2 0.828125 0.8578125 0.8015625 0.8578125 0.8015625 0.884375 0.828125 0.884375
2 0.8734375 0.8171875 0.8484375 0.8171875 0.8484375 0.84375 0.8734375 0.84375
2 0.81875 0.7890625000000002 0.7937500000000002 0.7890625000000002 0.7937500000000002 0.8171875 0.81875 0.8171875
4 0.875 0.7078125000000002 0.8625 0.7078125000000002 0.8625 0.7234375000000002 0.875 0.7234375000000002
2 0.515625 0.515625 0.5046875 0.515625 0.5046875 0.553125 0.515625 0.553125
2 0.5234375 0.446875 0.5125 0.446875 0.5125 0.484375 0.5234375 0.484375
0 0.4703125 0.11718750000000004 0.4625 0.11718750000000004 0.4625 0.14375000000000004 0.4703125 0.14375000000000004
4 0.484375 0.17656250000000004 0.4765625 0.17656250000000004 0.4765625 0.2000000000000001 0.484375 0.2000000000000001
2 0.5203125 0.2078125000000001 0.50625 0.2078125000000001 0.50625 0.2515625000000001 0.5203125 0.2515625000000001