4 0.007812500000000003 0.015625 1.9135106236677394e-18 0.015625 3.444319122601931e-18 0.040625 0.007812500000000005 0.040625
4 0.007812500000000012 0.0859375 1.0524308430172567e-17 0.0859375 1.2342143522656918e-17 0.115625 0.007812500000000014 0.115625
2 0.15781250000000005 0.2546875 0.13906250000000003 0.2546875 0.13906250000000003 0.303125 0.15781250000000005 0.303125
0 0.2015625000000001 0.3828125 0.18281250000000004 0.3828125 0.18281250000000004 0.4046875 0.2015625000000001 0.4046875
5 0.06562500000000004 0.4015625 0.02343750000000005 0.4015625 0.023437500000000052 0.43125 0.06562500000000004 0.43125
2 0.06562500000000007 0.5484375 0.040625000000000064 0.5484375 0.040625000000000064 0.571875 0.06562500000000007 0.571875
2 0.032812500000000064 0.5375 0.007812500000000066 0.5375 0.007812500000000068 0.5609375 0.032812500000000064 0.5609375
4 0.023437500000000073 0.56875 0.012500000000000072 0.56875 0.012500000000000072 0.5828125 0.023437500000000073 0.5828125
2 0.057812500000000065 0.5734375 0.03125000000000007 0.5734375 0.03125000000000007 0.5953125 0.057812500000000065 0.5953125
4 0.03906250000000007 0.5609375 0.025000000000000067 0.5609375 0.025000000000000067 0.571875 0.03906250000000007 0.571875
2 0.7890625 0.2296875000000001 0.7625 0.2296875000000001 0.7625 0.2562500000000001 0.7890625 0.2562500000000001
2 0.778125 0.14843750000000008 0.753125 0.14843750000000008 0.753125 0.17343750000000008 0.778125 0.17343750000000008
2 0.909375 0.3125000000000001 0.8828125 0.3125000000000001 0.8828125 0.3359375000000001 0.909375 0.3359375000000001
2 0.99375 0.3031250000000001 0.96875 0.3031250000000001 0.96875 0.3312500000000001 0.99375 0.3312500000000001
2 0.5765625 0.3265625000000001 0.55625 0.3265625000000001 0.55625 0.3468750000000001 0.5765625 0.3468750000000001
2 0.509375 0.3593750000000001 0.484375 0.3593750000000001 0.484375 0.3843750000000001 0.509375 0.3843750000000001
4 0.10312500000000005 0.3859375 0.09062500000000004 0.3859375 0.09062500000000004 0.4125 0.10312500000000005 0.4125
2 0.015625000000000038 0.2890625 3.539994653785318e-17 0.2890625 3.8748590129271723e-17 0.34375 0.015625000000000045 0.34375
2 0.76875 0.4125000000000002 0.740625 0.4125000000000002 0.740625 0.4359375000000002 0.76875 0.4359375000000002
0 0.2500000000000001 0.4484375 0.2312500000000001 0.4484375 0.2312500000000001 0.4671875 0.2500000000000001 0.4671875
3 0.19218750000000004 0.415625 0.16562500000000005 0.415625 0.16562500000000005 0.4453125 0.19218750000000004 0.4453125
4 0.04375000000000005 0.440625 0.028125000000000056 0.440625 0.028125000000000056 0.45625 0.04375000000000005 0.45625
2 0.2015625000000001 0.45625 0.17031250000000003 0.45625 0.17031250000000003 0.4828125 0.2015625000000001 0.4828125
0 0.3515625000000001 0.4390625 0.3359375000000001 0.4390625 0.3359375000000001 0.4546875 0.3515625000000001 0.4546875
3 0.050000000000000065 0.46875 5.740531871003217e-17 0.46875 5.931882933369991e-17 0.5 0.050000000000000065 0.5
2 0.27812500000000007 0.4734375 0.2515625000000001 0.4734375 0.2515625000000001 0.49375 0.27812500000000007 0.49375
2 0.15781250000000005 0.446875 0.13125000000000003 0.446875 0.13125000000000003 0.4671875 0.15781250000000005 0.4671875
2 0.11562500000000005 0.4875 0.09375000000000007 0.4875 0.09375000000000007 0.509375 0.11562500000000005 0.509375
2 0.3312500000000001 0.4625 0.3062500000000001 0.4625 0.3062500000000001 0.4828125 0.3312500000000001 0.4828125
2 0.4296875 0.428125 0.403125 0.428125 0.403125 0.453125 0.4296875 0.453125
2 0.2968750000000001 0.5578125 0.2671875000000001 0.5578125 0.2671875000000001 0.584375 0.2968750000000001 0.584375
0 0.571875 0.5515625 0.553125 0.5515625 0.553125 0.571875 0.571875 0.571875
4 0.4609375 0.4140625 0.446875 0.4140625 0.446875 0.4296875 0.4609375 0.4296875
4 0.5203125 0.4140625 0.50625 0.4140625 0.50625 0.4296875 0.5203125 0.4296875
0 0.4265625 0.403125 0.4109375 0.403125 0.4109375 0.41875 0.4265625 0.41875
0 0.3593750000000001 0.4703125 0.3421875000000001 0.4703125 0.3421875000000001 0.4875 0.3593750000000001 0.4875
2 0.5734375 0.3984375000000001 0.5484375 0.3984375000000001 0.5484375 0.41875 0.5734375 0.41875
2 0.2328125000000001 0.4765625 0.20468750000000008 0.4765625 0.20468750000000008 0.503125 0.2328125000000001 0.503125
2 0.5734375 0.44375 0.5453125 0.44375 0.5453125 0.46875 0.5734375 0.46875
4 0.5640625 0.4296875 0.55 0.4296875 0.55 0.440625 0.5640625 0.440625
4 0.5984375 0.4234375 0.584375 0.4234375 0.584375 0.440625 0.5984375 0.440625
4 0.615625 0.3812500000000001 0.6015625 0.3812500000000001 0.6015625 0.3984375000000001 0.615625 0.3984375000000001
4 0.5421875 0.5140625 0.528125 0.5140625 0.528125 0.5296875 0.5421875 0.5296875
4 0.6421875 0.38750000000000007 0.6296875 0.38750000000000007 0.6296875 0.403125 0.6421875 0.403125
4 0.928125 0.3765625000000001 0.9140625 0.3765625000000001 0.9140625 0.3921875000000001 0.928125 0.3921875000000001
2 0.678125 0.428125 0.6546875 0.428125 0.6546875 0.45625 0.678125 0.45625
4 0.7640625 0.3765625000000001 0.7484375 0.3765625000000001 0.7484375 0.3921875000000001 0.7640625 0.3921875000000001
4 0.8890625 0.3765625000000001 0.875 0.3765625000000001 0.875 0.3921875000000001 0.8890625 0.3921875000000001
4 0.8421875 0.3828125000000001 0.828125 0.3828125000000001 0.828125 0.39531250000000007 0.8421875 0.39531250000000007
4 0.01875 1.3394574365674175e-18 0.003125 3.827021247335479e-19 0.0031250000000000006 0.0140625 0.01875 0.0140625
0 0.043750000000000025 0.221875 0.02812500000000002 0.221875 0.02812500000000003 0.2578125 0.04375000000000003 0.2578125
2 0.07968750000000001 0.090625 0.059375 0.090625 0.05937500000000001 0.14375 0.07968750000000002 0.14375
5 0.915625 0.4000000000000002 0.8859375 0.4000000000000002 0.8859375 0.42500000000000016 0.915625 0.42500000000000016