2 0.353125 0.278125 0.334375 0.278125 0.334375 0.29375 0.353125 0.29375
2 0.4109375 0.2406250000000001 0.4 0.2406250000000001 0.4 0.26250000000000007 0.4109375 0.26250000000000007
2 0.4046875 0.2062500000000001 0.3875 0.2062500000000001 0.3875 0.2250000000000001 0.4046875 0.2250000000000001
2 0.5140625 0.3109375000000001 0.50625 0.3109375000000001 0.50625 0.34062500000000007 0.5140625 0.34062500000000007
2 0.525 0.3109375000000001 0.5171875 0.3109375000000001 0.5171875 0.34062500000000007 0.525 0.34062500000000007
2 0.565625 0.3046875000000001 0.5578125 0.3046875000000001 0.5578125 0.3296875000000001 0.565625 0.3296875000000001
2 0.575 0.3062500000000001 0.5671875 0.3062500000000001 0.5671875 0.3296875000000001 0.575 0.3296875000000001
2 0.9671875 0.8578125 0.95625 0.8578125 0.95625 0.884375 0.9671875 0.884375
2 0.9515625 0.8921875 0.9421875 0.8921875 0.9421875 0.91875 0.9515625 0.91875
2 0.725 0.6390625 0.7171875 0.6390625 0.7171875 0.6625 0.725 0.6625
6 0.9078125 0.6281250000000002 0.8671875 0.6281250000000002 0.8671875 0.6484375000000002 0.9078125 0.6484375000000002
5 0.74375 0.37187500000000007 0.696875 0.37187500000000007 0.696875 0.3921875000000001 0.74375 0.3921875000000001
6 0.684375 0.3734375000000001 0.64375 0.3734375000000001 0.64375 0.3937500000000001 0.684375 0.3937500000000001
6 0.2921875000000001 0.6234375 0.26250000000000007 0.6234375 0.26250000000000007 0.64375 0.2921875000000001 0.64375
6 0.1687500000000001 0.6296875 0.1296875000000001 0.6296875 0.1296875000000001 0.6484375 0.1687500000000001 0.6484375
6 0.1437500000000001 0.6609375 0.10468750000000009 0.6609375 0.10468750000000009 0.6859375 0.1437500000000001 0.6859375
4 0.553125 0.2718750000000001 0.5484375 0.2718750000000001 0.5484375 0.28593750000000007 0.553125 0.28593750000000007
3 0.7687500000000002 0.8421875 0.7468750000000002 0.8421875 0.7468750000000002 0.8609375 0.7687500000000002 0.8609375
3 0.7218750000000002 0.88125 0.7109375000000002 0.88125 0.7109375000000002 0.915625 0.7218750000000002 0.915625
4 0.53125 0.27031250000000007 0.528125 0.27031250000000007 0.528125 0.2843750000000001 0.53125 0.2843750000000001
4 0.5484375 0.2843750000000001 0.5453125 0.2843750000000001 0.5453125 0.2984375000000001 0.5484375 0.2984375000000001
4 0.575 0.2750000000000001 0.5703125 0.2750000000000001 0.5703125 0.2890625000000001 0.575 0.2890625000000001
4 0.584375 0.2968750000000001 0.58125 0.2968750000000001 0.58125 0.3109375000000001 0.584375 0.3109375000000001
4 0.5734375 0.2312500000000001 0.56875 0.2312500000000001 0.56875 0.2468750000000001 0.5734375 0.2468750000000001
4 0.5390625 0.22031250000000008 0.5359375 0.22031250000000008 0.5359375 0.2312500000000001 0.5390625 0.2312500000000001
4 0.546875 0.22031250000000008 0.5421875 0.22031250000000008 0.5421875 0.2328125000000001 0.546875 0.2328125000000001
4 0.5875 0.23437500000000008 0.584375 0.23437500000000008 0.584375 0.2468750000000001 0.5875 0.2468750000000001
4 0.5234375 0.27031250000000007 0.51875 0.27031250000000007 0.51875 0.2828125000000001 0.5234375 0.2828125000000001
4 0.415625 0.2640625000000001 0.4125 0.2640625000000001 0.4125 0.2765625000000001 0.415625 0.2765625000000001
4 0.5796875 0.23593750000000008 0.5765625 0.23593750000000008 0.5765625 0.2484375000000001 0.5796875 0.2484375000000001
4 0.5375 0.2718750000000001 0.534375 0.2718750000000001 0.534375 0.28593750000000007 0.5375 0.28593750000000007
4 0.54375 0.2890625000000001 0.540625 0.2890625000000001 0.540625 0.3000000000000001 0.54375 0.3000000000000001
4 0.5515625 0.2875000000000001 0.5484375 0.2875000000000001 0.5484375 0.3000000000000001 0.5515625 0.3000000000000001
0 0.83125 0.6375000000000002 0.815625 0.6375000000000002 0.815625 0.6515625000000002 0.83125 0.6515625000000002
2 0.6859375 0.634375 0.6796875 0.634375 0.6796875 0.659375 0.6859375 0.659375
2 0.6796875 0.61875 0.6734375 0.61875 0.6734375 0.64375 0.6796875 0.64375
2 0.671875 0.621875 0.665625 0.621875 0.665625 0.64375 0.671875 0.64375
2 0.6796875 0.6453125 0.6734375 0.6453125 0.6734375 0.6640625 0.6796875 0.6640625
0 0.828125 0.5984375000000002 0.815625 0.5984375000000002 0.815625 0.6078125000000002 0.828125 0.6078125000000002
2 0.14843750000000006 0.54375 0.13125000000000003 0.54375 0.13125000000000006 0.559375 0.14843750000000008 0.559375
2 0.9765625 0.9078125 0.9703125 0.9078125 0.9703125 0.93125 0.9765625 0.93125
6 0.8078125 0.4468750000000002 0.7828125 0.4468750000000002 0.7828125 0.4656250000000002 0.8078125 0.4656250000000002
6 0.753125 0.4515625000000001 0.71875 0.4515625 0.71875 0.4750000000000001 0.753125 0.4750000000000002
6 0.2875000000000001 0.4890625 0.2562500000000001 0.4890625 0.2562500000000001 0.5078125 0.2875000000000001 0.5078125
2 0.984375 0.85 0.9703125 0.85 0.9703125 0.875 0.984375 0.875
6 0.9703125 0.4656250000000002 0.9359375 0.4656250000000002 0.9359375 0.48437500000000017 0.9703125 0.48437500000000017
6 0.17031250000000003 0.521875 0.13906250000000003 0.521875 0.13906250000000003 0.5390625 0.17031250000000003 0.5390625
5 0.9984375 0.5500000000000002 0.9328125 0.5500000000000002 0.9328125 0.5734375000000002 0.9984375 0.5734375000000002
2 0.996875 0.7953125000000002 0.98125 0.7953125000000002 0.98125 0.825 0.996875 0.825
0 0.8015625 0.5984375000000002 0.790625 0.5984375000000002 0.790625 0.6109375000000001 0.8015625 0.6109375000000001
6 0.8171875 0.5515625000000002 0.7859375 0.5515625000000002 0.7859375 0.5718750000000001 0.8171875 0.5718750000000001
6 0.7359375 0.5953125000000001 0.7109375 0.5953125 0.7109375 0.6109375000000001 0.7359375 0.6109375000000001
3 0.7625 0.5921875000000002 0.740625 0.5921875000000002 0.740625 0.6046875000000002 0.7625 0.6046875000000002
2 0.7640625 0.5109375000000002 0.7484375 0.5109375000000002 0.7484375 0.5250000000000001 0.7640625 0.5250000000000001
2 0.609375 0.5578125 0.596875 0.5578125 0.596875 0.5703125 0.609375 0.5703125
0 0.84375 0.3890625000000001 0.8296875 0.3890625000000001 0.8296875 0.4031250000000002 0.84375 0.4031250000000002
2 0.9609375 0.3937500000000001 0.9421875 0.3937500000000001 0.9421875 0.4078125000000002 0.9609375 0.4078125000000002
4 0.9484375 0.3812500000000001 0.9421875 0.3812500000000001 0.9421875 0.3906250000000001 0.9484375 0.3906250000000001
2 0.9171875 0.5125000000000002 0.903125 0.5125000000000002 0.903125 0.5265625000000002 0.9171875 0.5265625000000002
2 0.6546875 0.45 0.640625 0.45 0.640625 0.4609375 0.6546875 0.4609375
2 0.08593750000000007 0.525 0.07031250000000007 0.525 0.07031250000000007 0.5375 0.08593750000000007 0.5375
4 0.050000000000000065 0.5609375 0.04375000000000007 0.5609375 0.04375000000000007 0.5703125 0.050000000000000065 0.5703125
2 0.19843750000000004 0.459375 0.18437500000000004 0.459375 0.18437500000000004 0.471875 0.19843750000000004 0.471875
3 0.16250000000000003 0.4578125 0.14375000000000004 0.4578125 0.14375000000000004 0.471875 0.16250000000000003 0.471875
4 0.09687500000000007 0.5671875 0.08906250000000007 0.5671875 0.08906250000000007 0.5765625 0.09687500000000007 0.5765625
2 0.1609375000000001 0.5609375 0.1468750000000001 0.5609375 0.1468750000000001 0.571875 0.1609375000000001 0.571875
6 0.15312500000000004 0.478125 0.11406250000000004 0.478125 0.11406250000000004 0.49375 0.15312500000000004 0.49375
2 0.06718750000000007 0.496875 0.050000000000000065 0.496875 0.050000000000000065 0.5109375 0.06718750000000007 0.5109375
4 0.3500000000000001 0.60625 0.3421875000000001 0.60625 0.3421875000000001 0.6140625 0.3500000000000001 0.6140625
3 0.5296875 0.4890625 0.509375 0.4890625 0.509375 0.5015625 0.5296875 0.5015625
4 0.90625 0.5921875000000002 0.9 0.5921875000000002 0.9 0.6062500000000002 0.90625 0.6062500000000002
3 0.8765625 0.5265625000000002 0.8625 0.5265625000000002 0.8625 0.5437500000000002 0.8765625 0.5437500000000002
2 0.825 0.5125000000000002 0.8078125 0.5125000000000002 0.8078125 0.5265625000000002 0.825 0.5265625000000002
6 0.6546875 0.528125 0.6234375 0.528125 0.6234375 0.546875 0.6546875 0.546875
4 0.26250000000000007 0.4171875 0.25468750000000007 0.4171875 0.25468750000000007 0.4265625 0.26250000000000007 0.4265625
4 0.5453125 0.3921875000000001 0.5375 0.3921875000000001 0.5375 0.4015625 0.5453125 0.4015625
3 0.628125 0.578125 0.6125 0.578125 0.6125 0.590625 0.628125 0.590625