0 0.06250000000000008 0.75625 0.050000000000000086 0.75625 0.050000000000000086 0.7671875 0.06250000000000008 0.7671875
0 0.07968750000000009 0.6484375 0.06406250000000009 0.6484375 0.06406250000000009 0.6640625 0.07968750000000009 0.6640625
0 0.2796875000000001 0.740625 0.26250000000000007 0.740625 0.26250000000000007 0.75625 0.2796875000000001 0.75625
0 0.3750000000000001 0.5015625 0.3625000000000001 0.5015625 0.3625000000000001 0.5171875 0.3750000000000001 0.5171875
0 0.5796875 0.50625 0.56875 0.50625 0.56875 0.521875 0.5796875 0.521875
4 0.640625 0.37968750000000007 0.628125 0.37968750000000007 0.628125 0.3937500000000001 0.640625 0.3937500000000001
4 0.63125 0.30156250000000007 0.6203125 0.30156250000000007 0.6203125 0.3156250000000001 0.63125 0.3156250000000001
0 0.7625 0.3593750000000001 0.7515625 0.3593750000000001 0.7515625 0.3812500000000001 0.7625 0.3812500000000001
4 0.5828125 0.49375 0.571875 0.49375 0.571875 0.50625 0.5828125 0.50625
0 0.14062500000000008 0.66875 0.12656250000000008 0.66875 0.12656250000000008 0.6828125 0.14062500000000008 0.6828125
4 0.4203125 0.5296875 0.409375 0.5296875 0.409375 0.54375 0.4203125 0.54375
2 0.3109375 0.2375 0.290625 0.2375 0.290625 0.2578125 0.3109375 0.2578125
4 0.08593750000000003 0.2234375 0.07500000000000002 0.2234375 0.07500000000000002 0.2390625 0.08593750000000003 0.2390625
2 0.2296875000000001 0.3921875 0.2093750000000001 0.3921875 0.2093750000000001 0.421875 0.2296875000000001 0.421875
0 0.7296875 0.3984375000000001 0.7171875 0.3984375000000001 0.7171875 0.4125000000000001 0.7296875 0.4125000000000002
4 0.828125 0.7515625000000001 0.8203125 0.7515625000000001 0.8203125 0.7640625000000002 0.828125 0.7640625000000002
4 0.6390625000000002 0.7421875 0.6312500000000002 0.7421875 0.6312500000000002 0.7609375 0.6390625000000002 0.7609375
0 0.6765625 0.540625 0.665625 0.540625 0.665625 0.5609375 0.6765625 0.5609375
0 0.63125 0.5609375 0.615625 0.5609375 0.615625 0.58125 0.63125 0.58125
2 0.771875 0.6453125000000002 0.75625 0.6453125000000002 0.75625 0.6765625000000002 0.771875 0.6765625000000002
0 0.690625 0.5390625 0.68125 0.5390625 0.68125 0.5609375 0.690625 0.5609375
4 0.6734375 0.5046875 0.6640625 0.5046875 0.6640625 0.525 0.6734375 0.525
0 0.7609375 0.4890625000000002 0.753125 0.4890625000000002 0.753125 0.5078125000000002 0.7609375 0.5078125000000002
0 0.7796875 0.4078125000000002 0.76875 0.4078125000000002 0.76875 0.4312500000000002 0.7796875 0.4312500000000002
4 0.78125 0.1468750000000001 0.771875 0.1468750000000001 0.771875 0.15781250000000008 0.78125 0.15781250000000008
0 0.60625 0.3296875000000001 0.5953125 0.3296875000000001 0.5953125 0.34062500000000007 0.60625 0.34062500000000007
4 0.703125 0.6609375 0.690625 0.6609375 0.690625 0.675 0.703125 0.675
4 0.6296875000000002 0.728125 0.6218750000000002 0.728125 0.6218750000000002 0.74375 0.6296875000000002 0.74375
4 0.334375 0.334375 0.3265625 0.334375 0.3265625 0.3484375 0.334375 0.3484375
4 0.403125 0.615625 0.3937500000000001 0.615625 0.3937500000000001 0.63125 0.403125 0.63125
3 0.2078125000000001 0.753125 0.1937500000000001 0.753125 0.1937500000000001 0.775 0.2078125000000001 0.775
0 0.24218750000000008 0.5984375 0.2296875000000001 0.5984375 0.2296875000000001 0.6140625 0.24218750000000008 0.6140625
4 0.565625 0.4640625 0.55625 0.4640625 0.55625 0.475 0.565625 0.475
4 0.7453125 0.3625000000000001 0.7375 0.3625000000000001 0.7375 0.37968750000000007 0.7453125 0.37968750000000007
4 0.571875 0.3703125000000001 0.5609375 0.3703125000000001 0.5609375 0.3859375000000001 0.571875 0.3859375000000001
4 0.6765625 0.2562500000000001 0.6671875 0.2562500000000001 0.6671875 0.2718750000000001 0.6765625 0.2718750000000001
4 0.734375 0.1750000000000001 0.721875 0.1750000000000001 0.721875 0.18906250000000008 0.734375 0.18906250000000008
2 0.6921875000000002 0.7375 0.6656250000000001 0.7375 0.6656250000000001 0.7859375 0.6921875000000002 0.7859375
4 0.8078125 0.7296875000000002 0.7984375000000001 0.7296875000000002 0.7984375000000001 0.7437500000000001 0.8078125 0.7437500000000001
4 0.3578125000000001 0.6515625 0.34843750000000007 0.6515625 0.34843750000000007 0.665625 0.3578125000000001 0.665625
4 0.5625 0.4953125 0.553125 0.4953125 0.553125 0.5140625 0.5625 0.5140625
0 0.60625 0.546875 0.5953125 0.546875 0.5953125 0.5671875 0.60625 0.5671875
4 0.5765625 0.6171875 0.571875 0.6171875 0.571875 0.6359375 0.5765625 0.6359375
0 0.6171875 0.5015625 0.60625 0.5015625 0.60625 0.5234375 0.6171875 0.5234375
4 0.6453125 0.55625 0.6390625 0.55625 0.6390625 0.5703125 0.6453125 0.5703125
0 0.884375 0.11562500000000009 0.8734375 0.11562500000000009 0.8734375 0.13437500000000008 0.884375 0.13437500000000008
0 0.73125 0.1437500000000001 0.7203125 0.1437500000000001 0.7203125 0.1593750000000001 0.73125 0.1593750000000001
0 0.775 0.3109375000000001 0.75625 0.3109375000000001 0.75625 0.3265625000000001 0.775 0.3265625000000001
0 0.08125000000000009 0.7375 0.06562500000000009 0.7375 0.06562500000000009 0.7515625 0.08125000000000009 0.7515625
2 0.184375 0.10937500000000003 0.1640625 0.109375 0.1640625 0.13906250000000003 0.184375 0.13906250000000003
0 0.653125 0.584375 0.6390625 0.584375 0.6390625 0.6078125 0.653125 0.6078125
4 0.7546875 0.4265625000000002 0.7421875 0.4265625000000002 0.7421875 0.4421875000000002 0.7546875 0.4421875000000002
4 0.1693599448830286 0.741588198485028 0.1553501625 0.736667578125 0.14689136761697147 0.7607511015149722 0.16090115000000008 0.7656717218750001
4 0.6109375 0.3593750000000001 0.603125 0.3593750000000001 0.603125 0.3781250000000001 0.6109375 0.3781250000000001
4 0.37968750000000007 0.475 0.3703125000000001 0.475 0.3703125000000001 0.4875 0.37968750000000007 0.4875
4 0.17968750000000008 0.6484375 0.1671875000000001 0.6484375 0.1671875000000001 0.659375 0.17968750000000008 0.659375
4 0.540625 0.446875 0.5296875 0.446875 0.5296875 0.459375 0.540625 0.459375
0 0.525 0.415625 0.5140625 0.415625 0.5140625 0.4296875 0.525 0.4296875
4 0.353125 0.340625 0.34375 0.340625 0.34375 0.3578125 0.353125 0.3578125
0 0.0984375000000001 0.746875 0.0828125000000001 0.746875 0.0828125000000001 0.7578125 0.0984375000000001 0.7578125
4 0.05937500000000009 0.771875 0.050000000000000086 0.771875 0.050000000000000086 0.78125 0.05937500000000009 0.78125
0 0.4859375 0.590625 0.475 0.590625 0.475 0.6109375 0.4859375 0.6109375
0 0.828125 0.21093750000000008 0.8140625 0.21093750000000008 0.8140625 0.23593750000000008 0.828125 0.23593750000000008
4 0.7671875 0.04531250000000009 0.7609375 0.04531250000000009 0.7609375 0.06562500000000009 0.7671875 0.06562500000000009
0 0.7640625 0.10156250000000008 0.7546875 0.10156250000000008 0.7546875 0.12656250000000008 0.7640625 0.12656250000000008
4 0.4953125 0.45 0.4875 0.45 0.4875 0.4640625 0.4953125 0.4640625
0 0.53125 0.5703125 0.521875 0.5703125 0.521875 0.6 0.53125 0.6
4 0.76875 0.7062500000000002 0.759375 0.7062500000000002 0.759375 0.7187500000000002 0.76875 0.7187500000000002
4 0.7953125000000002 0.7312500000000002 0.7875000000000002 0.7312500000000002 0.7875000000000002 0.7468750000000002 0.7953125000000002 0.7468750000000002
4 0.803125 0.7578125000000002 0.7953125000000002 0.7578125000000002 0.7953125000000002 0.7703125000000002 0.803125 0.7703125000000002
4 0.81875 0.7515625000000001 0.8078125 0.7515625000000001 0.8078125 0.7625000000000002 0.81875 0.7625000000000002
4 0.7968750000000002 0.7656250000000002 0.7875000000000002 0.7656250000000002 0.7875000000000002 0.7781250000000002 0.7968750000000002 0.7781250000000002
0 0.8328125 0.7718750000000002 0.81875 0.7718750000000002 0.81875 0.7921875000000002 0.8328125 0.7921875000000002
4 0.503125 0.6359375 0.4890625 0.6359375 0.4890625 0.6453125 0.503125 0.6453125
0 0.6125 0.5234375 0.6015625 0.5234375 0.6015625 0.5453125 0.6125 0.5453125
4 0.8703125 0.1140625000000001 0.859375 0.1140625000000001 0.859375 0.1296875000000001 0.8703125 0.1296875000000001
4 0.8546875 0.1375000000000001 0.84375 0.1375000000000001 0.84375 0.1515625000000001 0.8546875 0.1515625000000001
0 0.525 0.4390625 0.5078125 0.4390625 0.5078125 0.459375 0.525 0.459375
2 0.3906250000000001 0.428125 0.37187500000000007 0.428125 0.37187500000000007 0.4578125 0.3906250000000001 0.4578125
4 0.2968750000000001 0.6 0.28593750000000007 0.6 0.28593750000000007 0.6109375 0.2968750000000001 0.6109375
4 0.2093750000000001 0.6578125 0.2000000000000001 0.6578125 0.2000000000000001 0.6703125 0.2093750000000001 0.6703125
4 0.33281250000000007 0.68125 0.32500000000000007 0.68125 0.32500000000000007 0.696875 0.33281250000000007 0.696875
4 0.13125 0.11875 0.121875 0.11875 0.121875 0.134375 0.13125 0.134375
0 0.1078125 0.10625 0.09531250000000002 0.10625 0.09531250000000002 0.125 0.1078125 0.125
2 0.07187500000000002 0.1546875 0.051562500000000025 0.1546875 0.051562500000000025 0.18125 0.07187500000000002 0.18125
4 0.375 0.34843750000000007 0.3640625 0.34843750000000007 0.3640625 0.3593750000000001 0.375 0.3593750000000001
4 0.346875 0.325 0.334375 0.325 0.334375 0.3390625 0.346875 0.3390625
4 0.4203125 0.35625000000000007 0.4109375 0.35625000000000007 0.4109375 0.3656250000000001 0.4203125 0.3656250000000001
4 0.4 0.3703125000000001 0.3906250000000001 0.3703125000000001 0.3906250000000001 0.3828125000000001 0.4 0.3828125000000001
4 0.3812500000000001 0.3968750000000001 0.3750000000000001 0.3968750000000001 0.3750000000000001 0.4078125 0.3812500000000001 0.4078125
4 0.478125 0.3859375000000001 0.46875 0.3859375000000001 0.46875 0.3984375000000001 0.478125 0.3984375000000001
2 0.04687500000000009 0.74375 0.02656250000000009 0.74375 0.02656250000000009 0.7625 0.04687500000000009 0.7625
0 0.478125 0.6203125 0.4640625 0.6203125 0.4640625 0.6359375 0.478125 0.6359375
4 0.7972071518629955 0.26679937188711417 0.7871723734900009 0.26350636138416705 0.7810005497520054 0.282313736372053 0.791035328125 0.2856067468750001
4 0.759375 0.3359375000000001 0.7484375 0.3359375000000001 0.7484375 0.3500000000000001 0.759375 0.3500000000000001
4 0.775 0.3515625000000001 0.765625 0.3515625000000001 0.765625 0.3687500000000001 0.775 0.3687500000000001
4 0.7359375 0.3625000000000001 0.728125 0.3625000000000001 0.728125 0.3812500000000001 0.7359375 0.3812500000000001
4 0.790625 0.6921875000000002 0.778125 0.6921875000000002 0.778125 0.7109375000000002 0.790625 0.7109375000000002
4 0.7578125 0.5937500000000002 0.746875 0.5937500000000002 0.746875 0.6171875000000002 0.7578125 0.6171875000000002
5 0.5546875 0.3515625000000001 0.5125 0.3515625000000001 0.5125 0.38750000000000007 0.5546875 0.38750000000000007
3 0.6734375 0.2984375000000001 0.6578125 0.2984375000000001 0.6578125 0.3281250000000001 0.6734375 0.3281250000000001
0 0.634375 0.540625 0.621875 0.540625 0.621875 0.5640625 0.634375 0.5640625
2 0.7171875 0.596875 0.6953125 0.596875 0.6953125 0.640625 0.7171875 0.640625
2 0.73125 0.6203125 0.7140625 0.6203125 0.7140625 0.6484375000000001 0.73125 0.6484375000000002
3 0.759375 0.6515625000000002 0.7328125 0.6515625000000002 0.7328125 0.6968750000000001 0.759375 0.6968750000000001
3 0.7671875000000001 0.7000000000000002 0.7296875 0.7000000000000002 0.7296875 0.7531250000000002 0.7671875000000001 0.7531250000000002
3 0.6890625000000001 0.7 0.675 0.7 0.675 0.7328125 0.6890625000000001 0.7328125
3 0.5953125 0.6828125 0.565625 0.6828125 0.565625 0.7234375 0.5953125 0.7234375
2 0.5625 0.6046875 0.5390625 0.6046875 0.5390625 0.6375 0.5625 0.6375
3 0.5984375 0.5859375 0.578125 0.5859375 0.578125 0.6171875 0.5984375 0.6171875
3 0.875 0.7578125000000002 0.8484375 0.7578125000000002 0.8484375 0.8 0.875 0.8
3 0.8828125 0.828125 0.8625 0.828125 0.8625 0.8578125 0.8828125 0.8578125
2 0.9359375 0.8875 0.915625 0.8875 0.915625 0.9234375 0.9359375 0.9234375
4 0.9828125 0.9328125 0.9734375 0.9328125 0.9734375 0.9546875 0.9828125 0.9546875
3 0.9796875 0.946875 0.9625 0.946875 0.9625 0.9828125 0.9796875 0.9828125
2 0.8453125 0.7921875000000002 0.825 0.7921875000000002 0.825 0.8296875 0.8453125 0.8296875
2 0.7640625000000002 0.8359375 0.7390625000000002 0.8359375 0.7390625000000002 0.8703125 0.7640625000000002 0.8703125
2 0.7046875000000001 0.7984375 0.6859375000000002 0.7984375 0.6859375000000002 0.828125 0.7046875000000001 0.828125
0 0.7140625000000002 0.7828125 0.7000000000000002 0.7828125 0.7000000000000002 0.8125 0.7140625000000002 0.8125
2 0.6953125 0.475 0.6765625 0.475 0.6765625 0.5171875 0.6953125 0.5171875
0 0.4671875 0.6390625 0.4484375 0.6390625 0.4484375 0.659375 0.4671875 0.659375
2 0.3062500000000001 0.5171875 0.2812500000000001 0.5171875 0.2812500000000001 0.5515625 0.3062500000000001 0.5515625
2 0.14375 0.1375 0.1171875 0.1375 0.1171875 0.1734375 0.14375 0.1734375
0 0.3015625 0.253125 0.2875 0.253125 0.2875 0.275 0.3015625 0.275