0 0.35625000000000007 0.53125 0.3421875000000001 0.53125 0.3421875000000001 0.55 0.35625000000000007 0.55
2 0.2171875000000001 0.7609375 0.2015625000000001 0.7609375 0.2015625000000001 0.7921875 0.2171875000000001 0.7921875
0 0.2593750000000001 0.6765625 0.2453125000000001 0.6765625 0.2453125000000001 0.696875 0.2593750000000001 0.696875
2 0.3359375000000001 0.6953125 0.31718750000000007 0.6953125 0.31718750000000007 0.725 0.3359375000000001 0.725
4 0.38750000000000007 0.5984375 0.3812500000000001 0.5984375 0.3812500000000001 0.6078125 0.38750000000000007 0.6078125
0 0.5484375 0.2515625000000001 0.5328125 0.2515625000000001 0.5328125 0.2796875000000001 0.5484375 0.2796875000000001
0 0.65625 0.1375000000000001 0.6453125 0.1375000000000001 0.6453125 0.1609375000000001 0.65625 0.1609375000000001
2 0.2296875000000001 0.6640625 0.2093750000000001 0.6640625 0.2093750000000001 0.6984375 0.2296875000000001 0.6984375
2 0.31718750000000007 0.7265625 0.3000000000000001 0.7265625 0.3000000000000001 0.75625 0.31718750000000007 0.75625
2 0.2671875000000001 0.5140625 0.2515625000000001 0.5140625 0.2515625000000001 0.55 0.2671875000000001 0.55
2 0.65 0.3218750000000001 0.6328125 0.3218750000000001 0.6328125 0.3515625000000001 0.65 0.3515625000000001
2 0.6890625 0.2484375000000001 0.66875 0.2484375000000001 0.66875 0.2796875000000001 0.6890625 0.2796875000000001
2 0.2000000000000001 0.915625 0.18281250000000013 0.915625 0.18281250000000013 0.946875 0.2000000000000001 0.946875
2 0.665625 0.2921875000000001 0.6484375 0.2921875000000001 0.6484375 0.3218750000000001 0.665625 0.3218750000000001
4 0.3687500000000001 0.6390625 0.3609375000000001 0.6390625 0.3609375000000001 0.6515625 0.3687500000000001 0.6515625
2 0.7375 0.2093750000000001 0.71875 0.2093750000000001 0.71875 0.2406250000000001 0.7375 0.2406250000000001
2 0.17656250000000012 0.9515625 0.15781250000000013 0.9515625 0.15781250000000013 0.98125 0.17656250000000012 0.98125
2 0.2078125000000001 0.703125 0.18906250000000008 0.703125 0.18906250000000008 0.7359375 0.2078125000000001 0.7359375
4 0.6625 0.3656250000000001 0.6546875 0.3656250000000001 0.6546875 0.3781250000000001 0.6625 0.3781250000000001
4 0.6609375 0.3453125000000001 0.653125 0.3453125000000001 0.653125 0.3578125000000001 0.6609375 0.3578125000000001
4 0.6515625 0.3593750000000001 0.6453125 0.3593750000000001 0.6453125 0.3703125000000001 0.6515625 0.3703125000000001
0 0.6671875 0.1296875000000001 0.65625 0.1296875000000001 0.65625 0.14843750000000008 0.6671875 0.14843750000000008
2 0.8671875 1.0486038217699212e-16 0.8453125 1.0352092474042469e-16 0.8453125 0.03593750000000011 0.8671875 0.03593750000000011
2 0.4234375 0.490625 0.409375 0.490625 0.409375 0.5234375 0.4234375 0.5234375
4 0.39531250000000007 0.5890625 0.3859375000000001 0.5890625 0.3859375000000001 0.5984375 0.39531250000000007 0.5984375
4 0.3812500000000001 0.6171875 0.3765625000000001 0.6171875 0.3765625000000001 0.628125 0.3812500000000001 0.628125
2 0.1812500000000001 0.9015625 0.16562500000000008 0.9015625 0.1656250000000001 0.9296875 0.18125000000000013 0.9296875
2 0.4703125 0.3968750000000001 0.4578125 0.3968750000000001 0.4578125 0.4296875 0.4703125 0.4296875
2 0.4359375 0.615625 0.4203125 0.615625 0.4203125 0.6421875 0.4359375 0.6421875
2 0.37187500000000007 0.6953125 0.3546875000000001 0.6953125 0.3546875000000001 0.7234375 0.37187500000000007 0.7234375
2 0.2562500000000001 0.7921875 0.2390625000000001 0.7921875 0.2390625000000001 0.821875 0.2562500000000001 0.821875
4 0.3000000000000001 0.703125 0.29375000000000007 0.703125 0.29375000000000007 0.7140625 0.3000000000000001 0.7140625
4 0.2843750000000001 0.7546875 0.2765625000000001 0.7546875 0.2765625000000001 0.765625 0.2843750000000001 0.765625
4 0.2984375000000001 0.7203125 0.2921875000000001 0.7203125 0.2921875000000001 0.73125 0.2984375000000001 0.73125
4 0.3296875000000001 0.659375 0.3218750000000001 0.659375 0.3218750000000001 0.6703125 0.3296875000000001 0.6703125
2 0.3687500000000001 0.60625 0.3500000000000001 0.60625 0.3500000000000001 0.6359375 0.3687500000000001 0.6359375
2 0.4 0.55625 0.3859375000000001 0.55625 0.3859375000000001 0.5828125 0.4 0.5828125
2 0.4140625 0.5625 0.39531250000000007 0.5625 0.39531250000000007 0.590625 0.4140625 0.590625
2 0.4203125 0.575 0.4046875 0.575 0.4046875 0.6 0.4203125 0.6
0 0.4953125 0.3593750000000001 0.4859375 0.3593750000000001 0.4859375 0.3812500000000001 0.4953125 0.3812500000000001
4 0.4640625 0.3343750000000001 0.4578125 0.3343750000000001 0.4578125 0.3500000000000001 0.4640625 0.3500000000000001
2 0.3546875000000001 0.675 0.3359375000000001 0.675 0.3359375000000001 0.703125 0.3546875000000001 0.703125
2 0.3671875000000001 0.653125 0.3515625000000001 0.653125 0.3515625000000001 0.678125 0.3671875000000001 0.678125
2 0.3843750000000001 0.628125 0.3687500000000001 0.628125 0.3687500000000001 0.653125 0.3843750000000001 0.653125
6 0.6265625000000001 0.834375 0.6000000000000002 0.834375 0.6000000000000002 0.890625 0.6265625000000001 0.890625
2 0.6218750000000002 0.7828125 0.6062500000000002 0.7828125 0.6062500000000002 0.8171875 0.6218750000000002 0.8171875
2 0.6031250000000001 0.7921875 0.5890625000000002 0.7921875 0.5890625000000002 0.8234375 0.6031250000000001 0.8234375
3 0.5890625000000002 0.753125 0.5718750000000001 0.753125 0.5718750000000001 0.7875 0.5890625000000002 0.7875
2 0.5890625000000002 0.79375 0.5750000000000002 0.79375 0.5750000000000002 0.8171875 0.5890625000000002 0.8171875
2 0.6015625000000002 0.7546875 0.5875000000000001 0.7546875 0.5875000000000001 0.7828125 0.6015625000000002 0.7828125
2 0.5921875000000001 0.7140625 0.5765625 0.7140625 0.5765625000000001 0.7484375 0.5921875000000002 0.7484375
2 0.5796875000000001 0.71875 0.565625 0.71875 0.565625 0.746875 0.5796875000000001 0.746875
0 0.5765625000000002 0.765625 0.5671875000000002 0.765625 0.5671875000000002 0.7859375 0.5765625000000002 0.7859375
0 0.5703125000000002 0.7765625 0.5609375000000002 0.7765625 0.5609375000000002 0.7984375 0.5703125000000002 0.7984375
0 0.5546875000000002 0.7484375 0.5437500000000002 0.7484375 0.5437500000000002 0.7703125 0.5546875000000002 0.7703125
2 0.5609375000000001 0.725 0.5453125 0.725 0.5453125000000001 0.7578125 0.5609375000000002 0.7578125
4 0.5468750000000002 0.734375 0.5406250000000001 0.734375 0.5406250000000001 0.7453125 0.5468750000000002 0.7453125
4 0.5390625000000002 0.7296875 0.5343750000000002 0.7296875 0.5343750000000002 0.74375 0.5390625000000002 0.74375
2 0.5421875 0.6921875 0.528125 0.6921875 0.528125 0.721875 0.5421875 0.721875
4 0.5375000000000001 0.7171875 0.53125 0.7171875 0.5312500000000001 0.73125 0.5375000000000002 0.73125
4 0.5296875 0.7046875 0.5234375 0.7046875 0.5234375 0.7171875 0.5296875 0.7171875
4 0.5203125 0.6859375 0.5125 0.6859375 0.5125 0.7015625 0.5203125 0.7015625
4 0.525 0.68125 0.51875 0.68125 0.51875 0.6953125 0.525 0.6953125
0 0.571875 0.696875 0.5625 0.696875 0.5625 0.7171875 0.571875 0.7171875
0 0.5562500000000001 0.7078125 0.5453125 0.7078125 0.5453125000000001 0.7265625 0.5562500000000001 0.7265625
2 0.559375 0.6453125 0.54375 0.6453125 0.54375 0.68125 0.559375 0.68125
2 0.5734375 0.671875 0.5625 0.671875 0.5625 0.7 0.5734375 0.7
0 0.546875 0.6796875 0.5375 0.6796875 0.5375 0.7 0.546875 0.7
4 0.5390625 0.6625 0.53125 0.6625 0.53125 0.6765625 0.5390625 0.6765625
2 0.7265625000000002 0.94375 0.7078125000000002 0.94375 0.7078125000000002 0.975 0.7265625000000002 0.975
2 0.6531250000000001 0.7234375 0.6359375 0.7234375 0.6359375 0.7578125 0.6531250000000002 0.7578125
2 0.7328125000000002 0.90625 0.7156250000000002 0.90625 0.7156250000000002 0.9453125 0.7328125000000002 0.9453125
1 0.6421875 0.3453125000000001 0.6015625 0.3453125000000001 0.6015625 0.4234375 0.6421875 0.4234375
4 0.671875 0.35625000000000007 0.6625 0.35625000000000007 0.6625 0.37187500000000007 0.671875 0.37187500000000007
4 0.6984375 0.3125000000000001 0.690625 0.3125000000000001 0.690625 0.3234375000000001 0.6984375 0.3234375000000001
4 0.6734375 0.2843750000000001 0.6671875 0.2843750000000001 0.6671875 0.30156250000000007 0.6734375 0.30156250000000007
4 0.675 0.3187500000000001 0.66875 0.3187500000000001 0.66875 0.3296875000000001 0.675 0.3296875000000001
2 0.7125 0.07812500000000008 0.69375 0.07812500000000008 0.69375 0.11093750000000009 0.7125 0.11093750000000009
2 0.7921875 0.1937500000000001 0.7671875 0.1937500000000001 0.7671875 0.2296875000000001 0.7921875 0.2296875000000001
2 0.7015625 0.2296875000000001 0.684375 0.2296875000000001 0.684375 0.25468750000000007 0.7015625 0.25468750000000007
2 0.715625 0.2390625000000001 0.7 0.2390625000000001 0.7 0.2640625000000001 0.715625 0.2640625000000001
2 0.7140625 0.2734375000000001 0.696875 0.2734375000000001 0.696875 0.2968750000000001 0.7140625 0.2968750000000001
3 0.696875 0.2734375000000001 0.671875 0.2734375000000001 0.671875 0.30937500000000007 0.696875 0.30937500000000007
4 0.7015625 0.2578125000000001 0.6921875 0.2578125000000001 0.6921875 0.2734375000000001 0.7015625 0.2734375000000001
2 0.703125 0.29375000000000007 0.6828125 0.29375000000000007 0.6828125 0.3203125000000001 0.703125 0.3203125000000001
2 0.68125 0.32500000000000007 0.6671875 0.32500000000000007 0.6671875 0.34843750000000007 0.68125 0.34843750000000007
2 0.6671875 0.3187500000000001 0.65 0.3187500000000001 0.65 0.3500000000000001 0.6671875 0.3500000000000001
2 0.6203125 0.421875 0.6015625 0.421875 0.6015625 0.45 0.6203125 0.45
0 0.6203125 0.446875 0.6078125 0.446875 0.6078125 0.465625 0.6203125 0.465625
2 0.5953125 0.434375 0.58125 0.434375 0.58125 0.4578125 0.5953125 0.4578125
2 0.6015625 0.45 0.5875 0.45 0.5875 0.475 0.6015625 0.475
2 0.6078125 0.4609375 0.59375 0.4609375 0.59375 0.4875 0.6078125 0.4875
4 0.6203125 0.5234375 0.6109375 0.5234375 0.6109375 0.5375 0.6203125 0.5375
4 0.459375 0.3140625000000001 0.4515625 0.3140625000000001 0.4515625 0.3281250000000001 0.459375 0.3281250000000001
2 0.478125 0.36406250000000007 0.4625 0.36406250000000007 0.4625 0.3984375000000001 0.478125 0.3984375000000001
2 0.4984375 0.3937500000000001 0.484375 0.3937500000000001 0.484375 0.4265625 0.4984375 0.4265625
2 0.4734375 0.4578125 0.4609375 0.4578125 0.4609375 0.4875 0.4734375 0.4875
2 0.40625 0.3546875000000001 0.3921875 0.3546875000000001 0.3921875 0.3890625000000001 0.40625 0.3890625000000001
2 0.4375 0.590625 0.415625 0.590625 0.415625 0.6203125 0.4375 0.6203125
2 0.40625 0.6421875 0.3859375000000001 0.6421875 0.3859375000000001 0.678125 0.40625 0.678125
4 0.34843750000000007 0.6328125 0.34062500000000007 0.6328125 0.34062500000000007 0.6453125 0.34843750000000007 0.6453125
4 0.37968750000000007 0.6109375 0.3734375000000001 0.6109375 0.3734375000000001 0.621875 0.37968750000000007 0.621875
4 0.3968750000000001 0.5953125 0.3890625000000001 0.5953125 0.3890625000000001 0.60625 0.3968750000000001 0.60625
4 0.3890625000000001 0.6046875 0.3828125000000001 0.6046875 0.3828125000000001 0.615625 0.3890625000000001 0.615625
2 0.3281250000000001 0.671875 0.3109375000000001 0.671875 0.3109375000000001 0.7 0.3281250000000001 0.7
4 0.2843750000000001 0.740625 0.27812500000000007 0.740625 0.27812500000000007 0.7515625 0.2843750000000001 0.7515625
4 0.2640625000000001 0.884375 0.25468750000000007 0.884375 0.25468750000000007 0.8984375 0.2640625000000001 0.8984375
4 0.2500000000000001 0.89375 0.24218750000000008 0.89375 0.24218750000000008 0.909375 0.2500000000000001 0.909375
4 0.23593750000000008 0.9265625 0.22656250000000008 0.9265625 0.22656250000000008 0.9421875 0.23593750000000008 0.9421875
4 0.21875000000000008 0.840625 0.21250000000000008 0.840625 0.21250000000000008 0.8546875 0.21875000000000008 0.8546875
4 0.409375 0.4171875 0.4015625 0.4171875 0.4015625 0.434375 0.409375 0.434375
2 0.5890625 0.2578125000000001 0.5703125 0.2578125000000001 0.5703125 0.2812500000000001 0.5890625 0.2812500000000001
2 0.484375 0.46875 0.4734375 0.46875 0.4734375 0.503125 0.484375 0.503125
4 0.4984375 0.5 0.4890625 0.5 0.4890625 0.5203125 0.4984375 0.5203125
2 0.5171875 0.4328125 0.503125 0.4328125 0.503125 0.4609375 0.5171875 0.4609375
5 0.55 0.46875 0.528125 0.46875 0.528125 0.515625 0.55 0.515625
2 0.5359375 0.5 0.521875 0.5 0.521875 0.525 0.5359375 0.525
4 0.5296875 0.4375 0.5234375 0.4375 0.5234375 0.4546875 0.5296875 0.4546875
4 0.45625 0.32500000000000007 0.45 0.32500000000000007 0.45 0.3359375000000001 0.45625 0.3359375000000001
4 0.459375 0.3437500000000001 0.4515625 0.3437500000000001 0.4515625 0.35625000000000007 0.459375 0.35625000000000007
2 0.453125 0.33281250000000007 0.4375 0.33281250000000007 0.4375 0.3625000000000001 0.453125 0.3625000000000001
2 0.4359375 0.39531250000000007 0.4203125 0.39531250000000007 0.4203125 0.4203125 0.4359375 0.4203125
2 0.4328125 0.2968750000000001 0.4203125 0.2968750000000001 0.4203125 0.3187500000000001 0.4328125 0.3187500000000001
3 0.440625 0.27812500000000007 0.425 0.27812500000000007 0.425 0.30937500000000007 0.440625 0.30937500000000007
3 0.428125 0.20312500000000008 0.409375 0.20312500000000008 0.409375 0.2375000000000001 0.428125 0.2375000000000001
3 0.4234375 0.2296875000000001 0.4078125 0.2296875000000001 0.4078125 0.2593750000000001 0.4234375 0.2593750000000001
2 0.4046875 0.2296875000000001 0.3890625 0.2296875000000001 0.3890625 0.2609375000000001 0.4046875 0.2609375000000001
2 0.4046875 0.19843750000000004 0.3859375 0.19843750000000004 0.3859375 0.2296875000000001 0.4046875 0.2296875000000001
2 0.3875 0.19218750000000004 0.371875 0.19218750000000004 0.371875 0.2218750000000001 0.3875 0.2218750000000001
2 0.3703125 0.15312500000000004 0.3515625 0.15312500000000004 0.3515625 0.18437500000000004 0.3703125 0.18437500000000004
2 0.36875 0.12187500000000004 0.3515625 0.12187500000000004 0.3515625 0.15312500000000004 0.36875 0.15312500000000004
2 0.3875 0.16093750000000004 0.371875 0.16093750000000004 0.371875 0.19218750000000004 0.3875 0.19218750000000004
2 0.39375 0.13437500000000005 0.375 0.13437500000000005 0.375 0.16875000000000004 0.39375 0.16875000000000004
2 0.346875 0.10156250000000004 0.33125 0.10156250000000004 0.33125 0.13750000000000004 0.346875 0.13750000000000004
2 0.3640625 0.07500000000000004 0.3484375 0.07500000000000004 0.3484375 0.11093750000000005 0.3640625 0.11093750000000005
2 0.3453125 0.06093750000000005 0.328125 0.06093750000000005 0.328125 0.09531250000000005 0.3453125 0.09531250000000005
2 0.3140625 0.10468750000000004 0.2984375 0.10468750000000004 0.2984375 0.13437500000000005 0.3140625 0.13437500000000005
2 0.3234375 0.05468750000000004 0.30625 0.05468750000000004 0.30625 0.08906250000000004 0.3234375 0.08906250000000004
2 0.3171875 0.009375000000000038 0.3015625 0.009375000000000036 0.3015625 0.048437500000000036 0.3171875 0.048437500000000036
2 0.3015625 0.015625000000000035 0.2859375 0.015625000000000035 0.2859375 0.050000000000000044 0.3015625 0.050000000000000044
4 0.29375 0.10937500000000004 0.2859375 0.10937500000000004 0.2859375 0.12656250000000005 0.29375 0.12656250000000005
4 0.8328125 0.05937500000000011 0.8234375 0.05937500000000011 0.8234375 0.07812500000000011 0.8328125 0.07812500000000011
4 0.878125 0.006250000000000107 0.86875 0.006250000000000105 0.86875 0.018750000000000107 0.878125 0.018750000000000107
2 0.8859375 0.06093750000000011 0.8671875 0.06093750000000011 0.8671875 0.0875000000000001 0.8859375 0.0875000000000001
4 0.7921875 0.0484375000000001 0.784375 0.0484375000000001 0.784375 0.06406250000000009 0.7921875 0.06406250000000009
4 0.7109375 0.1625000000000001 0.696875 0.1625000000000001 0.696875 0.1765625000000001 0.7109375 0.1765625000000001
4 0.65 0.22656250000000008 0.640625 0.22656250000000008 0.640625 0.2406250000000001 0.65 0.2406250000000001
4 0.6171875 0.484375 0.609375 0.484375 0.609375 0.4921875 0.6171875 0.4921875
4 0.609375 0.4796875 0.603125 0.4796875 0.603125 0.4890625 0.609375 0.4890625
4 0.6046875 0.490625 0.5984375 0.490625 0.5984375 0.4984375 0.6046875 0.4984375
0 0.6109375 0.4921875 0.5984375 0.4921875 0.5984375 0.5125 0.6109375 0.5125
4 0.609375 0.509375 0.6015625 0.509375 0.6015625 0.5171875 0.609375 0.5171875
4 0.6109375 0.515625 0.603125 0.515625 0.603125 0.5296875 0.6109375 0.5296875
6 0.5640625 0.546875 0.54375 0.546875 0.54375 0.59375 0.5640625 0.59375
3 0.6234375000000002 0.7265625 0.6078125000000002 0.7265625 0.6078125000000002 0.7640625 0.6234375000000002 0.7640625
2 0.6484375000000002 0.7703125 0.6312500000000002 0.7703125 0.6312500000000002 0.803125 0.6484375000000002 0.803125
0 0.6718750000000002 0.8234375 0.6609375000000002 0.8234375 0.6609375000000002 0.8484375 0.6718750000000002 0.8484375
4 0.6046875000000002 0.7828125 0.5984375000000002 0.7828125 0.5984375000000002 0.7984375 0.6046875000000002 0.7984375
4 0.5671875000000002 0.753125 0.5593750000000002 0.753125 0.5593750000000002 0.76875 0.5671875000000002 0.76875
2 0.3046875000000001 0.5078125 0.2953125000000001 0.5078125 0.2953125000000001 0.5375 0.3046875000000001 0.5375
2 0.2484375000000001 0.840625 0.22812500000000008 0.840625 0.22812500000000008 0.8703125 0.2484375000000001 0.8703125
2 0.2250000000000001 0.8578125 0.21093750000000008 0.8578125 0.21093750000000008 0.884375 0.2250000000000001 0.884375
2 0.20468750000000008 0.8671875 0.18906250000000008 0.8671875 0.18906250000000008 0.8921875 0.20468750000000008 0.8921875
4 0.2656250000000001 0.865625 0.2578125000000001 0.865625 0.2578125000000001 0.878125 0.2656250000000001 0.878125
4 0.2734375000000001 0.8671875 0.2656250000000001 0.8671875 0.2656250000000001 0.8796875 0.2734375000000001 0.8796875
4 0.2796875000000001 0.8671875 0.2750000000000001 0.8671875 0.2750000000000001 0.88125 0.2796875000000001 0.88125
4 0.2843750000000001 0.828125 0.2765625000000001 0.828125 0.2765625000000001 0.8421875 0.2843750000000001 0.8421875
4 0.2984375000000001 0.828125 0.2906250000000001 0.828125 0.2906250000000001 0.8421875 0.2984375000000001 0.8421875
4 0.3156250000000001 0.7953125 0.3078125000000001 0.7953125 0.3078125000000001 0.809375 0.3156250000000001 0.809375
4 0.3265625000000001 0.7984375 0.3203125000000001 0.7984375 0.3203125000000001 0.8125 0.3265625000000001 0.8125
4 0.3343750000000001 0.7734375 0.3265625000000001 0.7734375 0.3265625000000001 0.7890625 0.3343750000000001 0.7890625
2 0.2843750000000001 0.7828125 0.2687500000000001 0.7828125 0.2687500000000001 0.809375 0.2843750000000001 0.809375
2 0.2671875000000001 0.8109375 0.2515625000000001 0.8109375 0.2515625000000001 0.8375 0.2671875000000001 0.8375
2 0.2140625000000001 0.946875 0.19843750000000013 0.946875 0.19843750000000013 0.971875 0.2140625000000001 0.971875
2 0.18906250000000013 0.978125 0.17031250000000014 0.978125 0.17031250000000014 1 0.18906250000000013 1