4 0.06093750000000005 0.3375 0.043750000000000046 0.3375 0.043750000000000046 0.3515625 0.06093750000000005 0.3515625
4 0.07187500000000005 0.3546875 0.05312500000000005 0.3546875 0.05312500000000005 0.3671875 0.07187500000000005 0.3671875
4 0.06406250000000005 0.371875 0.050000000000000044 0.371875 0.050000000000000044 0.384375 0.06406250000000005 0.384375
4 0.059375000000000046 0.3875 0.04531250000000005 0.3875 0.04531250000000005 0.4015625 0.059375000000000046 0.4015625
4 0.015625000000000045 0.3609375 0.0031250000000000444 0.3609375 0.0031250000000000457 0.3796875 0.015625000000000045 0.3796875
0 0.06250000000000004 0.2828125 0.04375000000000003 0.2828125 0.04375000000000003 0.296875 0.06250000000000004 0.296875
0 0.050000000000000044 0.3015625 0.032812500000000036 0.3015625 0.032812500000000036 0.3203125 0.050000000000000044 0.3203125
0 0.025000000000000033 0.2828125 0.007812500000000033 0.2828125 0.007812500000000035 0.2984375 0.025000000000000033 0.2984375
0 0.14687500000000003 0.296875 0.12812500000000004 0.296875 0.12812500000000004 0.3140625 0.14687500000000003 0.3140625
0 0.12968750000000004 0.3125 0.11406250000000004 0.3125 0.11406250000000004 0.3296875 0.12968750000000004 0.3296875
0 0.10000000000000005 0.3046875 0.08750000000000005 0.3046875 0.08750000000000005 0.3140625 0.10000000000000005 0.3140625
0 0.2046875 0.3 0.18750000000000006 0.3 0.18750000000000006 0.3171875 0.2046875 0.3171875
0 0.2375 0.2921875 0.21875 0.2921875 0.21875 0.309375 0.2375 0.309375
0 0.2296875 0.3140625 0.2140625 0.3140625 0.2140625 0.3265625 0.2296875 0.3265625
4 0.09531250000000005 0.3515625 0.08281250000000004 0.3515625 0.08281250000000004 0.3640625 0.09531250000000005 0.3640625
4 0.09218750000000005 0.3703125 0.07656250000000005 0.3703125 0.07656250000000005 0.38125 0.09218750000000005 0.38125
4 0.08750000000000005 0.38125 0.07031250000000004 0.38125 0.07031250000000004 0.3921875 0.08750000000000005 0.3921875
4 0.09375000000000004 0.3921875 0.07968750000000005 0.3921875 0.07968750000000005 0.403125 0.09375000000000004 0.403125
3 0.12968750000000004 0.3890625 0.10156250000000004 0.3890625 0.10156250000000004 0.4078125 0.12968750000000004 0.4078125
4 0.13593750000000004 0.3734375 0.12187500000000004 0.3734375 0.12187500000000004 0.3875 0.13593750000000004 0.3875
4 0.15000000000000005 0.3515625 0.13437500000000005 0.3515625 0.13437500000000005 0.3625 0.15000000000000005 0.3625
4 0.17812500000000003 0.3453125 0.16562500000000005 0.3453125 0.16562500000000005 0.3578125 0.17812500000000003 0.3578125
4 0.20781250000000004 0.3578125 0.19375000000000003 0.3578125 0.19375000000000003 0.36875 0.2078125000000001 0.36875
4 0.17500000000000004 0.2890625 0.16093750000000004 0.2890625 0.16093750000000004 0.303125 0.17500000000000004 0.303125
4 0.15000000000000005 0.284375 0.13750000000000004 0.284375 0.13750000000000004 0.2953125 0.15000000000000005 0.2953125
3 0.11875000000000005 0.2546875 0.10000000000000005 0.2546875 0.10000000000000005 0.271875 0.11875000000000005 0.271875
4 0.25000000000000006 0.3578125 0.2390625 0.3578125 0.23906250000000004 0.3703125 0.2500000000000001 0.3703125
4 0.2093750000000001 0.3703125 0.19531250000000006 0.3703125 0.19531250000000006 0.378125 0.2093750000000001 0.378125
4 0.2609375000000001 0.4015625 0.2468750000000001 0.4015625 0.2468750000000001 0.4109375 0.2609375000000001 0.4109375
4 0.27031250000000007 0.3828125 0.2593750000000001 0.3828125 0.2593750000000001 0.39375 0.27031250000000007 0.39375
4 0.2843750000000001 0.3671875 0.2718750000000001 0.3671875 0.2718750000000001 0.375 0.2843750000000001 0.375
4 0.2906250000000001 0.38125 0.27812500000000007 0.38125 0.27812500000000007 0.3921875 0.2906250000000001 0.3921875
4 0.2906250000000001 0.4 0.27812500000000007 0.4 0.27812500000000007 0.409375 0.2906250000000001 0.409375
4 0.31250000000000006 0.359375 0.2984375 0.359375 0.2984375 0.371875 0.3125000000000001 0.371875
4 0.3125000000000001 0.3734375 0.30156250000000007 0.3734375 0.30156250000000007 0.384375 0.3125000000000001 0.384375
4 0.3187500000000001 0.3859375 0.3078125000000001 0.3859375 0.3078125000000001 0.3953125 0.3187500000000001 0.3953125
4 0.3265625000000001 0.378125 0.3156250000000001 0.378125 0.3156250000000001 0.390625 0.3265625000000001 0.390625
4 0.34062500000000007 0.371875 0.3265625000000001 0.371875 0.3265625000000001 0.384375 0.34062500000000007 0.384375
4 0.3500000000000001 0.365625 0.3375000000000001 0.365625 0.3375000000000001 0.3765625 0.3500000000000001 0.3765625
2 0.34843750000000007 0.3890625 0.3218750000000001 0.3890625 0.3218750000000001 0.4125 0.34843750000000007 0.4125
0 0.2687500000000001 0.4765625 0.2531250000000001 0.4765625 0.2531250000000001 0.4890625 0.2687500000000001 0.4890625
4 0.2953125000000001 0.484375 0.2828125000000001 0.484375 0.2828125000000001 0.4953125 0.2953125000000001 0.4953125
4 0.3609375000000001 0.4734375 0.34843750000000007 0.4734375 0.34843750000000007 0.4828125 0.3609375000000001 0.4828125
0 0.3312500000000001 0.5140625 0.3156250000000001 0.5140625 0.3156250000000001 0.5265625 0.3312500000000001 0.5265625
0 0.3515625000000001 0.5265625 0.3375000000000001 0.5265625 0.3375000000000001 0.5421875 0.3515625000000001 0.5421875
0 0.3421875000000001 0.5421875 0.3265625000000001 0.5421875 0.3265625000000001 0.55625 0.3421875000000001 0.55625
0 0.3500000000000001 0.571875 0.3359375000000001 0.571875 0.3359375000000001 0.59375 0.3500000000000001 0.59375
0 0.3609375000000001 0.5703125 0.3500000000000001 0.5703125 0.3500000000000001 0.596875 0.3609375000000001 0.596875
0 0.3968750000000001 0.534375 0.3828125000000001 0.534375 0.3828125000000001 0.55625 0.3968750000000001 0.55625
0 0.4359375 0.534375 0.4203125 0.534375 0.4203125 0.5484375 0.4359375 0.5484375
4 0.36406250000000007 0.37812500000000004 0.3546875000000001 0.378125 0.3546875000000001 0.38906250000000003 0.36406250000000007 0.3890625000000001
4 0.3765625000000001 0.36562500000000003 0.3625000000000001 0.365625 0.3625000000000001 0.37812500000000004 0.3765625000000001 0.3781250000000001
4 0.38750000000000007 0.3578125000000001 0.375 0.3578125000000001 0.37500000000000006 0.3687500000000001 0.38750000000000007 0.3687500000000001
4 0.4078125 0.3671875000000001 0.39531250000000007 0.3671875000000001 0.39531250000000007 0.3781250000000001 0.4078125 0.3781250000000001
4 0.41875 0.3812500000000001 0.40625 0.3812500000000001 0.40625 0.3921875000000001 0.41875 0.3921875000000001
4 0.41875 0.3937500000000001 0.4046875 0.3937500000000001 0.4046875 0.4046875 0.41875 0.4046875
2 0.3890625000000001 0.3906250000000001 0.3656250000000001 0.3906250000000001 0.3656250000000001 0.4109375 0.3890625000000001 0.4109375
4 0.4015625 0.3234375000000001 0.390625 0.3234375000000001 0.390625 0.3359375000000001 0.4015625 0.3359375000000001
4 0.428125 0.3187500000000001 0.4171875 0.3187500000000001 0.4171875 0.3296875000000001 0.428125 0.3296875000000001
4 0.4453125 0.3531250000000001 0.4328125 0.3531250000000001 0.4328125 0.3625000000000001 0.4453125 0.3625000000000001
4 0.4625 0.3812500000000001 0.45 0.3812500000000001 0.45 0.3937500000000001 0.4625 0.3937500000000001
4 0.45625 0.3921875000000001 0.44375 0.3921875000000001 0.44375 0.4046875 0.45625 0.4046875
4 0.4734375 0.3625000000000001 0.4578125 0.3625000000000001 0.4578125 0.37968750000000007 0.4734375 0.37968750000000007
4 0.5140625 0.3609375000000001 0.503125 0.3609375000000001 0.503125 0.3750000000000001 0.5140625 0.3750000000000001
4 0.5265625 0.3765625000000001 0.5140625 0.3765625000000001 0.5140625 0.3890625000000001 0.5265625 0.3890625000000001
4 0.5421875 0.3531250000000001 0.528125 0.3531250000000001 0.528125 0.3625000000000001 0.5421875 0.3625000000000001
4 0.6015625 0.3468750000000001 0.5921875 0.3468750000000001 0.5921875 0.3625000000000001 0.6015625 0.3625000000000001
4 0.59375 0.36406250000000007 0.58125 0.36406250000000007 0.58125 0.3750000000000001 0.59375 0.3750000000000001
4 0.6015625 0.37187500000000007 0.5890625 0.37187500000000007 0.5890625 0.3843750000000001 0.6015625 0.3843750000000001
4 0.5796875 0.4015625 0.56875 0.4015625 0.56875 0.4140625 0.5796875 0.4140625
4 0.6234375 0.3921875000000001 0.6109375 0.3921875000000001 0.6109375 0.4015625 0.6234375 0.4015625
4 0.6265625 0.3781250000000001 0.6125 0.3781250000000001 0.6125 0.3890625000000001 0.6265625 0.3890625000000001
4 0.64375 0.3703125000000001 0.6328125 0.3703125000000001 0.6328125 0.3828125000000001 0.64375 0.3828125000000001
4 0.6625 0.3515625000000001 0.65 0.3515625000000001 0.65 0.3656250000000001 0.6625 0.3656250000000001
2 0.6578125 0.39531250000000007 0.6390625 0.39531250000000007 0.6390625 0.4140625 0.6578125 0.4140625
4 0.703125 0.3453125000000001 0.6921875 0.3453125000000001 0.6921875 0.3578125000000001 0.703125 0.3578125000000001
4 0.6953125 0.3656250000000001 0.6859375 0.3656250000000001 0.6859375 0.3781250000000001 0.6953125 0.3781250000000001
4 0.6890625 0.3937500000000001 0.6765625 0.3937500000000001 0.6765625 0.4046875 0.6890625 0.4046875
4 0.709375 0.3812500000000001 0.6953125 0.3812500000000001 0.6953125 0.3921875000000001 0.709375 0.3921875000000001
4 0.7328125 0.3515625000000001 0.721875 0.3515625000000001 0.721875 0.3656250000000001 0.7328125 0.3656250000000001
4 0.7328125 0.3968750000000001 0.721875 0.3968750000000001 0.721875 0.4078125000000001 0.7328125 0.4078125000000002
4 0.784375 0.3500000000000001 0.771875 0.3500000000000001 0.771875 0.3609375000000001 0.784375 0.3609375000000001
4 0.7578125 0.3812500000000001 0.7453125 0.3812500000000001 0.7453125 0.3921875000000001 0.7578125 0.3921875000000001
4 0.7953125 0.3781250000000001 0.78125 0.3781250000000001 0.78125 0.3906250000000001 0.7953125 0.3906250000000001
4 0.790625 0.3921875000000001 0.778125 0.3921875000000001 0.778125 0.40625000000000017 0.790625 0.40625000000000017
4 0.76875 0.39531250000000007 0.75625 0.39531250000000007 0.75625 0.40625000000000017 0.76875 0.40625000000000017
0 0.853125 0.3609375000000001 0.834375 0.3609375000000001 0.834375 0.3765625000000001 0.853125 0.3765625000000001
4 0.865625 0.3781250000000001 0.853125 0.3781250000000001 0.853125 0.3906250000000001 0.865625 0.3906250000000001
4 0.9609375 0.3531250000000001 0.95 0.3531250000000001 0.95 0.3625000000000001 0.9609375 0.3625000000000001
4 0.971875 0.3812500000000001 0.9578125 0.3812500000000001 0.9578125 0.3921875000000001 0.971875 0.3921875000000001
4 0.978125 0.3968750000000001 0.9640625 0.3968750000000001 0.9640625 0.40625000000000017 0.978125 0.40625000000000017
4 0.9296875 0.3625000000000001 0.915625 0.3625000000000001 0.915625 0.3750000000000001 0.9296875 0.3750000000000001
4 0.890625 0.3390625000000001 0.8796875 0.3390625000000001 0.8796875 0.3515625000000001 0.890625 0.3515625000000001
4 0.9171875 0.3765625000000001 0.9015625 0.3765625000000001 0.9015625 0.3859375000000001 0.9171875 0.3859375000000001
4 0.865625 0.47656250000000017 0.85 0.47656250000000017 0.85 0.4890625000000002 0.865625 0.4890625000000002
4 0.65625 0.478125 0.64375 0.478125 0.64375 0.4953125 0.65625 0.4953125
0 0.5328125 0.5140625 0.521875 0.5140625 0.521875 0.5296875 0.5328125 0.5296875
0 0.5515625 0.5390625 0.534375 0.5390625 0.534375 0.553125 0.5515625 0.553125
0 0.5015625 0.5265625 0.49375 0.5265625 0.49375 0.5453125 0.5015625 0.5453125
0 0.49375 0.5375 0.4890625 0.5375 0.4890625 0.553125 0.49375 0.553125
0 0.528125 0.4359375 0.459375 0.4359375 0.459375 0.465625 0.528125 0.465625
0 0.465625 0.678125 0.45625 0.678125 0.45625 0.7046875 0.465625 0.7046875
0 0.4546875000000002 0.7359375 0.4437500000000002 0.7359375 0.4437500000000002 0.765625 0.4546875000000002 0.765625
0 0.44843750000000016 0.78125 0.4390625000000002 0.78125 0.4390625000000002 0.80625 0.44843750000000016 0.80625
0 0.5296875 0.625 0.5203125 0.625 0.5203125 0.6515625 0.5296875 0.6515625
4 0.490625 0.6359375 0.484375 0.6359375 0.484375 0.653125 0.490625 0.653125
4 0.4828125 0.6515625 0.4765625 0.6515625 0.4765625 0.6734375 0.4828125 0.6734375
4 0.5078125000000002 0.7375 0.5015625000000001 0.7375 0.5015625000000001 0.753125 0.5078125000000002 0.753125
4 0.5015625000000001 0.7640625 0.49531250000000016 0.7640625 0.49531250000000016 0.78125 0.5015625000000001 0.78125
4 0.49531250000000016 0.753125 0.4906250000000002 0.753125 0.4906250000000002 0.7703125 0.49531250000000016 0.7703125
4 0.49218750000000017 0.7921875 0.48750000000000016 0.7921875 0.48750000000000016 0.809375 0.49218750000000017 0.809375
0 0.5375000000000001 0.7140625 0.521875 0.7140625 0.5218750000000001 0.7375 0.5375000000000002 0.7375
0 0.5187500000000002 0.7515625 0.5109375000000002 0.7515625 0.5109375000000002 0.778125 0.5187500000000002 0.778125
0 0.721875 0.5359375 0.7046875 0.5359375 0.7046875 0.5515625 0.721875 0.5515625
0 0.684375 0.5484375 0.6703125 0.5484375 0.6703125 0.5625 0.684375 0.5625
4 0.61875 0.521875 0.60625 0.521875 0.60625 0.5328125 0.61875 0.5328125
4 0.5765625 0.53125 0.5671875 0.53125 0.5671875 0.546875 0.5765625 0.546875
4 0.503125 0.603125 0.496875 0.603125 0.496875 0.6234375 0.503125 0.6234375
4 0.51875 0.6765625 0.5109375 0.6765625 0.5109375 0.69375 0.51875 0.69375
4 0.5328125 0.6875 0.525 0.6875 0.525 0.7078125 0.5328125 0.7078125
4 0.85625 0.3031250000000001 0.8421875 0.3031250000000001 0.8421875 0.3156250000000001 0.85625 0.3156250000000001
4 0.79375 0.2796875000000001 0.78125 0.2796875000000001 0.78125 0.2921875000000001 0.79375 0.2921875000000001
4 0.7484375 0.2640625000000001 0.740625 0.2640625000000001 0.740625 0.2718750000000001 0.7484375 0.2718750000000001
4 0.821875 0.23593750000000008 0.809375 0.23593750000000008 0.809375 0.2531250000000001 0.821875 0.2531250000000001
4 0.796875 0.2578125000000001 0.78125 0.2578125000000001 0.78125 0.27031250000000007 0.796875 0.27031250000000007
4 0.528125 0.58125 0.5203125 0.58125 0.5203125 0.603125 0.528125 0.603125
4 0.51875 0.5484375 0.5109375 0.5484375 0.5109375 0.5703125 0.51875 0.5703125
4 0.515625 0.534375 0.5109375 0.534375 0.5109375 0.55 0.515625 0.55
4 0.4828125 0.5296875 0.4703125 0.5296875 0.4703125 0.5484375 0.4828125 0.5484375
4 0.5203125 0.6046875 0.515625 0.6046875 0.515625 0.6234375 0.5203125 0.6234375
4 0.496875 0.2984375000000001 0.48125 0.2984375000000001 0.48125 0.3125000000000001 0.496875 0.3125000000000001
4 0.4671875 0.3125000000000001 0.45 0.3125000000000001 0.45 0.3265625000000001 0.4671875 0.3265625000000001
4 0.2921875 0.30625 0.2765625 0.30625 0.2765625 0.321875 0.2921875 0.321875
0 0.09218750000000006 0.521875 0.07500000000000007 0.521875 0.07500000000000007 0.5359375 0.09218750000000006 0.5359375
0 0.2000000000000001 0.5265625 0.18437500000000004 0.5265625 0.18437500000000004 0.5390625 0.2000000000000001 0.5390625
4 0.18906250000000005 0.5109375 0.17812500000000003 0.5109375 0.17812500000000003 0.5234375 0.18906250000000005 0.5234375
4 0.10781250000000005 0.3140625 0.09218750000000005 0.3140625 0.09218750000000005 0.3234375 0.10781250000000005 0.3234375
4 0.4281250000000002 0.771875 0.4187500000000002 0.771875 0.4187500000000002 0.7890625 0.4281250000000002 0.7890625
4 0.4593750000000002 0.8328125 0.4500000000000002 0.8328125 0.4500000000000002 0.85625 0.4593750000000002 0.85625
4 0.47968750000000016 0.8734375 0.4734375000000002 0.8734375 0.4734375000000002 0.89375 0.47968750000000016 0.89375
4 0.690625 0.3031250000000001 0.6765625 0.3031250000000001 0.6765625 0.3218750000000001 0.690625 0.3218750000000001
0 0.55625 0.2984375000000001 0.540625 0.2984375000000001 0.540625 0.3140625000000001 0.55625 0.3140625000000001
0 0.5140625 0.3203125000000001 0.503125 0.3203125000000001 0.503125 0.3296875000000001 0.5140625 0.3296875000000001
0 0.496875 0.3234375000000001 0.484375 0.3234375000000001 0.484375 0.3343750000000001 0.496875 0.3343750000000001
0 0.4796875 0.3265625000000001 0.46875 0.3265625000000001 0.46875 0.3359375000000001 0.4796875 0.3359375000000001
0 0.50625 0.27812500000000007 0.4921875 0.27812500000000007 0.4921875 0.2953125000000001 0.50625 0.2953125000000001
0 0.3734375000000001 0.559375 0.36406250000000007 0.559375 0.36406250000000007 0.5734375 0.3734375000000001 0.5734375