5 0.03593750000000006 0.4734375 5.79793718971325e-17 0.4734375 5.989288252080024e-17 0.5046875 0.03593750000000007 0.5046875
4 0.029687500000000068 0.5609375 0.017187500000000067 0.5609375 0.01718750000000007 0.5796875 0.029687500000000068 0.5796875
4 0.08281250000000007 0.459375 0.06875000000000006 0.459375 0.06875000000000006 0.478125 0.08281250000000007 0.478125
6 0.19375000000000006 0.5421875 0.15312500000000004 0.5421875 0.15312500000000007 0.565625 0.1937500000000001 0.565625
5 0.1859375000000001 0.634375 0.14218750000000008 0.634375 0.14218750000000008 0.653125 0.1859375000000001 0.653125
5 0.1609375000000001 0.6625 0.11718750000000008 0.6625 0.11718750000000008 0.690625 0.1609375000000001 0.690625
5 0.3156250000000001 0.625 0.2765625000000001 0.625 0.2765625000000001 0.6484375 0.3156250000000001 0.6484375
3 0.2734375000000001 0.6015625 0.2515625000000001 0.6015625 0.2515625000000001 0.6265625 0.2734375000000001 0.6265625
2 0.2812500000000001 0.5234375 0.26250000000000007 0.5234375 0.26250000000000007 0.5390625 0.2812500000000001 0.5390625
4 0.21250000000000008 0.45625 0.19218750000000004 0.45625 0.19218750000000004 0.471875 0.21250000000000008 0.471875
2 0.3703125000000001 0.4578125 0.34843750000000007 0.4578125 0.34843750000000007 0.478125 0.3703125000000001 0.478125
0 0.440625 0.55625 0.4265625 0.55625 0.4265625 0.5765625 0.440625 0.5765625
5 0.4828125 0.53125 0.44375 0.53125 0.44375 0.5578125 0.4828125 0.5578125
2 0.509375 0.5203125 0.484375 0.5203125 0.484375 0.54375 0.509375 0.54375
5 0.4984375 0.46875 0.45 0.46875 0.45 0.490625 0.4984375 0.490625
2 0.509375 0.45 0.490625 0.45 0.490625 0.465625 0.509375 0.465625
2 0.553125 0.45 0.5328125 0.45 0.5328125 0.4703125 0.553125 0.4703125
6 0.525 0.6109375 0.49375 0.6109375 0.49375 0.640625 0.525 0.640625
6 0.6375 0.4484375 0.6 0.4484375 0.6 0.4703125 0.6375 0.4703125
2 0.740625 0.6421875000000001 0.728125 0.6421875000000001 0.728125 0.6718750000000002 0.740625 0.6718750000000002
2 0.734375 0.6031250000000001 0.7109375 0.603125 0.7109375 0.6312500000000001 0.734375 0.6312500000000002
2 0.70625 0.5765625 0.6859375 0.5765625 0.6859375 0.596875 0.70625 0.596875
3 0.6 0.6171875 0.584375 0.6171875 0.584375 0.6296875 0.6 0.6296875
3 0.725 0.5515625 0.7015625 0.5515625 0.7015625 0.5703125 0.725 0.5703125
4 0.775 0.5562500000000001 0.7609375 0.5562500000000001 0.7609375 0.5703125000000002 0.775 0.5703125000000002
4 0.81875 0.5890625000000002 0.8 0.5890625000000002 0.8 0.6093750000000002 0.81875 0.6093750000000002
4 0.846875 0.5984375000000002 0.83125 0.5984375000000002 0.83125 0.6156250000000002 0.846875 0.6156250000000002
6 0.803125 0.5265625000000002 0.76875 0.5265625000000002 0.76875 0.5531250000000002 0.803125 0.5531250000000002
5 0.7875 0.4078125000000002 0.7515625 0.4078125000000002 0.7515625 0.42968750000000017 0.7875 0.42968750000000017
1 0.7015625 0.37187500000000007 0.6515625 0.37187500000000007 0.6515625 0.39531250000000007 0.7015625 0.39531250000000007
5 0.7609375 0.3734375000000001 0.7125 0.3734375000000001 0.7125 0.3968750000000001 0.7609375 0.3968750000000001
2 0.88125 0.6187500000000001 0.8609375 0.6187500000000001 0.8609375 0.6453125000000002 0.88125 0.6453125000000002
5 0.9234375 0.6265625000000001 0.884375 0.6265625000000001 0.884375 0.6531250000000002 0.9234375 0.6531250000000002
4 0.95 0.6015625000000002 0.934375 0.6015625000000002 0.934375 0.6203125000000002 0.95 0.6203125000000002
3 0.975 0.5125000000000002 0.953125 0.5125000000000002 0.953125 0.5343750000000002 0.975 0.5343750000000002
2 0.36875 0.27812500000000007 0.3484375 0.278125 0.3484375 0.30000000000000004 0.36875 0.3000000000000001
2 0.5265625 0.3109375000000001 0.515625 0.3109375000000001 0.515625 0.3500000000000001 0.5265625 0.3500000000000001
2 0.5390625 0.3109375000000001 0.528125 0.3109375000000001 0.528125 0.3453125000000001 0.5390625 0.3453125000000001
2 0.5765625 0.30156250000000007 0.5703125 0.30156250000000007 0.5703125 0.3296875000000001 0.5765625 0.3296875000000001
2 0.5875 0.30156250000000007 0.5796875 0.30156250000000007 0.5796875 0.3390625000000001 0.5875 0.3390625000000001
3 0.703125 0.6140625 0.69375 0.6140625 0.69375 0.634375 0.703125 0.634375
2 0.69375 0.6203125 0.6875 0.6203125 0.6875 0.64375 0.69375 0.64375
3 0.684375 0.6234375 0.678125 0.6234375 0.678125 0.6484375 0.684375 0.6484375
2 0.7 0.6390625 0.69375 0.6390625 0.69375 0.6609375 0.7 0.6609375