3 0.5375000000000002 0.7453125 0.5171875000000001 0.7453125 0.5171875000000001 0.7921875 0.5375000000000002 0.7921875
3 0.5468750000000002 0.86875 0.5187500000000002 0.86875 0.5187500000000002 0.8953125 0.5468750000000002 0.8953125
3 0.4937500000000002 0.8015625 0.46406250000000016 0.8015625 0.46406250000000016 0.825 0.4937500000000002 0.825
1 0.2609375000000001 0.6640625 0.2062500000000001 0.6640625 0.2062500000000001 0.6953125 0.2609375000000001 0.6953125
1 0.31718750000000007 0.6546875 0.26250000000000007 0.6546875 0.26250000000000007 0.6890625 0.31718750000000007 0.6890625
2 0.07343750000000011 0.8859375 0.05312500000000011 0.8859375 0.05312500000000011 0.9046875 0.07343750000000011 0.9046875
2 0.3906250000000001 0.85 0.3703125000000001 0.85 0.3703125000000001 0.8734375 0.3906250000000001 0.8734375
2 0.5000000000000002 0.7515625 0.48437500000000017 0.7515625 0.48437500000000017 0.7796875 0.5000000000000002 0.7796875
2 0.5375000000000002 0.7828125 0.5187500000000002 0.7828125 0.5187500000000002 0.8203125 0.5375000000000002 0.8203125
2 0.6531250000000002 0.840625 0.6343750000000001 0.840625 0.6343750000000001 0.8609375 0.6531250000000002 0.8609375
2 0.7625000000000002 0.7671875000000001 0.7375000000000002 0.7671875000000001 0.7375000000000002 0.7921875000000002 0.7625000000000002 0.7921875000000002
2 0.8578125 0.7765625000000002 0.828125 0.7765625000000002 0.828125 0.8015625 0.8578125 0.8015625
2 0.8859375 0.7937500000000002 0.865625 0.7937500000000002 0.865625 0.8140625 0.8859375 0.8140625
2 0.7875000000000002 0.8640625 0.7640625000000002 0.8640625 0.7640625000000002 0.884375 0.7875000000000002 0.884375
2 0.953125 0.846875 0.9296875 0.846875 0.9296875 0.86875 0.953125 0.86875
2 0.9890625 0.7843750000000002 0.9640625 0.7843750000000002 0.9640625 0.80625 0.9890625 0.80625
2 0.496875 0.5 0.4859375 0.5 0.4859375 0.5359375 0.496875 0.5359375
2 0.475 0.015625000000000056 0.465625 0.015625000000000056 0.465625 0.05312500000000007 0.475 0.05312500000000007
0 0.4828125 0.40625 0.4734375 0.40625 0.4734375 0.4328125 0.4828125 0.4328125
0 0.7718750000000002 0.8421875 0.7546875000000002 0.8421875 0.7546875000000002 0.8578125 0.7718750000000002 0.8578125
0 0.878125 0.7609375000000002 0.8625 0.7609375000000002 0.8625 0.7781250000000002 0.878125 0.7781250000000002
0 0.5265625000000002 0.934375 0.5125000000000002 0.934375 0.5125000000000002 0.9453125 0.5265625000000002 0.9453125
0 0.16718750000000013 0.959375 0.15156250000000013 0.959375 0.15156250000000013 0.978125 0.16718750000000013 0.978125
0 0.28593750000000007 0.8921875 0.2718750000000001 0.8921875 0.2718750000000001 0.909375 0.28593750000000007 0.909375
4 0.1468750000000001 0.7234375 0.1359375000000001 0.7234375 0.1359375000000001 0.7328125 0.1468750000000001 0.7328125
4 0.2156250000000001 0.7078125 0.20468750000000008 0.7078125 0.20468750000000008 0.7171875 0.2156250000000001 0.7171875
4 0.615625 0.6546875 0.6015625 0.6546875 0.6015625 0.665625 0.615625 0.665625
4 0.6609375 0.6765625 0.6484375 0.6765625 0.6484375 0.6875 0.6609375 0.6875
4 0.8453125 0.7140625000000002 0.8359375 0.7140625000000002 0.8359375 0.7234375000000002 0.8453125 0.7234375000000002
4 0.928125 0.8328125 0.9125 0.8328125 0.9125 0.8453125 0.928125 0.8453125
4 0.7828125000000001 0.83125 0.7703125000000002 0.83125 0.7703125000000002 0.84375 0.7828125000000001 0.84375
4 0.7140625000000002 0.8890625 0.7000000000000002 0.8890625 0.7000000000000002 0.9015625 0.7140625000000002 0.9015625
4 0.8109375 0.7875000000000002 0.8 0.7875000000000002 0.8 0.7968750000000002 0.8109375 0.7968750000000002
4 0.8765625 0.83125 0.8609375 0.83125 0.8609375 0.8453125 0.8765625 0.8453125
4 0.478125 0.675 0.46875 0.675 0.46875 0.6984375 0.478125 0.6984375
4 0.5078125 0.6859375 0.5015625 0.6859375 0.5015625 0.7078125 0.5078125 0.7078125
4 0.5171875 0.6765625 0.509375 0.6765625 0.509375 0.7 0.5171875 0.7
4 0.5140625000000002 0.728125 0.5062500000000002 0.728125 0.5062500000000002 0.7546875 0.5140625000000002 0.7546875
4 0.58125 0.7234375 0.571875 0.7234375 0.5718750000000001 0.740625 0.5812500000000002 0.740625
4 0.5687500000000002 0.8 0.5578125000000002 0.8 0.5578125000000002 0.8203125 0.5687500000000002 0.8203125
4 0.4078125000000002 0.9390625 0.3937500000000001 0.9390625 0.3937500000000001 0.953125 0.4078125000000002 0.953125
4 0.3859375000000001 0.89375 0.3734375000000001 0.89375 0.3734375000000001 0.9046875 0.3859375000000001 0.9046875
4 0.4046875000000002 0.88125 0.3937500000000001 0.88125 0.3937500000000001 0.890625 0.4046875000000002 0.890625
4 0.4437500000000002 0.9015625 0.43281250000000016 0.9015625 0.43281250000000016 0.9125 0.4437500000000002 0.9125
4 0.3984375000000001 0.759375 0.38750000000000007 0.759375 0.38750000000000007 0.7671875 0.3984375000000001 0.7671875
4 0.21250000000000008 0.7953125 0.2015625000000001 0.7953125 0.2015625000000001 0.8046875 0.21250000000000008 0.8046875
4 0.14218750000000013 0.94375 0.13281250000000014 0.94375 0.13281250000000014 0.9546875 0.14218750000000013 0.9546875