2 0.028125000000000004 0.020312500000000004 0.009375000000000003 0.0203125 0.009375000000000005 0.06875 0.02812500000000001 0.06875
2 0.059375 0.025000000000000005 0.0375 0.025 0.037500000000000006 0.071875 0.059375 0.071875
2 0.043750000000000025 0.1640625 0.026562500000000024 0.1640625 0.026562500000000024 0.209375 0.043750000000000025 0.209375
2 0.059375000000000025 0.1765625 0.04062500000000002 0.1765625 0.04062500000000002 0.2203125 0.059375000000000025 0.2203125
2 0.03125000000000003 0.215625 0.012500000000000028 0.215625 0.01250000000000003 0.2609375 0.031250000000000035 0.2609375
2 0.04843750000000003 0.2203125 0.03125000000000002 0.2203125 0.03125000000000003 0.265625 0.048437500000000036 0.265625
2 0.01718750000000004 0.284375 3.482589335075286e-17 0.284375 3.8365888004538175e-17 0.3421875 0.017187500000000043 0.3421875
2 0.16562500000000005 0.2390625 0.14375000000000004 0.2390625 0.14375000000000004 0.2828125 0.16562500000000005 0.2828125
2 0.13593750000000004 0.4453125 0.10625000000000004 0.4453125 0.10625000000000004 0.4671875 0.13593750000000004 0.4671875
2 0.05937500000000007 0.5140625 0.03125000000000007 0.5140625 0.03125000000000007 0.5328125 0.05937500000000007 0.5328125
2 0.057812500000000065 0.540625 0.03125000000000007 0.540625 0.03125000000000007 0.5609375 0.057812500000000065 0.5609375
2 0.057812500000000065 0.5625 0.032812500000000064 0.5625 0.032812500000000064 0.5796875 0.057812500000000065 0.5796875
2 0.08750000000000006 0.5078125 0.06093750000000007 0.5078125 0.06093750000000007 0.5296875 0.08750000000000006 0.5296875
2 0.09218750000000006 0.5328125 0.06406250000000006 0.5328125 0.06406250000000006 0.5546875 0.09218750000000006 0.5546875
2 0.11406250000000007 0.53125 0.09218750000000006 0.53125 0.09218750000000006 0.5515625 0.1140625000000001 0.5515625
2 0.1140625000000001 0.5625 0.08906250000000007 0.5625 0.08906250000000007 0.5828125 0.1140625000000001 0.5828125
2 0.13593750000000004 0.503125 0.11250000000000004 0.503125 0.11250000000000004 0.5265625 0.13593750000000004 0.5265625
2 0.14062500000000006 0.5296875 0.11718750000000004 0.5296875 0.11718750000000007 0.5515625 0.14062500000000008 0.5515625
2 0.14218750000000008 0.55 0.11875000000000009 0.55 0.11875000000000009 0.5703125 0.14218750000000008 0.5703125
2 0.16718750000000007 0.5296875 0.14218750000000005 0.5296875 0.14218750000000008 0.5484375 0.1671875000000001 0.5484375
2 0.16562500000000005 0.5015625 0.14062500000000006 0.5015625 0.14062500000000006 0.5203125 0.16562500000000005 0.5203125
2 0.19687500000000008 0.525 0.17031250000000003 0.525 0.17031250000000006 0.5484375 0.19687500000000008 0.5484375
2 0.17343750000000008 0.5515625 0.15000000000000008 0.5515625 0.15000000000000008 0.5734375 0.17343750000000008 0.5734375
2 0.5078125 0.4390625 0.48125 0.4390625 0.48125 0.4640625 0.5078125 0.4640625
2 0.5109375 0.3578125000000001 0.4859375 0.3578125000000001 0.4859375 0.37968750000000007 0.5109375 0.37968750000000007
2 0.6765625 0.4359375 0.646875 0.4359375 0.646875 0.45625 0.6765625 0.45625
2 0.996875 0.3265625000000001 0.9703125 0.3265625000000001 0.9703125 0.34843750000000007 0.996875 0.34843750000000007
2 0.7828125 0.1593750000000001 0.75625 0.1593750000000001 0.75625 0.1843750000000001 0.7828125 0.1843750000000001
2 0.7921875 0.2375000000000001 0.7640625 0.2375000000000001 0.7640625 0.2687500000000001 0.7921875 0.2687500000000001
4 0.8453125 0.3937500000000001 0.8328125 0.3937500000000001 0.8328125 0.40937500000000016 0.8453125 0.40937500000000016
4 0.696875 0.4125 0.68125 0.4125 0.68125 0.43125 0.696875 0.43125
4 0.3312500000000001 0.4265625 0.31718750000000007 0.4265625 0.31718750000000007 0.4453125 0.3312500000000001 0.4453125
4 0.2562500000000001 0.3796875 0.24218750000000008 0.3796875 0.24218750000000008 0.3921875 0.2562500000000001 0.3921875
4 0.2671875 0.3578125 0.253125 0.3578125 0.25312500000000004 0.3734375 0.2671875000000001 0.3734375
4 0.19062500000000004 0.43125 0.17500000000000004 0.43125 0.17500000000000004 0.446875 0.19062500000000004 0.446875
4 0.031250000000000056 0.4640625 0.015625000000000056 0.4640625 0.01562500000000006 0.48125 0.031250000000000056 0.48125
4 0.04375000000000006 0.4984375 0.029687500000000054 0.4984375 0.02968750000000006 0.5109375 0.04375000000000007 0.5109375
4 0.042187500000000065 0.53125 0.032812500000000064 0.53125 0.032812500000000064 0.540625 0.042187500000000065 0.540625
4 0.037500000000000075 0.5828125 0.026562500000000065 0.5828125 0.026562500000000072 0.5984375 0.037500000000000075 0.5984375
4 0.04687500000000007 0.5796875 0.03593750000000007 0.5796875 0.035937500000000074 0.59375 0.046875000000000076 0.59375
4 0.06093750000000007 0.5796875 0.04687500000000007 0.5796875 0.04687500000000007 0.59375 0.06093750000000007 0.59375
4 0.06093750000000007 0.5984375 0.04843750000000008 0.5984375 0.04843750000000008 0.609375 0.06093750000000007 0.609375
4 0.07187500000000006 0.5765625 0.06093750000000007 0.5765625 0.06093750000000007 0.584375 0.07187500000000006 0.584375
4 0.06875000000000006 0.553125 0.057812500000000065 0.553125 0.057812500000000065 0.5671875 0.06875000000000006 0.5671875
4 0.07031250000000007 0.5640625 0.057812500000000065 0.5640625 0.057812500000000065 0.575 0.07031250000000007 0.575
4 0.09843750000000007 0.5546875 0.08437500000000006 0.5546875 0.08437500000000006 0.5625 0.09843750000000007 0.5625
4 0.10781250000000009 0.5515625 0.09687500000000007 0.5515625 0.09687500000000007 0.5625 0.10781250000000009 0.5625
4 0.014062500000000033 0.2625 0.006250000000000033 0.2625 0.006250000000000035 0.284375 0.014062500000000033 0.284375
4 0.034375 3.731345716152092e-18 0.0265625 3.2529680602351567e-18 0.0265625 0.018750000000000006 0.034375 0.018750000000000006
4 0.0234375 2.4875638107680615e-18 0.0171875 2.1048616860345133e-18 0.0171875 0.014062500000000002 0.0234375 0.014062500000000006
4 0.009375000000000007 0.0546875 0.003125000000000007 0.0546875 0.0031250000000000084 0.078125 0.009375000000000008 0.078125
0 0.039062500000000035 0.265625 0.023437500000000035 0.265625 0.023437500000000035 0.3 0.039062500000000035 0.3
0 0.20468750000000008 0.365625 0.18125000000000005 0.365625 0.18125000000000005 0.384375 0.20468750000000008 0.384375
0 0.10937500000000004 0.5078125 0.08750000000000006 0.5078125 0.08750000000000006 0.528125 0.10937500000000004 0.528125
0 0.08593750000000007 0.55625 0.06718750000000007 0.55625 0.06718750000000007 0.571875 0.08593750000000007 0.571875
0 0.13437500000000008 0.571875 0.1140625000000001 0.571875 0.1140625000000001 0.590625 0.13437500000000008 0.590625
0 0.9921875 0.39531250000000007 0.9703125 0.39531250000000007 0.9703125 0.42187500000000017 0.9921875 0.42187500000000017
6 0.4875 0.5703125 0.4421875 0.5703125 0.4421875 0.6046875 0.4875 0.6046875
6 0.08593750000000004 0.2921875 0.057812500000000044 0.2921875 0.057812500000000044 0.359375 0.08593750000000004 0.359375