0 0.023437500000000118 0.9296875 0.003125000000000114 0.9296875 0.003125000000000116 0.9578125 0.023437500000000118 0.9578125
4 0.08593750000000008 0.690625 0.0671875000000001 0.690625 0.0671875000000001 0.7109375 0.08593750000000008 0.7109375
4 0.14062500000000008 0.8203125 0.11875000000000009 0.8203125 0.11875000000000009 0.8328125 0.14062500000000008 0.8328125
4 0.13437500000000008 0.8390625 0.11718750000000008 0.8390625 0.11718750000000008 0.853125 0.13437500000000008 0.853125
4 0.19687500000000008 0.8484375 0.1828125000000001 0.8484375 0.1828125000000001 0.8625 0.19687500000000008 0.8625
4 0.2953125000000001 0.6640625 0.2812500000000001 0.6640625 0.2812500000000001 0.684375 0.2953125000000001 0.684375
4 0.3265625000000001 0.5640625 0.30937500000000007 0.5640625 0.30937500000000007 0.5796875 0.3265625000000001 0.5796875
5 0.15937500000000007 0.534375 0.08281250000000007 0.534375 0.08281250000000007 0.571875 0.1593750000000001 0.571875
5 0.23593750000000008 0.5296875 0.16093750000000004 0.5296875 0.16093750000000007 0.56875 0.23593750000000008 0.56875
2 0.3109375000000001 0.7125 0.2796875000000001 0.7125 0.2796875000000001 0.746875 0.3109375000000001 0.746875
2 0.3937500000000001 0.7234375 0.3578125000000001 0.7234375 0.3578125000000001 0.75625 0.3937500000000001 0.75625
4 0.3781250000000001 0.890625 0.3593750000000001 0.890625 0.3593750000000001 0.9140625 0.3781250000000001 0.9140625
4 0.4500000000000002 0.765625 0.43750000000000017 0.765625 0.43750000000000017 0.7890625 0.4500000000000002 0.7890625
4 0.4453125 0.584375 0.43125 0.584375 0.43125 0.6015625 0.4453125 0.6015625
4 0.4921875 0.571875 0.48125 0.571875 0.48125 0.6078125 0.4921875 0.6078125
4 0.5109375 0.575 0.5 0.575 0.5 0.60625 0.5109375 0.60625
3 0.5359375000000002 0.7671875 0.5125000000000002 0.7671875 0.5125000000000002 0.8109375 0.5359375000000002 0.8109375
4 0.5671875000000002 0.7671875 0.5484375000000001 0.7671875 0.5484375000000001 0.7953125 0.5671875000000002 0.7953125
4 0.5203125000000002 0.921875 0.5000000000000002 0.921875 0.5000000000000002 0.940625 0.5203125000000002 0.940625
4 0.6406250000000002 0.8 0.6234375000000002 0.8 0.6234375000000002 0.81875 0.6406250000000002 0.81875
2 0.6687500000000002 0.840625 0.6343750000000001 0.840625 0.6343750000000001 0.871875 0.6687500000000002 0.871875
4 0.6671875000000002 0.8 0.6515625000000002 0.8 0.6515625000000002 0.821875 0.6671875000000002 0.821875
2 0.6796875000000001 0.6921875 0.6484375 0.6921875 0.6484375000000001 0.7359375 0.6796875000000002 0.7359375
0 0.6421875 0.5765625 0.621875 0.5765625 0.621875 0.6046875 0.6421875 0.6046875
4 0.46875 0.471875 0.4578125 0.471875 0.4578125 0.5015625 0.46875 0.5015625
4 0.9140625 0.7343750000000002 0.8984375 0.7343750000000002 0.8984375 0.7531250000000002 0.9140625 0.7531250000000002
4 0.8828125 0.6156250000000002 0.8640625 0.6156250000000002 0.8640625 0.6390625000000002 0.8828125 0.6390625000000002
2 0.8734375 0.7062500000000002 0.8359375 0.7062500000000002 0.8359375 0.7343750000000002 0.8734375 0.7343750000000002