5 0.2593750000000001 0.6640625 0.2015625000000001 0.6640625 0.2015625000000001 0.703125 0.2593750000000001 0.703125
5 0.31718750000000007 0.6546875 0.26250000000000007 0.6546875 0.26250000000000007 0.690625 0.31718750000000007 0.690625
2 0.18750000000000008 0.7078125 0.15781250000000008 0.7078125 0.15781250000000008 0.7359375 0.18750000000000008 0.7359375
2 0.03281250000000009 0.734375 8.993499931238375e-17 0.734375 9.146580781131793e-17 0.759375 0.03281250000000009 0.759375
1 0.0312500000000001 0.8203125 1.0045930774255631e-16 0.8203125 1.0227714283504067e-16 0.85 0.0312500000000001 0.85
2 0.10781250000000009 0.8703125 0.07812500000000011 0.8703125 0.07812500000000011 0.896875 0.10781250000000009 0.896875
2 0.10625000000000014 0.915625 0.0796875000000001 0.915625 0.0796875000000001 0.934375 0.10625000000000014 0.934375
4 0.05156250000000011 0.9203125 0.03750000000000011 0.9203125 0.03750000000000011 0.9375 0.05156250000000011 0.9375
4 0.02968750000000011 0.8875 0.017187500000000112 0.8875 0.017187500000000112 0.9015625 0.02968750000000011 0.9015625
4 0.02812500000000011 0.934375 0.015625000000000118 0.934375 0.015625000000000118 0.9484375 0.02812500000000011 0.9484375
4 0.1843750000000001 0.853125 0.1687500000000001 0.853125 0.1687500000000001 0.86875 0.1843750000000001 0.86875
4 0.2734375000000001 0.88125 0.25468750000000007 0.88125 0.25468750000000007 0.9015625 0.2734375000000001 0.9015625
0 0.19218750000000012 0.934375 0.17656250000000012 0.934375 0.17656250000000012 0.95625 0.19218750000000012 0.95625
2 0.3937500000000001 0.91875 0.3671875000000001 0.91875 0.3671875000000001 0.94375 0.3937500000000001 0.94375
2 0.3312500000000001 0.8890625 0.3062500000000001 0.8890625 0.3062500000000001 0.9140625 0.3312500000000001 0.9140625
4 0.4078125000000002 0.8921875 0.3890625000000001 0.8921875 0.3890625000000001 0.909375 0.4078125000000002 0.909375
4 0.3781250000000001 0.7734375 0.3656250000000001 0.7734375 0.3656250000000001 0.784375 0.3781250000000001 0.784375
2 0.47968750000000016 0.765625 0.4468750000000002 0.765625 0.4468750000000002 0.790625 0.47968750000000016 0.790625
0 0.5671875000000002 0.8296875 0.5515625000000002 0.8296875 0.5515625000000002 0.8578125 0.5671875000000002 0.8578125
0 0.5484375000000001 0.8046875 0.5234375000000002 0.8046875 0.5234375000000002 0.834375 0.5484375000000001 0.834375
5 0.7218750000000002 0.8859375 0.6828125000000002 0.8859375 0.6828125000000002 0.9203125 0.7218750000000002 0.9203125
4 0.6828125000000002 0.8515625 0.6640625000000002 0.8515625 0.6640625000000002 0.871875 0.6828125000000002 0.871875
0 0.6343750000000001 0.7765625 0.6187500000000001 0.7765625 0.6187500000000001 0.7921875 0.6343750000000001 0.7921875
4 0.6375000000000002 0.8015625 0.6203125000000002 0.8015625 0.6203125000000002 0.8171875 0.6375000000000002 0.8171875
4 0.5812500000000002 0.8390625 0.5718750000000001 0.8390625 0.5718750000000001 0.8546875 0.5812500000000002 0.8546875
4 0.6093750000000002 0.85 0.6000000000000002 0.85 0.6000000000000002 0.86875 0.6093750000000002 0.86875
4 0.6437500000000002 0.853125 0.6296875000000002 0.853125 0.6296875000000002 0.8671875 0.6437500000000002 0.8671875
4 0.6250000000000002 0.8578125 0.6156250000000002 0.8578125 0.6156250000000002 0.8734375 0.6250000000000002 0.8734375
0 0.7921875000000002 0.7812500000000002 0.7765625000000002 0.7812500000000002 0.7765625000000002 0.8015625 0.7921875000000002 0.8015625
2 0.84375 0.88125 0.7984375000000001 0.88125 0.7984375000000001 0.909375 0.84375 0.909375
4 0.7687500000000002 0.8546875 0.7531250000000002 0.8546875 0.7531250000000002 0.8671875 0.7687500000000002 0.8671875
4 0.5375 0.2406250000000001 0.53125 0.2406250000000001 0.53125 0.2562500000000001 0.5375 0.2562500000000001
2 0.525 6.333720164340217e-17 0.509375 6.23804463315683e-17 0.509375 0.040625000000000064 0.525 0.040625000000000064
4 0.09687500000000011 0.9390625 0.0875000000000001 0.9390625 0.0875000000000001 0.95 0.09687500000000011 0.95
5 0.984375 0.846875 0.934375 0.846875 0.934375 0.890625 0.984375 0.890625
4 0.55625 0.6875 0.5421875 0.6875 0.5421875 0.7125 0.55625 0.7125