5 0.2515625000000001 0.665625 0.1859375000000001 0.665625 0.1859375000000001 0.709375 0.2515625000000001 0.709375
5 0.30937500000000007 0.6421875 0.2515625000000001 0.6421875 0.2515625000000001 0.709375 0.30937500000000007 0.709375
6 0.7937500000000002 0.7953125000000002 0.7484375000000002 0.7953125000000002 0.7484375000000002 0.8453125 0.7937500000000002 0.8453125
6 0.925 0.7968750000000002 0.86875 0.7968750000000002 0.86875 0.8421875 0.925 0.8421875
2 0.2093750000000001 0.8046875 0.16562500000000008 0.8046875 0.16562500000000008 0.8390625 0.2093750000000001 0.8390625
2 0.34062500000000007 0.8046875 0.3046875000000001 0.8046875 0.3046875000000001 0.859375 0.34062500000000007 0.859375
2 0.49375 0.625 0.478125 0.625 0.478125 0.6953125 0.49375 0.6953125
2 0.5515625000000002 0.7921875 0.5109375000000002 0.7921875 0.5109375000000002 0.83125 0.5515625000000002 0.83125
2 0.6031250000000001 0.7890625 0.5750000000000002 0.7890625 0.5750000000000002 0.8390625 0.6031250000000001 0.8390625
2 0.5609375000000001 0.6890625 0.5328125 0.6890625 0.5328125000000001 0.746875 0.5609375000000002 0.746875
2 0.525 0.37187500000000007 0.50625 0.37187500000000007 0.50625 0.4671875 0.525 0.4671875
2 0.53125 0.5640625 0.5125 0.5640625 0.5125 0.6359375 0.53125 0.6359375
2 0.5171875 0.6375 0.5015625 0.6375 0.5015625 0.709375 0.5171875 0.709375
2 0.6671875 0.66875 0.621875 0.66875 0.621875 0.71875 0.6671875 0.71875
2 0.9453125 0.8421875 0.9046875 0.8421875 0.9046875 0.8703125 0.9453125 0.8703125
2 0.09843750000000011 0.9265625 0.06718750000000011 0.9265625 0.06718750000000011 0.953125 0.09843750000000011 0.953125
0 0.04687500000000012 0.93125 0.017187500000000116 0.93125 0.017187500000000116 0.9625 0.046875000000000125 0.9625
4 0.1687500000000001 0.7359375 0.1531250000000001 0.7359375 0.1531250000000001 0.753125 0.1687500000000001 0.753125
4 0.11562500000000009 0.728125 0.09375000000000008 0.728125 0.09375000000000008 0.75 0.11562500000000009 0.75
4 0.3078125000000001 0.8828125 0.2890625000000001 0.8828125 0.2890625000000001 0.909375 0.3078125000000001 0.909375
4 0.29375000000000007 0.7765625 0.2750000000000001 0.7765625 0.2750000000000001 0.7921875 0.29375000000000007 0.7921875
2 0.3890625000000001 0.91875 0.3546875000000001 0.91875 0.3546875000000001 0.9484375 0.3890625000000001 0.9484375
0 0.4671875000000002 0.7921875 0.45312500000000017 0.7921875 0.45312500000000017 0.8421875 0.4671875000000002 0.8421875
4 0.590625 0.6640625 0.5734375 0.6640625 0.5734375 0.6875 0.590625 0.6875
0 0.6968750000000001 0.8546875 0.6812500000000001 0.8546875 0.6812500000000001 0.878125 0.6968750000000001 0.878125
4 0.7484375000000002 0.8890625 0.7328125000000002 0.8890625 0.7328125000000002 0.9046875 0.7484375000000002 0.9046875
4 0.6781250000000002 0.85 0.6640625000000002 0.85 0.6640625000000002 0.8640625 0.6781250000000002 0.8640625
4 0.915625 0.6859375000000002 0.9 0.6859375000000002 0.9 0.7218750000000002 0.915625 0.7218750000000002
4 0.9734375 0.6921875000000002 0.9484375 0.6921875000000002 0.9484375 0.7187500000000002 0.9734375 0.7187500000000002
4 0.825 0.7484375000000002 0.80625 0.7484375000000002 0.80625 0.7765625000000002 0.825 0.7765625000000002
4 0.84375 0.8734375 0.8296875 0.8734375 0.8296875 0.9078125 0.84375 0.9078125
4 0.7093750000000002 0.7375 0.6875000000000002 0.7375 0.6875000000000002 0.778125 0.7093750000000002 0.778125
4 0.3765625000000001 0.7671875 0.3578125000000001 0.7671875 0.3578125000000001 0.784375 0.3765625000000001 0.784375
4 0.4078125000000002 0.8671875 0.3890625000000001 0.8671875 0.3890625000000001 0.884375 0.4078125000000002 0.884375