0 0.3609375000000001 0.509375 0.3468750000000001 0.509375 0.3468750000000001 0.528125 0.3609375000000001 0.528125
2 0.21875000000000008 0.740625 0.2015625000000001 0.740625 0.2015625000000001 0.771875 0.21875000000000008 0.771875
0 0.2593750000000001 0.6546875 0.2453125000000001 0.6546875 0.2453125000000001 0.675 0.2593750000000001 0.675
2 0.3203125000000001 0.70625 0.30156250000000007 0.70625 0.30156250000000007 0.7375 0.3203125000000001 0.7375
0 0.6609375 0.1312500000000001 0.6484375 0.1312500000000001 0.6484375 0.1546875000000001 0.6609375 0.1546875000000001
2 0.2250000000000001 0.853125 0.2062500000000001 0.853125 0.2062500000000001 0.884375 0.2250000000000001 0.884375
2 0.2312500000000001 0.64375 0.21093750000000008 0.64375 0.21093750000000008 0.6796875 0.2312500000000001 0.6796875
4 0.3578125000000001 0.6015625 0.3500000000000001 0.6015625 0.3500000000000001 0.615625 0.3578125000000001 0.615625
2 0.2718750000000001 0.4875 0.2562500000000001 0.4875 0.2562500000000001 0.5234375 0.2718750000000001 0.5234375
4 0.3828125000000001 0.5875 0.3781250000000001 0.5875 0.3781250000000001 0.5984375 0.3828125000000001 0.5984375
2 0.18593750000000014 0.909375 0.16562500000000013 0.909375 0.16562500000000013 0.94375 0.18593750000000014 0.94375
2 0.6546875 0.3078125000000001 0.6375 0.3078125000000001 0.6375 0.3375000000000001 0.6546875 0.3375000000000001
2 0.69375 0.24375000000000008 0.6734375 0.24375000000000008 0.6734375 0.2750000000000001 0.69375 0.2750000000000001
2 0.20312500000000008 0.8859375 0.18750000000000008 0.8859375 0.1875000000000001 0.915625 0.20312500000000008 0.915625
2 0.671875 0.27812500000000007 0.6546875 0.27812500000000007 0.6546875 0.3078125000000001 0.671875 0.3078125000000001
4 0.3921875000000001 0.584375 0.3859375000000001 0.584375 0.3859375000000001 0.596875 0.3921875000000001 0.596875
2 0.16718750000000013 0.9390625 0.14843750000000014 0.9390625 0.14843750000000014 0.96875 0.16718750000000013 0.96875
2 0.2093750000000001 0.6796875 0.18906250000000008 0.6796875 0.18906250000000008 0.7140625 0.2093750000000001 0.7140625
4 0.6578125 0.34843750000000007 0.65 0.34843750000000007 0.65 0.3593750000000001 0.6578125 0.3593750000000001
4 0.6640625 0.3453125000000001 0.65625 0.3453125000000001 0.65625 0.35625000000000007 0.6640625 0.35625000000000007
2 0.2890625000000001 0.759375 0.27031250000000007 0.759375 0.27031250000000007 0.7953125 0.2890625000000001 0.7953125
4 0.3656250000000001 0.5828125 0.3609375000000001 0.5828125 0.3609375000000001 0.596875 0.3656250000000001 0.596875
0 0.6734375 0.1218750000000001 0.6625 0.1218750000000001 0.6625 0.1390625000000001 0.6734375 0.1390625000000001
2 0.43125 0.4390625 0.415625 0.4390625 0.415625 0.475 0.43125 0.475
4 0.3468750000000001 0.6140625 0.3375000000000001 0.6140625 0.3375000000000001 0.6234375 0.3468750000000001 0.6234375
4 0.3234375000000001 0.653125 0.3156250000000001 0.653125 0.3156250000000001 0.665625 0.3234375000000001 0.665625
4 0.3703125000000001 0.6203125 0.3656250000000001 0.6203125 0.3656250000000001 0.63125 0.3703125000000001 0.63125
4 0.3453125000000001 0.653125 0.3375000000000001 0.653125 0.3375000000000001 0.6671875 0.3453125000000001 0.6671875
2 0.15000000000000013 0.9671875 0.13437500000000013 0.9671875 0.13437500000000013 0.9953125 0.15000000000000013 0.9953125
2 0.48125 0.453125 0.4703125 0.453125 0.4703125 0.4859375 0.48125 0.4859375
2 0.2062500000000001 0.8515625 0.18750000000000008 0.8515625 0.18750000000000008 0.8859375 0.2062500000000001 0.8859375
4 0.2296875000000001 0.83125 0.2218750000000001 0.83125 0.2218750000000001 0.846875 0.2296875000000001 0.846875
2 0.2484375000000001 0.81875 0.2296875000000001 0.81875 0.2296875000000001 0.85 0.2484375000000001 0.85
2 0.2921875000000001 0.709375 0.2750000000000001 0.709375 0.2750000000000001 0.7375 0.2921875000000001 0.7375
4 0.2453125000000001 0.8078125 0.23593750000000008 0.8078125 0.23593750000000008 0.8203125 0.2453125000000001 0.8203125
4 0.2375000000000001 0.8203125 0.22812500000000008 0.8203125 0.22812500000000008 0.83125 0.2375000000000001 0.83125
2 0.2734375000000001 0.7875 0.25468750000000007 0.7875 0.25468750000000007 0.81875 0.2734375000000001 0.81875
4 0.3531250000000001 0.6421875 0.3453125000000001 0.6421875 0.3453125000000001 0.653125 0.3531250000000001 0.653125
2 0.3921875000000001 0.55625 0.37187500000000007 0.55625 0.37187500000000007 0.584375 0.3921875000000001 0.584375
2 0.4234375 0.5546875 0.4046875 0.5546875 0.4046875 0.584375 0.4234375 0.584375
2 0.4515625 0.55625 0.4359375 0.55625 0.4359375 0.58125 0.4515625 0.58125
2 0.3375000000000001 0.6734375 0.3187500000000001 0.6734375 0.3187500000000001 0.7046875 0.3375000000000001 0.7046875
2 0.35625000000000007 0.65625 0.3390625000000001 0.65625 0.3390625000000001 0.68125 0.35625000000000007 0.68125
2 0.37187500000000007 0.634375 0.35625000000000007 0.634375 0.35625000000000007 0.6578125 0.37187500000000007 0.6578125
2 0.38750000000000007 0.60625 0.3703125000000001 0.60625 0.3703125000000001 0.6359375 0.38750000000000007 0.6359375
6 0.6281250000000002 0.8203125 0.6031250000000001 0.8203125 0.6031250000000001 0.878125 0.6281250000000002 0.878125
2 0.5937500000000001 0.7 0.578125 0.7 0.5781250000000001 0.734375 0.5937500000000002 0.734375
2 0.58125 0.70625 0.5671875 0.70625 0.5671875000000001 0.734375 0.5812500000000002 0.734375
4 0.5328125 0.6921875 0.5265625 0.6921875 0.5265625 0.703125 0.5328125 0.703125
4 0.5421875 0.7140625 0.5359375 0.7140625 0.5359375000000001 0.728125 0.5421875000000002 0.728125
4 0.534375 0.70625 0.528125 0.70625 0.528125 0.7203125 0.534375 0.7203125
4 0.525 0.6921875 0.51875 0.6921875 0.51875 0.70625 0.525 0.70625
4 0.528125 0.6671875 0.5234375 0.6671875 0.5234375 0.68125 0.528125 0.68125
4 0.55625 0.665625 0.5515625 0.665625 0.5515625 0.678125 0.55625 0.678125
0 0.5734375 0.68125 0.5640625 0.68125 0.5640625 0.7015625 0.5734375 0.7015625
0 0.55625 0.6921875 0.546875 0.6921875 0.546875 0.7078125 0.55625 0.7078125
2 0.5609375 0.6328125 0.5453125 0.6328125 0.5453125 0.66875 0.5609375 0.66875
2 0.5765625 0.6546875 0.5625 0.6546875 0.5625 0.6828125 0.5765625 0.6828125
0 0.5484375 0.6671875 0.5375 0.6671875 0.5375 0.68125 0.5484375 0.68125
4 0.540625 0.65 0.53125 0.65 0.53125 0.6640625 0.540625 0.6640625
1 0.6453125 0.3312500000000001 0.6046875 0.3312500000000001 0.6046875 0.409375 0.6453125 0.409375
2 0.6609375 0.3578125000000001 0.6421875 0.3578125000000001 0.6421875 0.3906250000000001 0.6609375 0.3906250000000001
4 0.7 0.3125000000000001 0.69375 0.3125000000000001 0.69375 0.3234375000000001 0.7 0.3234375000000001
2 0.71875 0.07031250000000008 0.7 0.07031250000000008 0.7 0.10312500000000009 0.71875 0.10312500000000009
2 0.709375 0.2171875000000001 0.6921875 0.2171875000000001 0.6921875 0.24218750000000008 0.709375 0.24218750000000008
2 0.721875 0.2296875000000001 0.70625 0.2296875000000001 0.70625 0.25468750000000007 0.721875 0.25468750000000007
2 0.7203125 0.2640625000000001 0.703125 0.2640625000000001 0.703125 0.2890625000000001 0.7203125 0.2890625000000001
3 0.7046875 0.2609375000000001 0.678125 0.2609375000000001 0.678125 0.2968750000000001 0.7046875 0.2968750000000001
4 0.709375 0.2484375000000001 0.7 0.2484375000000001 0.7 0.26250000000000007 0.709375 0.26250000000000007
2 0.7046875 0.2812500000000001 0.684375 0.2812500000000001 0.684375 0.3078125000000001 0.7046875 0.3078125000000001
2 0.6859375 0.3156250000000001 0.671875 0.3156250000000001 0.671875 0.3390625000000001 0.6859375 0.3390625000000001
2 0.671875 0.3062500000000001 0.65625 0.3062500000000001 0.65625 0.3375000000000001 0.671875 0.3375000000000001
2 0.6234375 0.409375 0.6046875 0.409375 0.6046875 0.4375 0.6234375 0.4375
0 0.625 0.43125 0.6109375 0.43125 0.6109375 0.4515625 0.625 0.4515625
2 0.6 0.41875 0.5859375 0.41875 0.5859375 0.4421875 0.6 0.4421875
2 0.6046875 0.4359375 0.590625 0.4359375 0.590625 0.4609375 0.6046875 0.4609375
2 0.6109375 0.45 0.596875 0.45 0.596875 0.4765625 0.6109375 0.4765625
4 0.6203125 0.5234375 0.6109375 0.5234375 0.6109375 0.5375 0.6203125 0.5375
2 0.478125 0.5515625 0.459375 0.5515625 0.459375 0.58125 0.478125 0.58125
4 0.3843750000000001 0.6 0.37968750000000007 0.6 0.37968750000000007 0.6078125 0.3843750000000001 0.6078125
2 0.3468750000000001 0.625 0.3296875000000001 0.625 0.3296875000000001 0.653125 0.3468750000000001 0.653125
2 0.4671875 0.5171875 0.4515625 0.5171875 0.4515625 0.5484375 0.4671875 0.5484375
2 0.4671875 0.4734375 0.453125 0.4734375 0.453125 0.50625 0.4671875 0.50625
2 0.565625 0.24218750000000008 0.546875 0.24218750000000008 0.546875 0.2609375000000001 0.565625 0.2609375000000001
2 0.409375 0.17500000000000004 0.3921875 0.17500000000000004 0.3921875 0.2078125000000001 0.409375 0.2078125000000001
5 0.4265625 0.2156250000000001 0.4046875 0.2156250000000001 0.4046875 0.2593750000000001 0.4265625 0.2593750000000001
2 0.89375 0.05625000000000011 0.875 0.05625000000000011 0.875 0.08281250000000011 0.89375 0.08281250000000011
4 0.615625 0.46875 0.60625 0.46875 0.60625 0.478125 0.615625 0.478125
4 0.609375 0.475 0.603125 0.475 0.603125 0.484375 0.609375 0.484375
4 0.628125 0.4625 0.6203125 0.4625 0.6203125 0.475 0.628125 0.475
0 0.6140625 0.484375 0.6015625 0.484375 0.6015625 0.503125 0.6140625 0.503125
4 0.6328125 0.48125 0.6234375 0.48125 0.6234375 0.49375 0.6328125 0.49375
4 0.625 0.5078125 0.6171875 0.5078125 0.6171875 0.521875 0.625 0.521875
4 0.5687500000000002 0.740625 0.5625000000000002 0.740625 0.5625000000000002 0.75625 0.5687500000000002 0.75625
2 0.15937500000000013 0.9265625 0.14062500000000014 0.9265625 0.14062500000000014 0.95625 0.15937500000000013 0.95625
2 0.23437500000000008 0.89375 0.2140625000000001 0.89375 0.2140625000000001 0.9296875 0.23437500000000008 0.9296875
2 0.31718750000000007 0.7640625 0.3000000000000001 0.7640625 0.3000000000000001 0.796875 0.31718750000000007 0.796875
2 0.3593750000000001 0.6953125 0.3421875000000001 0.6953125 0.3421875000000001 0.7265625 0.3593750000000001 0.7265625
4 0.3109375000000001 0.66875 0.30156250000000007 0.66875 0.30156250000000007 0.678125 0.3109375000000001 0.678125
2 0.3984375000000001 0.6546875 0.3828125000000001 0.6546875 0.3828125000000001 0.6828125 0.3984375000000001 0.6828125
2 0.440625 0.5953125 0.421875 0.5953125 0.421875 0.63125 0.440625 0.63125
2 0.4640625 0.59375 0.446875 0.59375 0.446875 0.6171875 0.4640625 0.6171875
2 0.4859375 0.4984375 0.4703125 0.4984375 0.4703125 0.534375 0.4859375 0.534375
4 0.6765625 0.3453125000000001 0.6671875 0.3453125000000001 0.6671875 0.3578125000000001 0.6765625 0.3578125000000001
4 0.6921875 0.3218750000000001 0.6875 0.3218750000000001 0.6875 0.33281250000000007 0.6921875 0.33281250000000007
4 0.703125 0.2968750000000001 0.696875 0.2968750000000001 0.696875 0.3109375000000001 0.703125 0.3109375000000001
4 0.71875 0.2796875000000001 0.709375 0.2796875000000001 0.709375 0.2890625000000001 0.71875 0.2890625000000001
2 0.740625 0.24375000000000008 0.721875 0.24375000000000008 0.721875 0.2734375000000001 0.740625 0.2734375000000001
0 0.728125 0.2390625000000001 0.71875 0.2390625000000001 0.71875 0.2578125000000001 0.728125 0.2578125000000001
0 0.746875 0.2234375000000001 0.7359375 0.2234375000000001 0.7359375 0.2406250000000001 0.746875 0.2406250000000001
2 0.7390625 0.1781250000000001 0.7171875 0.1781250000000001 0.7171875 0.2062500000000001 0.7390625 0.2062500000000001
2 0.740625 0.19687500000000008 0.7234375 0.19687500000000008 0.7234375 0.2218750000000001 0.740625 0.2218750000000001
2 0.7609375 0.1781250000000001 0.740625 0.1781250000000001 0.740625 0.20312500000000008 0.7609375 0.20312500000000008
2 0.7625 0.19531250000000008 0.7453125 0.19531250000000008 0.7453125 0.2234375000000001 0.7625 0.2234375000000001
2 0.7578125 0.1531250000000001 0.7421875 0.1531250000000001 0.7421875 0.17968750000000008 0.7578125 0.17968750000000008
0 0.771875 0.1531250000000001 0.759375 0.1531250000000001 0.759375 0.17187500000000008 0.771875 0.17187500000000008
1 0.790625 0.1671875000000001 0.7578125 0.1671875000000001 0.7578125 0.2312500000000001 0.790625 0.2312500000000001
2 0.775 0.12031250000000009 0.7546875 0.12031250000000009 0.7546875 0.15000000000000008 0.775 0.15000000000000008
4 0.396875 0.12500000000000006 0.3875 0.12500000000000006 0.3875 0.14062500000000006 0.396875 0.14062500000000006
4 0.303125 0.07656250000000005 0.29375 0.07656250000000005 0.29375 0.09687500000000004 0.303125 0.09687500000000004
2 0.503125 0.425 0.4875 0.425 0.4875 0.4671875 0.503125 0.4671875
2 0.4859375 0.3531250000000001 0.4703125 0.3531250000000001 0.4703125 0.38750000000000007 0.4859375 0.38750000000000007
2 0.484375 0.403125 0.46875 0.403125 0.46875 0.44375 0.484375 0.44375
2 0.18906250000000013 0.9703125 0.17031250000000014 0.9703125 0.17031250000000014 1 0.18906250000000013 1
2 0.17812500000000014 0.9671875 0.15937500000000013 0.9671875 0.15937500000000013 0.9953125 0.17812500000000014 0.9953125
4 0.2734375000000001 0.740625 0.2640625000000001 0.740625 0.2640625000000001 0.753125 0.2734375000000001 0.753125
4 0.2671875000000001 0.775 0.2609375000000001 0.775 0.2609375000000001 0.7859375 0.2671875000000001 0.7859375
4 0.31718750000000007 0.684375 0.3109375000000001 0.684375 0.3109375000000001 0.7 0.31718750000000007 0.7
2 0.4203125 0.50625 0.4046875 0.50625 0.4046875 0.540625 0.4203125 0.540625
2 0.8046875 0.13281250000000008 0.7859375 0.13281250000000008 0.7859375 0.16406250000000008 0.8046875 0.16406250000000008
2 0.79375 0.12500000000000008 0.7703125 0.12500000000000008 0.7703125 0.1546875000000001 0.79375 0.1546875000000001
2 0.390625 0.16406250000000006 0.3734375 0.16406250000000006 0.3734375 0.20312500000000008 0.390625 0.20312500000000008
2 0.3234375 0.07343750000000004 0.3078125 0.07343750000000004 0.3078125 0.10468750000000004 0.3234375 0.10468750000000004
2 0.390625 0.2562500000000001 0.378125 0.2562500000000001 0.378125 0.2906250000000001 0.390625 0.2906250000000001
2 0.415625 0.5390625 0.4 0.5390625 0.4 0.5703125 0.415625 0.5703125
4 0.3437500000000001 0.684375 0.3375000000000001 0.684375 0.3375000000000001 0.6953125 0.3437500000000001 0.6953125
4 0.2609375000000001 0.753125 0.25468750000000007 0.753125 0.25468750000000007 0.765625 0.2609375000000001 0.765625
2 0.2984375000000001 0.73125 0.2812500000000001 0.73125 0.2812500000000001 0.7625 0.2984375000000001 0.7625
2 0.2484375000000001 0.7796875 0.2328125000000001 0.7796875 0.2328125000000001 0.8078125 0.2484375000000001 0.8078125
2 0.17656250000000012 0.890625 0.1609375000000001 0.890625 0.16093750000000012 0.9171875 0.17656250000000012 0.9171875
2 0.690625 0.18125000000000008 0.671875 0.18125000000000008 0.671875 0.21093750000000008 0.690625 0.21093750000000008
4 0.634375 0.4953125 0.6296875 0.4953125 0.6296875 0.5109375 0.634375 0.5109375
4 0.640625 0.4921875 0.6359375 0.4921875 0.6359375 0.50625 0.640625 0.50625
4 0.65 0.490625 0.6421875 0.490625 0.6421875 0.5125 0.65 0.5125
0 0.6265625 0.584375 0.615625 0.584375 0.615625 0.6109375 0.6265625 0.6109375
4 0.3296875000000001 0.7078125 0.3234375000000001 0.7078125 0.3234375000000001 0.7140625 0.3296875000000001 0.7140625
4 0.51875 0.6578125 0.5125 0.6578125 0.5125 0.671875 0.51875 0.671875
4 0.5203125 0.678125 0.5109375 0.678125 0.5109375 0.6890625 0.5203125 0.6890625
2 0.5609375000000001 0.7140625 0.546875 0.7140625 0.5468750000000001 0.740625 0.5609375000000002 0.740625
0 0.5531250000000002 0.7390625 0.5453125000000002 0.7390625 0.5453125000000002 0.753125 0.5531250000000002 0.753125
4 0.584375 0.6796875 0.5765625 0.6796875 0.5765625 0.6953125 0.584375 0.6953125
4 0.5593750000000002 0.753125 0.5546875000000002 0.753125 0.5546875000000002 0.76875 0.5593750000000002 0.76875
4 0.6031250000000001 0.765625 0.5984375000000002 0.765625 0.5984375000000002 0.7796875 0.6031250000000001 0.7796875
4 0.5953125000000001 0.7640625 0.5906250000000002 0.7640625 0.5906250000000002 0.775 0.5953125000000001 0.775
2 0.6000000000000002 0.7390625 0.5859375000000002 0.7390625 0.5859375000000002 0.7625 0.6000000000000002 0.7625
2 0.6046875000000002 0.778125 0.5890625000000002 0.778125 0.5890625000000002 0.809375 0.6046875000000002 0.809375
2 0.6203125000000002 0.7640625 0.6062500000000002 0.7640625 0.6062500000000002 0.7984375 0.6203125000000002 0.7984375
2 0.6546875000000001 0.7140625 0.6375 0.7140625 0.6375000000000001 0.746875 0.6546875000000002 0.746875
2 0.6734375000000001 0.8890625 0.6546875000000002 0.8890625 0.6546875000000002 0.925 0.6734375000000001 0.925
2 0.7031250000000002 0.89375 0.6859375000000002 0.89375 0.6859375000000002 0.9234375 0.7031250000000002 0.9234375
2 0.7265625000000002 0.884375 0.7093750000000002 0.884375 0.7093750000000002 0.9203125 0.7265625000000002 0.9203125
0 0.6968750000000001 0.8640625 0.6843750000000002 0.8640625 0.6843750000000002 0.884375 0.6968750000000001 0.884375
0 0.5781250000000002 0.7515625 0.5687500000000002 0.7515625 0.5687500000000002 0.7671875 0.5781250000000002 0.7671875
2 0.6453125000000002 0.8609375 0.6312500000000002 0.8609375 0.6312500000000002 0.896875 0.6453125000000002 0.896875
4 0.68125 0.30156250000000007 0.675 0.30156250000000007 0.675 0.3125000000000001 0.68125 0.3125000000000001
0 0.6375 0.2250000000000001 0.6234375 0.2250000000000001 0.6234375 0.24218750000000008 0.6375 0.24218750000000008
4 0.85 0.0640625000000001 0.8390625 0.0640625000000001 0.8390625 0.07812500000000011 0.85 0.07812500000000011
4 0.8125 0.1390625000000001 0.80625 0.1390625000000001 0.80625 0.1531250000000001 0.8125 0.1531250000000001
4 0.846875 0.0406250000000001 0.8390625 0.0406250000000001 0.8390625 0.05625000000000011 0.846875 0.05625000000000011
4 0.875 0.02968750000000011 0.8671875 0.02968750000000011 0.8671875 0.04375000000000011 0.875 0.04375000000000011
4 0.8796875 0.03906250000000011 0.8703125 0.03906250000000011 0.8703125 0.050000000000000114 0.8796875 0.050000000000000114
4 0.35 0.15000000000000005 0.340625 0.15000000000000005 0.340625 0.16718750000000004 0.35 0.16718750000000004