0 0.2328125000000001 0.4109375 0.2234375000000001 0.4109375 0.2234375000000001 0.4203125 0.2328125000000001 0.4203125
2 0.375 0.290625 0.359375 0.290625 0.359375 0.30156250000000007 0.375 0.30156250000000007
2 0.3984375 0.2812500000000001 0.3890625 0.2812500000000001 0.3890625 0.3031250000000001 0.3984375 0.3031250000000001
2 0.534375 0.31718750000000007 0.528125 0.31718750000000007 0.528125 0.3453125000000001 0.534375 0.3453125000000001
2 0.5453125 0.3187500000000001 0.5390625 0.3187500000000001 0.5390625 0.3437500000000001 0.5453125 0.3437500000000001
2 0.5875 0.30937500000000007 0.578125 0.30937500000000007 0.578125 0.33281250000000007 0.5875 0.33281250000000007
2 0.5953125 0.3109375000000001 0.5890625 0.3109375000000001 0.5890625 0.3312500000000001 0.5953125 0.3312500000000001
4 0.6078125 0.23593750000000008 0.6046875 0.23593750000000008 0.6046875 0.2500000000000001 0.6078125 0.2500000000000001
4 0.6 0.2375000000000001 0.596875 0.2375000000000001 0.596875 0.2515625000000001 0.6 0.2515625000000001
4 0.6046875 0.2375000000000001 0.603125 0.2375000000000001 0.603125 0.2500000000000001 0.6046875 0.2500000000000001
4 0.59375 0.23593750000000008 0.590625 0.23593750000000008 0.590625 0.2500000000000001 0.59375 0.2500000000000001
4 0.590625 0.23593750000000008 0.5875 0.23593750000000008 0.5875 0.2500000000000001 0.590625 0.2500000000000001
4 0.575 0.27812500000000007 0.571875 0.27812500000000007 0.571875 0.2890625000000001 0.575 0.2890625000000001
4 0.59375 0.2796875000000001 0.5921875 0.2796875000000001 0.5921875 0.29375000000000007 0.59375 0.29375000000000007
4 0.5953125 0.29375000000000007 0.5921875 0.29375000000000007 0.5921875 0.3078125000000001 0.5953125 0.3078125000000001
4 0.60625 0.2968750000000001 0.603125 0.2968750000000001 0.603125 0.3140625000000001 0.60625 0.3140625000000001
4 0.6109375 0.2968750000000001 0.6078125 0.2968750000000001 0.6078125 0.3109375000000001 0.6109375 0.3109375000000001
4 0.5734375 0.2906250000000001 0.5703125 0.2906250000000001 0.5703125 0.30156250000000007 0.5734375 0.30156250000000007
4 0.56875 0.2890625000000001 0.5671875 0.2890625000000001 0.5671875 0.3031250000000001 0.56875 0.3031250000000001
4 0.5640625 0.2921875000000001 0.5609375 0.2921875000000001 0.5609375 0.3062500000000001 0.5640625 0.3062500000000001
4 0.5546875 0.2750000000000001 0.5515625 0.2750000000000001 0.5515625 0.2890625000000001 0.5546875 0.2890625000000001
4 0.5515625 0.2750000000000001 0.55 0.2750000000000001 0.55 0.2890625000000001 0.5515625 0.2890625000000001
4 0.5453125 0.2750000000000001 0.5421875 0.2750000000000001 0.5421875 0.2890625000000001 0.5453125 0.2890625000000001
4 0.4609375 0.20468750000000008 0.45625 0.20468750000000008 0.45625 0.2156250000000001 0.4609375 0.2156250000000001
4 0.6625 0.409375 0.65625 0.409375 0.65625 0.4171875 0.6625 0.4171875
4 0.675 0.425 0.66875 0.425 0.66875 0.43125 0.675 0.43125
2 0.7125 0.3984375000000001 0.7 0.3984375000000001 0.7 0.409375 0.7125 0.409375
5 0.7078125 0.3781250000000001 0.6671875 0.3781250000000001 0.6671875 0.39531250000000007 0.7078125 0.39531250000000007
5 0.7671875 0.3781250000000001 0.7234375 0.3781250000000001 0.7234375 0.3937500000000001 0.7671875 0.3937500000000001
4 0.753125 0.4578125000000002 0.746875 0.4578125000000002 0.746875 0.4625000000000002 0.753125 0.4625000000000002
2 0.8546875 0.41718750000000016 0.84375 0.41718750000000016 0.84375 0.4281250000000002 0.8546875 0.4281250000000002
4 0.8546875 0.4515625000000002 0.8484375 0.4515625000000002 0.8484375 0.45625000000000016 0.8546875 0.45625000000000016
5 1 0.5578125000000002 0.9625 0.5578125000000002 0.9625 0.5734375000000002 1 0.5734375000000002
2 0.9640625 0.4859375000000002 0.95 0.4859375000000002 0.95 0.4968750000000002 0.9640625 0.4968750000000002
4 0.8984375 0.5859375000000002 0.8921875 0.5859375000000002 0.8921875 0.5921875000000002 0.8984375 0.5921875000000002
0 0.853125 0.6015625000000002 0.84375 0.6015625000000002 0.84375 0.6109375000000001 0.853125 0.6109375000000001
0 0.85625 0.6453125000000002 0.8453125 0.6453125000000002 0.8453125 0.6546875000000002 0.85625 0.6546875000000002
6 0.9328125 0.6343750000000001 0.896875 0.6343750000000001 0.896875 0.6515625000000002 0.9328125 0.6515625000000002
3 0.9296875 0.6046875000000002 0.909375 0.6046875000000002 0.909375 0.6187500000000001 0.9296875 0.6187500000000001
6 0.8234375 0.4656250000000002 0.796875 0.4656250000000002 0.796875 0.4812500000000002 0.8234375 0.4812500000000002
4 0.60625 0.55 0.6015625 0.55 0.6015625 0.55625 0.60625 0.55625
3 0.5828125 0.5578125 0.5671875 0.5578125 0.5671875 0.5703125 0.5828125 0.5703125
6 0.5625 0.5375 0.5265625 0.5375 0.5265625 0.553125 0.5625 0.553125
2 0.45625 0.465625 0.4421875 0.465625 0.4421875 0.4765625 0.45625 0.4765625
2 0.2062500000000001 0.559375 0.1906250000000001 0.559375 0.1906250000000001 0.571875 0.2062500000000001 0.571875
3 0.07500000000000007 0.471875 0.050000000000000065 0.471875 0.050000000000000065 0.4859375 0.07500000000000007 0.4859375
3 0.16875000000000004 0.4921875 0.15468750000000003 0.4921875 0.15468750000000003 0.5015625 0.16875000000000004 0.5015625
3 0.2765625000000001 0.4703125 0.2578125000000001 0.4703125 0.2578125000000001 0.48125 0.2765625000000001 0.48125
1 0.4140625 0.546875 0.3750000000000001 0.546875 0.3750000000000001 0.5625 0.4140625 0.5625
3 0.3937500000000001 0.5 0.3750000000000001 0.5 0.3750000000000001 0.5140625 0.3937500000000001 0.5140625
4 0.3578125000000001 0.59375 0.3515625000000001 0.59375 0.3515625000000001 0.5984375 0.3578125000000001 0.5984375
4 0.4 0.590625 0.39531250000000007 0.590625 0.39531250000000007 0.596875 0.4 0.596875
4 0.3968750000000001 0.5984375 0.3921875000000001 0.5984375 0.3921875000000001 0.603125 0.3968750000000001 0.603125
5 0.3203125000000001 0.6328125 0.2906250000000001 0.6328125 0.2906250000000001 0.6484375 0.3203125000000001 0.6484375
4 0.21250000000000008 0.61875 0.2062500000000001 0.61875 0.2062500000000001 0.6234375 0.21250000000000008 0.6234375
5 0.1906250000000001 0.6390625 0.15625000000000008 0.6390625 0.15625000000000008 0.6546875 0.1906250000000001 0.6546875
5 0.16562500000000008 0.671875 0.13281250000000008 0.671875 0.13281250000000008 0.690625 0.16562500000000008 0.690625
4 0.09375000000000007 0.603125 0.08906250000000007 0.603125 0.08906250000000007 0.6078125 0.09375000000000007 0.6078125
4 0.07031250000000007 0.625 0.06562500000000007 0.625 0.06562500000000007 0.63125 0.07031250000000007 0.63125
2 0.0406250000000001 0.8234375 0.0328125000000001 0.8234375 0.0328125000000001 0.840625 0.0406250000000001 0.840625
5 0.07187500000000009 0.728125 0.06093750000000009 0.728125 0.06093750000000009 0.775 0.07187500000000009 0.775
5 0.10156250000000008 0.715625 0.0906250000000001 0.715625 0.0906250000000001 0.7625 0.10156250000000008 0.7625
6 0.53125 0.6171875 0.50625 0.6171875 0.50625 0.634375 0.53125 0.634375
6 0.5984375 0.603125 0.575 0.603125 0.575 0.6171875 0.5984375 0.6171875
5 0.6203125 0.584375 0.59375 0.584375 0.59375 0.5984375 0.6203125 0.5984375
2 0.6078125 0.6234375 0.596875 0.6234375 0.596875 0.6328125 0.6078125 0.6328125
4 0.5765625 0.5859375 0.571875 0.5859375 0.571875 0.5921875 0.5765625 0.5921875
4 0.590625 0.5828125 0.5859375 0.5828125 0.5859375 0.5875 0.590625 0.5875
2 0.6859375 0.64375 0.68125 0.64375 0.68125 0.6640625 0.6859375 0.6640625
2 0.6953125 0.6296875 0.6890625 0.6296875 0.6890625 0.6484375 0.6953125 0.6484375
2 0.703125 0.625 0.696875 0.625 0.696875 0.646875 0.703125 0.646875
2 0.703125 0.65 0.696875 0.65 0.696875 0.671875 0.703125 0.671875
2 0.7484375 0.6484375000000002 0.74375 0.6484375000000002 0.74375 0.6687500000000002 0.7484375 0.6687500000000002
3 0.7125 0.615625 0.7046875 0.615625 0.7046875 0.6375 0.7125 0.6375
4 0.8796875 0.7125000000000001 0.8765625 0.7125000000000001 0.8765625 0.7203125000000001 0.8796875 0.7203125000000001
2 0.9984375 0.8671875 0.9890625 0.8671875 0.9890625 0.890625 0.9984375 0.890625
2 0.9890625 0.8953125 0.9828125 0.8953125 0.9828125 0.91875 0.9890625 0.91875
2 0.98125 0.9015625 0.975 0.9015625 0.975 0.9265625 0.98125 0.9265625
2 0.975 0.8109375 0.9640625 0.8109375 0.9640625 0.8265625 0.975 0.8265625
2 0.9734375 0.7984375000000001 0.9640625 0.7984375000000001 0.9640625 0.809375 0.9734375 0.809375
3 0.7937500000000002 0.853125 0.7750000000000001 0.853125 0.7750000000000001 0.8671875 0.7937500000000002 0.8671875
3 0.7468750000000002 0.8875 0.7390625000000002 0.8875 0.7390625000000002 0.91875 0.7468750000000002 0.91875