4 0.007812500000000003 0.015625 1.9135106236677394e-18 0.015625 3.444319122601931e-18 0.040625 0.007812500000000005 0.040625
4 0.007812500000000012 0.0859375 1.0524308430172567e-17 0.0859375 1.2342143522656918e-17 0.115625 0.007812500000000014 0.115625
2 0.15625000000000006 0.25 0.13750000000000004 0.25 0.13750000000000004 0.2984375 0.15625000000000006 0.2984375
0 0.19687500000000005 0.375 0.17812500000000003 0.375 0.17812500000000003 0.396875 0.19687500000000005 0.396875
5 0.06406250000000005 0.3875 0.02343750000000005 0.3875 0.023437500000000052 0.43125 0.06406250000000005 0.43125
2 0.06562500000000007 0.5484375 0.040625000000000064 0.5484375 0.040625000000000064 0.571875 0.06562500000000007 0.571875
2 0.03125000000000007 0.5328125 0.006250000000000066 0.5328125 0.006250000000000068 0.55625 0.03125000000000007 0.55625
4 0.025000000000000067 0.5671875 0.009375000000000069 0.5671875 0.00937500000000007 0.5859375 0.025000000000000067 0.5859375
2 0.057812500000000065 0.5734375 0.03125000000000007 0.5734375 0.03125000000000007 0.5953125 0.057812500000000065 0.5953125
4 0.03750000000000007 0.55625 0.023437500000000066 0.55625 0.02343750000000007 0.5671875 0.03750000000000007 0.5671875
2 0.7890625 0.2296875000000001 0.7625 0.2296875000000001 0.7625 0.2562500000000001 0.7890625 0.2562500000000001
2 0.778125 0.14843750000000008 0.753125 0.14843750000000008 0.753125 0.17343750000000008 0.778125 0.17343750000000008
2 0.9125 0.3125000000000001 0.8859375 0.3125000000000001 0.8859375 0.3390625000000001 0.9125 0.3390625000000001
2 0.9953125 0.2968750000000001 0.9703125 0.2968750000000001 0.9703125 0.3296875000000001 0.9953125 0.3296875000000001
2 0.5765625 0.3265625000000001 0.55625 0.3265625000000001 0.55625 0.3468750000000001 0.5765625 0.3468750000000001
2 0.5140625 0.3531250000000001 0.484375 0.3531250000000001 0.484375 0.3843750000000001 0.5140625 0.3843750000000001
4 0.10000000000000005 0.38125 0.08906250000000004 0.38125 0.08906250000000004 0.4078125 0.10000000000000005 0.4078125
2 0.015625000000000038 0.2890625 3.539994653785318e-17 0.2890625 3.8748590129271723e-17 0.34375 0.015625000000000045 0.34375
2 0.7734375 0.4125000000000002 0.7453125 0.4125000000000002 0.7453125 0.4359375000000002 0.7734375 0.4359375000000002
0 0.22031250000000008 0.4171875 0.2000000000000001 0.4171875 0.2000000000000001 0.434375 0.22031250000000008 0.434375
0 0.11718750000000004 0.490625 0.09687500000000007 0.490625 0.09687500000000007 0.509375 0.11718750000000004 0.509375
4 0.2250000000000001 0.4359375 0.2093750000000001 0.4359375 0.2093750000000001 0.4515625 0.2250000000000001 0.4515625
3 0.04062500000000006 0.4375 0.017187500000000057 0.4375 0.017187500000000057 0.45625 0.04062500000000006 0.45625
0 0.050000000000000065 0.4609375 0.028125000000000056 0.4609375 0.028125000000000056 0.48125 0.050000000000000065 0.48125
2 0.17031250000000003 0.440625 0.14062500000000006 0.440625 0.14062500000000006 0.4671875 0.17031250000000003 0.4671875
4 0.2796875000000001 0.4359375 0.26250000000000007 0.4359375 0.26250000000000007 0.4515625 0.2796875000000001 0.4515625
2 0.06250000000000007 0.484375 0.03593750000000005 0.484375 0.03593750000000006 0.5078125 0.06250000000000007 0.5078125
0 0.12812500000000004 0.4609375 0.10937500000000004 0.4609375 0.10937500000000004 0.48125 0.12812500000000004 0.48125
2 0.10000000000000005 0.4671875 0.07187500000000006 0.4671875 0.07187500000000006 0.490625 0.10000000000000005 0.490625
2 0.026562500000000062 0.49375 6.046693570790056e-17 0.49375 6.190206867565137e-17 0.5171875 0.026562500000000065 0.5171875
2 0.34062500000000007 0.4625 0.3125000000000001 0.4625 0.3125000000000001 0.4890625 0.34062500000000007 0.4890625
2 0.403125 0.45625 0.3734375000000001 0.45625 0.3734375000000001 0.4828125 0.403125 0.4828125
2 0.3421875000000001 0.415625 0.3125000000000001 0.415625 0.3125000000000001 0.4421875 0.3421875000000001 0.4421875
2 0.428125 0.55 0.3968750000000001 0.55 0.3968750000000001 0.578125 0.428125 0.578125
4 0.2750000000000001 0.4515625 0.26250000000000007 0.4515625 0.26250000000000007 0.471875 0.2750000000000001 0.471875
4 0.38750000000000007 0.409375 0.3734375000000001 0.409375 0.3734375000000001 0.425 0.38750000000000007 0.425
4 0.39531250000000007 0.4265625 0.3828125000000001 0.4265625 0.3828125000000001 0.4421875 0.39531250000000007 0.4421875
4 0.3109375000000001 0.4484375 0.2968750000000001 0.4484375 0.2968750000000001 0.4625 0.3109375000000001 0.4625
4 0.53125 0.3921875000000001 0.5171875 0.3921875000000001 0.5171875 0.4109375 0.53125 0.4109375
2 0.08906250000000007 0.5921875 0.06406250000000006 0.5921875 0.06406250000000006 0.6171875 0.08906250000000007 0.6171875
2 0.2406250000000001 0.46875 0.21250000000000008 0.46875 0.21250000000000008 0.4953125 0.2406250000000001 0.4953125
3 0.5375 0.4421875 0.50625 0.4421875 0.50625 0.471875 0.5375 0.471875
4 0.559375 0.4140625 0.5453125 0.4140625 0.5453125 0.4328125 0.559375 0.4328125
4 0.6015625 0.415625 0.5875 0.415625 0.5875 0.4328125 0.6015625 0.4328125
4 0.63125 0.3859375000000001 0.6171875 0.3859375000000001 0.6171875 0.4015625 0.63125 0.4015625
4 0.6828125 0.4 0.665625 0.4 0.665625 0.4171875 0.6828125 0.4171875
4 0.640625 0.403125 0.6234375 0.403125 0.6234375 0.421875 0.640625 0.421875
4 0.8265625 0.4750000000000002 0.8125 0.4750000000000002 0.8125 0.49531250000000016 0.8265625 0.49531250000000016
0 0.809375 0.5125000000000002 0.7875 0.5125000000000002 0.7875 0.5406250000000001 0.809375 0.5406250000000001
5 0.8078125 0.3890625000000001 0.7828125 0.3890625000000001 0.7828125 0.4234375000000002 0.8078125 0.4234375000000002
4 0.878125 0.3687500000000001 0.8625 0.3687500000000001 0.8625 0.3890625000000001 0.878125 0.3890625000000001
4 0.84375 0.3859375000000001 0.828125 0.3859375000000001 0.828125 0.40625000000000017 0.84375 0.40625000000000017
4 0.01875 1.3394574365674175e-18 0.003125 3.827021247335479e-19 0.0031250000000000006 0.0140625 0.01875 0.0140625
4 0.020312500000000032 0.2359375 0.009375000000000027 0.2359375 0.009375000000000031 0.2640625 0.020312500000000032 0.2640625