2 0.3671875 0.290625 0.3515625 0.290625 0.3515625 0.30156250000000007 0.3671875 0.30156250000000007
2 0.425 0.2531250000000001 0.415625 0.2531250000000001 0.415625 0.2671875000000001 0.425 0.2671875000000001
2 0.4171875 0.21875000000000008 0.403125 0.21875000000000008 0.403125 0.2312500000000001 0.4171875 0.2312500000000001
2 0.528125 0.3203125000000001 0.521875 0.3203125000000001 0.521875 0.3468750000000001 0.528125 0.3468750000000001
2 0.5375 0.3187500000000001 0.5328125 0.3187500000000001 0.5328125 0.3453125000000001 0.5375 0.3453125000000001
2 0.5796875 0.30937500000000007 0.571875 0.30937500000000007 0.571875 0.3343750000000001 0.5796875 0.3343750000000001
2 0.5875 0.3125000000000001 0.58125 0.3125000000000001 0.58125 0.3343750000000001 0.5875 0.3343750000000001
4 0.603125 0.2984375000000001 0.6 0.2984375000000001 0.6 0.3125000000000001 0.603125 0.3125000000000001
4 0.5984375 0.2984375000000001 0.5953125 0.2984375000000001 0.5953125 0.3156250000000001 0.5984375 0.3156250000000001
4 0.59375 0.2968750000000001 0.5921875 0.2968750000000001 0.5921875 0.3062500000000001 0.59375 0.3062500000000001
4 0.590625 0.2890625000000001 0.5875 0.2890625000000001 0.5875 0.30156250000000007 0.590625 0.30156250000000007
4 0.5875 0.2953125000000001 0.584375 0.2953125000000001 0.584375 0.3078125000000001 0.5875 0.3078125000000001
4 0.5875 0.2812500000000001 0.584375 0.2812500000000001 0.584375 0.2953125000000001 0.5875 0.2953125000000001
4 0.565625 0.2906250000000001 0.5625 0.2906250000000001 0.5625 0.3062500000000001 0.565625 0.3062500000000001
4 0.5609375 0.2906250000000001 0.5578125 0.2906250000000001 0.5578125 0.3046875000000001 0.5609375 0.3046875000000001
4 0.55625 0.2921875000000001 0.5546875 0.2921875000000001 0.5546875 0.3062500000000001 0.55625 0.3062500000000001
4 0.5671875 0.27812500000000007 0.565625 0.27812500000000007 0.565625 0.2890625000000001 0.5671875 0.2890625000000001
4 0.546875 0.2750000000000001 0.5453125 0.2750000000000001 0.5453125 0.2890625000000001 0.546875 0.2890625000000001
4 0.5453125 0.2765625000000001 0.5421875 0.2765625000000001 0.5421875 0.2906250000000001 0.5453125 0.2906250000000001
4 0.5375 0.2765625000000001 0.534375 0.2765625000000001 0.534375 0.2906250000000001 0.5375 0.2906250000000001
4 0.4296875 0.27031250000000007 0.4265625 0.27031250000000007 0.4265625 0.2843750000000001 0.4296875 0.2843750000000001
4 0.4328125 0.27031250000000007 0.4296875 0.27031250000000007 0.4296875 0.2812500000000001 0.4328125 0.2812500000000001
4 0.415625 0.2687500000000001 0.4140625 0.2687500000000001 0.4140625 0.2828125000000001 0.415625 0.2828125000000001
4 0.4546875 0.2062500000000001 0.4484375 0.2062500000000001 0.4484375 0.2156250000000001 0.4546875 0.2156250000000001
4 0.5453125 0.22812500000000008 0.5421875 0.22812500000000008 0.5421875 0.2375000000000001 0.5453125 0.2375000000000001
4 0.55 0.22812500000000008 0.546875 0.22812500000000008 0.546875 0.2375000000000001 0.55 0.2375000000000001
4 0.553125 0.2296875000000001 0.55 0.2296875000000001 0.55 0.2375000000000001 0.553125 0.2375000000000001
4 0.559375 0.22812500000000008 0.5578125 0.22812500000000008 0.5578125 0.2390625000000001 0.559375 0.2390625000000001
4 0.565625 0.22812500000000008 0.5625 0.22812500000000008 0.5625 0.2406250000000001 0.565625 0.2406250000000001
4 0.584375 0.2375000000000001 0.58125 0.2375000000000001 0.58125 0.2515625000000001 0.584375 0.2515625000000001
4 0.5875 0.2375000000000001 0.584375 0.2375000000000001 0.584375 0.2515625000000001 0.5875 0.2515625000000001
4 0.59375 0.2406250000000001 0.590625 0.2406250000000001 0.590625 0.2531250000000001 0.59375 0.2531250000000001
4 0.5984375 0.2390625000000001 0.5953125 0.2390625000000001 0.5953125 0.2531250000000001 0.5984375 0.2531250000000001
4 0.6015625 0.2406250000000001 0.5984375 0.2406250000000001 0.5984375 0.2515625000000001 0.6015625 0.2515625000000001
4 0.5953125 0.22812500000000008 0.5921875 0.22812500000000008 0.5921875 0.2390625000000001 0.5953125 0.2390625000000001
5 0.7015625 0.37968750000000007 0.659375 0.37968750000000007 0.659375 0.3984375000000001 0.7015625 0.3984375000000001
5 0.759375 0.3781250000000001 0.715625 0.3781250000000001 0.715625 0.3937500000000001 0.759375 0.3937500000000001
4 0.6890625 0.421875 0.6828125 0.421875 0.6828125 0.43125 0.6890625 0.43125
2 0.746875 0.3968750000000001 0.7328125 0.3968750000000001 0.7328125 0.40937500000000016 0.746875 0.40937500000000016
6 0.940625 0.3984375000000001 0.903125 0.3984375000000001 0.903125 0.4187500000000002 0.940625 0.4187500000000002
4 0.9953125 0.23437500000000008 0.9875 0.23437500000000008 0.9875 0.2453125000000001 0.9953125 0.2453125000000001
4 0.465625 0.4046875 0.45625 0.4046875 0.45625 0.415625 0.465625 0.415625
4 0.4875 0.475 0.48125 0.475 0.48125 0.4828125 0.4875 0.4828125
4 0.2078125000000001 0.4375 0.2015625000000001 0.4375 0.2015625000000001 0.44375 0.2078125000000001 0.44375
0 0.11406250000000004 0.425 0.10468750000000004 0.425 0.10468750000000004 0.4328125 0.11406250000000004 0.4328125
2 0.04218750000000006 0.4984375 0.026562500000000055 0.4984375 0.026562500000000062 0.509375 0.042187500000000065 0.509375
3 0.15937500000000004 0.5078125 0.13906250000000003 0.5078125 0.13906250000000003 0.5234375 0.15937500000000004 0.5234375
2 0.2640625000000001 0.5359375 0.2515625000000001 0.5359375 0.2515625000000001 0.5484375 0.2640625000000001 0.5484375
2 0.465625 0.553125 0.4484375 0.553125 0.4484375 0.565625 0.465625 0.565625
6 0.615625 0.4734375 0.5890625 0.4734375 0.5890625 0.4875 0.615625 0.4875
6 0.653125 0.534375 0.6125 0.534375 0.6125 0.553125 0.653125 0.553125
6 0.73125 0.5593750000000001 0.7140625 0.559375 0.7140625 0.5765625000000001 0.73125 0.5765625000000002
2 0.6515625 0.4921875 0.6359375 0.4921875 0.6359375 0.503125 0.6515625 0.503125
2 0.7 0.4484375 0.6859375 0.4484375 0.6859375 0.459375 0.7 0.459375
4 0.6546875 0.4609375 0.6484375 0.4609375 0.6484375 0.4671875 0.6546875 0.4671875
4 0.759375 0.5593750000000002 0.753125 0.5593750000000002 0.753125 0.5671875000000002 0.759375 0.5671875000000002
4 0.8078125 0.6062500000000002 0.803125 0.6062500000000002 0.803125 0.6187500000000001 0.8078125 0.6187500000000001
4 0.8765625 0.6031250000000001 0.8734375 0.6031250000000001 0.8734375 0.6171875000000002 0.8765625 0.6171875000000002
4 0.9375 0.5843750000000002 0.9328125 0.5843750000000002 0.9328125 0.5968750000000002 0.9375 0.5968750000000002
6 0.8046875 0.5265625000000002 0.7640625 0.5265625000000002 0.7640625 0.5468750000000002 0.8046875 0.5468750000000002
5 1 0.5546875000000002 0.953125 0.5546875000000002 0.953125 0.5750000000000002 1 0.5750000000000002
2 0.9703125 0.4500000000000002 0.9578125 0.4500000000000002 0.9578125 0.46093750000000017 0.9703125 0.46093750000000017
3 0.971875 0.6031250000000001 0.95 0.6031250000000001 0.95 0.6171875000000002 0.971875 0.6171875000000002
6 0.925 0.6343750000000001 0.8859375 0.6343750000000001 0.8859375 0.6531250000000002 0.925 0.6531250000000002
2 0.9640625 0.7953125000000002 0.953125 0.7953125000000002 0.953125 0.8078125 0.9640625 0.8078125
2 0.965625 0.8109375 0.9546875 0.8109375 0.9546875 0.825 0.965625 0.825
2 0.9875 0.8625 0.9796875 0.8625 0.9796875 0.8890625 0.9875 0.8890625
2 1 0.8546875 0.9953125 0.8546875 0.9953125 0.871875 1 0.871875
2 0.9796875 0.89375 0.9734375 0.89375 0.9734375 0.9140625 0.9796875 0.9140625
2 0.971875 0.8984375 0.9640625 0.8984375 0.9640625 0.925 0.971875 0.925
2 1 0.9140625 0.9921875 0.9140625 0.9921875 0.9375 1 0.9375
0 0.8453125 0.6015625000000002 0.834375 0.6015625000000002 0.834375 0.6109375000000001 0.8453125 0.6109375000000001
0 0.846875 0.6437500000000002 0.8359375 0.6437500000000002 0.8359375 0.6562500000000002 0.846875 0.6562500000000002
0 0.7828125 0.6671875000000002 0.7671875 0.6671875000000002 0.7671875 0.6812500000000001 0.7828125 0.6812500000000001
3 0.7859375000000002 0.8515625 0.7671875000000001 0.8515625 0.7671875000000001 0.865625 0.7859375000000002 0.865625
3 0.7390625000000002 0.8859375 0.7312500000000002 0.8859375 0.7312500000000002 0.9171875 0.7390625000000002 0.9171875
2 0.740625 0.6468750000000002 0.734375 0.6468750000000002 0.734375 0.6687500000000002 0.740625 0.6687500000000002
2 0.6875 0.6296875 0.68125 0.6296875 0.68125 0.653125 0.6875 0.653125
2 0.696875 0.625 0.690625 0.625 0.690625 0.65 0.696875 0.65
2 0.7 0.6625 0.69375 0.6625 0.69375 0.6875 0.7 0.6875
2 0.6 0.621875 0.590625 0.621875 0.590625 0.634375 0.6 0.634375
3 0.7046875 0.6171875 0.696875 0.6171875 0.696875 0.6375 0.7046875 0.6375
1 0.603125 0.584375 0.5765625 0.584375 0.5765625 0.6 0.603125 0.6
6 0.61875 0.603125 0.59375 0.603125 0.59375 0.61875 0.61875 0.61875
6 0.525 0.61875 0.4984375 0.61875 0.4984375 0.6328125 0.525 0.6328125
4 0.5390625 0.5859375 0.5328125 0.5859375 0.5328125 0.5921875 0.5390625 0.5921875
4 0.4953125 0.5875 0.4890625 0.5875 0.4890625 0.5921875 0.4953125 0.5921875
4 0.3734375000000001 0.615625 0.3671875000000001 0.615625 0.3671875000000001 0.621875 0.3734375000000001 0.621875
4 0.3078125000000001 0.59375 0.30156250000000007 0.59375 0.30156250000000007 0.5984375 0.3078125000000001 0.5984375
4 0.3078125000000001 0.603125 0.3000000000000001 0.603125 0.3000000000000001 0.6078125 0.3078125000000001 0.6078125
4 0.2390625000000001 0.5984375 0.2328125000000001 0.5984375 0.2328125000000001 0.603125 0.2390625000000001 0.603125
4 0.2390625000000001 0.61875 0.2328125000000001 0.61875 0.2328125000000001 0.6234375 0.2390625000000001 0.6234375
5 0.3156250000000001 0.634375 0.2843750000000001 0.634375 0.2843750000000001 0.6515625 0.3156250000000001 0.6515625
5 0.1828125000000001 0.640625 0.15000000000000008 0.640625 0.15000000000000008 0.659375 0.1828125000000001 0.659375
5 0.1609375000000001 0.675 0.12656250000000008 0.675 0.12656250000000008 0.696875 0.1609375000000001 0.696875
5 0.09531250000000009 0.7140625 0.08125000000000009 0.7140625 0.08125000000000009 0.765625 0.09531250000000009 0.765625
5 0.06562500000000009 0.728125 0.05156250000000009 0.728125 0.05156250000000009 0.7765625 0.06562500000000009 0.7765625
5 0.06250000000000011 0.9171875 0.04843750000000011 0.9171875 0.04843750000000012 0.9625 0.06250000000000011 0.9625
2 0.0328125000000001 0.825 0.0234375000000001 0.825 0.023437500000000104 0.8453125 0.0328125000000001 0.8453125