6 0.1296875000000001 0.5453125 0.08437500000000006 0.5453125 0.08437500000000006 0.571875 0.1296875000000001 0.571875
5 0.1468750000000001 0.66875 0.1062500000000001 0.66875 0.1062500000000001 0.69375 0.1468750000000001 0.69375
5 0.1703125000000001 0.6359375 0.1296875000000001 0.6359375 0.1296875000000001 0.65625 0.1703125000000001 0.65625
6 0.3000000000000001 0.625 0.2656250000000001 0.625 0.2656250000000001 0.6484375 0.3000000000000001 0.6484375
4 0.3140625000000001 0.609375 0.3031250000000001 0.609375 0.3031250000000001 0.6203125 0.3140625000000001 0.6203125
2 0.30937500000000007 0.5875 0.2890625000000001 0.5875 0.2890625000000001 0.603125 0.30937500000000007 0.603125
2 0.29375000000000007 0.4890625 0.2687500000000001 0.4890625 0.2687500000000001 0.5078125 0.29375000000000007 0.5078125
4 0.3812500000000001 0.5578125 0.37187500000000007 0.5578125 0.37187500000000007 0.56875 0.3812500000000001 0.56875
2 0.43125 0.5984375 0.409375 0.5984375 0.409375 0.61875 0.43125 0.61875
4 0.4734375 0.5859375 0.4640625 0.5859375 0.4640625 0.6 0.4734375 0.6
4 0.4953125 0.553125 0.48125 0.553125 0.48125 0.56875 0.4953125 0.56875
0 0.490625 0.4484375 0.471875 0.4484375 0.471875 0.4625 0.490625 0.4625
2 0.4875 0.475 0.471875 0.475 0.471875 0.4890625 0.4875 0.4890625
6 0.4921875 0.4921875 0.45625 0.4921875 0.45625 0.5125 0.4921875 0.5125
2 0.5515625 0.5296875 0.5296875 0.5296875 0.5296875 0.5484375 0.5515625 0.5484375
6 0.5296875 0.4515625 0.503125 0.4515625 0.503125 0.4671875 0.5296875 0.4671875
6 0.5140625 0.6140625 0.48125 0.6140625 0.48125 0.6359375 0.5140625 0.6359375
3 0.5921875 0.6171875 0.571875 0.6171875 0.571875 0.634375 0.5921875 0.634375
3 0.5953125 0.5140625 0.578125 0.5140625 0.578125 0.5328125 0.5953125 0.5328125
6 0.5890625 0.5484375 0.5578125 0.5484375 0.5578125 0.578125 0.5890625 0.578125
5 0.5890625 0.45625 0.5453125 0.45625 0.5453125 0.478125 0.5890625 0.478125
5 0.63125 0.4828125 0.5765625 0.4828125 0.5765625 0.503125 0.63125 0.503125
0 0.60625 0.44375 0.5921875 0.44375 0.5921875 0.459375 0.60625 0.459375
6 0.6828125 0.4421875 0.6484375 0.4421875 0.6484375 0.46875 0.6828125 0.46875
2 0.7125 0.575 0.6984375 0.575 0.6984375 0.6015625 0.7125 0.6015625
2 0.7296875 0.64375 0.71875 0.64375 0.71875 0.6687500000000001 0.7296875 0.6687500000000002
2 0.7109375 0.509375 0.6859375 0.509375 0.6859375 0.528125 0.7109375 0.528125
3 0.80625 0.46406250000000016 0.7671875 0.46406250000000016 0.7671875 0.48437500000000017 0.80625 0.48437500000000017
0 0.7578125 0.5984375000000002 0.74375 0.5984375000000002 0.74375 0.6156250000000002 0.7578125 0.6156250000000002
4 0.778125 0.5984375000000002 0.7640625 0.5984375000000002 0.7640625 0.6093750000000002 0.778125 0.6093750000000002
4 0.8015625 0.5812500000000002 0.7921875 0.5812500000000002 0.7921875 0.5968750000000002 0.8015625 0.5968750000000002
0 0.8328125 0.5984375000000002 0.81875 0.5984375000000002 0.81875 0.6156250000000002 0.8328125 0.6156250000000002
4 0.8296875 0.5875000000000001 0.8140625 0.5875000000000001 0.8140625 0.5984375000000002 0.8296875 0.5984375000000002
5 0.9109375 0.6312500000000002 0.8703125 0.6312500000000002 0.8703125 0.6515625000000002 0.9109375 0.6515625000000002
4 0.9140625 0.6046875000000002 0.9 0.6046875000000002 0.9 0.6187500000000001 0.9140625 0.6187500000000001
3 0.95 0.5921875000000002 0.928125 0.5921875000000002 0.928125 0.6140625000000002 0.95 0.6140625000000002
4 0.990625 0.5750000000000002 0.978125 0.5750000000000002 0.978125 0.5906250000000002 0.990625 0.5906250000000002
5 0.971875 0.5109375000000002 0.921875 0.5109375000000002 0.921875 0.5296875000000002 0.971875 0.5296875000000002
6 0.9703125 0.5328125000000001 0.9390625 0.5328125000000001 0.9390625 0.5484375000000001 0.9703125 0.5484375000000001
1 0.6890625 0.3750000000000001 0.64375 0.3750000000000001 0.64375 0.3984375000000001 0.6890625 0.3984375000000001
5 0.746875 0.3734375000000001 0.7 0.3734375000000001 0.7 0.3984375000000001 0.746875 0.3984375000000001
2 0.35625 0.2796875 0.3375 0.2796875 0.3375 0.3 0.35625 0.3
2 0.515625 0.3156250000000001 0.5046875 0.3156250000000001 0.5046875 0.3421875000000001 0.515625 0.3421875000000001
2 0.528125 0.3140625000000001 0.51875 0.3140625000000001 0.51875 0.3437500000000001 0.528125 0.3437500000000001
2 0.5671875 0.3078125000000001 0.559375 0.3078125000000001 0.559375 0.33281250000000007 0.5671875 0.33281250000000007
2 0.575 0.3078125000000001 0.56875 0.3078125000000001 0.56875 0.33281250000000007 0.575 0.33281250000000007