2 0.325 0.02812500000000004 0.30625 0.028125000000000032 0.30625 0.06875000000000005 0.325 0.06875000000000005
2 0.3375 0.14843750000000006 0.321875 0.14843750000000006 0.321875 0.17968750000000006 0.3375 0.17968750000000006
2 0.421875 0.4 0.409375 0.4 0.409375 0.44375 0.421875 0.44375
0 0.5828125 0.2156250000000001 0.5671875 0.2156250000000001 0.5671875 0.2406250000000001 0.5828125 0.2406250000000001
0 0.3437500000000001 0.5140625 0.3296875000000001 0.5140625 0.3296875000000001 0.5359375 0.3437500000000001 0.5359375
4 0.3343750000000001 0.5296875 0.3265625000000001 0.5296875 0.3265625000000001 0.5484375 0.3343750000000001 0.5484375
2 0.2468750000000001 0.5046875 0.2296875000000001 0.5046875 0.2296875000000001 0.54375 0.2468750000000001 0.54375
4 0.4125 0.4953125 0.4046875 0.4953125 0.4046875 0.5125 0.4125 0.5125
4 0.3984375000000001 0.5 0.3906250000000001 0.5 0.3906250000000001 0.515625 0.3984375000000001 0.515625
4 0.3781250000000001 0.5609375 0.3703125000000001 0.5609375 0.3703125000000001 0.575 0.3781250000000001 0.575
4 0.3671875000000001 0.5828125 0.3578125000000001 0.5828125 0.3578125000000001 0.596875 0.3671875000000001 0.596875
4 0.38750000000000007 0.5765625 0.3781250000000001 0.5765625 0.3781250000000001 0.5875 0.38750000000000007 0.5875
2 0.403125 0.53125 0.3812500000000001 0.53125 0.3812500000000001 0.565625 0.403125 0.565625
2 0.3968750000000001 0.5875 0.37968750000000007 0.5875 0.37968750000000007 0.615625 0.3968750000000001 0.615625
2 0.3812500000000001 0.603125 0.3625000000000001 0.603125 0.3625000000000001 0.6328125 0.3812500000000001 0.6328125
2 0.3453125000000001 0.6234375 0.32500000000000007 0.6234375 0.32500000000000007 0.659375 0.3453125000000001 0.659375
3 0.3703125000000001 0.634375 0.3515625000000001 0.634375 0.3515625000000001 0.6640625 0.3703125000000001 0.6640625
2 0.3546875000000001 0.665625 0.3359375000000001 0.665625 0.3359375000000001 0.6984375 0.3546875000000001 0.6984375
2 0.3281250000000001 0.7 0.3109375000000001 0.7 0.3109375000000001 0.7296875 0.3281250000000001 0.7296875
2 0.3140625000000001 0.671875 0.2968750000000001 0.671875 0.2968750000000001 0.7015625 0.3140625000000001 0.7015625
2 0.2890625000000001 0.7140625 0.2734375000000001 0.7140625 0.2734375000000001 0.7453125 0.2890625000000001 0.7453125
6 0.3109375000000001 0.73125 0.2796875000000001 0.73125 0.2796875000000001 0.7796875 0.3109375000000001 0.7796875
0 0.2375000000000001 0.6859375 0.2234375000000001 0.6859375 0.2234375000000001 0.70625 0.2375000000000001 0.70625
2 0.2078125000000001 0.6703125 0.18750000000000008 0.6703125 0.18750000000000008 0.70625 0.2078125000000001 0.70625
2 0.18125000000000008 0.721875 0.1609375000000001 0.721875 0.1609375000000001 0.753125 0.18125000000000008 0.753125
2 0.19531250000000008 0.78125 0.1765625000000001 0.78125 0.1765625000000001 0.8125 0.19531250000000008 0.8125
2 0.2671875000000001 0.7546875 0.2484375000000001 0.7546875 0.2484375000000001 0.7859375 0.2671875000000001 0.7859375
2 0.2640625000000001 0.8015625 0.24375000000000008 0.8015625 0.24375000000000008 0.834375 0.2640625000000001 0.834375
2 0.2312500000000001 0.8171875 0.21250000000000008 0.8171875 0.21250000000000008 0.8484375 0.2312500000000001 0.8484375
2 0.24218750000000008 0.840625 0.2234375000000001 0.840625 0.2234375000000001 0.871875 0.24218750000000008 0.871875
2 0.2250000000000001 0.8703125 0.2078125000000001 0.8703125 0.2078125000000001 0.8984375 0.2250000000000001 0.8984375
2 0.2093750000000001 0.8953125 0.1921875000000001 0.8953125 0.19218750000000012 0.9265625 0.2093750000000001 0.9265625
2 0.21093750000000008 0.95 0.19062500000000013 0.95 0.19062500000000013 0.984375 0.21093750000000008 0.984375
2 0.18750000000000014 0.9265625 0.17031250000000014 0.9265625 0.17031250000000014 0.95625 0.18750000000000014 0.95625
2 0.15625000000000014 0.9375 0.13593750000000013 0.9375 0.13593750000000013 0.971875 0.15625000000000014 0.971875
2 0.15468750000000014 0.984375 0.14062500000000014 0.984375 0.14062500000000014 1 0.15468750000000014 1
4 0.13906250000000014 0.990625 0.13281250000000014 0.990625 0.13281250000000014 1 0.13906250000000014 1
4 0.14687500000000014 0.978125 0.14062500000000014 0.978125 0.14062500000000014 0.9890625 0.14687500000000014 0.9890625
4 0.15156250000000013 0.96875 0.14531250000000012 0.96875 0.14531250000000012 0.9796875 0.15156250000000013 0.9796875
4 0.17031250000000014 0.940625 0.16093750000000012 0.940625 0.16093750000000012 0.9546875 0.17031250000000014 0.9546875
4 0.1937500000000001 0.8953125 0.18750000000000008 0.8953125 0.18750000000000008 0.903125 0.1937500000000001 0.903125
4 0.19687500000000008 0.8765625 0.18906250000000008 0.8765625 0.18906250000000008 0.890625 0.19687500000000008 0.890625
4 0.18906250000000013 0.9125 0.17500000000000013 0.9125 0.17500000000000013 0.928125 0.18906250000000013 0.928125
4 0.21093750000000008 0.8421875 0.2015625000000001 0.8421875 0.2015625000000001 0.85625 0.21093750000000008 0.85625
4 0.20312500000000008 0.859375 0.1937500000000001 0.859375 0.1937500000000001 0.8734375 0.20312500000000008 0.8734375
4 0.26250000000000007 0.890625 0.2562500000000001 0.890625 0.2562500000000001 0.9046875 0.26250000000000007 0.9046875
4 0.2484375000000001 0.79375 0.2406250000000001 0.79375 0.2406250000000001 0.8078125 0.2484375000000001 0.8078125
4 0.2453125000000001 0.8171875 0.2375000000000001 0.8171875 0.2375000000000001 0.83125 0.2453125000000001 0.83125
4 0.2906250000000001 0.78125 0.2812500000000001 0.78125 0.2812500000000001 0.7953125 0.2906250000000001 0.7953125
4 0.3078125000000001 0.70625 0.2984375000000001 0.70625 0.2984375000000001 0.71875 0.3078125000000001 0.71875
4 0.3062500000000001 0.7171875 0.3000000000000001 0.7171875 0.3000000000000001 0.73125 0.3062500000000001 0.73125
4 0.3218750000000001 0.684375 0.3140625000000001 0.684375 0.3140625000000001 0.6953125 0.3218750000000001 0.6953125
4 0.3312500000000001 0.675 0.3234375000000001 0.675 0.3234375000000001 0.6859375 0.3312500000000001 0.6859375
4 0.3359375000000001 0.6875 0.3265625000000001 0.6875 0.3265625000000001 0.7 0.3359375000000001 0.7
4 0.4671875 0.3625000000000001 0.4578125 0.3625000000000001 0.4578125 0.37968750000000007 0.4671875 0.37968750000000007
4 0.4734375 0.3921875000000001 0.46875 0.3921875000000001 0.46875 0.415625 0.4734375 0.415625
4 0.4765625 0.4171875 0.471875 0.4171875 0.471875 0.4390625 0.4765625 0.4390625
4 0.3890625 0.3281250000000001 0.38125 0.3281250000000001 0.38125 0.3437500000000001 0.3890625 0.3437500000000001
4 0.3968750000000001 0.36406250000000007 0.3906250000000001 0.36406250000000007 0.3906250000000001 0.3828125000000001 0.3968750000000001 0.3828125000000001
4 0.3640625 0.26250000000000007 0.35625 0.2625 0.35625 0.28125000000000006 0.3640625 0.2812500000000001
2 0.7046875 0.640625 0.6875 0.640625 0.6875 0.678125 0.7046875 0.678125
2 0.7171875 0.678125 0.7015625 0.678125 0.7015625 0.7109375 0.7171875 0.7109375
4 0.6515625 0.7203125 0.6421875 0.7203125 0.6421875000000001 0.7390625 0.6515625000000002 0.7390625
0 0.6 0.6015625 0.5890625 0.6015625 0.5890625 0.625 0.6 0.625
0 0.7140625000000002 0.8171875 0.7015625000000002 0.8171875 0.7015625000000002 0.8421875 0.7140625000000002 0.8421875
4 0.7406250000000002 0.928125 0.7328125000000002 0.928125 0.7328125000000002 0.9453125 0.7406250000000002 0.9453125
2 0.6328125000000002 0.9234375 0.6156250000000002 0.9234375 0.6156250000000002 0.953125 0.6328125000000002 0.953125
2 0.6359375000000002 0.83125 0.6171875000000002 0.83125 0.6171875000000002 0.871875 0.6359375000000002 0.871875
2 0.6593750000000002 0.8296875 0.6390625000000002 0.8296875 0.6390625000000002 0.865625 0.6593750000000002 0.865625
3 0.6359375000000002 0.796875 0.6171875000000002 0.796875 0.6171875000000002 0.834375 0.6359375000000002 0.834375
2 0.6140625000000002 0.796875 0.6000000000000002 0.796875 0.6000000000000002 0.8265625 0.6140625000000002 0.8265625
1 0.6125 0.684375 0.575 0.684375 0.5750000000000001 0.7625 0.6125000000000002 0.7625
0 0.575 0.6390625 0.5640625 0.6390625 0.5640625 0.6625 0.575 0.6625
0 0.5671875000000001 0.7046875 0.5546875 0.7046875 0.5546875000000001 0.728125 0.5671875000000002 0.728125
0 0.5390625 0.69375 0.528125 0.69375 0.528125 0.7171875 0.5390625 0.7171875
3 0.553125 0.6859375 0.5359375 0.6859375 0.5359375 0.7234375 0.553125 0.7234375
2 0.565625 0.65625 0.5484375 0.65625 0.5484375 0.6921875 0.565625 0.6921875
2 0.6250000000000002 0.75625 0.6109375000000001 0.75625 0.6109375000000001 0.7859375 0.6250000000000002 0.7859375
4 0.6125000000000002 0.7796875 0.6062500000000002 0.7796875 0.6062500000000002 0.796875 0.6125000000000002 0.796875
4 0.6078125000000002 0.7609375 0.6031250000000001 0.7609375 0.6031250000000001 0.778125 0.6078125000000002 0.778125
4 0.5750000000000002 0.7328125 0.5656250000000002 0.7328125 0.5656250000000002 0.75 0.5750000000000002 0.75
4 0.5609375000000002 0.746875 0.5515625000000002 0.746875 0.5515625000000002 0.7609375 0.5609375000000002 0.7609375
4 0.5531250000000002 0.7296875 0.5437500000000002 0.7296875 0.5437500000000002 0.7453125 0.5531250000000002 0.7453125
4 0.571875 0.6921875 0.565625 0.6921875 0.565625 0.7078125 0.571875 0.7078125
4 0.571875 0.6765625 0.5671875 0.6765625 0.5671875 0.6890625 0.571875 0.6890625
4 0.58125 0.65625 0.575 0.65625 0.575 0.671875 0.58125 0.671875
4 0.5390625 0.66875 0.53125 0.66875 0.53125 0.684375 0.5390625 0.684375
4 0.546875 0.6578125 0.540625 0.6578125 0.540625 0.671875 0.546875 0.671875
4 0.55 0.6390625 0.54375 0.6390625 0.54375 0.6546875 0.55 0.6546875
4 0.55625 0.640625 0.55 0.640625 0.55 0.6546875 0.55625 0.6546875
2 0.73125 0.0031250000000000886 0.7125 0.0031250000000000873 0.7125 0.03593750000000009 0.73125 0.03593750000000009
6 0.8421875 0.10937500000000008 0.8171875 0.10937500000000008 0.8171875 0.1453125000000001 0.8421875 0.1453125000000001
2 0.753125 0.12031250000000009 0.7359375 0.12031250000000009 0.7359375 0.1515625000000001 0.753125 0.1515625000000001
2 0.7734375 0.11562500000000009 0.7546875 0.11562500000000009 0.7546875 0.1453125000000001 0.7734375 0.1453125000000001
2 0.7953125 0.1296875000000001 0.775 0.1296875000000001 0.775 0.1687500000000001 0.7953125 0.1687500000000001
2 0.7625 0.15000000000000008 0.7421875 0.15000000000000008 0.7421875 0.1750000000000001 0.7625 0.1750000000000001
2 0.73125 0.1593750000000001 0.7125 0.1593750000000001 0.7125 0.1906250000000001 0.73125 0.1906250000000001
0 0.684375 0.06093750000000009 0.66875 0.06093750000000009 0.66875 0.08593750000000008 0.684375 0.08593750000000008
0 0.7078125 0.1140625000000001 0.6953125 0.1140625000000001 0.6953125 0.1390625000000001 0.7078125 0.1390625000000001
0 0.66875 0.07343750000000009 0.6578125 0.07343750000000009 0.6578125 0.0984375000000001 0.66875 0.0984375000000001
0 0.75625 0.1828125000000001 0.74375 0.1828125000000001 0.74375 0.20312500000000008 0.75625 0.20312500000000008
0 0.74375 0.1984375000000001 0.7296875 0.1984375000000001 0.7296875 0.22031250000000008 0.74375 0.22031250000000008
2 0.709375 0.19531250000000008 0.6921875 0.19531250000000008 0.6921875 0.22656250000000008 0.709375 0.22656250000000008
2 0.725 0.19531250000000008 0.7078125 0.19531250000000008 0.7078125 0.2250000000000001 0.725 0.2250000000000001
2 0.746875 0.2218750000000001 0.7296875 0.2218750000000001 0.7296875 0.2515625000000001 0.746875 0.2515625000000001
2 0.69375 0.22656250000000008 0.675 0.22656250000000008 0.675 0.2562500000000001 0.69375 0.2562500000000001
0 0.70625 0.2250000000000001 0.6953125 0.2250000000000001 0.6953125 0.2468750000000001 0.70625 0.2468750000000001
0 0.6890625 0.2593750000000001 0.6765625 0.2593750000000001 0.6765625 0.27812500000000007 0.6890625 0.27812500000000007
0 0.678125 0.2843750000000001 0.66875 0.2843750000000001 0.66875 0.3031250000000001 0.678125 0.3031250000000001
2 0.6765625 0.2531250000000001 0.6625 0.2531250000000001 0.6625 0.2828125000000001 0.6765625 0.2828125000000001
5 0.665625 0.2890625000000001 0.6328125 0.2890625000000001 0.6328125 0.34843750000000007 0.665625 0.34843750000000007
3 0.65625 0.3468750000000001 0.6359375 0.3468750000000001 0.6359375 0.3859375000000001 0.65625 0.3859375000000001
2 0.6296875 0.35625000000000007 0.6140625 0.35625000000000007 0.6140625 0.3859375000000001 0.6296875 0.3859375000000001
2 0.6140625 0.38750000000000007 0.5984375 0.38750000000000007 0.5984375 0.4234375 0.6140625 0.4234375
2 0.6390625 0.3812500000000001 0.6234375 0.3812500000000001 0.6234375 0.409375 0.6390625 0.409375
4 0.7265625 0.2375000000000001 0.7171875 0.2375000000000001 0.7171875 0.2515625000000001 0.7265625 0.2515625000000001
4 0.696875 0.2593750000000001 0.690625 0.2593750000000001 0.690625 0.2750000000000001 0.696875 0.2750000000000001
4 0.71875 0.2562500000000001 0.7125 0.2562500000000001 0.7125 0.27031250000000007 0.71875 0.27031250000000007
4 0.703125 0.2796875000000001 0.6953125 0.2796875000000001 0.6953125 0.29375000000000007 0.703125 0.29375000000000007
4 0.7125 0.2718750000000001 0.703125 0.2718750000000001 0.703125 0.2843750000000001 0.7125 0.2843750000000001
4 0.709375 0.2968750000000001 0.703125 0.2968750000000001 0.703125 0.3109375000000001 0.709375 0.3109375000000001
4 0.696875 0.3046875000000001 0.690625 0.3046875000000001 0.690625 0.3187500000000001 0.696875 0.3187500000000001
4 0.690625 0.3109375000000001 0.68125 0.3109375000000001 0.68125 0.3218750000000001 0.690625 0.3218750000000001
4 0.6828125 0.3218750000000001 0.6765625 0.3218750000000001 0.6765625 0.33281250000000007 0.6828125 0.33281250000000007
4 0.6328125 0.3265625000000001 0.6265625 0.3265625000000001 0.6265625 0.34062500000000007 0.6328125 0.34062500000000007
4 0.6140625 0.36406250000000007 0.6078125 0.36406250000000007 0.6078125 0.3781250000000001 0.6140625 0.3781250000000001
4 0.6234375 0.3890625000000001 0.6171875 0.3890625000000001 0.6171875 0.403125 0.6234375 0.403125
4 0.63125 0.415625 0.621875 0.415625 0.621875 0.4265625 0.63125 0.4265625
4 0.63125 0.4546875 0.621875 0.4546875 0.621875 0.4640625 0.63125 0.4640625
4 0.63125 0.4671875 0.621875 0.4671875 0.621875 0.478125 0.63125 0.478125
4 0.5421875 0.2015625000000001 0.53125 0.2015625000000001 0.53125 0.21250000000000008 0.5421875 0.21250000000000008
2 0.3421875000000001 0.8703125 0.3265625000000001 0.8703125 0.3265625000000001 0.903125 0.3421875000000001 0.903125