2 0.534375 0.609375 0.5109375 0.609375 0.5109375 0.6453125 0.534375 0.6453125
2 0.4296875 0.4109375 0.4078125 0.4109375 0.4078125 0.45625 0.4296875 0.45625
2 0.3937500000000001 0.5203125 0.37187500000000007 0.5203125 0.37187500000000007 0.5609375 0.3937500000000001 0.5609375
2 0.3125000000000001 0.66875 0.2921875000000001 0.66875 0.2921875000000001 0.715625 0.3125000000000001 0.715625
0 0.2609375000000001 0.8546875 0.24375000000000008 0.8546875 0.24375000000000008 0.9046875 0.2609375000000001 0.9046875
3 0.22656250000000008 0.9453125 0.2093750000000001 0.9453125 0.2093750000000001 0.9921875 0.22656250000000008 0.9921875
3 0.2906250000000001 0.65625 0.27031250000000007 0.65625 0.27031250000000007 0.696875 0.2906250000000001 0.696875
0 0.3453125 0.19062500000000004 0.328125 0.19062500000000004 0.328125 0.2171875 0.3453125 0.2171875
0 0.6375 0.45 0.6203125 0.45 0.6203125 0.471875 0.6375 0.471875
0 0.7171875000000002 0.7328125 0.7046875000000001 0.7328125 0.7046875000000001 0.759375 0.7171875000000002 0.759375
4 0.7812500000000002 0.9234375 0.7671875000000001 0.9234375 0.7671875000000001 0.946875 0.7812500000000002 0.946875
4 0.7390625000000002 0.9015625 0.7250000000000002 0.9015625 0.7250000000000002 0.915625 0.7390625000000002 0.915625
4 0.7796875000000002 0.9515625 0.7687500000000002 0.9515625 0.7687500000000002 0.9703125 0.7796875000000002 0.9703125
4 0.7921875000000002 0.978125 0.7750000000000001 0.978125 0.7750000000000001 0.9921875 0.7921875000000002 0.9921875
4 0.7250000000000002 0.9203125 0.7140625000000002 0.9203125 0.7140625000000002 0.9421875 0.7250000000000002 0.9421875
4 0.81875 0.884375 0.803125 0.884375 0.803125 0.903125 0.81875 0.903125
4 0.7890625000000002 0.825 0.7750000000000001 0.825 0.7750000000000001 0.853125 0.7890625000000002 0.853125
4 0.7359375000000001 0.7828125000000001 0.7203125000000001 0.7828125 0.7203125000000001 0.803125 0.7359375000000001 0.803125
4 0.6609375000000002 0.765625 0.6421875000000001 0.765625 0.6421875000000001 0.796875 0.6609375000000002 0.796875
4 0.6343750000000001 0.7171875 0.6171875 0.7171875 0.6171875000000001 0.746875 0.6343750000000001 0.746875
4 0.5984375 0.6796875 0.584375 0.6796875 0.584375 0.70625 0.5984375 0.70625
4 0.6109375 0.6234375 0.596875 0.6234375 0.596875 0.65 0.6109375 0.65
0 0.4625 0.5328125 0.44375 0.5328125 0.44375 0.5546875 0.4625 0.5546875
0 0.48125 0.56875 0.4671875 0.56875 0.4671875 0.596875 0.48125 0.596875
2 0.3203125 0.09375000000000004 0.2953125 0.09375000000000004 0.2953125 0.12812500000000004 0.3203125 0.12812500000000004
0 0.7703125 0.13281250000000008 0.753125 0.13281250000000008 0.753125 0.1625000000000001 0.7703125 0.1625000000000001
0 0.4000000000000001 0.7078125 0.38750000000000007 0.7078125 0.38750000000000007 0.7328125 0.4000000000000002 0.7328125
4 0.5609375 0.6015625 0.55 0.6015625 0.55 0.625 0.5609375 0.625
4 0.5765625 0.5640625 0.5640625 0.5640625 0.5640625 0.584375 0.5765625 0.584375
4 0.553125 0.5359375 0.5390625 0.5359375 0.5390625 0.5609375 0.553125 0.5609375
4 0.49375 0.565625 0.4828125 0.565625 0.4828125 0.5828125 0.49375 0.5828125
4 0.496875 0.60625 0.4859375 0.60625 0.4859375 0.6234375 0.496875 0.6234375
4 0.48125 0.5421875 0.46875 0.5421875 0.46875 0.5609375 0.48125 0.5609375
4 0.465625 0.5515625 0.453125 0.5515625 0.453125 0.5625 0.465625 0.5625
4 0.465625 0.5625 0.453125 0.5625 0.453125 0.575 0.465625 0.575
4 0.51875 0.4859375 0.5046875 0.4859375 0.5046875 0.5078125 0.51875 0.5078125
4 0.5265625 0.4890625 0.51875 0.4890625 0.51875 0.5078125 0.5265625 0.5078125
4 0.5390625 0.490625 0.5265625 0.490625 0.5265625 0.5078125 0.5390625 0.5078125
4 0.5625 0.5 0.5515625 0.5 0.5515625 0.5125 0.5625 0.5125
4 0.5578125 0.4609375 0.546875 0.4609375 0.546875 0.475 0.5578125 0.475
4 0.5875 0.4484375 0.5734375 0.4484375 0.5734375 0.4625 0.5875 0.4625
3 0.63125 0.4796875 0.6125 0.4796875 0.6125 0.5015625 0.63125 0.5015625
3 0.6390625 0.53125 0.6234375 0.53125 0.6234375 0.5578125 0.6390625 0.5578125
4 0.525 0.459375 0.5109375 0.459375 0.5109375 0.4734375 0.525 0.4734375
4 0.4875 0.3921875000000001 0.471875 0.3921875000000001 0.471875 0.415625 0.4875 0.415625
4 0.5 0.4265625 0.484375 0.4265625 0.484375 0.4453125 0.5 0.4453125
4 0.4765625 0.4109375 0.4625 0.4109375 0.4625 0.43125 0.4765625 0.43125
4 0.4 0.3906250000000001 0.3890625000000001 0.3906250000000001 0.3890625000000001 0.415625 0.4 0.415625
4 0.39531250000000007 0.453125 0.3843750000000001 0.453125 0.3843750000000001 0.471875 0.39531250000000007 0.471875
4 0.4234375 0.4703125 0.4125 0.4703125 0.4125 0.4890625 0.4234375 0.4890625
4 0.4359375 0.465625 0.425 0.465625 0.425 0.48125 0.4359375 0.48125
4 0.4453125 0.4796875 0.4359375 0.4796875 0.4359375 0.503125 0.4453125 0.503125
4 0.359375 0.321875 0.346875 0.321875 0.346875 0.3375 0.359375 0.3375
4 0.384375 0.3156250000000001 0.3703125 0.3156250000000001 0.3703125 0.3312500000000001 0.384375 0.3312500000000001
0 0.3859375 0.2484375000000001 0.3703125 0.2484375000000001 0.3703125 0.2828125000000001 0.3859375 0.2828125000000001
4 0.3453125 0.2265625 0.3359375 0.2265625 0.3359375 0.2421875 0.3453125 0.2421875
4 0.321875 0.17343750000000005 0.3109375 0.17343750000000005 0.3109375 0.18906250000000005 0.321875 0.18906250000000005
4 0.3671875 0.16406250000000006 0.353125 0.16406250000000006 0.353125 0.17968750000000006 0.3671875 0.17968750000000006
4 0.2703125 0.029687500000000033 0.259375 0.029687500000000033 0.259375 0.050000000000000024 0.2703125 0.050000000000000024
4 0.278125 0.048437500000000036 0.265625 0.048437500000000036 0.265625 0.07031250000000003 0.278125 0.07031250000000004
4 0.259375 0.06250000000000003 0.2484375 0.06250000000000003 0.2484375 0.08281250000000002 0.259375 0.08281250000000002
4 0.2875 0.07656250000000005 0.2796875 0.07656250000000005 0.2796875 0.09218750000000005 0.2875 0.09218750000000005
4 0.2890625 0.09218750000000005 0.278125 0.09218750000000005 0.278125 0.10937500000000004 0.2890625 0.10937500000000004
4 0.2921875 0.11718750000000004 0.2828125 0.11718750000000004 0.2828125 0.13437500000000005 0.2921875 0.13437500000000005
4 0.234375 0.021875000000000026 0.2234375 0.021875000000000026 0.2234375 0.03906250000000003 0.234375 0.039062500000000035
4 0.2359375 0.11250000000000004 0.225 0.11250000000000004 0.225 0.13281250000000006 0.2359375 0.13281250000000006
2 0.24375 0.17187500000000006 0.2234375 0.17187500000000006 0.2234375 0.2015625 0.24375 0.2015625
2 0.203125 0.10937500000000003 0.1796875 0.109375 0.1796875 0.14218750000000002 0.203125 0.14218750000000005
2 0.203125 0.18593750000000003 0.18125000000000005 0.1859375 0.18125000000000005 0.225 0.203125 0.225
3 0.265625 0.21875 0.24375 0.21875 0.24375 0.25 0.265625 0.25
3 0.2296875 0.2546875 0.2078125 0.2546875 0.2078125 0.2953125 0.2296875 0.2953125
6 0.20625 0.225 0.17968750000000006 0.225 0.17968750000000006 0.2765625 0.20625 0.2765625
2 0.33593750000000006 0.35625 0.3203125 0.35625 0.32031250000000006 0.3921875 0.3359375000000001 0.3921875
4 0.3468750000000001 0.4375 0.3359375000000001 0.4375 0.3359375000000001 0.453125 0.3468750000000001 0.453125
4 0.3375000000000001 0.51875 0.3265625000000001 0.51875 0.3265625000000001 0.5390625 0.3375000000000001 0.5390625
4 0.3531250000000001 0.5640625 0.3390625000000001 0.5640625 0.3390625000000001 0.5875 0.3531250000000001 0.5875
4 0.3546875000000001 0.5953125 0.3453125000000001 0.5953125 0.3453125000000001 0.6203125 0.3546875000000001 0.6203125
4 0.4078125 0.6375 0.3968750000000001 0.6375 0.3968750000000001 0.659375 0.4078125 0.659375
4 0.4265625 0.659375 0.4125 0.659375 0.4125 0.6796875 0.4265625 0.6796875
4 0.4390625 0.615625 0.4265625 0.615625 0.4265625 0.6359375 0.4390625 0.6359375
4 0.4671875 0.6515625 0.45625 0.6515625 0.45625 0.66875 0.4671875 0.66875
4 0.471875 0.671875 0.4609375 0.671875 0.4609375 0.690625 0.471875 0.690625
4 0.3843750000000001 0.6703125 0.3765625000000001 0.6703125 0.3765625000000001 0.690625 0.3843750000000001 0.690625
4 0.39531250000000007 0.6609375 0.3859375000000001 0.6609375 0.3859375000000001 0.6859375 0.39531250000000007 0.6859375
4 0.3859375000000001 0.70625 0.3765625000000001 0.70625 0.3765625000000001 0.73125 0.3859375000000001 0.73125
4 0.37187500000000007 0.759375 0.36406250000000007 0.759375 0.36406250000000007 0.778125 0.37187500000000007 0.778125
4 0.3531250000000001 0.8046875 0.3421875000000001 0.8046875 0.3421875000000001 0.8296875 0.3531250000000001 0.8296875
4 0.3453125000000001 0.840625 0.3359375000000001 0.840625 0.3359375000000001 0.8625 0.3453125000000001 0.8625
4 0.2906250000000001 0.8171875 0.27812500000000007 0.8171875 0.27812500000000007 0.840625 0.2906250000000001 0.840625
4 0.27812500000000007 0.8453125 0.2656250000000001 0.8453125 0.2656250000000001 0.86875 0.27812500000000007 0.86875
4 0.2796875000000001 0.8015625 0.2687500000000001 0.8015625 0.2687500000000001 0.8265625 0.2796875000000001 0.8265625
4 0.2906250000000001 0.9203125 0.2812500000000001 0.9203125 0.2812500000000001 0.9390625 0.2906250000000001 0.9390625
4 0.2906250000000001 0.9515625 0.2812500000000001 0.9515625 0.2812500000000001 0.9703125 0.2906250000000001 0.9703125
4 0.2468750000000001 0.9625 0.23437500000000008 0.9625 0.23437500000000008 0.984375 0.2468750000000001 0.984375
4 0.3281250000000001 0.6734375 0.3203125000000001 0.6734375 0.3203125000000001 0.6953125 0.3281250000000001 0.6953125
4 0.3453125000000001 0.6625 0.3359375000000001 0.6625 0.3359375000000001 0.6859375 0.3453125000000001 0.6859375
4 0.33281250000000007 0.6921875 0.3234375000000001 0.6921875 0.3234375000000001 0.7140625 0.33281250000000007 0.7140625
4 0.3296875000000001 0.5671875 0.3203125000000001 0.5671875 0.3203125000000001 0.5890625 0.3296875000000001 0.5890625
4 0.56875 0.3062500000000001 0.5546875 0.3062500000000001 0.5546875 0.3218750000000001 0.56875 0.3218750000000001
4 0.584375 0.31718750000000007 0.5734375 0.31718750000000007 0.5734375 0.3359375000000001 0.584375 0.3359375000000001
4 0.596875 0.2750000000000001 0.5859375 0.2750000000000001 0.5859375 0.2890625000000001 0.596875 0.2890625000000001
4 0.625 0.2609375000000001 0.6125 0.2609375000000001 0.6125 0.27812500000000007 0.625 0.27812500000000007
4 0.6140625 0.3843750000000001 0.6015625 0.3843750000000001 0.6015625 0.4015625 0.6140625 0.4015625
4 0.6296875 0.403125 0.61875 0.403125 0.61875 0.421875 0.6296875 0.421875
4 0.6546875 0.4546875 0.6421875 0.4546875 0.6421875 0.4671875 0.6546875 0.4671875
4 0.678125 0.3734375000000001 0.6640625 0.3734375000000001 0.6640625 0.3890625000000001 0.678125 0.3890625000000001
4 0.684375 0.3390625000000001 0.66875 0.3390625000000001 0.66875 0.3546875000000001 0.684375 0.3546875000000001
4 0.6625 0.21093750000000008 0.6515625 0.21093750000000008 0.6515625 0.22812500000000008 0.6625 0.22812500000000008
4 0.65 0.2000000000000001 0.6390625 0.2000000000000001 0.6390625 0.2171875000000001 0.65 0.2171875000000001
4 0.709375 0.1453125000000001 0.696875 0.1453125000000001 0.696875 0.16406250000000008 0.709375 0.16406250000000008
4 0.990625 0.13906250000000014 0.9765625 0.13906250000000014 0.9765625 0.15781250000000013 0.990625 0.15781250000000013
4 0.9078125 0.3375000000000001 0.896875 0.3375000000000001 0.896875 0.35625000000000007 0.9078125 0.35625000000000007
4 0.803125 0.5718750000000001 0.7890625 0.5718750000000001 0.7890625 0.5968750000000002 0.803125 0.5968750000000002
4 0.78125 0.6906250000000002 0.771875 0.6906250000000002 0.771875 0.7125000000000001 0.78125 0.7125000000000001
4 0.7796875000000002 0.7390625000000002 0.7687500000000002 0.7390625000000002 0.7687500000000002 0.7531250000000002 0.7796875000000002 0.7531250000000002
4 0.7312500000000002 0.8765625 0.7171875000000002 0.8765625 0.7171875000000002 0.8953125 0.7312500000000002 0.8953125
4 0.7312500000000002 0.9078125 0.7203125000000001 0.9078125 0.7203125000000001 0.9265625 0.7312500000000002 0.9265625
4 0.7921875000000002 0.953125 0.7812500000000002 0.953125 0.7812500000000002 0.975 0.7921875000000002 0.975
4 0.8015625 0.9453125 0.7906250000000001 0.9453125 0.7906250000000001 0.965625 0.8015625 0.965625
4 0.8390625 0.953125 0.8296875 0.953125 0.8296875 0.971875 0.8390625 0.971875
4 0.8484375 0.9515625 0.8390625 0.9515625 0.8390625 0.9671875 0.8484375 0.9671875
4 0.853125 0.93125 0.840625 0.93125 0.840625 0.95 0.853125 0.95
4 0.8625 0.9515625 0.85 0.9515625 0.85 0.9671875 0.8625 0.9671875
4 0.88125 0.9625 0.8703125 0.9625 0.8703125 0.98125 0.88125 0.98125
4 0.8578125 0.975 0.8453125 0.975 0.8453125 0.99375 0.8578125 0.99375
4 0.7140625000000002 0.9234375 0.7046875000000001 0.9234375 0.7046875000000001 0.9375 0.7140625000000002 0.9375
2 0.7359375000000001 0.95 0.7125000000000001 0.95 0.7125000000000001 0.9734375 0.7359375000000001 0.9734375
6 0.5859375000000002 0.921875 0.5468750000000002 0.921875 0.5468750000000002 0.9890625 0.5859375000000002 0.9890625
4 0.6093750000000002 0.8328125 0.6015625000000002 0.8328125 0.6015625000000002 0.85 0.6093750000000002 0.85
4 0.6015625000000002 0.828125 0.5953125000000001 0.828125 0.5953125000000001 0.8484375 0.6015625000000002 0.8484375
4 0.559375 0.65 0.5484375 0.65 0.5484375 0.66875 0.559375 0.66875
4 0.6421875 0.628125 0.6296875 0.628125 0.6296875 0.6453125 0.6421875 0.6453125
4 0.5484375 0.571875 0.5375 0.571875 0.5375 0.590625 0.5484375 0.590625
4 0.30937500000000007 0.4234375 0.2984375000000001 0.4234375 0.2984375000000001 0.44375 0.30937500000000007 0.44375
4 0.371875 0.33125000000000004 0.3609375 0.33125 0.3609375 0.353125 0.371875 0.3531250000000001
2 0.5625 0.2312500000000001 0.5390625 0.2312500000000001 0.5390625 0.2609375000000001 0.5625 0.2609375000000001
2 0.53125 0.2578125000000001 0.50625 0.2578125000000001 0.50625 0.2906250000000001 0.53125 0.2906250000000001
2 0.671875 0.1390625000000001 0.6515625 0.1390625000000001 0.6515625 0.16406250000000008 0.671875 0.16406250000000008
4 0.6484375 0.12500000000000008 0.6390625 0.12500000000000008 0.6390625 0.1437500000000001 0.6484375 0.1437500000000001
4 0.653125 0.12031250000000009 0.646875 0.12031250000000009 0.646875 0.1390625000000001 0.653125 0.1390625000000001
4 0.659375 0.11718750000000008 0.653125 0.11718750000000008 0.653125 0.1375000000000001 0.659375 0.1375000000000001
4 0.665625 0.11718750000000008 0.659375 0.11718750000000008 0.659375 0.13437500000000008 0.665625 0.13437500000000008
4 0.6703125 0.1140625000000001 0.665625 0.1140625000000001 0.665625 0.1359375000000001 0.6703125 0.1359375000000001
4 0.6859375 0.12343750000000009 0.675 0.12343750000000009 0.675 0.1390625000000001 0.6859375 0.1390625000000001
4 0.7125 0.10937500000000008 0.7015625 0.10937500000000008 0.7015625 0.12343750000000009 0.7125 0.12343750000000009
4 0.553125 0.18125000000000008 0.546875 0.18125000000000008 0.546875 0.2000000000000001 0.553125 0.2000000000000001
4 0.5671875 0.1921875000000001 0.559375 0.1921875000000001 0.559375 0.21093750000000008 0.5671875 0.21093750000000008
4 0.596875 0.18750000000000008 0.590625 0.18750000000000008 0.590625 0.2062500000000001 0.596875 0.2062500000000001
4 0.609375 0.1609375000000001 0.6 0.1609375000000001 0.6 0.1828125000000001 0.609375 0.1828125000000001
4 0.6 0.1671875000000001 0.59375 0.1671875000000001 0.59375 0.18906250000000008 0.6 0.18906250000000008
4 0.478125 0.27031250000000007 0.46875 0.27031250000000007 0.46875 0.28593750000000007 0.478125 0.28593750000000007
4 0.484375 0.2671875000000001 0.478125 0.2671875000000001 0.478125 0.28593750000000007 0.484375 0.28593750000000007
4 0.3921875 0.2218750000000001 0.3796875 0.2218750000000001 0.3796875 0.2375000000000001 0.3921875 0.2375000000000001
4 0.39375 0.2062500000000001 0.384375 0.2062500000000001 0.384375 0.22031250000000008 0.39375 0.22031250000000008
2 0.4140625 0.12343750000000005 0.39375 0.12343750000000005 0.39375 0.16093750000000004 0.4140625 0.16093750000000004
4 0.1734375 0.01093750000000002 0.159375 0.01093750000000002 0.159375 0.03125000000000002 0.1734375 0.03125000000000002
2 0.8796875 0.2718750000000001 0.8546875 0.2718750000000001 0.8546875 0.3062500000000001 0.8796875 0.3062500000000001
2 0.8609375 0.3703125000000001 0.8359375 0.3703125000000001 0.8359375 0.4109375000000002 0.8609375 0.4109375000000002
2 0.76875 0.6093750000000002 0.7484375 0.6093750000000002 0.7484375 0.6515625000000002 0.76875 0.6515625000000002
3 0.740625 0.659375 0.71875 0.659375 0.71875 0.6953125000000001 0.740625 0.6953125000000002
3 0.703125 0.59375 0.6828125 0.59375 0.6828125 0.6296875 0.703125 0.6296875
3 0.6953125 0.56875 0.675 0.56875 0.675 0.6078125 0.6953125 0.6078125
3 0.6875 0.421875 0.659375 0.421875 0.659375 0.453125 0.6875 0.453125
3 0.75 0.3703125000000001 0.721875 0.3703125000000001 0.721875 0.4062500000000001 0.75 0.40625000000000017
3 0.825 0.31718750000000007 0.8 0.31718750000000007 0.8 0.34843750000000007 0.825 0.34843750000000007
3 0.8390625 0.4156250000000002 0.809375 0.4156250000000002 0.809375 0.4812500000000002 0.8390625 0.4812500000000002
3 0.8859375 0.30937500000000007 0.8515625 0.30937500000000007 0.8515625 0.3687500000000001 0.8859375 0.3687500000000001
3 0.85625 0.2890625000000001 0.821875 0.2890625000000001 0.821875 0.3343750000000001 0.85625 0.3343750000000001
3 0.7296875 0.6296875000000001 0.7046875 0.6296875 0.7046875 0.675 0.7296875 0.6750000000000002
3 0.225 0.228125 0.2046875 0.228125 0.2046875 0.2703125 0.225 0.2703125
6 0.0953125 0.0015625000000000094 0.0578125 0.001562500000000007 0.0578125 0.05781250000000001 0.0953125 0.057812500000000024
4 0.1203125 0.1078125 0.1109375 0.1078125 0.1109375 0.1296875 0.1203125 0.1296875
4 0.14843750000000003 0.1703125 0.140625 0.1703125 0.14062500000000003 0.1859375 0.14843750000000006 0.1859375
4 0.153125 0.1734375 0.1453125 0.1734375 0.1453125 0.1921875 0.15312500000000004 0.1921875
4 0.2421875 0.2359375 0.23125 0.2359375 0.23125 0.246875 0.2421875 0.246875
4 0.246875 0.2296875 0.2390625 0.2296875 0.2390625 0.2484375 0.246875 0.2484375
4 0.3109375000000001 0.578125 0.3046875000000001 0.578125 0.3046875000000001 0.6 0.3109375000000001 0.6
4 0.2500000000000001 0.7671875 0.2375000000000001 0.7671875 0.2375000000000001 0.778125 0.2500000000000001 0.778125
4 0.2468750000000001 0.784375 0.23437500000000008 0.784375 0.23437500000000008 0.79375 0.2468750000000001 0.79375
4 0.2390625000000001 0.8 0.22812500000000008 0.8 0.22812500000000008 0.809375 0.2390625000000001 0.809375
4 0.2375000000000001 0.8203125 0.2218750000000001 0.8203125 0.2218750000000001 0.8296875 0.2375000000000001 0.8296875
4 0.2312500000000001 0.834375 0.21875000000000008 0.834375 0.21875000000000008 0.8453125 0.2312500000000001 0.8453125
2 0.3375000000000001 0.9015625 0.3187500000000001 0.9015625 0.3187500000000001 0.934375 0.3375000000000001 0.934375
0 0.3453125000000001 0.7640625 0.3312500000000001 0.7640625 0.3312500000000001 0.7921875 0.3453125000000001 0.7921875
4 0.3359375 0.050000000000000044 0.3265625 0.050000000000000044 0.3265625 0.07031250000000004 0.3359375 0.07031250000000004
4 0.328125 0.06875000000000005 0.315625 0.06875000000000005 0.315625 0.08125000000000004 0.328125 0.08125000000000004
4 0.3359375 0.07500000000000004 0.328125 0.07500000000000004 0.328125 0.08750000000000005 0.3359375 0.08750000000000005
4 0.3484375 0.06250000000000004 0.340625 0.06250000000000004 0.340625 0.07656250000000005 0.3484375 0.07656250000000005
4 0.340625 0.057812500000000044 0.33125 0.057812500000000044 0.33125 0.07343750000000004 0.340625 0.07343750000000004
4 0.3484375 0.029687500000000044 0.3390625 0.029687500000000044 0.3390625 0.04843750000000004 0.3484375 0.04843750000000004
4 0.359375 0.04062500000000004 0.35 0.04062500000000004 0.35 0.057812500000000044 0.359375 0.057812500000000044
4 0.3671875 0.051562500000000046 0.35625 0.051562500000000046 0.35625 0.07031250000000004 0.3671875 0.07031250000000004
4 0.3796875 0.07343750000000004 0.3734375 0.07343750000000004 0.3734375 0.08906250000000004 0.3796875 0.08906250000000004
4 0.3640625 0.07968750000000005 0.3546875 0.07968750000000005 0.3546875 0.09531250000000005 0.3640625 0.09531250000000005
4 0.3703125 0.08750000000000005 0.3609375 0.08750000000000005 0.3609375 0.10156250000000004 0.3703125 0.10156250000000004
4 0.371875 0.11093750000000005 0.365625 0.11093750000000005 0.365625 0.12656250000000005 0.371875 0.12656250000000005
4 0.38125 0.13125000000000003 0.375 0.13125000000000003 0.375 0.15156250000000004 0.38125 0.15156250000000004
4 0.39375 0.09687500000000004 0.3875 0.09687500000000004 0.3875 0.11562500000000005 0.39375 0.11562500000000005
4 0.384375 0.09218750000000005 0.375 0.09218750000000005 0.375 0.11093750000000005 0.384375 0.11093750000000005
4 0.365625 0.10937500000000004 0.35625 0.10937500000000004 0.35625 0.12343750000000005 0.365625 0.12343750000000005
4 0.3546875 0.08906250000000004 0.346875 0.08906250000000004 0.346875 0.10000000000000005 0.3546875 0.10000000000000005
4 0.34375 0.09531250000000005 0.3375 0.09531250000000005 0.3375 0.11093750000000005 0.34375 0.11093750000000005
4 0.31875 0.08125000000000004 0.3078125 0.08125000000000004 0.3078125 0.09687500000000004 0.31875 0.09687500000000004
4 0.3234375 0.08750000000000005 0.3140625 0.08750000000000005 0.3140625 0.10312500000000005 0.3234375 0.10312500000000005
4 0.3453125 0.11875000000000005 0.3359375 0.11875000000000005 0.3359375 0.13437500000000005 0.3453125 0.13437500000000005
4 0.346875 0.12968750000000004 0.3390625 0.12968750000000004 0.3390625 0.14375000000000004 0.346875 0.14375000000000004
4 0.3515625 0.12968750000000004 0.346875 0.12968750000000004 0.346875 0.14531250000000004 0.3515625 0.14531250000000004
4 0.38125 0.11093750000000005 0.3734375 0.11093750000000005 0.3734375 0.12656250000000005 0.38125 0.12656250000000005
4 0.3296875 0.09062500000000004 0.321875 0.09062500000000004 0.321875 0.10625000000000004 0.3296875 0.10625000000000004
3 0.534375 0.6890625 0.5078125 0.6890625 0.5078125 0.7234375 0.534375 0.7234375
4 0.7109375000000002 0.965625 0.7015625000000002 0.965625 0.7015625000000002 0.9859375 0.7109375000000002 0.9859375
4 0.7875000000000001 0.7203125000000001 0.778125 0.7203125000000001 0.7781250000000001 0.7312500000000002 0.7875000000000002 0.7312500000000002
4 0.7859375000000002 0.7296875000000002 0.7750000000000001 0.7296875000000002 0.7750000000000001 0.7406250000000002 0.7859375000000002 0.7406250000000002
4 0.7953125 0.7031250000000002 0.7828125 0.7031250000000002 0.7828125 0.7125000000000001 0.7953125 0.7125000000000001
4 0.79375 0.7140625000000002 0.7796875 0.7140625000000002 0.7796875 0.7250000000000002 0.79375 0.7250000000000002
4 0.803125 0.6750000000000002 0.7953125 0.6750000000000002 0.7953125 0.6906250000000002 0.803125 0.6906250000000002
4 0.8078125 0.6671875000000002 0.796875 0.6671875000000002 0.796875 0.6750000000000002 0.8078125 0.6750000000000002
4 0.8125 0.6531250000000002 0.803125 0.6531250000000002 0.803125 0.6671875000000002 0.8125 0.6671875000000002
4 0.8140625 0.6453125000000002 0.8046875 0.6453125000000002 0.8046875 0.6578125000000001 0.8140625 0.6578125000000001
4 0.8234375 0.6312500000000002 0.8140625 0.6312500000000002 0.8140625 0.6421875000000001 0.8234375 0.6421875000000001
4 0.83125 0.5953125000000001 0.8234375 0.5953125000000001 0.8234375 0.6093750000000002 0.83125 0.6093750000000002
4 0.790625 0.5500000000000002 0.7796875 0.5500000000000002 0.7796875 0.5593750000000002 0.790625 0.5593750000000002
4 0.796875 0.5406250000000001 0.784375 0.5406250000000001 0.784375 0.5515625000000002 0.796875 0.5515625000000002
4 0.784375 0.5593750000000002 0.7734375 0.5593750000000002 0.7734375 0.5703125000000002 0.784375 0.5703125000000002
4 0.7796875 0.5750000000000002 0.76875 0.5750000000000002 0.76875 0.5859375000000002 0.7796875 0.5859375000000002
4 0.8015625 0.5156250000000002 0.790625 0.5156250000000002 0.790625 0.5296875000000002 0.8015625 0.5296875000000002
4 0.8171875 0.47656250000000017 0.80625 0.47656250000000017 0.80625 0.4906250000000002 0.8171875 0.4906250000000002
4 0.8984375 0.4281250000000002 0.8875 0.4281250000000002 0.8875 0.4421875000000002 0.8984375 0.4421875000000002
4 0.9015625 0.41718750000000016 0.8890625 0.41718750000000016 0.8890625 0.4343750000000002 0.9015625 0.4343750000000002
4 0.9109375 0.3859375000000001 0.9015625 0.3859375000000001 0.9015625 0.40625000000000017 0.9109375 0.40625000000000017
4 0.696875 0.09687500000000009 0.6921875 0.09687500000000009 0.6921875 0.11562500000000009 0.696875 0.11562500000000009
4 0.6875 0.10156250000000008 0.68125 0.10156250000000008 0.68125 0.11875000000000009 0.6875 0.11875000000000009
4 0.69375 0.0984375000000001 0.6890625 0.0984375000000001 0.6890625 0.1140625000000001 0.69375 0.1140625000000001
4 0.6359375 0.13437500000000008 0.628125 0.13437500000000008 0.628125 0.1531250000000001 0.6359375 0.1531250000000001
4 0.6140625 0.12343750000000009 0.6078125 0.12343750000000009 0.6078125 0.14062500000000008 0.6140625 0.14062500000000008
4 0.5890625 0.1781250000000001 0.5828125 0.1781250000000001 0.5828125 0.1937500000000001 0.5890625 0.1937500000000001
4 0.5796875 0.1750000000000001 0.5734375 0.1750000000000001 0.5734375 0.1921875000000001 0.5796875 0.1921875000000001
4 0.5953125 0.16562500000000008 0.590625 0.16562500000000008 0.590625 0.1828125000000001 0.5953125 0.1828125000000001
4 0.615625 0.14843750000000008 0.609375 0.14843750000000008 0.609375 0.1687500000000001 0.615625 0.1687500000000001
4 0.6453125 0.1765625000000001 0.6359375 0.1765625000000001 0.6359375 0.1921875000000001 0.6453125 0.1921875000000001
2 0.63125 0.1375000000000001 0.615625 0.1375000000000001 0.615625 0.1828125000000001 0.63125 0.1828125000000001
3 0.53125 0.2062500000000001 0.5109375 0.2062500000000001 0.5109375 0.2328125000000001 0.53125 0.2328125000000001
4 0.4125 0.2515625000000001 0.40625 0.2515625000000001 0.40625 0.2718750000000001 0.4125 0.2718750000000001
4 0.41875 0.2671875000000001 0.4125 0.2671875000000001 0.4125 0.28593750000000007 0.41875 0.28593750000000007
4 0.4140625 0.2390625000000001 0.403125 0.2390625000000001 0.403125 0.2500000000000001 0.4140625 0.2500000000000001
4 0.434375 0.2765625000000001 0.4296875 0.2765625000000001 0.4296875 0.2953125000000001 0.434375 0.2953125000000001
4 0.50625 0.2515625000000001 0.5015625 0.2515625000000001 0.5015625 0.2718750000000001 0.50625 0.2718750000000001
4 0.5203125 0.2406250000000001 0.5125 0.2406250000000001 0.5125 0.2562500000000001 0.5203125 0.2562500000000001
4 0.46875 0.27031250000000007 0.4625 0.27031250000000007 0.4625 0.28593750000000007 0.46875 0.28593750000000007
4 0.44375 0.2796875000000001 0.434375 0.2796875000000001 0.434375 0.3031250000000001 0.44375 0.3031250000000001
3 0.7171875 0.4015625 0.684375 0.4015625 0.684375 0.4375 0.7171875 0.4375
3 0.6421875 0.4859375 0.621875 0.4859375 0.621875 0.5203125 0.6421875 0.5203125
3 0.6765625 0.54375 0.6578125 0.54375 0.6578125 0.578125 0.6765625 0.578125
3 0.6828125 0.5671875 0.6640625 0.5671875 0.6640625 0.59375 0.6828125 0.59375
3 0.715625 0.61875 0.6953125 0.61875 0.6953125 0.6546875 0.715625 0.6546875
3 0.7828125 0.018750000000000093 0.7765625 0.018750000000000093 0.7765625 0.0390625000000001 0.7828125 0.0390625000000001