6 0.04375000000000006 0.48125 0.009375000000000059 0.48125 0.00937500000000006 0.5 0.04375000000000007 0.5
4 0.031250000000000056 0.46875 0.021875000000000054 0.46875 0.021875000000000058 0.478125 0.031250000000000056 0.478125
2 0.10468750000000004 0.4234375 0.08437500000000005 0.4234375 0.08437500000000005 0.44375 0.10468750000000004 0.44375
5 0.1437500000000001 0.6671875 0.10781250000000009 0.6671875 0.10781250000000009 0.690625 0.1437500000000001 0.690625
5 0.1687500000000001 0.634375 0.13281250000000008 0.634375 0.13281250000000008 0.6546875 0.1687500000000001 0.6546875
2 0.1687500000000001 0.609375 0.1546875000000001 0.609375 0.1546875000000001 0.6265625 0.1687500000000001 0.6265625
6 0.3000000000000001 0.63125 0.2671875000000001 0.63125 0.2671875000000001 0.6453125 0.3000000000000001 0.6453125
4 0.2750000000000001 0.6140625 0.2671875000000001 0.6140625 0.2671875000000001 0.621875 0.2750000000000001 0.621875
6 0.3625000000000001 0.40625 0.3296875000000001 0.40625 0.3296875000000001 0.425 0.3625000000000001 0.425
4 0.4203125 0.5609375 0.4109375 0.5609375 0.4109375 0.575 0.4203125 0.575
0 0.4625 0.559375 0.4484375 0.559375 0.4484375 0.5765625 0.4625 0.5765625
6 0.515625 0.6171875 0.4828125 0.6171875 0.4828125 0.6375 0.515625 0.6375
0 0.575 0.6046875 0.565625 0.6046875 0.565625 0.61875 0.575 0.61875
3 0.5890625 0.625 0.575 0.625 0.575 0.6390625 0.5890625 0.6390625
2 0.35625 0.2859375 0.3375 0.2859375 0.3375 0.3015625 0.35625 0.3015625
2 0.5171875 0.3203125000000001 0.50625 0.3203125000000001 0.50625 0.34843750000000007 0.5171875 0.34843750000000007
2 0.528125 0.3187500000000001 0.51875 0.3187500000000001 0.51875 0.3500000000000001 0.528125 0.3500000000000001
2 0.56875 0.3125000000000001 0.559375 0.3125000000000001 0.559375 0.3375000000000001 0.56875 0.3375000000000001
2 0.5765625 0.3125000000000001 0.5703125 0.3125000000000001 0.5703125 0.3375000000000001 0.5765625 0.3375000000000001
2 0.6671875 0.553125 0.646875 0.553125 0.646875 0.571875 0.6671875 0.571875
2 0.728125 0.5218750000000001 0.7109375 0.521875 0.7109375 0.5375000000000001 0.728125 0.5375000000000002
2 0.7296875 0.6500000000000001 0.7171875 0.65 0.7171875 0.6765625000000001 0.7296875 0.6765625000000002
0 0.75625 0.6078125000000002 0.7453125 0.6078125000000002 0.7453125 0.6218750000000002 0.75625 0.6218750000000002
4 0.8078125 0.5765625000000002 0.7984375 0.5765625000000002 0.7984375 0.5859375000000002 0.8078125 0.5859375000000002
0 0.8296875 0.6078125000000002 0.8203125 0.6078125000000002 0.8203125 0.6187500000000001 0.8296875 0.6187500000000001
1 0.690625 0.3812500000000001 0.6453125 0.3812500000000001 0.6453125 0.403125 0.690625 0.403125
5 0.746875 0.3781250000000001 0.7 0.3781250000000001 0.7 0.4015625000000001 0.746875 0.40156250000000016
4 0.76875 0.3937500000000001 0.7578125 0.3937500000000001 0.7578125 0.40937500000000016 0.76875 0.40937500000000016
0 0.7671875 0.4343750000000002 0.75 0.4343750000000002 0.75 0.44843750000000016 0.7671875 0.44843750000000016
2 0.8453125 0.5187500000000002 0.828125 0.5187500000000002 0.828125 0.5375000000000002 0.8453125 0.5375000000000002
4 0.8953125 0.5640625000000001 0.884375 0.5640625000000001 0.884375 0.5781250000000002 0.8953125 0.5781250000000002
5 0.9109375 0.6390625000000002 0.86875 0.6390625000000002 0.86875 0.6625000000000002 0.9109375 0.6625000000000002
3 0.8828125 0.3921875000000001 0.859375 0.3921875000000001 0.859375 0.41406250000000017 0.8828125 0.41406250000000017
2 0.959375 0.4078125000000002 0.9390625 0.4078125000000002 0.9390625 0.42187500000000017 0.959375 0.42187500000000017