2 0.3515625 0.2828125 0.334375 0.2828125 0.334375 0.296875 0.3515625 0.296875
2 0.409375 0.24218750000000008 0.3984375 0.24218750000000008 0.3984375 0.2640625000000001 0.409375 0.2640625000000001
2 0.403125 0.2093750000000001 0.3859375 0.2093750000000001 0.3859375 0.22812500000000008 0.403125 0.22812500000000008
2 0.5125 0.3140625000000001 0.50625 0.3140625000000001 0.50625 0.3421875000000001 0.5125 0.3421875000000001
2 0.5234375 0.3125000000000001 0.515625 0.3125000000000001 0.515625 0.3421875000000001 0.5234375 0.3421875000000001
2 0.5625 0.3062500000000001 0.55625 0.3062500000000001 0.55625 0.3312500000000001 0.5625 0.3312500000000001
2 0.5734375 0.3078125000000001 0.565625 0.3078125000000001 0.565625 0.3312500000000001 0.5734375 0.3312500000000001
2 0.965625 0.8625 0.9546875 0.8625 0.9546875 0.8890625 0.965625 0.8890625
2 0.9484375 0.89375 0.9390625 0.89375 0.9390625 0.9203125 0.9484375 0.9203125
2 0.7234375 0.6453125 0.715625 0.6453125 0.715625 0.66875 0.7234375 0.66875
6 0.903125 0.6312500000000002 0.8640625 0.6312500000000002 0.8640625 0.6515625000000002 0.903125 0.6515625000000002
5 0.7421875 0.3765625000000001 0.6953125 0.3765625000000001 0.6953125 0.39531250000000007 0.7421875 0.39531250000000007
6 0.684375 0.3765625000000001 0.6421875 0.3765625000000001 0.6421875 0.3968750000000001 0.684375 0.3968750000000001
6 0.2953125000000001 0.625 0.2640625000000001 0.625 0.2640625000000001 0.6453125 0.2953125000000001 0.6453125
6 0.1671875000000001 0.63125 0.1281250000000001 0.63125 0.1281250000000001 0.65 0.1671875000000001 0.65
6 0.14062500000000008 0.6625 0.10156250000000008 0.6625 0.10156250000000008 0.6875 0.14062500000000008 0.6875
4 0.553125 0.2734375000000001 0.5484375 0.2734375000000001 0.5484375 0.2875000000000001 0.553125 0.2875000000000001
3 0.7671875000000001 0.846875 0.7453125000000002 0.846875 0.7453125000000002 0.8640625 0.7671875000000001 0.8640625
3 0.7203125000000001 0.88125 0.7109375000000002 0.88125 0.7109375000000002 0.9171875 0.7203125000000001 0.9171875
4 0.5296875 0.2718750000000001 0.5265625 0.2718750000000001 0.5265625 0.28593750000000007 0.5296875 0.28593750000000007
4 0.546875 0.28593750000000007 0.54375 0.28593750000000007 0.54375 0.3000000000000001 0.546875 0.3000000000000001
4 0.571875 0.27812500000000007 0.5671875 0.27812500000000007 0.5671875 0.2921875000000001 0.571875 0.2921875000000001
4 0.5828125 0.2984375000000001 0.5796875 0.2984375000000001 0.5796875 0.3125000000000001 0.5828125 0.3125000000000001
4 0.571875 0.23437500000000008 0.56875 0.23437500000000008 0.56875 0.2484375000000001 0.571875 0.2484375000000001
4 0.5359375 0.2234375000000001 0.5328125 0.2234375000000001 0.5328125 0.23437500000000008 0.5359375 0.23437500000000008
4 0.546875 0.2234375000000001 0.5421875 0.2234375000000001 0.5421875 0.23437500000000008 0.546875 0.23437500000000008
4 0.5859375 0.23593750000000008 0.5828125 0.23593750000000008 0.5828125 0.2500000000000001 0.5859375 0.2500000000000001
4 0.521875 0.2718750000000001 0.51875 0.2718750000000001 0.51875 0.28593750000000007 0.521875 0.28593750000000007
4 0.4171875 0.2656250000000001 0.4140625 0.2656250000000001 0.4140625 0.2796875000000001 0.4171875 0.2796875000000001
4 0.578125 0.23593750000000008 0.575 0.23593750000000008 0.575 0.2500000000000001 0.578125 0.2500000000000001
4 0.5359375 0.2750000000000001 0.5328125 0.2750000000000001 0.5328125 0.2890625000000001 0.5359375 0.2890625000000001
4 0.5421875 0.2906250000000001 0.5390625 0.2906250000000001 0.5390625 0.30156250000000007 0.5421875 0.30156250000000007
4 0.55 0.2890625000000001 0.546875 0.2890625000000001 0.546875 0.30156250000000007 0.55 0.30156250000000007
0 0.828125 0.6390625000000002 0.8140625 0.6390625000000002 0.8140625 0.6546875000000002 0.828125 0.6546875000000002
2 0.6828125 0.6359375 0.678125 0.6359375 0.678125 0.6609375 0.6828125 0.6609375
2 0.678125 0.61875 0.671875 0.61875 0.671875 0.6421875 0.678125 0.6421875
2 0.6703125 0.625 0.6625 0.625 0.6625 0.646875 0.6703125 0.646875
2 0.6765625 0.646875 0.6703125 0.646875 0.6703125 0.665625 0.6765625 0.665625
0 0.8265625 0.6015625000000002 0.815625 0.6015625000000002 0.815625 0.6093750000000002 0.8265625 0.6093750000000002
5 1 0.5515625000000002 0.928125 0.5515625000000002 0.928125 0.5765625000000002 1 0.5765625000000002
6 0.7359375 0.6000000000000001 0.709375 0.6 0.709375 0.6156250000000001 0.7359375 0.6156250000000002
4 0.7796875 0.42187500000000017 0.771875 0.42187500000000017 0.771875 0.42968750000000017 0.7796875 0.42968750000000017
2 0.7203125 0.5265625 0.70625 0.5265625 0.70625 0.5390625 0.7203125 0.5390625
2 0.6078125 0.5609375 0.5953125 0.5609375 0.5953125 0.5703125 0.6078125 0.5703125
2 0.15312500000000004 0.525 0.13437500000000005 0.525 0.13437500000000005 0.5375 0.15312500000000004 0.5375
3 0.7609375 0.5937500000000002 0.740625 0.5937500000000002 0.740625 0.6078125000000002 0.7609375 0.6078125000000002
6 0.9203125 0.5765625000000002 0.884375 0.5765625000000002 0.884375 0.6015625000000002 0.9203125 0.6015625000000002
2 0.9765625 0.44843750000000016 0.9609375 0.44843750000000016 0.9609375 0.46406250000000016 0.9765625 0.46406250000000016
6 0.8453125 0.41406250000000017 0.8109375 0.41406250000000017 0.8109375 0.44531250000000017 0.8453125 0.44531250000000017
2 0.31718750000000007 0.521875 0.2984375000000001 0.521875 0.2984375000000001 0.540625 0.31718750000000007 0.540625
2 0.5828125 0.61875 0.571875 0.61875 0.571875 0.63125 0.5828125 0.63125
2 0.7640625 0.5484375000000001 0.7484375 0.5484375000000001 0.7484375 0.5625000000000002 0.7640625 0.5625000000000002
4 0.846875 0.7796875000000002 0.8421875 0.7796875000000002 0.8421875 0.7937500000000002 0.846875 0.7937500000000002
4 0.7046875 0.3984375000000001 0.696875 0.3984375000000001 0.696875 0.4078125 0.7046875 0.4078125
0 0.8 0.6015625000000002 0.7890625 0.6015625000000002 0.7890625 0.6125000000000002 0.8 0.6125000000000002
2 0.9828125 0.8546875 0.9703125 0.8546875 0.9703125 0.875 0.9828125 0.875
2 0.99375 0.803125 0.9796875 0.803125 0.9796875 0.828125 0.99375 0.828125
2 0.9765625 0.9125 0.9671875 0.9125 0.9671875 0.9359375 0.9765625 0.9359375
6 0.1906250000000001 0.5609375 0.15000000000000008 0.5609375 0.15000000000000008 0.5796875 0.1906250000000001 0.5796875
6 0.4703125 0.48125 0.4390625 0.48125 0.4390625 0.496875 0.4703125 0.496875
2 0.5671875 0.5359375 0.5515625 0.5359375 0.5515625 0.546875 0.5671875 0.546875
3 0.503125 0.584375 0.4890625 0.584375 0.4890625 0.6 0.503125 0.6
2 0.13281250000000006 0.4765625 0.11875000000000005 0.4765625 0.11875000000000005 0.4875 0.13281250000000006 0.4875
6 0.4890625 0.4578125 0.4640625 0.4578125 0.4640625 0.4734375 0.4890625 0.4734375
6 0.94375 0.5328125000000001 0.9125 0.5328125000000001 0.9125 0.5500000000000002 0.94375 0.5500000000000002
4 0.8515625 0.7265625000000002 0.846875 0.7265625000000002 0.846875 0.7406250000000002 0.8515625 0.7406250000000002
2 0.7484375 0.43281250000000016 0.7328125 0.43281250000000016 0.7328125 0.45312500000000017 0.7484375 0.45312500000000017
4 0.6984375 0.44375 0.690625 0.44375 0.690625 0.4546875 0.6984375 0.4546875
0 0.634375 0.4453125 0.6234375 0.4453125 0.6234375 0.4578125 0.634375 0.4578125
6 0.050000000000000065 0.5453125 0.015625000000000066 0.5453125 0.015625000000000066 0.565625 0.050000000000000065 0.565625
5 0.12187500000000007 0.54375 0.06718750000000007 0.54375 0.06718750000000007 0.5640625 0.1218750000000001 0.5640625
2 0.19218750000000004 0.5234375 0.17656250000000004 0.5234375 0.17656250000000004 0.5375 0.19218750000000004 0.5375
3 0.5125 0.540625 0.4953125 0.540625 0.4953125 0.55625 0.5125 0.55625
4 0.5140625 0.5578125 0.5078125 0.5578125 0.5078125 0.56875 0.5140625 0.56875
6 0.6625 0.5140625 0.63125 0.5140625 0.63125 0.5328125 0.6625 0.5328125