0 0.3625000000000001 0.5296875 0.34843750000000007 0.5296875 0.34843750000000007 0.5484375 0.3625000000000001 0.5484375
2 0.2234375000000001 0.7578125 0.2062500000000001 0.7578125 0.2062500000000001 0.7875 0.2234375000000001 0.7875
0 0.26250000000000007 0.6734375 0.2500000000000001 0.6734375 0.2500000000000001 0.6921875 0.26250000000000007 0.6921875
2 0.3218750000000001 0.725 0.3046875000000001 0.725 0.3046875000000001 0.75625 0.3218750000000001 0.75625
0 0.66875 0.2250000000000001 0.6484375 0.2250000000000001 0.6484375 0.2578125000000001 0.66875 0.2578125000000001
0 0.6671875 0.14843750000000008 0.65625 0.14843750000000008 0.65625 0.17187500000000008 0.6671875 0.17187500000000008
2 0.22656250000000008 0.8703125 0.2078125000000001 0.8703125 0.2078125000000001 0.9015625 0.22656250000000008 0.9015625
2 0.2390625000000001 0.659375 0.21875000000000008 0.659375 0.21875000000000008 0.6953125 0.2390625000000001 0.6953125
2 0.3062500000000001 0.7515625 0.2875000000000001 0.7515625 0.2875000000000001 0.784375 0.3062500000000001 0.784375
2 0.2765625000000001 0.5125 0.2609375000000001 0.5125 0.2609375000000001 0.5484375 0.2765625000000001 0.5484375
4 0.3890625000000001 0.6078125 0.3843750000000001 0.6078125 0.3843750000000001 0.6203125 0.3890625000000001 0.6203125
2 0.18593750000000014 0.909375 0.16562500000000013 0.909375 0.16562500000000013 0.9421875 0.18593750000000014 0.9421875
2 0.6609375 0.3296875000000001 0.64375 0.3296875000000001 0.64375 0.3593750000000001 0.6609375 0.3593750000000001
2 0.7015625 0.2640625000000001 0.68125 0.2640625000000001 0.68125 0.2953125000000001 0.7015625 0.2953125000000001
2 0.2000000000000001 0.915625 0.18281250000000013 0.915625 0.18281250000000013 0.946875 0.2000000000000001 0.946875
2 0.678125 0.2984375000000001 0.6609375 0.2984375000000001 0.6609375 0.3281250000000001 0.678125 0.3281250000000001
4 0.3609375000000001 0.65625 0.3546875000000001 0.65625 0.3546875000000001 0.6703125 0.3609375000000001 0.6703125
4 0.37187500000000007 0.6421875 0.3625000000000001 0.6421875 0.3625000000000001 0.653125 0.37187500000000007 0.653125
2 0.74375 0.19687500000000008 0.725 0.19687500000000008 0.725 0.22812500000000008 0.74375 0.22812500000000008
2 0.18125000000000013 0.946875 0.16250000000000014 0.946875 0.16250000000000014 0.9765625 0.18125000000000013 0.9765625
4 0.3421875000000001 0.65625 0.3343750000000001 0.65625 0.3343750000000001 0.671875 0.3421875000000001 0.671875
4 0.3859375000000001 0.5828125 0.3781250000000001 0.5828125 0.3781250000000001 0.5953125 0.3859375000000001 0.5953125
0 0.753125 0.2406250000000001 0.7421875 0.2406250000000001 0.7421875 0.2609375000000001 0.753125 0.2609375000000001
2 0.2140625000000001 0.7015625 0.1937500000000001 0.7015625 0.1937500000000001 0.734375 0.2140625000000001 0.734375
2 0.7640625 0.1140625000000001 0.7421875 0.1140625000000001 0.7421875 0.15000000000000008 0.7640625 0.15000000000000008
4 0.80625 0.1515625000000001 0.796875 0.1515625000000001 0.796875 0.1687500000000001 0.80625 0.1687500000000001
4 0.6625 0.3671875000000001 0.65625 0.3671875000000001 0.65625 0.3781250000000001 0.6625 0.3781250000000001
4 0.6609375 0.3453125000000001 0.653125 0.3453125000000001 0.653125 0.3578125000000001 0.6609375 0.3578125000000001
4 0.653125 0.37187500000000007 0.6484375 0.37187500000000007 0.6484375 0.3843750000000001 0.653125 0.3843750000000001
2 0.2921875000000001 0.778125 0.2734375000000001 0.778125 0.2734375000000001 0.8140625 0.2921875000000001 0.8140625
4 0.3843750000000001 0.609375 0.37968750000000007 0.609375 0.37968750000000007 0.6234375 0.3843750000000001 0.6234375
0 0.6796875 0.14062500000000008 0.6671875 0.14062500000000008 0.6671875 0.15781250000000008 0.6796875 0.15781250000000008
2 0.43125 0.2718750000000001 0.415625 0.2718750000000001 0.415625 0.3031250000000001 0.43125 0.3031250000000001
2 0.4171875 0.2296875000000001 0.3984375 0.2296875000000001 0.3984375 0.2640625000000001 0.4171875 0.2640625000000001
2 0.2968750000000001 0.725 0.2796875000000001 0.725 0.2796875000000001 0.75625 0.2968750000000001 0.75625
2 0.83125 0.0078125000000001 0.8125 0.0078125000000001 0.8125 0.0421875000000001 0.83125 0.0421875000000001
2 0.4296875 0.4796875 0.415625 0.4796875 0.415625 0.5234375 0.4296875 0.5234375
2 0.21250000000000008 0.85625 0.1937500000000001 0.85625 0.1937500000000001 0.8875 0.21250000000000008 0.8875
0 0.8234375 0.1437500000000001 0.8125 0.1437500000000001 0.8125 0.16406250000000008 0.8234375 0.16406250000000008
4 0.8484375 0.10781250000000009 0.840625 0.10781250000000009 0.840625 0.12656250000000008 0.8484375 0.12656250000000008
4 0.821875 0.12500000000000008 0.8125 0.12500000000000008 0.8125 0.1390625000000001 0.821875 0.1390625000000001
4 0.3984375000000001 0.5984375 0.3890625000000001 0.5984375 0.3890625000000001 0.6078125 0.3984375000000001 0.6078125
4 0.403125 0.5921875 0.39531250000000007 0.5921875 0.39531250000000007 0.603125 0.403125 0.603125
4 0.3546875000000001 0.665625 0.34843750000000007 0.665625 0.34843750000000007 0.6765625 0.3546875000000001 0.6765625
2 0.16406250000000014 0.9703125 0.14687500000000014 0.9703125 0.14687500000000014 0.9984375 0.16406250000000014 0.9984375
2 0.4734375 0.3984375000000001 0.4625 0.3984375000000001 0.4625 0.4296875 0.4734375 0.4296875
2 0.4921875 0.4875 0.478125 0.4875 0.478125 0.521875 0.4921875 0.521875
2 0.475 0.49375 0.4609375 0.49375 0.4609375 0.5296875 0.475 0.5296875
2 0.48125 0.5328125 0.4671875 0.5328125 0.4671875 0.5625 0.48125 0.5625
4 0.49375 0.55 0.4859375 0.55 0.4859375 0.5625 0.49375 0.5625
2 0.4625 0.540625 0.45 0.540625 0.45 0.5703125 0.4625 0.5703125
2 0.48125 0.615625 0.465625 0.615625 0.465625 0.640625 0.48125 0.640625
2 0.4359375 0.615625 0.4203125 0.615625 0.4203125 0.6421875 0.4359375 0.6421875
2 0.3781250000000001 0.69375 0.3593750000000001 0.69375 0.3593750000000001 0.721875 0.3781250000000001 0.721875
2 0.3156250000000001 0.8 0.2984375000000001 0.8 0.2984375000000001 0.828125 0.3156250000000001 0.828125
2 0.22812500000000008 0.921875 0.2093750000000001 0.921875 0.2093750000000001 0.9515625 0.22812500000000008 0.9515625
2 0.23437500000000008 0.828125 0.2156250000000001 0.828125 0.2156250000000001 0.8578125 0.23437500000000008 0.8578125
2 0.25468750000000007 0.8375 0.23437500000000008 0.8375 0.23437500000000008 0.86875 0.25468750000000007 0.86875
2 0.2562500000000001 0.7921875 0.2390625000000001 0.7921875 0.2390625000000001 0.821875 0.2562500000000001 0.821875
4 0.2484375000000001 0.825 0.2390625000000001 0.825 0.2390625000000001 0.8375 0.2484375000000001 0.8375
4 0.2578125000000001 0.81875 0.2484375000000001 0.81875 0.2484375000000001 0.8296875 0.2578125000000001 0.8296875
4 0.2640625000000001 0.8046875 0.2562500000000001 0.8046875 0.2562500000000001 0.821875 0.2640625000000001 0.821875
2 0.2765625000000001 0.80625 0.2578125000000001 0.80625 0.2578125000000001 0.8375 0.2765625000000001 0.8375
4 0.2718750000000001 0.7921875 0.2640625000000001 0.7921875 0.2640625000000001 0.8046875 0.2718750000000001 0.8046875
4 0.3468750000000001 0.6765625 0.3390625000000001 0.6765625 0.3390625000000001 0.6875 0.3468750000000001 0.6875
2 0.3750000000000001 0.60625 0.35625000000000007 0.60625 0.35625000000000007 0.6359375 0.3750000000000001 0.6359375
2 0.4125 0.5484375 0.3968750000000001 0.5484375 0.3968750000000001 0.575 0.4125 0.575
2 0.4203125 0.5609375 0.403125 0.5609375 0.403125 0.590625 0.4203125 0.590625
2 0.425 0.575 0.409375 0.575 0.409375 0.6 0.425 0.6
2 0.3265625 0.03437500000000004 0.30625 0.03437500000000003 0.30625 0.06718750000000004 0.3265625 0.06718750000000004
0 0.4890625 0.3343750000000001 0.478125 0.3343750000000001 0.478125 0.35625000000000007 0.4890625 0.35625000000000007
4 0.465625 0.3421875000000001 0.459375 0.3421875000000001 0.459375 0.3578125000000001 0.465625 0.3578125000000001
2 0.3421875000000001 0.696875 0.3234375000000001 0.696875 0.3234375000000001 0.725 0.3421875000000001 0.725
2 0.3593750000000001 0.678125 0.3421875000000001 0.678125 0.3421875000000001 0.703125 0.3593750000000001 0.703125
2 0.3765625000000001 0.65625 0.3609375000000001 0.65625 0.3609375000000001 0.6796875 0.3765625000000001 0.6796875
2 0.3906250000000001 0.6265625 0.3734375000000001 0.6265625 0.3734375000000001 0.6546875 0.3906250000000001 0.6546875
3 0.6750000000000002 0.915625 0.6609375000000002 0.915625 0.6609375000000002 0.946875 0.6750000000000002 0.946875
2 0.6625000000000002 0.8765625 0.6468750000000002 0.8765625 0.6468750000000002 0.9109375 0.6625000000000002 0.9109375
3 0.6515625000000002 0.8875 0.6343750000000001 0.8875 0.6343750000000001 0.9203125 0.6515625000000002 0.9203125
6 0.6328125000000002 0.8453125 0.6078125000000002 0.8453125 0.6078125000000002 0.9015625 0.6328125000000002 0.9015625
2 0.6390625000000002 0.8296875 0.6265625000000001 0.8296875 0.6265625000000001 0.8546875 0.6390625000000002 0.8546875
2 0.6265625000000001 0.8234375 0.6125000000000002 0.8234375 0.6125000000000002 0.853125 0.6265625000000001 0.853125
2 0.6281250000000002 0.79375 0.6125000000000002 0.79375 0.6125000000000002 0.8265625 0.6281250000000002 0.8265625
2 0.6078125000000002 0.8 0.5937500000000002 0.8 0.5937500000000002 0.8328125 0.6078125000000002 0.8328125
3 0.5953125000000001 0.7640625 0.5781250000000002 0.7640625 0.5781250000000002 0.796875 0.5953125000000001 0.796875
2 0.5937500000000002 0.8 0.5796875000000001 0.8 0.5796875000000001 0.8234375 0.5937500000000002 0.8234375
2 0.6078125000000002 0.7625 0.5937500000000002 0.7625 0.5937500000000002 0.7921875 0.6078125000000002 0.7921875
4 0.6062500000000002 0.746875 0.5984375000000002 0.746875 0.5984375000000002 0.759375 0.6062500000000002 0.759375
2 0.5984375000000001 0.721875 0.5828125 0.721875 0.5828125000000001 0.75625 0.5984375000000002 0.75625
2 0.5859375000000002 0.728125 0.5718750000000001 0.728125 0.5718750000000001 0.75625 0.5859375000000002 0.75625
0 0.5796875000000001 0.7734375 0.5718750000000001 0.7734375 0.5718750000000001 0.7921875 0.5796875000000001 0.7921875
0 0.5765625000000002 0.784375 0.5671875000000002 0.784375 0.5671875000000002 0.80625 0.5765625000000002 0.80625
0 0.5609375000000002 0.7546875 0.5500000000000002 0.7546875 0.5500000000000002 0.7765625 0.5609375000000002 0.7765625
4 0.5640625000000001 0.7734375 0.5578125000000002 0.7734375 0.5578125000000002 0.7859375 0.5640625000000001 0.7859375
4 0.5734375000000002 0.7640625 0.5656250000000002 0.7640625 0.5656250000000002 0.778125 0.5734375000000002 0.778125
4 0.5687500000000002 0.7359375 0.5640625000000001 0.7359375 0.5640625000000001 0.746875 0.5687500000000002 0.746875
2 0.5656250000000002 0.734375 0.5515625000000002 0.734375 0.5515625000000002 0.7640625 0.5656250000000002 0.7640625
4 0.5531250000000002 0.7390625 0.5484375000000001 0.7390625 0.5484375000000001 0.7546875 0.5531250000000002 0.7546875
4 0.5484375000000001 0.7390625 0.5421875000000002 0.7390625 0.5421875000000002 0.75 0.5484375000000001 0.75
4 0.5437500000000001 0.725 0.5375 0.725 0.5375000000000001 0.7390625 0.5437500000000002 0.7390625
2 0.5468750000000001 0.6984375 0.534375 0.6984375 0.534375 0.7265625 0.5468750000000002 0.7265625
4 0.53125 0.6890625 0.525 0.6890625 0.525 0.703125 0.53125 0.703125
4 0.528125 0.6953125 0.521875 0.6953125 0.521875 0.7078125 0.528125 0.7078125
4 0.525 0.7015625 0.5171875 0.7015625 0.5171875 0.7171875 0.525 0.7171875
4 0.5203125 0.678125 0.515625 0.678125 0.515625 0.6921875 0.5203125 0.6921875
0 0.575 0.703125 0.565625 0.703125 0.565625 0.7234375 0.575 0.7234375
0 0.5593750000000001 0.7125 0.5515625 0.7125 0.5515625000000001 0.73125 0.5593750000000002 0.73125
2 0.5609375 0.65 0.546875 0.65 0.546875 0.6859375 0.5609375 0.6859375
2 0.578125 0.6765625 0.5640625 0.6765625 0.5640625 0.70625 0.578125 0.70625
4 0.5875 0.7 0.5796875 0.7 0.5796875 0.7171875 0.5875 0.7171875
0 0.5484375 0.6859375 0.5421875 0.6859375 0.5421875 0.70625 0.5484375 0.70625
4 0.5453125 0.671875 0.5375 0.671875 0.5375 0.6828125 0.5453125 0.6828125
2 0.7265625000000002 0.94375 0.7078125000000002 0.94375 0.7078125000000002 0.975 0.7265625000000002 0.975
2 0.6562500000000002 0.7296875 0.6390625000000002 0.7296875 0.6390625000000002 0.7640625 0.6562500000000002 0.7640625
2 0.7296875000000002 0.90625 0.7109375000000002 0.90625 0.7109375000000002 0.940625 0.7296875000000002 0.940625
1 0.653125 0.3546875000000001 0.6109375 0.3546875000000001 0.6109375 0.4328125 0.653125 0.4328125
2 0.646875 0.3921875000000001 0.63125 0.3921875000000001 0.63125 0.4265625 0.646875 0.4265625
2 0.6671875 0.37968750000000007 0.6484375 0.37968750000000007 0.6484375 0.4125 0.6671875 0.4125
4 0.68125 0.3671875000000001 0.675 0.3671875000000001 0.675 0.3812500000000001 0.68125 0.3812500000000001
4 0.671875 0.3750000000000001 0.6671875 0.3750000000000001 0.6671875 0.3859375000000001 0.671875 0.3859375000000001
4 0.671875 0.36406250000000007 0.665625 0.36406250000000007 0.665625 0.3750000000000001 0.671875 0.3750000000000001
4 0.671875 0.3859375000000001 0.665625 0.3859375000000001 0.665625 0.39531250000000007 0.671875 0.39531250000000007
4 0.6859375 0.35625000000000007 0.6796875 0.35625000000000007 0.6796875 0.3671875000000001 0.6859375 0.3671875000000001
4 0.6921875 0.3468750000000001 0.6859375 0.3468750000000001 0.6859375 0.3609375000000001 0.6921875 0.3609375000000001
4 0.6984375 0.3468750000000001 0.6921875 0.3468750000000001 0.6921875 0.35625000000000007 0.6984375 0.35625000000000007
4 0.6984375 0.3375000000000001 0.690625 0.3375000000000001 0.690625 0.3468750000000001 0.6984375 0.3468750000000001
4 0.7046875 0.3281250000000001 0.6984375 0.3281250000000001 0.6984375 0.3375000000000001 0.7046875 0.3375000000000001
4 0.7125 0.3156250000000001 0.7046875 0.3156250000000001 0.7046875 0.3281250000000001 0.7125 0.3281250000000001
4 0.6859375 0.32500000000000007 0.6796875 0.32500000000000007 0.6796875 0.3375000000000001 0.6859375 0.3375000000000001
4 0.6796875 0.3140625000000001 0.6734375 0.3140625000000001 0.6734375 0.32500000000000007 0.6796875 0.32500000000000007
2 0.7203125 0.08906250000000009 0.7046875 0.08906250000000009 0.7046875 0.11718750000000008 0.7203125 0.11718750000000008
0 0.778125 0.17343750000000008 0.765625 0.17343750000000008 0.765625 0.1937500000000001 0.778125 0.1937500000000001
2 0.765625 0.17343750000000008 0.746875 0.17343750000000008 0.746875 0.2015625000000001 0.765625 0.2015625000000001
2 0.765625 0.19687500000000008 0.7484375 0.19687500000000008 0.7484375 0.2234375000000001 0.765625 0.2234375000000001
2 0.771875 0.2093750000000001 0.7546875 0.2093750000000001 0.7546875 0.2375000000000001 0.771875 0.2375000000000001
2 0.80625 0.2078125000000001 0.7796875 0.2078125000000001 0.7796875 0.24375000000000008 0.80625 0.24375000000000008
0 0.775 0.23593750000000008 0.7640625 0.23593750000000008 0.7640625 0.2593750000000001 0.775 0.2593750000000001
2 0.7484375 0.21875000000000008 0.73125 0.21875000000000008 0.73125 0.24375000000000008 0.7484375 0.24375000000000008
4 0.7625 0.2531250000000001 0.7546875 0.2531250000000001 0.7546875 0.2671875000000001 0.7625 0.2671875000000001
2 0.7140625 0.2390625000000001 0.696875 0.2390625000000001 0.696875 0.2640625000000001 0.7140625 0.2640625000000001
2 0.728125 0.2484375000000001 0.7125 0.2484375000000001 0.7125 0.2750000000000001 0.728125 0.2750000000000001
0 0.7359375 0.2593750000000001 0.7234375 0.2593750000000001 0.7234375 0.2765625000000001 0.7359375 0.2765625000000001
4 0.740625 0.2453125000000001 0.7328125 0.2453125000000001 0.7328125 0.2609375000000001 0.740625 0.2609375000000001
2 0.74375 0.2640625000000001 0.728125 0.2640625000000001 0.728125 0.29375000000000007 0.74375 0.29375000000000007
4 0.75 0.27812500000000007 0.74375 0.27812500000000007 0.74375 0.2921875000000001 0.75 0.2921875000000001
2 0.7265625 0.2828125000000001 0.709375 0.2828125000000001 0.709375 0.3078125000000001 0.7265625 0.3078125000000001
3 0.709375 0.2828125000000001 0.6828125 0.2828125000000001 0.6828125 0.3203125000000001 0.709375 0.3203125000000001
4 0.7109375 0.2687500000000001 0.703125 0.2687500000000001 0.703125 0.2843750000000001 0.7109375 0.2843750000000001
2 0.7109375 0.3031250000000001 0.690625 0.3031250000000001 0.690625 0.3296875000000001 0.7109375 0.3296875000000001
2 0.6921875 0.3359375000000001 0.678125 0.3359375000000001 0.678125 0.3593750000000001 0.6921875 0.3593750000000001
2 0.6765625 0.3312500000000001 0.6609375 0.3312500000000001 0.6609375 0.3625000000000001 0.6765625 0.3625000000000001
2 0.628125 0.4328125 0.6109375 0.4328125 0.6109375 0.4609375 0.628125 0.4609375
0 0.628125 0.4546875 0.6171875 0.4546875 0.6171875 0.475 0.628125 0.475
2 0.60625 0.4421875 0.5921875 0.4421875 0.5921875 0.465625 0.60625 0.465625
2 0.6109375 0.459375 0.596875 0.459375 0.596875 0.484375 0.6109375 0.484375
2 0.6171875 0.4734375 0.603125 0.4734375 0.603125 0.4984375 0.6171875 0.4984375
4 0.6359375 0.4828125 0.628125 0.4828125 0.628125 0.4953125 0.6359375 0.4953125
4 0.628125 0.49375 0.61875 0.49375 0.61875 0.50625 0.628125 0.50625
4 0.6203125 0.490625 0.6109375 0.490625 0.6109375 0.5 0.6203125 0.5
4 0.6140625 0.4984375 0.60625 0.4984375 0.60625 0.5078125 0.6140625 0.5078125
0 0.61875 0.503125 0.609375 0.503125 0.609375 0.521875 0.61875 0.521875
0 0.6421875 0.51875 0.634375 0.51875 0.634375 0.5390625 0.6421875 0.5390625
4 0.6203125 0.5234375 0.6109375 0.5234375 0.6109375 0.5375 0.6203125 0.5375
4 0.803125 0.06093750000000009 0.7953125 0.06093750000000009 0.7953125 0.07187500000000009 0.803125 0.07187500000000009
2 0.3265625 0.11875000000000005 0.3109375 0.11875000000000005 0.3109375 0.15312500000000004 0.3265625 0.15312500000000004
2 0.4453125 0.2578125000000001 0.4265625 0.2578125000000001 0.4265625 0.29375000000000007 0.4453125 0.29375000000000007
2 0.45 0.3109375000000001 0.4359375 0.3109375000000001 0.4359375 0.34062500000000007 0.45 0.34062500000000007
4 0.4484375 0.3031250000000001 0.440625 0.3031250000000001 0.440625 0.31718750000000007 0.4484375 0.31718750000000007
2 0.471875 0.3156250000000001 0.45625 0.3156250000000001 0.45625 0.3468750000000001 0.471875 0.3468750000000001
2 0.465625 0.3468750000000001 0.4515625 0.3468750000000001 0.4515625 0.3765625000000001 0.465625 0.3765625000000001
2 0.4859375 0.35625000000000007 0.4703125 0.35625000000000007 0.4703125 0.3906250000000001 0.4859375 0.3906250000000001
4 0.4703125 0.3843750000000001 0.4609375 0.3843750000000001 0.4609375 0.3984375000000001 0.4703125 0.3984375000000001
2 0.496875 0.4171875 0.4828125 0.4171875 0.4828125 0.446875 0.496875 0.446875
2 0.4078125 0.3375000000000001 0.3953125 0.3375000000000001 0.39531250000000007 0.3703125000000001 0.4078125 0.3703125000000001
2 0.4640625 0.5734375 0.45 0.5734375 0.45 0.603125 0.4640625 0.603125
2 0.4484375 0.5796875 0.434375 0.5796875 0.434375 0.615625 0.4484375 0.615625
2 0.428125 0.6515625 0.4140625 0.6515625 0.4140625 0.675 0.428125 0.675
2 0.409375 0.671875 0.3921875000000001 0.671875 0.3921875000000001 0.696875 0.409375 0.696875
4 0.3843750000000001 0.7046875 0.3765625000000001 0.7046875 0.3765625000000001 0.7171875 0.3843750000000001 0.7171875
4 0.3531250000000001 0.63125 0.3453125000000001 0.63125 0.3453125000000001 0.64375 0.3531250000000001 0.64375
4 0.3437500000000001 0.6421875 0.3375000000000001 0.6421875 0.3375000000000001 0.653125 0.3437500000000001 0.653125
4 0.3531250000000001 0.65 0.3453125000000001 0.65 0.3453125000000001 0.6609375 0.3531250000000001 0.6609375
4 0.3625000000000001 0.65 0.3578125000000001 0.65 0.3578125000000001 0.6578125 0.3625000000000001 0.6578125
2 0.3265625000000001 0.6828125 0.30937500000000007 0.6828125 0.30937500000000007 0.7125 0.3265625000000001 0.7125
4 0.2718750000000001 0.7609375 0.2640625000000001 0.7609375 0.2640625000000001 0.7765625 0.2718750000000001 0.7765625
4 0.2687500000000001 0.871875 0.2593750000000001 0.871875 0.2593750000000001 0.8859375 0.2687500000000001 0.8859375
4 0.2734375000000001 0.884375 0.2640625000000001 0.884375 0.2640625000000001 0.9 0.2734375000000001 0.9
4 0.2562500000000001 0.9078125 0.2468750000000001 0.9078125 0.2468750000000001 0.9234375 0.2562500000000001 0.9234375
4 0.1921875000000001 0.8828125 0.1859375000000001 0.8828125 0.1859375000000001 0.896875 0.1921875000000001 0.896875
4 0.1812500000000001 0.896875 0.1750000000000001 0.896875 0.1750000000000001 0.909375 0.18125000000000013 0.909375
4 0.17031250000000014 0.9109375 0.16093750000000012 0.9109375 0.16093750000000012 0.925 0.17031250000000014 0.925
4 0.16093750000000012 0.9296875 0.15312500000000012 0.9296875 0.15312500000000012 0.9453125 0.16093750000000012 0.9453125
4 0.15468750000000014 0.946875 0.14375000000000013 0.946875 0.14375000000000013 0.9625 0.15468750000000014 0.9625
4 0.14375000000000013 0.9515625 0.13750000000000012 0.9515625 0.13750000000000012 0.9625 0.14375000000000013 0.9625
4 0.4203125 0.4234375 0.4109375 0.4234375 0.4109375 0.4421875 0.4203125 0.4421875
0 0.6125 0.6890625 0.6015625 0.6890625 0.6015625 0.7140625 0.6125 0.7140625
0 0.5953125 0.63125 0.584375 0.63125 0.584375 0.6546875 0.5953125 0.6546875
2 0.51875 0.696875 0.503125 0.696875 0.503125 0.7234375 0.51875 0.7234375
4 0.5640625 0.6921875 0.559375 0.6921875 0.559375 0.7015625 0.5640625 0.7015625