2 0.3484375 0.2875 0.3328125 0.2875 0.3328125 0.3 0.3484375 0.3
2 0.4 0.2156250000000001 0.384375 0.2156250000000001 0.384375 0.2296875000000001 0.4 0.2296875000000001
2 0.4078125 0.2484375000000001 0.396875 0.2484375000000001 0.396875 0.2656250000000001 0.4078125 0.2656250000000001
2 0.5109375 0.31718750000000007 0.5046875 0.31718750000000007 0.5046875 0.3437500000000001 0.5109375 0.3437500000000001
2 0.521875 0.3156250000000001 0.515625 0.3156250000000001 0.515625 0.3437500000000001 0.521875 0.3437500000000001
2 0.5625 0.3078125000000001 0.5546875 0.3078125000000001 0.5546875 0.3312500000000001 0.5625 0.3312500000000001
2 0.5703125 0.3109375000000001 0.5640625 0.3109375000000001 0.5640625 0.33281250000000007 0.5703125 0.33281250000000007
4 0.5859375 0.2953125000000001 0.5828125 0.2953125000000001 0.5828125 0.3109375000000001 0.5859375 0.3109375000000001
4 0.58125 0.2953125000000001 0.5765625 0.2953125000000001 0.5765625 0.3140625000000001 0.58125 0.3140625000000001
4 0.5765625 0.2906250000000001 0.5734375 0.2906250000000001 0.5734375 0.3031250000000001 0.5765625 0.3031250000000001
4 0.5734375 0.2875000000000001 0.5703125 0.2875000000000001 0.5703125 0.3000000000000001 0.5734375 0.3000000000000001
4 0.5703125 0.27812500000000007 0.5671875 0.27812500000000007 0.5671875 0.2921875000000001 0.5703125 0.2921875000000001
4 0.5703125 0.29375000000000007 0.5671875 0.29375000000000007 0.5671875 0.3078125000000001 0.5703125 0.3078125000000001
4 0.5484375 0.2875000000000001 0.5453125 0.2875000000000001 0.5453125 0.3031250000000001 0.5484375 0.3031250000000001
4 0.5453125 0.2890625000000001 0.5421875 0.2890625000000001 0.5421875 0.3031250000000001 0.5453125 0.3031250000000001
4 0.540625 0.2890625000000001 0.5375 0.2890625000000001 0.5375 0.3046875000000001 0.540625 0.3046875000000001
4 0.5328125 0.2750000000000001 0.53125 0.2750000000000001 0.53125 0.2875000000000001 0.5328125 0.2875000000000001
4 0.5296875 0.2750000000000001 0.5265625 0.2750000000000001 0.5265625 0.2890625000000001 0.5296875 0.2890625000000001
4 0.528125 0.2734375000000001 0.525 0.2734375000000001 0.525 0.2875000000000001 0.528125 0.2875000000000001
4 0.55 0.2750000000000001 0.546875 0.2750000000000001 0.546875 0.28593750000000007 0.55 0.28593750000000007
4 0.5828125 0.23593750000000008 0.5796875 0.23593750000000008 0.5796875 0.2500000000000001 0.5828125 0.2500000000000001
4 0.5796875 0.23593750000000008 0.578125 0.23593750000000008 0.578125 0.2500000000000001 0.5796875 0.2500000000000001
4 0.5765625 0.23593750000000008 0.5734375 0.23593750000000008 0.5734375 0.2515625000000001 0.5765625 0.2515625000000001
4 0.56875 0.23593750000000008 0.565625 0.23593750000000008 0.565625 0.2500000000000001 0.56875 0.2500000000000001
4 0.5671875 0.23593750000000008 0.5640625 0.23593750000000008 0.5640625 0.2500000000000001 0.5671875 0.2500000000000001
4 0.5484375 0.2234375000000001 0.5453125 0.2234375000000001 0.5453125 0.2375000000000001 0.5484375 0.2375000000000001
4 0.54375 0.2234375000000001 0.540625 0.2234375000000001 0.540625 0.23593750000000008 0.54375 0.23593750000000008
4 0.5359375 0.2234375000000001 0.5328125 0.2234375000000001 0.5328125 0.23593750000000008 0.5359375 0.23593750000000008
4 0.53125 0.2234375000000001 0.528125 0.2234375000000001 0.528125 0.23593750000000008 0.53125 0.23593750000000008
4 0.528125 0.2250000000000001 0.525 0.2250000000000001 0.525 0.23593750000000008 0.528125 0.23593750000000008
4 0.4125 0.2687500000000001 0.4078125 0.2687500000000001 0.4078125 0.2828125000000001 0.4125 0.2828125000000001
4 0.415625 0.2687500000000001 0.4125 0.2687500000000001 0.4125 0.2796875000000001 0.415625 0.2796875000000001
4 0.4375 0.20312500000000008 0.43125 0.20312500000000008 0.43125 0.2171875000000001 0.4375 0.2171875000000001
4 0.3218750000000001 0.4125 0.3125000000000001 0.4125 0.3125000000000001 0.4234375 0.3218750000000001 0.4234375
4 0.865625 0.3968750000000001 0.85625 0.3968750000000001 0.85625 0.40625000000000017 0.865625 0.40625000000000017
4 0.978125 0.3656250000000001 0.971875 0.3656250000000001 0.971875 0.3765625000000001 0.978125 0.3765625000000001
4 0.9734375 0.2296875000000001 0.9625 0.2296875000000001 0.9625 0.24375000000000008 0.9734375 0.24375000000000008
3 0.9984375 0.27812500000000007 0.9890625 0.27812500000000007 0.9890625 0.3046875000000001 0.9984375 0.3046875000000001
4 0.959375 0.3812500000000001 0.953125 0.3812500000000001 0.953125 0.3906250000000001 0.959375 0.3906250000000001
6 0.96875 0.3937500000000001 0.928125 0.3937500000000001 0.928125 0.4125000000000002 0.96875 0.4125000000000002
2 0.9140625 0.3890625000000001 0.9 0.3890625000000001 0.9 0.4000000000000002 0.9140625 0.4000000000000002
2 0.884375 0.4046875000000002 0.8703125 0.4046875000000002 0.8703125 0.4156250000000002 0.884375 0.4156250000000002
2 0.846875 0.3375000000000001 0.8359375 0.3375000000000001 0.8359375 0.3625000000000001 0.846875 0.3625000000000001
3 0.8421875 0.4156250000000002 0.8203125 0.4156250000000002 0.8203125 0.4312500000000002 0.8421875 0.4312500000000002
2 0.7640625 0.4281250000000002 0.7515625 0.4281250000000002 0.7515625 0.44062500000000016 0.7640625 0.44062500000000016
2 0.6859375 0.4453125 0.671875 0.4453125 0.671875 0.4578125 0.6859375 0.4578125
5 0.740625 0.3750000000000001 0.696875 0.3750000000000001 0.696875 0.3937500000000001 0.740625 0.3937500000000001
5 0.68125 0.3765625000000001 0.6421875 0.3765625000000001 0.6421875 0.39531250000000007 0.68125 0.39531250000000007
4 0.028125000000000077 0.628125 0.020312500000000077 0.628125 0.020312500000000077 0.6375 0.028125000000000077 0.6375
2 0.07031250000000007 0.5390625 0.056250000000000064 0.5390625 0.056250000000000064 0.55 0.07031250000000007 0.55
6 0.11406250000000004 0.4890625 0.07500000000000007 0.4890625 0.07500000000000007 0.5046875 0.11406250000000004 0.5046875
6 0.16406250000000008 0.553125 0.13281250000000008 0.553125 0.13281250000000008 0.5703125 0.16406250000000008 0.5703125
5 0.19531250000000006 0.4625 0.15000000000000005 0.4625 0.15000000000000005 0.48125 0.19531250000000006 0.48125
5 0.16406250000000008 0.640625 0.1281250000000001 0.640625 0.1281250000000001 0.659375 0.16406250000000008 0.659375
5 0.1390625000000001 0.6734375 0.10312500000000009 0.6734375 0.10312500000000009 0.6953125 0.1390625000000001 0.6953125
3 0.09687500000000007 0.5109375 0.07656250000000006 0.5109375 0.07656250000000006 0.528125 0.09687500000000007 0.528125
5 0.2968750000000001 0.6359375 0.2640625000000001 0.6359375 0.2640625000000001 0.6515625 0.2968750000000001 0.6515625
2 0.2828125000000001 0.5 0.2687500000000001 0.5 0.2687500000000001 0.5140625 0.2828125000000001 0.5140625
2 0.409375 0.525 0.3937500000000001 0.525 0.3937500000000001 0.5390625 0.409375 0.5390625
4 0.3515625000000001 0.5671875 0.3453125000000001 0.5671875 0.3453125000000001 0.5765625 0.3515625000000001 0.5765625
4 0.621875 0.6 0.6140625 0.6 0.6140625 0.609375 0.621875 0.609375
0 0.5421875 0.603125 0.53125 0.603125 0.53125 0.6171875 0.5421875 0.6171875
6 0.5078125 0.6140625 0.48125 0.6140625 0.48125 0.634375 0.5078125 0.634375
3 0.4453125 0.4953125 0.428125 0.4953125 0.428125 0.509375 0.4453125 0.509375
3 0.6875 0.6109375 0.6796875 0.6109375 0.6796875 0.6328125 0.6875 0.6328125
3 0.7125 0.5671875 0.690625 0.5671875 0.690625 0.5859375 0.7125 0.5859375
2 0.584375 0.6203125 0.5734375 0.6203125 0.5734375 0.63125 0.584375 0.63125
2 0.671875 0.625 0.665625 0.625 0.665625 0.6453125 0.671875 0.6453125
2 0.6765625 0.6203125 0.671875 0.6203125 0.671875 0.6453125 0.6765625 0.6453125
2 0.6828125 0.659375 0.6765625 0.659375 0.6765625 0.6828125 0.6828125 0.6828125
2 0.7234375 0.64375 0.715625 0.64375 0.715625 0.665625 0.7234375 0.665625
6 0.7359375 0.596875 0.709375 0.596875 0.709375 0.6140625000000001 0.7359375 0.6140625000000002
4 0.6765625 0.578125 0.6703125 0.578125 0.6703125 0.5859375 0.6765625 0.5859375
4 0.74375 0.5828125000000002 0.7359375 0.5828125000000002 0.7359375 0.5906250000000002 0.74375 0.5906250000000002
4 0.8453125 0.5812500000000002 0.8359375 0.5812500000000002 0.8359375 0.5906250000000002 0.8453125 0.5906250000000002
6 0.825 0.5281250000000002 0.7984375 0.5281250000000002 0.7984375 0.5437500000000002 0.825 0.5437500000000002
6 0.9046875 0.6281250000000002 0.865625 0.6281250000000002 0.865625 0.6453125000000002 0.9046875 0.6453125000000002
0 0.8 0.5968750000000002 0.7890625 0.5968750000000002 0.7890625 0.6093750000000002 0.8 0.6093750000000002
0 0.828125 0.6406250000000002 0.815625 0.6406250000000002 0.815625 0.6484375000000002 0.828125 0.6484375000000002
0 0.7640625 0.6593750000000002 0.75 0.6593750000000002 0.75 0.6750000000000002 0.7640625 0.6750000000000002
0 0.825 0.5953125000000001 0.815625 0.5953125000000001 0.815625 0.6062500000000002 0.825 0.6062500000000002
4 0.9796875 0.5765625000000002 0.9734375 0.5765625000000002 0.9734375 0.5843750000000002 0.9796875 0.5843750000000002
5 1 0.5500000000000002 0.928125 0.5500000000000002 0.928125 0.5703125000000002 1 0.5703125000000002
2 0.9421875 0.7890625000000002 0.93125 0.7890625000000002 0.93125 0.803125 0.9421875 0.803125
2 0.9421875 0.803125 0.9328125 0.803125 0.9328125 0.8171875 0.9421875 0.8171875
2 0.9953125 0.7937500000000002 0.98125 0.7937500000000002 0.98125 0.8203125 0.9953125 0.8203125
2 0.9828125 0.846875 0.971875 0.846875 0.971875 0.8671875 0.9828125 0.8671875
2 0.9671875 0.8546875 0.95625 0.8546875 0.95625 0.8796875 0.9671875 0.8796875
2 0.978125 0.9046875 0.96875 0.9046875 0.96875 0.9265625 0.978125 0.9265625
2 0.9578125 0.884375 0.95 0.884375 0.95 0.9078125 0.9578125 0.9078125
2 0.9484375 0.8890625 0.940625 0.8890625 0.940625 0.91875 0.9484375 0.91875
3 0.7218750000000002 0.8796875 0.7140625000000002 0.8796875 0.7140625000000002 0.9109375 0.7218750000000002 0.9109375
3 0.7671875000000001 0.846875 0.7484375000000002 0.846875 0.7484375000000002 0.8609375 0.7671875000000001 0.8609375