1 0.19687500000000005 0.4484375 0.13125000000000003 0.4484375 0.13125000000000003 0.5078125 0.19687500000000005 0.5078125
0 0.10937500000000007 0.5265625 0.08906250000000007 0.5265625 0.08906250000000007 0.5484375 0.10937500000000008 0.5484375
2 0.03906250000000007 0.521875 0.014062500000000066 0.521875 0.014062500000000066 0.546875 0.03906250000000007 0.546875
2 0.08281250000000007 0.5390625 0.06250000000000007 0.5390625 0.06250000000000007 0.5640625 0.08281250000000007 0.5640625
2 0.057812500000000065 0.5375 0.03906250000000007 0.5375 0.03906250000000007 0.559375 0.057812500000000065 0.559375
2 0.1906250000000001 0.596875 0.1703125000000001 0.596875 0.1703125000000001 0.6265625 0.1906250000000001 0.6265625
2 0.10156250000000008 0.5671875 0.08125000000000007 0.5671875 0.08125000000000007 0.5875 0.10156250000000008 0.5875
2 0.043750000000000074 0.5609375 0.032812500000000064 0.5609375 0.03281250000000007 0.5921875 0.04375000000000008 0.5921875
2 0.05937500000000007 0.565625 0.04531250000000007 0.565625 0.045312500000000075 0.596875 0.05937500000000007 0.596875
2 0.10312500000000009 0.63125 0.08281250000000007 0.63125 0.08281250000000008 0.6625 0.10312500000000009 0.6625
2 0.09687500000000009 0.6671875 0.08125000000000009 0.6671875 0.08125000000000009 0.6984375 0.09687500000000009 0.6984375
2 0.0906250000000001 0.70625 0.07656250000000009 0.70625 0.07656250000000009 0.740625 0.0906250000000001 0.740625
2 0.3937500000000001 0.45 0.3703125000000001 0.45 0.3703125000000001 0.4671875 0.3937500000000001 0.4671875
2 0.3937500000000001 0.4703125 0.3750000000000001 0.4703125 0.3750000000000001 0.484375 0.3937500000000001 0.484375
2 0.3968750000000001 0.4875 0.3765625000000001 0.4875 0.3765625000000001 0.503125 0.3968750000000001 0.503125
0 0.3656250000000001 0.4515625 0.34843750000000007 0.4515625 0.34843750000000007 0.4625 0.3656250000000001 0.4625
2 0.3750000000000001 0.4859375 0.3515625000000001 0.4859375 0.3515625000000001 0.503125 0.3750000000000001 0.503125
4 0.3765625000000001 0.4359375 0.3671875000000001 0.4359375 0.3671875000000001 0.4453125 0.3765625000000001 0.4453125
4 0.409375 0.446875 0.4 0.446875 0.4 0.4578125 0.409375 0.4578125
4 0.3734375000000001 0.4671875 0.3656250000000001 0.4671875 0.3656250000000001 0.4734375 0.3734375000000001 0.4734375
4 0.3656250000000001 0.4671875 0.35625000000000007 0.4671875 0.35625000000000007 0.4734375 0.3656250000000001 0.4734375
4 0.3625000000000001 0.475 0.3531250000000001 0.475 0.3531250000000001 0.4828125 0.3625000000000001 0.4828125
4 0.3734375000000001 0.475 0.36406250000000007 0.475 0.36406250000000007 0.48125 0.3734375000000001 0.48125
4 0.3906250000000001 0.3703125000000001 0.3843750000000001 0.3703125000000001 0.3843750000000001 0.3906250000000001 0.3906250000000001 0.3906250000000001
4 0.4015625 0.3656250000000001 0.39531250000000007 0.3656250000000001 0.39531250000000007 0.38750000000000007 0.4015625 0.38750000000000007
4 0.409375 0.3671875000000001 0.4046875 0.3671875000000001 0.4046875 0.3859375000000001 0.409375 0.3859375000000001
4 0.4171875 0.36406250000000007 0.4140625 0.36406250000000007 0.4140625 0.3859375000000001 0.4171875 0.3859375000000001
4 0.425 0.36406250000000007 0.421875 0.36406250000000007 0.421875 0.3828125000000001 0.425 0.3828125000000001
4 0.4328125 0.3593750000000001 0.428125 0.3593750000000001 0.428125 0.3812500000000001 0.4328125 0.3812500000000001
4 0.4203125 0.3343750000000001 0.4140625 0.3343750000000001 0.4140625 0.34843750000000007 0.4203125 0.34843750000000007
4 0.43125 0.3296875000000001 0.4234375 0.3296875000000001 0.4234375 0.3437500000000001 0.43125 0.3437500000000001
4 0.4390625 0.3187500000000001 0.4296875 0.3187500000000001 0.4296875 0.3281250000000001 0.4390625 0.3281250000000001
4 0.4390625 0.3046875000000001 0.4296875 0.3046875000000001 0.4296875 0.3140625000000001 0.4390625 0.3140625000000001
4 0.4609375 0.2796875000000001 0.4515625 0.2796875000000001 0.4515625 0.2890625000000001 0.4609375 0.2890625000000001
4 0.4484375 0.30156250000000007 0.440625 0.30156250000000007 0.440625 0.3125000000000001 0.4484375 0.3125000000000001
4 0.45625 0.3343750000000001 0.446875 0.3343750000000001 0.446875 0.34843750000000007 0.45625 0.34843750000000007
4 0.44375 0.34062500000000007 0.434375 0.34062500000000007 0.434375 0.3546875000000001 0.44375 0.3546875000000001
4 0.46875 0.2890625000000001 0.459375 0.2890625000000001 0.459375 0.3000000000000001 0.46875 0.3000000000000001
4 0.4609375 0.3046875000000001 0.453125 0.3046875000000001 0.453125 0.3156250000000001 0.4609375 0.3156250000000001
4 0.45625 0.3156250000000001 0.446875 0.3156250000000001 0.446875 0.3296875000000001 0.45625 0.3296875000000001
0 0.4765625 0.2984375000000001 0.465625 0.2984375000000001 0.465625 0.3234375000000001 0.4765625 0.3234375000000001
0 0.4859375 0.3906250000000001 0.471875 0.3906250000000001 0.471875 0.4203125 0.4859375 0.4203125
2 0.4890625 0.428125 0.4765625 0.428125 0.4765625 0.46875 0.4890625 0.46875
0 0.5171875 0.2406250000000001 0.5015625 0.2406250000000001 0.5015625 0.27031250000000007 0.5171875 0.27031250000000007
0 0.525 0.13593750000000004 0.5125 0.13593750000000004 0.5125 0.16093750000000004 0.525 0.16093750000000004
0 0.5140625 0.2015625000000001 0.503125 0.2015625000000001 0.503125 0.22656250000000008 0.5140625 0.22656250000000008
0 0.5296875 0.16562500000000005 0.51875 0.16562500000000005 0.51875 0.19375000000000003 0.5296875 0.19375000000000003
0 0.5375 0.11875000000000005 0.5234375 0.11875000000000005 0.5234375 0.14062500000000006 0.5375 0.14062500000000006
0 0.5421875 0.05156250000000007 0.53125 0.05156250000000007 0.53125 0.07968750000000006 0.5421875 0.07968750000000006
2 0.521875 0.08593750000000007 0.5015625 0.08593750000000007 0.5015625 0.12031250000000004 0.521875 0.12031250000000004
2 0.4953125 0.17187500000000006 0.48125 0.17187500000000006 0.48125 0.2062500000000001 0.4953125 0.2062500000000001
4 0.4828125 0.2171875000000001 0.4734375 0.2171875000000001 0.4734375 0.22656250000000008 0.4828125 0.22656250000000008
4 0.484375 0.2062500000000001 0.4734375 0.2062500000000001 0.4734375 0.2156250000000001 0.484375 0.2156250000000001
4 0.53125 0.09062500000000007 0.521875 0.09062500000000007 0.521875 0.10937500000000004 0.53125 0.10937500000000004
2 0.55625 0.06250000000000007 0.540625 0.06250000000000007 0.540625 0.10625000000000007 0.55625 0.1062500000000001
4 0.553125 0.012500000000000067 0.5421875 0.012500000000000067 0.5421875 0.028125000000000067 0.553125 0.028125000000000067
4 0.5515625 0.028125000000000067 0.5421875 0.028125000000000067 0.5421875 0.04687500000000007 0.5515625 0.04687500000000007
0 0.5625 0.021875000000000068 0.5515625 0.021875000000000068 0.5515625 0.05156250000000007 0.5625 0.05156250000000007
0 0.4500000000000002 0.7609375 0.4390625000000002 0.7609375 0.4390625000000002 0.7921875 0.4500000000000002 0.7921875
0 0.4265625000000002 0.8078125 0.4156250000000002 0.8078125 0.4156250000000002 0.8375 0.4265625000000002 0.8375
0 0.3515625000000001 0.7765625 0.3312500000000001 0.7765625 0.3312500000000001 0.803125 0.3515625000000001 0.803125
0 0.7734375 0.6296875000000002 0.7640625 0.6296875000000002 0.7640625 0.6562500000000002 0.7734375 0.6562500000000002
0 0.790625 0.6234375000000002 0.78125 0.6234375000000002 0.78125 0.6500000000000001 0.790625 0.6500000000000001
0 0.64375 0.5046875 0.6296875 0.5046875 0.6296875 0.5203125 0.64375 0.5203125
0 0.66875 0.484375 0.6515625 0.484375 0.6515625 0.503125 0.66875 0.503125
0 0.6515625 0.525 0.634375 0.525 0.634375 0.5390625 0.6515625 0.5390625
0 0.7078125 0.5390625 0.6890625 0.5390625 0.6890625 0.553125 0.7078125 0.553125
0 0.696875 0.5703125 0.684375 0.5703125 0.684375 0.5859375 0.696875 0.5859375
0 0.6828125 0.5671875 0.6640625 0.5671875 0.6640625 0.5859375 0.6828125 0.5859375
0 0.628125 0.58125 0.6125 0.58125 0.6125 0.5953125 0.628125 0.5953125
2 0.6328125 0.515625 0.6109375 0.515625 0.6109375 0.534375 0.6328125 0.534375
2 0.634375 0.540625 0.6109375 0.540625 0.6109375 0.5578125 0.634375 0.5578125
2 0.6546875 0.540625 0.634375 0.540625 0.634375 0.5578125 0.6546875 0.5578125
2 0.6828125 0.5296875 0.659375 0.5296875 0.659375 0.5453125 0.6828125 0.5453125
2 0.728125 0.5515625000000001 0.7078125 0.5515625 0.7078125 0.5703125000000001 0.728125 0.5703125000000002
2 0.7015625 0.553125 0.6859375 0.553125 0.6859375 0.571875 0.7015625 0.571875
2 0.6859375 0.5515625 0.6625 0.5515625 0.6625 0.565625 0.6859375 0.565625
2 0.659375 0.5578125 0.6390625 0.5578125 0.6390625 0.571875 0.659375 0.571875
4 0.6140625 0.490625 0.6 0.490625 0.6 0.503125 0.6140625 0.503125
4 0.6359375 0.4890625 0.621875 0.4890625 0.621875 0.503125 0.6359375 0.503125
4 0.734375 0.534375 0.721875 0.534375 0.721875 0.5484375000000001 0.734375 0.5484375000000001
4 0.675 0.5125 0.6609375 0.5125 0.6609375 0.525 0.675 0.525
4 0.61875 0.5578125 0.609375 0.5578125 0.609375 0.5671875 0.61875 0.5671875
4 0.628125 0.559375 0.6203125 0.559375 0.6203125 0.5640625 0.628125 0.5640625
4 0.6171875 0.56875 0.609375 0.56875 0.609375 0.575 0.6171875 0.575
4 0.628125 0.56875 0.61875 0.56875 0.61875 0.578125 0.628125 0.578125
4 0.6390625 0.578125 0.6296875 0.578125 0.6296875 0.5828125 0.6390625 0.5828125
4 0.6359375 0.584375 0.628125 0.584375 0.628125 0.5921875 0.6359375 0.5921875
4 0.64375 0.5859375 0.6375 0.5859375 0.6375 0.596875 0.64375 0.596875
4 0.64375 0.5671875 0.634375 0.5671875 0.634375 0.5765625 0.64375 0.5765625
4 0.6171875 0.5046875 0.609375 0.5046875 0.609375 0.5140625 0.6171875 0.5140625
4 0.625 0.5015625 0.6171875 0.5015625 0.6171875 0.5125 0.625 0.5125
4 0.709375 0.621875 0.6984375 0.621875 0.6984375 0.63125 0.709375 0.63125
4 0.7375 0.6437500000000002 0.728125 0.6437500000000002 0.728125 0.6531250000000002 0.7375 0.6531250000000002
4 0.70625 0.6328125 0.696875 0.6328125 0.696875 0.640625 0.70625 0.640625
4 0.70625 0.6484375 0.696875 0.6484375 0.696875 0.6546875 0.70625 0.6546875
4 0.7359375 0.6531250000000001 0.725 0.653125 0.725 0.659375 0.7359375 0.6593750000000002
4 0.7046875 0.6546875 0.6953125 0.6546875 0.6953125 0.6609375 0.7046875 0.6609375
4 0.734375 0.6609375000000001 0.725 0.6609375 0.725 0.6671875 0.734375 0.6671875000000002
4 0.78125 0.6406250000000002 0.775 0.6406250000000002 0.775 0.6625000000000002 0.78125 0.6625000000000002
2 0.734375 0.6734375000000001 0.71875 0.6734375 0.71875 0.7140625 0.734375 0.7140625000000002
2 0.7156250000000002 0.7890625 0.6906250000000002 0.7890625 0.6906250000000002 0.8234375 0.7156250000000002 0.8234375
2 0.74375 0.4453125000000001 0.7171875 0.4453125 0.7171875 0.4703125000000001 0.74375 0.4703125000000002
4 0.81875 0.45625000000000016 0.8015625 0.45625000000000016 0.8015625 0.47187500000000016 0.81875 0.47187500000000016
4 0.7109375 0.3296875000000001 0.7046875 0.3296875000000001 0.7046875 0.34843750000000007 0.7109375 0.34843750000000007
4 0.71875 0.33281250000000007 0.7125 0.33281250000000007 0.7125 0.3515625000000001 0.71875 0.3515625000000001
4 0.775 0.3671875000000001 0.76875 0.3671875000000001 0.76875 0.3859375000000001 0.775 0.3859375000000001
4 0.75625 0.3625000000000001 0.75 0.3625000000000001 0.75 0.3812500000000001 0.75625 0.3812500000000001
4 0.7625 0.3687500000000001 0.75625 0.3687500000000001 0.75625 0.3906250000000001 0.7625 0.3906250000000001
4 0.75625 0.4125000000000002 0.75 0.4125000000000002 0.75 0.4312500000000002 0.75625 0.4312500000000002
4 0.75 0.4125000000000002 0.74375 0.4125000000000002 0.74375 0.4343750000000002 0.75 0.4343750000000002
4 0.79375 0.4109375000000002 0.7890625 0.4109375000000002 0.7890625 0.4343750000000002 0.79375 0.4343750000000002
4 0.7796875 0.37968750000000007 0.7734375 0.37968750000000007 0.7734375 0.3968750000000001 0.7796875 0.3968750000000001
4 0.7984375 0.3625000000000001 0.79375 0.3625000000000001 0.79375 0.3890625000000001 0.7984375 0.3890625000000001
4 0.809375 0.3609375000000001 0.803125 0.3609375000000001 0.803125 0.37968750000000007 0.809375 0.37968750000000007
4 0.825 0.40937500000000016 0.8203125 0.40937500000000016 0.8203125 0.43281250000000016 0.825 0.43281250000000016
4 0.8171875 0.40937500000000016 0.8140625 0.40937500000000016 0.8140625 0.4312500000000002 0.8171875 0.4312500000000002
4 0.8125 0.40625000000000017 0.8078125 0.40625000000000017 0.8078125 0.4312500000000002 0.8125 0.4312500000000002
4 0.8359375 0.3781250000000001 0.83125 0.3781250000000001 0.83125 0.3968750000000001 0.8359375 0.3968750000000001
4 0.8515625 0.42968750000000017 0.8421875 0.42968750000000017 0.8421875 0.44062500000000016 0.8515625 0.44062500000000016
4 0.8859375 0.3703125000000001 0.875 0.3703125000000001 0.875 0.3937500000000001 0.8859375 0.3937500000000001
4 0.8484375 0.3687500000000001 0.8390625 0.3687500000000001 0.8390625 0.3828125000000001 0.8484375 0.3828125000000001
4 0.8609375 0.3671875000000001 0.8546875 0.3671875000000001 0.8546875 0.3843750000000001 0.8609375 0.3843750000000001
4 0.853125 0.40937500000000016 0.8484375 0.40937500000000016 0.8484375 0.4265625000000002 0.853125 0.4265625000000002
4 0.875 0.40937500000000016 0.86875 0.40937500000000016 0.86875 0.4281250000000002 0.875 0.4281250000000002
4 0.9015625 0.4515625000000002 0.890625 0.4515625000000002 0.890625 0.4625000000000002 0.9015625 0.4625000000000002
4 0.93125 0.4703125000000002 0.9171875 0.4703125000000002 0.9171875 0.4828125000000002 0.93125 0.4828125000000002
4 0.9328125 0.5718750000000001 0.9203125 0.5718750000000001 0.9203125 0.5921875000000002 0.9328125 0.5921875000000002
4 0.5953125 0.1906250000000001 0.5890625 0.1906250000000001 0.5890625 0.21093750000000008 0.5953125 0.21093750000000008
4 0.5796875 0.2375000000000001 0.575 0.2375000000000001 0.575 0.2562500000000001 0.5796875 0.2562500000000001
4 0.590625 0.26250000000000007 0.5859375 0.26250000000000007 0.5859375 0.2828125000000001 0.590625 0.2828125000000001
4 0.603125 0.3390625000000001 0.5921875 0.3390625000000001 0.5921875 0.3531250000000001 0.603125 0.3531250000000001
4 0.6171875 0.38750000000000007 0.609375 0.38750000000000007 0.609375 0.4 0.6171875 0.4
4 0.603125 0.35625000000000007 0.59375 0.35625000000000007 0.59375 0.37187500000000007 0.603125 0.37187500000000007
4 0.609375 0.3734375000000001 0.6015625 0.3734375000000001 0.6015625 0.3843750000000001 0.609375 0.3843750000000001
4 0.6109375 0.3515625000000001 0.603125 0.3515625000000001 0.603125 0.36406250000000007 0.6109375 0.36406250000000007
4 0.5625 0.3312500000000001 0.55625 0.3312500000000001 0.55625 0.3500000000000001 0.5625 0.3500000000000001
4 0.5765625 0.3125000000000001 0.5703125 0.3125000000000001 0.5703125 0.3265625000000001 0.5765625 0.3265625000000001
2 0.5859375 0.2500000000000001 0.5765625 0.2500000000000001 0.5765625 0.29375000000000007 0.5859375 0.29375000000000007
0 0.578125 0.28593750000000007 0.565625 0.28593750000000007 0.565625 0.3062500000000001 0.578125 0.3062500000000001
0 0.575 0.2671875000000001 0.565625 0.2671875000000001 0.565625 0.2843750000000001 0.575 0.2843750000000001
0 0.5703125 0.3031250000000001 0.5609375 0.3031250000000001 0.5609375 0.3265625000000001 0.5703125 0.3265625000000001
1 0.5453125 0.2562500000000001 0.51875 0.2562500000000001 0.51875 0.37187500000000007 0.5453125 0.37187500000000007
1 0.5640625 0.14062500000000006 0.5375 0.14062500000000006 0.5375 0.2515625000000001 0.5640625 0.2515625000000001
1 0.5890625 0.028125000000000067 0.5625 0.028125000000000067 0.5625 0.1140625000000001 0.5890625 0.1140625000000001
6 0.61875 0.017187500000000074 0.5953125 0.01718750000000007 0.5953125 0.09531250000000006 0.61875 0.09531250000000006
6 0.6046875 0.10156250000000008 0.578125 0.10156250000000008 0.578125 0.17343750000000008 0.6046875 0.17343750000000008
4 0.6015625 0.14843750000000008 0.5953125 0.14843750000000008 0.5953125 0.1687500000000001 0.6015625 0.1687500000000001
6 0.5875 0.17968750000000008 0.559375 0.17968750000000008 0.559375 0.2468750000000001 0.5875 0.2468750000000001
6 0.5703125 0.2531250000000001 0.5421875 0.2531250000000001 0.5421875 0.3453125000000001 0.5703125 0.3453125000000001
4 0.5171875 0.3859375000000001 0.509375 0.3859375000000001 0.509375 0.4109375 0.5171875 0.4109375