1 0.2500000000000001 0.653125 0.1937500000000001 0.653125 0.1937500000000001 0.684375 0.2500000000000001 0.684375
1 0.3062500000000001 0.646875 0.2515625000000001 0.646875 0.2515625000000001 0.678125 0.3062500000000001 0.678125
2 0.0828125000000001 0.721875 0.06250000000000008 0.721875 0.06250000000000008 0.7375 0.0828125000000001 0.7375
4 0.08593750000000008 0.703125 0.07187500000000009 0.703125 0.07187500000000009 0.715625 0.08593750000000008 0.715625
0 0.14843750000000014 0.9515625 0.13437500000000013 0.9515625 0.13437500000000013 0.9703125 0.14843750000000014 0.9703125
4 0.1625000000000001 0.8046875 0.1515625000000001 0.8046875 0.1515625000000001 0.815625 0.1625000000000001 0.815625
4 0.1843750000000001 0.76875 0.17187500000000008 0.76875 0.17187500000000008 0.78125 0.1843750000000001 0.78125
4 0.2640625000000001 0.7890625 0.2468750000000001 0.7890625 0.2468750000000001 0.803125 0.2640625000000001 0.803125
4 0.2734375000000001 0.8515625 0.2640625000000001 0.8515625 0.2640625000000001 0.8609375 0.2734375000000001 0.8609375
2 0.2609375000000001 0.875 0.23593750000000008 0.875 0.23593750000000008 0.8984375 0.2609375000000001 0.8984375
4 0.32500000000000007 0.8546875 0.3140625000000001 0.8546875 0.3140625000000001 0.86875 0.32500000000000007 0.86875
4 0.3437500000000001 0.7640625 0.3312500000000001 0.7640625 0.3312500000000001 0.7734375 0.3437500000000001 0.7734375
2 0.3734375000000001 0.803125 0.3531250000000001 0.803125 0.3531250000000001 0.8234375 0.3734375000000001 0.8234375
4 0.3734375000000001 0.875 0.36406250000000007 0.875 0.36406250000000007 0.8890625 0.3734375000000001 0.8890625
4 0.4359375000000002 0.8046875 0.42500000000000016 0.8046875 0.42500000000000016 0.8140625 0.4359375000000002 0.8140625
4 0.43750000000000017 0.728125 0.4265625000000002 0.728125 0.4265625000000002 0.7390625 0.43750000000000017 0.7390625
4 0.48750000000000016 0.7796875 0.47656250000000017 0.7796875 0.47656250000000017 0.7953125 0.48750000000000016 0.7953125
4 0.5671875000000002 0.7875 0.5562500000000001 0.7875 0.5562500000000001 0.7984375 0.5671875000000002 0.7984375
4 0.5750000000000002 0.8375 0.5640625000000001 0.8375 0.5640625000000001 0.8515625 0.5750000000000002 0.8515625
0 0.5843750000000002 0.8515625 0.5687500000000002 0.8515625 0.5687500000000002 0.86875 0.5843750000000002 0.86875
4 0.6015625000000002 0.859375 0.5906250000000002 0.859375 0.5906250000000002 0.8703125 0.6015625000000002 0.8703125
4 0.6296875000000002 0.7734375 0.6187500000000001 0.7734375 0.6187500000000001 0.7828125 0.6296875000000002 0.7828125
4 0.6687500000000002 0.903125 0.6578125000000001 0.903125 0.6578125000000001 0.91875 0.6687500000000002 0.91875
4 0.7312500000000002 0.853125 0.7203125000000001 0.853125 0.7203125000000001 0.8671875 0.7312500000000002 0.8671875
2 0.7750000000000001 0.853125 0.7531250000000002 0.853125 0.7531250000000002 0.8734375 0.7750000000000001 0.8734375
2 0.821875 0.8625 0.7968750000000002 0.8625 0.7968750000000002 0.884375 0.821875 0.884375
4 0.815625 0.8921875 0.803125 0.8921875 0.803125 0.903125 0.815625 0.903125
4 0.8375 0.85 0.8234375 0.85 0.8234375 0.8609375 0.8375 0.8609375
4 0.8375 0.7906250000000001 0.8234375 0.7906250000000001 0.8234375 0.8015625 0.8375 0.8015625
4 0.8578125 0.7750000000000001 0.84375 0.7750000000000001 0.84375 0.7890625000000002 0.8578125 0.7890625000000002
4 0.8859375 0.7937500000000002 0.8734375 0.7937500000000002 0.8734375 0.80625 0.8859375 0.80625
4 0.9390625 0.7828125000000001 0.925 0.7828125000000001 0.925 0.7937500000000002 0.9390625 0.7937500000000002
4 0.996875 0.7843750000000002 0.9859375 0.7843750000000002 0.9859375 0.7953125000000002 0.996875 0.7953125000000002
4 0.9828125 0.7390625000000002 0.971875 0.7390625000000002 0.971875 0.7500000000000002 0.9828125 0.7500000000000002
3 0.896875 0.81875 0.865625 0.81875 0.865625 0.8421875 0.896875 0.8421875
2 0.88125 0.878125 0.85625 0.878125 0.85625 0.9015625 0.88125 0.9015625
4 0.8453125 0.7281250000000001 0.834375 0.7281250000000001 0.834375 0.7406250000000002 0.8453125 0.7406250000000002
4 0.609375 0.6828125 0.5984375 0.6828125 0.5984375 0.6953125 0.609375 0.6953125
4 0.5359375 0.68125 0.53125 0.68125 0.53125 0.7 0.5359375 0.7
4 0.5203125 0.646875 0.515625 0.646875 0.515625 0.6640625 0.5203125 0.6640625
2 0.5468750000000001 0.7109375 0.53125 0.7109375 0.5312500000000001 0.746875 0.5468750000000002 0.746875
0 0.471875 0.5203125 0.4625 0.5203125 0.4625 0.5453125 0.471875 0.5453125
4 0.5265625 0.528125 0.5203125 0.528125 0.5203125 0.55 0.5265625 0.55
3 0.5359375 0.4609375 0.5234375 0.4609375 0.5234375 0.4921875 0.5359375 0.4921875
4 0.4734375 0.4046875 0.46875 0.4046875 0.46875 0.425 0.4734375 0.425
4 0.4859375 0.3578125000000001 0.48125 0.3578125000000001 0.48125 0.37968750000000007 0.4859375 0.37968750000000007
0 0.5328125 0.2921875000000001 0.5234375 0.2921875000000001 0.5234375 0.3187500000000001 0.5328125 0.3187500000000001
4 0.528125 0.12656250000000005 0.521875 0.12656250000000005 0.521875 0.14687500000000003 0.528125 0.14687500000000003