5 0.2578125000000001 0.6625 0.19531250000000008 0.6625 0.19531250000000008 0.6984375 0.2578125000000001 0.6984375
5 0.3234375000000001 0.6578125 0.2593750000000001 0.6578125 0.2593750000000001 0.69375 0.3234375000000001 0.69375
6 0.16406250000000008 0.875 0.12500000000000008 0.875 0.12500000000000008 0.90625 0.16406250000000008 0.90625
2 0.21875000000000008 0.8625 0.1921875000000001 0.8625 0.1921875000000001 0.8875 0.21875000000000008 0.8875
2 0.09062500000000011 0.93125 0.06875000000000012 0.93125 0.06875000000000012 0.9515625 0.09062500000000011 0.9515625
0 0.15000000000000013 0.934375 0.13437500000000013 0.934375 0.13437500000000013 0.953125 0.15000000000000013 0.953125
4 0.09687500000000009 0.790625 0.07968750000000009 0.790625 0.07968750000000009 0.809375 0.09687500000000009 0.809375
2 0.3968750000000001 0.690625 0.3750000000000001 0.690625 0.3750000000000001 0.7171875 0.3968750000000001 0.7171875
2 0.4046875000000002 0.7890625 0.37968750000000007 0.7890625 0.37968750000000007 0.8140625 0.4046875000000002 0.8140625
2 0.3937500000000001 0.9171875 0.3703125000000001 0.9171875 0.3703125000000001 0.9421875 0.3937500000000001 0.9421875
5 0.5750000000000002 0.8 0.5109375000000002 0.8 0.5109375000000002 0.84375 0.5750000000000002 0.84375
2 0.5796875000000001 0.728125 0.5562500000000001 0.728125 0.5562500000000001 0.7703125 0.5796875000000001 0.7703125
4 0.6234375000000002 0.9015625 0.6062500000000002 0.9015625 0.6062500000000002 0.9125 0.6234375000000002 0.9125
5 0.6250000000000002 0.853125 0.5781250000000002 0.853125 0.5781250000000002 0.8875 0.6250000000000002 0.8875
4 0.5390625 0.6703125 0.528125 0.6703125 0.528125 0.696875 0.5390625 0.696875
4 0.51875 0.6921875 0.5125 0.6921875 0.5125 0.715625 0.51875 0.715625
4 0.5 0.6875 0.484375 0.6875 0.484375 0.7140625 0.5 0.7140625
4 0.49375 0.6375 0.484375 0.6375 0.484375 0.6625 0.49375 0.6625
4 0.503125 0.5953125 0.49375 0.5953125 0.49375 0.6125 0.503125 0.6125
4 0.528125 0.5265625 0.5140625 0.5265625 0.5140625 0.553125 0.528125 0.553125
0 0.4921875 0.565625 0.4765625 0.565625 0.4765625 0.596875 0.4921875 0.596875
2 0.5359375 0.428125 0.521875 0.428125 0.521875 0.4625 0.5359375 0.4625
0 0.4984375 0.496875 0.4875 0.496875 0.4875 0.5234375 0.4984375 0.5234375
4 0.4796875 0.496875 0.471875 0.496875 0.471875 0.51875 0.4796875 0.51875
4 0.6828125000000002 0.84375 0.6687500000000002 0.84375 0.6687500000000002 0.8671875 0.6828125000000002 0.8671875
4 0.6578125000000001 0.853125 0.6437500000000002 0.853125 0.6437500000000002 0.8703125 0.6578125000000001 0.8703125
2 0.7156250000000002 0.7765625 0.6859375000000002 0.7765625 0.6859375000000002 0.8046875 0.7156250000000002 0.8046875
0 0.7203125000000001 0.85 0.7015625000000002 0.85 0.7015625000000002 0.8796875 0.7203125000000001 0.8796875
5 0.86875 0.865625 0.8 0.865625 0.8 0.9140625 0.86875 0.9140625
4 0.8734375 0.7828125000000001 0.8625 0.7828125000000001 0.8625 0.803125 0.8734375 0.803125
0 0.9078125 0.8796875 0.890625 0.8796875 0.890625 0.903125 0.9078125 0.903125
2 0.7953125 0.6906250000000002 0.76875 0.6906250000000002 0.76875 0.7218750000000002 0.7953125 0.7218750000000002
0 0.9484375 0.7875000000000002 0.93125 0.7875000000000002 0.93125 0.8125 0.9484375 0.8125
4 0.9953125 0.875 0.9828125 0.875 0.9828125 0.8953125 0.9953125 0.8953125
4 0.4859375 0.02031250000000006 0.471875 0.020312500000000056 0.471875 0.04218750000000006 0.4859375 0.04218750000000006