2 0.3343750000000001 0.7734375 0.31718750000000007 0.7734375 0.31718750000000007 0.803125 0.3343750000000001 0.803125
6 0.35625000000000007 0.65625 0.3296875000000001 0.65625 0.3296875000000001 0.7 0.35625000000000007 0.7
2 0.69375 0.2296875000000001 0.6734375 0.2296875000000001 0.6734375 0.2640625000000001 0.69375 0.2640625000000001
2 0.64375 0.3203125000000001 0.625 0.3203125000000001 0.625 0.3546875000000001 0.64375 0.3546875000000001
1 0.6406250000000002 0.753125 0.5953125000000001 0.753125 0.5953125000000001 0.84375 0.6406250000000002 0.84375
2 0.4125 0.565625 0.3937500000000001 0.565625 0.3937500000000001 0.59375 0.4125 0.59375
0 0.3421875000000001 0.5140625 0.3281250000000001 0.5140625 0.3281250000000001 0.5328125 0.3421875000000001 0.5328125
2 0.18906250000000008 0.7765625 0.17187500000000008 0.7765625 0.17187500000000008 0.8078125 0.18906250000000008 0.8078125
4 0.3906250000000001 0.5859375 0.3812500000000001 0.5859375 0.3812500000000001 0.6 0.3906250000000001 0.6
0 0.23437500000000008 0.6828125 0.22031250000000008 0.6828125 0.22031250000000008 0.703125 0.23437500000000008 0.703125
2 0.3234375000000001 0.70625 0.3031250000000001 0.70625 0.3031250000000001 0.7375 0.3234375000000001 0.7375
2 0.675 0.2593750000000001 0.65625 0.2593750000000001 0.65625 0.2890625000000001 0.675 0.2890625000000001
4 0.3687500000000001 0.6140625 0.3593750000000001 0.6140625 0.3593750000000001 0.6296875 0.3687500000000001 0.6296875
2 0.3765625000000001 0.6296875 0.3546875000000001 0.6296875 0.3546875000000001 0.659375 0.3765625000000001 0.659375
2 0.6234375 0.4 0.603125 0.4 0.603125 0.4375 0.6234375 0.4375
2 0.578125 0.690625 0.5609375 0.690625 0.5609375 0.7203125 0.578125 0.7203125
2 0.565625 0.7125 0.5484375 0.7125 0.5484375000000001 0.7453125 0.5656250000000002 0.7453125
2 0.5937500000000001 0.7234375 0.575 0.7234375 0.5750000000000001 0.759375 0.5937500000000002 0.759375
2 0.559375 0.68125 0.546875 0.68125 0.546875 0.7125 0.559375 0.7125
2 0.5906250000000002 0.7515625 0.5703125000000002 0.7515625 0.5703125000000002 0.7890625 0.5906250000000002 0.7890625
4 0.6015625000000002 0.76875 0.5921875000000002 0.76875 0.5921875000000002 0.7890625 0.6015625000000002 0.7890625
1 0.590625 0.6359375 0.55625 0.6359375 0.55625 0.715625 0.590625 0.715625
2 0.7546875000000002 0.9125 0.7328125000000002 0.9125 0.7328125000000002 0.9515625 0.7546875000000002 0.9515625
2 0.7328125000000002 0.853125 0.7109375000000002 0.853125 0.7109375000000002 0.8765625 0.7328125000000002 0.8765625
4 0.553125 0.65 0.5453125 0.65 0.5453125 0.6671875 0.553125 0.6671875
4 0.54375 0.6578125 0.5375 0.6578125 0.5375 0.671875 0.54375 0.671875
4 0.5453125 0.6796875 0.5375 0.6796875 0.5375 0.696875 0.5453125 0.696875
4 0.546875 0.703125 0.5375 0.703125 0.5375 0.715625 0.546875 0.715625
4 0.5296875 0.68125 0.521875 0.68125 0.521875 0.696875 0.5296875 0.696875
4 0.55 0.69375 0.5421875 0.69375 0.5421875 0.7109375 0.55 0.7109375
4 0.5375 0.665625 0.5296875 0.665625 0.5296875 0.68125 0.5375 0.68125
4 0.5453125000000001 0.7109375 0.5375 0.7109375 0.5375000000000001 0.728125 0.5453125000000002 0.728125
4 0.5375 0.7 0.53125 0.7 0.53125 0.7140625 0.5375 0.7140625
2 0.7140625 0.2015625000000001 0.696875 0.2015625000000001 0.696875 0.2328125000000001 0.7140625 0.2328125000000001
2 0.8453125 0.11093750000000009 0.81875 0.11093750000000009 0.81875 0.14843750000000008 0.8453125 0.14843750000000008
2 0.7359375 0.004687500000000089 0.7171875 0.004687500000000087 0.7171875 0.03750000000000009 0.7359375 0.03750000000000009
0 0.6875 0.06093750000000009 0.6734375 0.06093750000000009 0.6734375 0.08437500000000009 0.6875 0.08437500000000009
0 0.671875 0.07187500000000009 0.6609375 0.07187500000000009 0.6609375 0.09687500000000009 0.671875 0.09687500000000009
2 0.20468750000000008 0.8890625 0.1843750000000001 0.8890625 0.18437500000000012 0.925 0.20468750000000008 0.925
2 0.24218750000000008 0.83125 0.2234375000000001 0.83125 0.2234375000000001 0.8625 0.24218750000000008 0.8625
2 0.2687500000000001 0.7953125 0.24375000000000008 0.7953125 0.24375000000000008 0.8359375 0.2687500000000001 0.8359375
2 0.20312500000000008 0.6671875 0.1828125000000001 0.6671875 0.1828125000000001 0.7015625 0.20312500000000008 0.7015625
2 0.3046875000000001 0.728125 0.2843750000000001 0.728125 0.2843750000000001 0.7609375 0.3046875000000001 0.7609375
2 0.2843750000000001 0.765625 0.26250000000000007 0.765625 0.26250000000000007 0.796875 0.2843750000000001 0.796875
2 0.3937500000000001 0.6015625 0.3750000000000001 0.6015625 0.3750000000000001 0.6296875 0.3937500000000001 0.6296875
4 0.37968750000000007 0.5953125 0.37187500000000007 0.5953125 0.37187500000000007 0.6109375 0.37968750000000007 0.6109375
0 0.365625 0.290625 0.3515625 0.290625 0.3515625 0.3140625 0.365625 0.3140625000000001
2 0.2234375000000001 0.8515625 0.2062500000000001 0.8515625 0.2062500000000001 0.8828125 0.2234375000000001 0.8828125
2 0.24218750000000008 0.909375 0.22031250000000008 0.909375 0.22031250000000008 0.9484375 0.24218750000000008 0.9484375
2 0.4640625 0.3359375000000001 0.45 0.3359375000000001 0.45 0.3734375000000001 0.4640625 0.3734375000000001
4 0.3984375000000001 0.571875 0.3890625000000001 0.571875 0.3890625000000001 0.5859375 0.3984375000000001 0.5859375
5 0.646875 0.37187500000000007 0.625 0.37187500000000007 0.625 0.4078125 0.646875 0.4078125
2 0.5671875000000002 0.7453125 0.5515625000000002 0.7453125 0.5515625000000002 0.7765625 0.5671875000000002 0.7765625
2 0.24375000000000008 0.5 0.22812500000000008 0.5 0.22812500000000008 0.5359375 0.24375000000000008 0.5359375
4 0.3750000000000001 0.615625 0.3687500000000001 0.615625 0.3687500000000001 0.628125 0.3750000000000001 0.628125
2 0.18281250000000013 0.9140625 0.16406250000000014 0.9140625 0.16406250000000014 0.9484375 0.18281250000000013 0.9484375
2 0.6625 0.3203125000000001 0.64375 0.3203125000000001 0.64375 0.3546875000000001 0.6625 0.3546875000000001
4 0.63125 0.3609375000000001 0.621875 0.3609375000000001 0.621875 0.37968750000000007 0.63125 0.37968750000000007
2 0.6234375 0.3656250000000001 0.6046875 0.3656250000000001 0.6046875 0.3984375000000001 0.6234375 0.3984375000000001
4 0.5375 0.6765625 0.5265625 0.6765625 0.5265625 0.69375 0.5375 0.69375
0 0.6421875 0.3546875000000001 0.6296875 0.3546875000000001 0.6296875 0.3734375000000001 0.6421875 0.3734375000000001
4 0.625 0.4234375 0.6140625 0.4234375 0.6140625 0.4375 0.625 0.4375
4 0.6140625 0.44375 0.6046875 0.44375 0.6046875 0.459375 0.6140625 0.459375
4 0.6359375 0.4109375 0.6265625 0.4109375 0.6265625 0.428125 0.6359375 0.428125
4 0.6046875 0.434375 0.5953125 0.434375 0.5953125 0.4546875 0.6046875 0.4546875
4 0.7484375 0.028125000000000087 0.740625 0.028125000000000087 0.740625 0.05156250000000009 0.7484375 0.05156250000000009
2 0.17031250000000014 0.95 0.15000000000000013 0.95 0.15000000000000013 0.9859375 0.17031250000000014 0.9859375
2 0.40625 0.6515625 0.3906250000000001 0.6515625 0.3906250000000001 0.6796875 0.40625 0.6796875
2 0.6609375 0.2875000000000001 0.6421875 0.2875000000000001 0.6421875 0.3218750000000001 0.6609375 0.3218750000000001
2 0.6171875000000002 0.7921875 0.5984375000000002 0.7921875 0.5984375000000002 0.828125 0.6171875000000002 0.828125
4 0.6 0.7046875 0.590625 0.7046875 0.590625 0.7203125 0.6 0.7203125
4 0.5906250000000002 0.759375 0.5859375000000002 0.759375 0.5859375000000002 0.7703125 0.5906250000000002 0.7703125
2 0.71875 0.2218750000000001 0.6984375 0.2218750000000001 0.6984375 0.2593750000000001 0.71875 0.2593750000000001
2 0.428125 0.5921875 0.409375 0.5921875 0.409375 0.6234375 0.428125 0.6234375
2 0.6765625 0.2921875000000001 0.659375 0.2921875000000001 0.659375 0.3234375000000001 0.6765625 0.3234375000000001
2 0.35625000000000007 0.60625 0.3375000000000001 0.60625 0.3375000000000001 0.640625 0.35625000000000007 0.640625
2 0.2609375000000001 0.7703125 0.24218750000000008 0.7703125 0.24218750000000008 0.8015625 0.2609375000000001 0.8015625
4 0.3625000000000001 0.6359375 0.3531250000000001 0.6359375 0.3531250000000001 0.646875 0.3625000000000001 0.646875
2 0.7515625 0.1984375000000001 0.73125 0.1984375000000001 0.73125 0.23437500000000008 0.7515625 0.23437500000000008
2 0.7265625 0.1703125000000001 0.7109375 0.1703125000000001 0.7109375 0.2000000000000001 0.7265625 0.2000000000000001
1 0.7265625 0.2500000000000001 0.678125 0.2500000000000001 0.678125 0.3390625000000001 0.7265625 0.3390625000000001
2 0.74375 0.1437500000000001 0.725 0.1437500000000001 0.725 0.1781250000000001 0.74375 0.1781250000000001
4 0.6265625 0.4515625 0.6203125 0.4515625 0.6203125 0.465625 0.6265625 0.465625
4 0.63125 0.43125 0.6234375 0.43125 0.6234375 0.4453125 0.63125 0.4453125
4 0.628125 0.4109375 0.621875 0.4109375 0.621875 0.425 0.628125 0.425
4 0.6234375 0.465625 0.6171875 0.465625 0.6171875 0.478125 0.6234375 0.478125
0 0.759375 0.14218750000000008 0.746875 0.14218750000000008 0.746875 0.1671875000000001 0.759375 0.1671875000000001
0 0.7328125 0.24375000000000008 0.7203125 0.24375000000000008 0.7203125 0.2656250000000001 0.7328125 0.2656250000000001
4 0.27812500000000007 0.7203125 0.2687500000000001 0.7203125 0.2687500000000001 0.7390625 0.27812500000000007 0.7390625
2 0.478125 0.4203125 0.465625 0.4203125 0.465625 0.4609375 0.478125 0.4609375
2 0.7359375 0.1921875000000001 0.7171875 0.1921875000000001 0.7171875 0.22031250000000008 0.7359375 0.22031250000000008
4 0.6734375 0.24375000000000008 0.6671875 0.24375000000000008 0.6671875 0.2593750000000001 0.6734375 0.2593750000000001
6 0.6406250000000002 0.8375 0.6109375000000001 0.8375 0.6109375000000001 0.89375 0.6406250000000002 0.89375
2 0.6593750000000002 0.8875 0.6406250000000002 0.8875 0.6406250000000002 0.91875 0.6593750000000002 0.91875
2 0.3140625000000001 0.6765625 0.2953125000000001 0.6765625 0.2953125000000001 0.70625 0.3140625000000001 0.70625
2 0.15312500000000012 0.9703125 0.13437500000000013 0.9703125 0.13437500000000013 1 0.15312500000000012 1
2 0.4203125 0.4125 0.403125 0.4125 0.403125 0.446875 0.4203125 0.446875
4 0.6250000000000002 0.8265625 0.6187500000000001 0.8265625 0.6187500000000001 0.8375 0.6250000000000002 0.8375
4 0.3734375000000001 0.5984375 0.3671875000000001 0.5984375 0.3671875000000001 0.609375 0.3734375000000001 0.609375
4 0.6078125 0.4890625 0.6 0.4890625 0.6 0.5046875 0.6078125 0.5046875
3 0.7625 0.12031250000000009 0.7484375 0.12031250000000009 0.7484375 0.1468750000000001 0.7625 0.1468750000000001
2 0.753125 0.1671875000000001 0.7328125 0.1671875000000001 0.7328125 0.19531250000000008 0.753125 0.19531250000000008
4 0.409375 0.5515625 0.4015625 0.5515625 0.4015625 0.5609375 0.409375 0.5609375
2 0.2906250000000001 0.80625 0.2718750000000001 0.80625 0.2718750000000001 0.8421875 0.2906250000000001 0.8421875
4 0.6203125 0.446875 0.6109375 0.446875 0.6109375 0.4671875 0.6203125 0.4671875
0 0.775 0.021875000000000096 0.7578125 0.021875000000000096 0.7578125 0.0468750000000001 0.775 0.0468750000000001
4 0.753125 0.1781250000000001 0.7453125 0.1781250000000001 0.7453125 0.19687500000000008 0.753125 0.19687500000000008
0 0.7265625 0.22812500000000008 0.7171875 0.22812500000000008 0.7171875 0.2484375000000001 0.7265625 0.2484375000000001
2 0.6765625000000002 0.8796875 0.6562500000000002 0.8796875 0.6562500000000002 0.9171875 0.6765625000000002 0.9171875
2 0.6578125000000001 0.840625 0.6406250000000002 0.840625 0.6406250000000002 0.8734375 0.6578125000000001 0.8734375
4 0.6062500000000001 0.721875 0.596875 0.721875 0.596875 0.7359375 0.6062500000000002 0.7359375
4 0.621875 0.5 0.615625 0.5 0.615625 0.5109375 0.621875 0.5109375
4 0.634375 0.4484375 0.628125 0.4484375 0.628125 0.4640625 0.634375 0.4640625
4 0.61875 0.4875 0.6109375 0.4875 0.6109375 0.4984375 0.61875 0.4984375
2 0.13281250000000014 0.965625 0.11562500000000013 0.965625 0.11562500000000013 1 0.13281250000000014 1
2 0.1765625000000001 0.7125 0.15781250000000008 0.7125 0.15781250000000008 0.7515625 0.1765625000000001 0.7515625
4 0.2531250000000001 0.7609375 0.2453125000000001 0.7609375 0.2453125000000001 0.775 0.2531250000000001 0.775
2 0.32500000000000007 0.75625 0.3062500000000001 0.75625 0.3062500000000001 0.7875 0.32500000000000007 0.7875
4 0.3609375000000001 0.58125 0.3546875000000001 0.58125 0.3546875000000001 0.6015625 0.3609375000000001 0.6015625
4 0.3750000000000001 0.565625 0.3671875000000001 0.565625 0.3671875000000001 0.584375 0.3750000000000001 0.584375
4 0.759375 0.1609375000000001 0.75 0.1609375000000001 0.75 0.1781250000000001 0.759375 0.1781250000000001
4 0.75625 0.19531250000000008 0.746875 0.19531250000000008 0.746875 0.2093750000000001 0.75625 0.2093750000000001
0 0.7703125 0.1609375000000001 0.7578125 0.1609375000000001 0.7578125 0.1828125000000001 0.7703125 0.1828125000000001
4 0.496875 0.475 0.4875 0.475 0.4875 0.490625 0.496875 0.490625
4 0.45 0.5515625 0.4375 0.5515625 0.4375 0.5671875 0.45 0.5671875
2 0.365625 0.09531250000000005 0.3453125 0.09531250000000005 0.3453125 0.13437500000000005 0.365625 0.13437500000000005
2 0.7828125 0.1843750000000001 0.7640625 0.1843750000000001 0.7640625 0.22031250000000008 0.7828125 0.22031250000000008
4 0.6484375 0.4375 0.640625 0.4375 0.640625 0.45625 0.6484375 0.45625
2 0.375 0.24687500000000004 0.3609375 0.246875 0.3609375 0.2828125 0.375 0.2828125000000001
4 0.3000000000000001 0.68125 0.2906250000000001 0.68125 0.2906250000000001 0.696875 0.3000000000000001 0.696875
2 0.22031250000000008 0.8265625 0.2015625000000001 0.8265625 0.2015625000000001 0.8625 0.22031250000000008 0.8625
2 0.48125 0.3218750000000001 0.4609375 0.3218750000000001 0.4609375 0.35625000000000007 0.48125 0.35625000000000007
4 0.4296875 0.6390625 0.41875 0.6390625 0.41875 0.653125 0.4296875 0.653125
2 0.2687500000000001 0.88125 0.2500000000000001 0.88125 0.2500000000000001 0.9125 0.2687500000000001 0.9125
2 0.19218750000000012 0.965625 0.17343750000000013 0.965625 0.17343750000000013 0.9953125 0.19218750000000012 0.9953125
4 0.3453125000000001 0.73125 0.3359375000000001 0.73125 0.3359375000000001 0.746875 0.3453125000000001 0.746875
4 0.3734375000000001 0.6796875 0.36406250000000007 0.6796875 0.36406250000000007 0.6921875 0.3734375000000001 0.6921875
4 0.3546875000000001 0.7265625 0.34843750000000007 0.7265625 0.34843750000000007 0.740625 0.3546875000000001 0.740625
4 0.4 0.684375 0.3906250000000001 0.684375 0.3906250000000001 0.6953125 0.4 0.6953125
2 0.4015625 0.5328125 0.3812500000000001 0.5328125 0.3812500000000001 0.5640625 0.4015625 0.5640625
4 0.3359375000000001 0.6234375 0.3281250000000001 0.6234375 0.3281250000000001 0.6390625 0.3359375000000001 0.6390625
4 0.3281250000000001 0.6390625 0.3187500000000001 0.6390625 0.3187500000000001 0.653125 0.3281250000000001 0.653125
4 0.3203125000000001 0.6546875 0.3109375000000001 0.6546875 0.3109375000000001 0.6671875 0.3203125000000001 0.6671875
4 0.2890625000000001 0.6984375 0.2796875000000001 0.6984375 0.2796875000000001 0.715625 0.2890625000000001 0.715625
4 0.2671875000000001 0.740625 0.2562500000000001 0.740625 0.2562500000000001 0.753125 0.2671875000000001 0.753125
2 0.17656250000000012 0.896875 0.1515625000000001 0.896875 0.1515625000000001 0.9359375 0.17656250000000012 0.9359375
4 0.6140625 0.64375 0.6046875 0.64375 0.6046875 0.665625 0.6140625 0.665625
0 0.6859375000000002 0.80625 0.6734375000000001 0.80625 0.6734375000000001 0.8390625 0.6859375000000002 0.8390625
4 0.4 0.19531250000000006 0.390625 0.19531250000000006 0.390625 0.2171875000000001 0.4 0.2171875000000001
2 0.5984375 0.2093750000000001 0.578125 0.2093750000000001 0.578125 0.23437500000000008 0.5984375 0.23437500000000008
4 0.5390625 0.19218750000000004 0.5296875 0.19218750000000004 0.5296875 0.21093750000000008 0.5390625 0.21093750000000008
4 0.396875 0.31718750000000007 0.3859375 0.31718750000000007 0.3859375 0.3375000000000001 0.396875 0.3375000000000001
0 0.7734375 0.1296875000000001 0.7578125 0.1296875000000001 0.7578125 0.14843750000000008 0.7734375 0.14843750000000008
4 0.784375 0.12656250000000008 0.775 0.12656250000000008 0.775 0.14218750000000008 0.784375 0.14218750000000008
4 0.8421875 0.007812500000000102 0.83125 0.007812500000000102 0.83125 0.0296875000000001 0.8421875 0.0296875000000001
4 0.3234375000000001 0.6875 0.3156250000000001 0.6875 0.3156250000000001 0.7015625 0.3234375000000001 0.7015625