4 0.02187500000000008 0.6296875 0.0062500000000000775 0.6296875 0.0062500000000000775 0.64375 0.02187500000000008 0.64375
4 0.18125000000000008 0.8453125 0.1609375000000001 0.8453125 0.1609375000000001 0.865625 0.18125000000000008 0.865625
0 0.3359375000000001 0.8609375 0.3156250000000001 0.8609375 0.3156250000000001 0.8859375 0.3359375000000001 0.8859375
0 0.3671875000000001 0.840625 0.3515625000000001 0.840625 0.3515625000000001 0.86875 0.3671875000000001 0.86875
0 0.018750000000000117 0.9390625 1.1500198848243113e-16 0.9390625 1.1681982357491548e-16 0.96875 0.018750000000000117 0.96875
0 0.5203125000000002 0.9296875 0.5015625000000001 0.9296875 0.5015625000000001 0.946875 0.5203125000000002 0.946875
5 0.15781250000000008 0.5421875 0.07812500000000007 0.5421875 0.07812500000000007 0.5734375 0.15781250000000008 0.5734375
5 0.2390625000000001 0.528125 0.15937500000000004 0.528125 0.15937500000000007 0.56875 0.2390625000000001 0.56875
3 0.49218750000000017 0.7921875 0.46093750000000017 0.7921875 0.46093750000000017 0.8375 0.49218750000000017 0.8375
3 0.6046875000000002 0.74375 0.5718750000000001 0.74375 0.5718750000000001 0.775 0.6046875000000002 0.775
4 0.5375000000000002 0.7765625 0.5250000000000001 0.7765625 0.5250000000000001 0.7953125 0.5375000000000002 0.7953125
4 0.5671875000000002 0.775 0.5531250000000002 0.775 0.5531250000000002 0.7984375 0.5671875000000002 0.7984375
2 0.7109375000000002 0.7484375 0.6812500000000001 0.7484375 0.6812500000000001 0.7734375 0.7109375000000002 0.7734375
2 0.7187500000000002 0.8328125 0.6906250000000002 0.8328125 0.6906250000000002 0.8546875 0.7187500000000002 0.8546875
3 0.7171875000000002 0.865625 0.6937500000000002 0.865625 0.6937500000000002 0.8890625 0.7171875000000002 0.8890625
4 0.734375 0.6937500000000001 0.721875 0.69375 0.721875 0.7046875000000001 0.734375 0.7046875000000001
2 0.7953125000000002 0.834375 0.7656250000000002 0.834375 0.7656250000000002 0.859375 0.7953125000000002 0.859375
2 0.8125 0.7109375000000002 0.784375 0.7109375000000002 0.784375 0.7453125000000002 0.8125 0.7453125000000002
4 0.86875 0.80625 0.85 0.80625 0.85 0.821875 0.86875 0.821875
3 0.890625 0.834375 0.846875 0.834375 0.846875 0.86875 0.890625 0.86875
4 0.95 0.815625 0.9328125 0.815625 0.9328125 0.8328125 0.95 0.8328125
4 0.903125 0.6296875000000002 0.8890625 0.6296875000000002 0.8890625 0.6500000000000001 0.903125 0.6500000000000001
4 0.4921875 0.628125 0.4828125 0.628125 0.4828125 0.6515625 0.4921875 0.6515625
4 0.471875 0.03281250000000006 0.4609375 0.03281250000000006 0.4609375 0.06093750000000007 0.471875 0.06093750000000007
4 0.5453125 0.029687500000000068 0.5359375 0.029687500000000068 0.5359375 0.06406250000000006 0.5453125 0.06406250000000006