2 0.49375 0.471875 0.475 0.471875 0.475 0.5203125 0.49375 0.5203125
2 0.5078125 0.3515625000000001 0.478125 0.3515625000000001 0.478125 0.3859375000000001 0.5078125 0.3859375000000001
2 0.2968750000000001 0.9484375 0.2765625000000001 0.9484375 0.2765625000000001 0.9953125 0.2968750000000001 0.9953125
0 0.7406250000000002 0.86875 0.7234375000000002 0.86875 0.7234375000000002 0.9 0.7406250000000002 0.9
0 0.4296875 0.625 0.4125 0.625 0.4125 0.65625 0.4296875 0.65625
0 0.6546875 0.428125 0.6375 0.428125 0.6375 0.4578125 0.6546875 0.4578125
0 0.37031250000000004 0.353125 0.353125 0.353125 0.353125 0.37968750000000007 0.3703125000000001 0.37968750000000007
0 0.3203125000000001 0.6625 0.3062500000000001 0.6625 0.3062500000000001 0.7078125 0.3203125000000001 0.7078125
4 0.5671875 0.5109375 0.553125 0.5109375 0.553125 0.5359375 0.5671875 0.5359375
4 0.5703125 0.4890625 0.5625 0.4890625 0.5625 0.5078125 0.5703125 0.5078125
4 0.5109375 0.428125 0.5 0.428125 0.5 0.45 0.5109375 0.45
4 0.6453125 0.4015625 0.628125 0.4015625 0.628125 0.4265625 0.6453125 0.4265625
4 0.521875 0.58125 0.5125 0.58125 0.5125 0.6015625 0.521875 0.6015625
4 0.5296875 0.5453125 0.5125 0.5453125 0.5125 0.565625 0.5296875 0.565625
4 0.5046875 0.5796875 0.490625 0.5796875 0.490625 0.6 0.5046875 0.6
4 0.559375 0.6734375 0.5453125 0.6734375 0.5453125 0.6953125 0.559375 0.6953125
4 0.603125 0.6640625 0.590625 0.6640625 0.590625 0.6875 0.603125 0.6875
4 0.4890625 0.590625 0.471875 0.590625 0.471875 0.615625 0.4890625 0.615625
4 0.471875 0.646875 0.4609375 0.646875 0.4609375 0.6625 0.471875 0.6625
4 0.453125 0.66875 0.440625 0.66875 0.440625 0.684375 0.453125 0.684375
4 0.4609375 0.684375 0.446875 0.684375 0.446875 0.7 0.4609375 0.7
4 0.4625 0.5484375 0.4484375 0.5484375 0.4484375 0.565625 0.4625 0.565625
4 0.4296875 0.4796875 0.4203125 0.4796875 0.4203125 0.503125 0.4296875 0.503125
4 0.4171875 0.496875 0.4078125 0.496875 0.4078125 0.5125 0.4171875 0.5125
4 0.40625 0.5546875 0.3937500000000001 0.5546875 0.3937500000000001 0.565625 0.40625 0.565625
4 0.38750000000000007 0.58125 0.3765625000000001 0.58125 0.3765625000000001 0.5921875 0.38750000000000007 0.5921875
4 0.38750000000000007 0.5484375 0.3781250000000001 0.5484375 0.3781250000000001 0.56875 0.38750000000000007 0.56875
4 0.3703125000000001 0.5359375 0.3593750000000001 0.5359375 0.3593750000000001 0.5546875 0.3703125000000001 0.5546875
4 0.3671875000000001 0.5109375 0.35625000000000007 0.5109375 0.35625000000000007 0.53125 0.3671875000000001 0.53125
4 0.3750000000000001 0.4734375 0.3656250000000001 0.4734375 0.3656250000000001 0.496875 0.3750000000000001 0.496875
4 0.4015625 0.44375 0.3921875000000001 0.44375 0.3921875000000001 0.4640625 0.4015625 0.4640625
4 0.409375 0.415625 0.3968750000000001 0.415625 0.3968750000000001 0.440625 0.409375 0.440625
4 0.3890625000000001 0.4078125 0.3734375000000001 0.4078125 0.3734375000000001 0.428125 0.3890625000000001 0.428125
4 0.3656250000000001 0.41875 0.3500000000000001 0.41875 0.3500000000000001 0.434375 0.3656250000000001 0.434375
4 0.4765625 0.3781250000000001 0.4625 0.3781250000000001 0.4625 0.3968750000000001 0.4765625 0.3968750000000001
4 0.4578125 0.3468750000000001 0.44375 0.3468750000000001 0.44375 0.37187500000000007 0.4578125 0.37187500000000007
4 0.3890625000000001 0.3703125000000001 0.37968750000000007 0.3703125000000001 0.37968750000000007 0.3906250000000001 0.3890625000000001 0.3906250000000001
4 0.39687500000000003 0.3500000000000001 0.3875 0.3500000000000001 0.38750000000000007 0.3703125000000001 0.3968750000000001 0.3703125000000001
4 0.4 0.3078125000000001 0.390625 0.3078125000000001 0.390625 0.3281250000000001 0.4 0.3281250000000001
4 0.4109375 0.3031250000000001 0.4 0.3031250000000001 0.4 0.3218750000000001 0.4109375 0.3218750000000001
4 0.434375 0.30937500000000007 0.4234375 0.30937500000000007 0.4234375 0.3265625000000001 0.434375 0.3265625000000001
4 0.384375 0.2734375000000001 0.371875 0.2734375000000001 0.371875 0.2890625000000001 0.384375 0.2890625000000001
4 0.3984375 0.2656250000000001 0.3875 0.2656250000000001 0.3875 0.27812500000000007 0.3984375 0.27812500000000007
4 0.35625 0.23125 0.3453125 0.23125 0.3453125 0.2515625 0.35625 0.2515625
4 0.3437500000000001 0.5015625 0.3343750000000001 0.5015625 0.3343750000000001 0.525 0.3437500000000001 0.525
4 0.3343750000000001 0.6359375 0.3234375000000001 0.6359375 0.3234375000000001 0.659375 0.3343750000000001 0.659375
4 0.3453125000000001 0.6390625 0.3359375000000001 0.6390625 0.3359375000000001 0.659375 0.3453125000000001 0.659375
4 0.3578125000000001 0.5796875 0.34843750000000007 0.5796875 0.34843750000000007 0.596875 0.3578125000000001 0.596875
4 0.3609375000000001 0.715625 0.3500000000000001 0.715625 0.3500000000000001 0.734375 0.3609375000000001 0.734375
4 0.3578125000000001 0.7640625 0.3453125000000001 0.7640625 0.3453125000000001 0.7828125 0.3578125000000001 0.7828125
4 0.30937500000000007 0.709375 0.2984375000000001 0.709375 0.2984375000000001 0.7296875 0.30937500000000007 0.7296875
4 0.2828125000000001 0.7546875 0.2734375000000001 0.7546875 0.2734375000000001 0.778125 0.2828125000000001 0.778125
4 0.3281250000000001 0.859375 0.3187500000000001 0.859375 0.3187500000000001 0.8828125 0.3281250000000001 0.8828125
4 0.31718750000000007 0.8953125 0.3062500000000001 0.8953125 0.3062500000000001 0.9125 0.31718750000000007 0.9125
4 0.3156250000000001 0.859375 0.3062500000000001 0.859375 0.3062500000000001 0.88125 0.3156250000000001 0.88125
4 0.2984375000000001 0.8765625 0.2890625000000001 0.8765625 0.2890625000000001 0.896875 0.2984375000000001 0.896875
4 0.3031250000000001 0.8953125 0.29375000000000007 0.8953125 0.29375000000000007 0.915625 0.3031250000000001 0.915625
4 0.3046875000000001 0.9203125 0.29375000000000007 0.9203125 0.29375000000000007 0.9390625 0.3046875000000001 0.9390625
4 0.2921875000000001 0.9140625 0.2812500000000001 0.9140625 0.2812500000000001 0.9328125 0.2921875000000001 0.9328125
4 0.2375000000000001 0.934375 0.22812500000000008 0.934375 0.22812500000000008 0.95625 0.2375000000000001 0.95625
4 0.2406250000000001 0.978125 0.2312500000000001 0.978125 0.2312500000000001 0.9984375 0.2406250000000001 0.9984375
4 0.3984375000000001 0.68125 0.3859375000000001 0.68125 0.3859375000000001 0.69375 0.3984375000000001 0.69375
4 0.3843750000000001 0.6609375 0.37187500000000007 0.6609375 0.37187500000000007 0.678125 0.3843750000000001 0.678125
4 0.4 0.696875 0.3890625000000001 0.696875 0.3890625000000001 0.7109375 0.4 0.7109375
4 0.3984375000000001 0.496875 0.3843750000000001 0.496875 0.3843750000000001 0.5109375 0.3984375000000001 0.5109375
4 0.796875 0.12343750000000009 0.78125 0.12343750000000009 0.78125 0.1453125000000001 0.796875 0.1453125000000001
4 0.7703125 0.10937500000000008 0.75625 0.10937500000000008 0.75625 0.1218750000000001 0.7703125 0.1218750000000001
4 0.7 0.18750000000000008 0.6875 0.18750000000000008 0.6875 0.2015625000000001 0.7 0.2015625000000001
4 0.671875 0.21875000000000008 0.6609375 0.21875000000000008 0.6609375 0.23437500000000008 0.671875 0.23437500000000008
4 0.634375 0.2171875000000001 0.6203125 0.2171875000000001 0.6203125 0.2328125000000001 0.634375 0.2328125000000001
4 0.63125 0.2000000000000001 0.615625 0.2000000000000001 0.615625 0.2140625000000001 0.63125 0.2140625000000001
4 0.6234375 0.25468750000000007 0.6125 0.25468750000000007 0.6125 0.2750000000000001 0.6234375 0.2750000000000001
4 0.5734375 0.2921875000000001 0.5625 0.2921875000000001 0.5625 0.3062500000000001 0.5734375 0.3062500000000001
4 0.5625 0.3343750000000001 0.553125 0.3343750000000001 0.553125 0.3546875000000001 0.5625 0.3546875000000001
4 0.53125 0.3453125000000001 0.515625 0.3453125000000001 0.515625 0.3593750000000001 0.53125 0.3593750000000001
4 0.5 0.3078125000000001 0.4859375 0.3078125000000001 0.4859375 0.3203125000000001 0.5 0.3203125000000001
4 0.4875 0.446875 0.478125 0.446875 0.478125 0.465625 0.4875 0.465625
4 0.4078125 0.5078125 0.39531250000000007 0.5078125 0.39531250000000007 0.5265625 0.4078125 0.5265625
4 0.4078125 0.4875 0.3984375000000001 0.4875 0.3984375000000001 0.5046875 0.4078125 0.5046875
4 0.4046875 0.4734375 0.3937500000000001 0.4734375 0.3937500000000001 0.4890625 0.4046875 0.4890625
4 0.4109375 0.45 0.403125 0.45 0.403125 0.46875 0.4109375 0.46875
4 0.4078125 0.4625 0.3937500000000001 0.4625 0.3937500000000001 0.4765625 0.4078125 0.4765625
4 0.6234375000000002 0.759375 0.6109375000000001 0.759375 0.6109375000000001 0.778125 0.6234375000000002 0.778125
4 0.5984375000000002 0.728125 0.5843750000000002 0.728125 0.5843750000000002 0.746875 0.5984375000000002 0.746875
6 0.5859375000000002 0.921875 0.5453125000000002 0.921875 0.5453125000000002 0.9859375 0.5859375000000002 0.9859375
2 0.7375000000000002 0.953125 0.7109375000000002 0.953125 0.7109375000000002 0.978125 0.7375000000000002 0.978125
4 0.8453125 0.9359375 0.834375 0.9359375 0.834375 0.95625 0.8453125 0.95625
4 0.834375 0.4828125000000002 0.8234375 0.4828125000000002 0.8234375 0.5062500000000002 0.834375 0.5062500000000002
4 0.8046875 0.5796875000000001 0.79375 0.5796875000000001 0.79375 0.6031250000000001 0.8046875 0.6031250000000001
3 0.8140625 0.4906250000000002 0.7984375 0.4906250000000002 0.7984375 0.5203125000000002 0.8140625 0.5203125000000002
3 0.6859375 0.421875 0.6578125 0.421875 0.6578125 0.45625 0.6859375 0.45625
3 0.7484375 0.37187500000000007 0.7203125 0.37187500000000007 0.7203125 0.4062500000000001 0.7484375 0.40625000000000017
3 0.8234375 0.3203125000000001 0.7984375 0.3203125000000001 0.7984375 0.3468750000000001 0.8234375 0.3468750000000001
2 0.88125 0.2765625000000001 0.8515625 0.2765625000000001 0.8515625 0.3046875000000001 0.88125 0.3046875000000001
2 0.8578125 0.3703125000000001 0.8359375 0.3703125000000001 0.8359375 0.4109375000000002 0.8578125 0.4109375000000002
2 0.76875 0.6125000000000002 0.7484375 0.6125000000000002 0.7484375 0.6531250000000002 0.76875 0.6531250000000002
4 0.7250000000000002 0.921875 0.7125000000000001 0.921875 0.7125000000000001 0.9453125 0.7250000000000002 0.9453125
4 0.7312500000000002 0.89375 0.7187500000000002 0.89375 0.7187500000000002 0.9140625 0.7312500000000002 0.9140625
4 0.4015625 0.3312500000000001 0.3921875 0.3312500000000001 0.3921875 0.3531250000000001 0.4015625 0.3531250000000001
4 0.2640625 0.07187500000000002 0.253125 0.07187500000000002 0.253125 0.09218750000000002 0.2640625 0.09218750000000002
4 0.2453125 0.12500000000000006 0.23125 0.12500000000000006 0.23125 0.14531250000000004 0.2453125 0.14531250000000004
4 0.2546875 0.15000000000000005 0.2453125 0.15000000000000005 0.2453125 0.16875000000000004 0.2546875 0.16875000000000004
4 0.2453125 0.14843750000000006 0.234375 0.14843750000000006 0.234375 0.16406250000000006 0.2453125 0.16406250000000006
4 0.2390625 0.15937500000000004 0.2296875 0.15937500000000004 0.2296875 0.17656250000000004 0.2390625 0.17656250000000004
2 0.24375 0.17500000000000004 0.2203125 0.17500000000000004 0.2203125 0.20625 0.24375 0.20625
2 0.2015625 0.11250000000000002 0.1796875 0.1125 0.1796875 0.14687500000000003 0.2015625 0.14687500000000003
3 0.2640625 0.2203125 0.24375 0.2203125 0.24375 0.2515625 0.2640625 0.2515625
3 0.2015625 0.1921875 0.17968750000000006 0.1921875 0.17968750000000006 0.2265625 0.2015625 0.2265625
3 0.225 0.234375 0.2015625 0.234375 0.2015625 0.275 0.225 0.275
6 0.20625 0.228125 0.17812500000000003 0.228125 0.17812500000000003 0.278125 0.20625 0.278125
2 0.33281250000000007 0.359375 0.3203125 0.359375 0.32031250000000006 0.3984375 0.33281250000000007 0.3984375
3 0.228125 0.259375 0.209375 0.259375 0.209375 0.2953125 0.228125 0.2953125
4 0.871875 0.2484375000000001 0.85625 0.2484375000000001 0.85625 0.2671875000000001 0.871875 0.2671875000000001
4 0.9125 0.2328125000000001 0.8984375 0.2328125000000001 0.8984375 0.2500000000000001 0.9125 0.2500000000000001
0 0.8734375 0.07031250000000011 0.8578125 0.07031250000000011 0.8578125 0.09375000000000011 0.8734375 0.09375000000000011
4 0.896875 0.04531250000000011 0.88125 0.04531250000000011 0.88125 0.06093750000000011 0.896875 0.06093750000000011
4 0.934375 0.05468750000000011 0.91875 0.05468750000000011 0.91875 0.0718750000000001 0.934375 0.0718750000000001
4 0.94375 0.014062500000000113 0.928125 0.014062500000000111 0.928125 0.02968750000000011 0.94375 0.02968750000000011
3 0.7375 0.6578125000000001 0.71875 0.6578125 0.71875 0.6968750000000001 0.7375 0.6968750000000001
3 0.7171875 0.6171875 0.696875 0.6171875 0.696875 0.6515625 0.7171875 0.6515625
3 0.7046875 0.596875 0.6828125 0.596875 0.6828125 0.6296875 0.7046875 0.6296875
2 0.5625 0.2296875000000001 0.5375 0.2296875000000001 0.5375 0.2656250000000001 0.5625 0.2656250000000001
2 0.5296875 0.2578125000000001 0.50625 0.2578125000000001 0.50625 0.2921875000000001 0.5296875 0.2921875000000001
2 0.6734375 0.14062500000000008 0.65 0.14062500000000008 0.65 0.1671875000000001 0.6734375 0.1671875000000001
2 0.6296875 0.14062500000000008 0.615625 0.14062500000000008 0.615625 0.1843750000000001 0.6296875 0.1843750000000001
3 0.6296875 0.48125 0.6109375 0.48125 0.6109375 0.503125 0.6296875 0.503125
3 0.6796875 0.5703125 0.6640625 0.5703125 0.6640625 0.59375 0.6796875 0.59375
4 0.7640625000000002 0.7484375000000002 0.7546875000000002 0.7484375000000002 0.7546875000000002 0.7718750000000002 0.7640625000000002 0.7718750000000002
4 0.7625 0.7031250000000002 0.753125 0.7031250000000002 0.753125 0.7218750000000002 0.7625 0.7218750000000002
4 0.7140625 0.2953125000000001 0.7 0.2953125000000001 0.7 0.30937500000000007 0.7140625 0.30937500000000007
3 0.884375 0.3078125000000001 0.853125 0.3078125000000001 0.853125 0.3687500000000001 0.884375 0.3687500000000001
3 0.8546875 0.2921875000000001 0.821875 0.2921875000000001 0.821875 0.3312500000000001 0.8546875 0.3312500000000001
3 0.8390625 0.4187500000000002 0.809375 0.4187500000000002 0.809375 0.48437500000000017 0.8390625 0.48437500000000017
6 0.09375 0.003125000000000009 0.0578125 0.003125000000000007 0.0578125 0.06406250000000001 0.09375 0.06406250000000002
4 0.1828125 0.10312500000000002 0.171875 0.103125 0.171875 0.12187500000000002 0.1828125 0.12187500000000004
4 0.11875 0.1125 0.1125 0.1125 0.1125 0.134375 0.11875 0.134375
4 0.153125 0.178125 0.146875 0.178125 0.14687500000000003 0.1984375 0.15312500000000004 0.1984375
4 0.14843750000000003 0.171875 0.1390625 0.171875 0.13906250000000003 0.190625 0.14843750000000006 0.190625
4 0.3296875 0.06562500000000004 0.31875 0.06562500000000004 0.31875 0.07656250000000005 0.3296875 0.07656250000000005
4 0.359375 0.042187500000000044 0.35 0.042187500000000044 0.35 0.06093750000000005 0.359375 0.06093750000000005
4 0.3484375 0.03281250000000004 0.3390625 0.03281250000000004 0.3390625 0.051562500000000046 0.3484375 0.051562500000000046
4 0.3875 0.02343750000000005 0.3796875 0.023437500000000045 0.3796875 0.03750000000000005 0.3875 0.03750000000000005
4 0.3671875 0.05468750000000004 0.3578125 0.05468750000000004 0.3578125 0.07500000000000004 0.3671875 0.07500000000000004
4 0.35 0.06250000000000004 0.340625 0.06250000000000004 0.340625 0.07812500000000004 0.35 0.07812500000000004
4 0.3171875 0.08281250000000004 0.309375 0.08281250000000004 0.309375 0.09531250000000005 0.3171875 0.09531250000000005
2 0.31875 0.09687500000000004 0.3 0.09687500000000004 0.3 0.13281250000000006 0.31875 0.13281250000000006
4 0.3359375 0.10781250000000005 0.3296875 0.10781250000000005 0.3296875 0.12656250000000005 0.3359375 0.12656250000000005
4 0.3546875 0.08906250000000004 0.346875 0.08906250000000004 0.346875 0.10156250000000004 0.3546875 0.10156250000000004
4 0.384375 0.07500000000000004 0.3734375 0.07500000000000004 0.3734375 0.09375000000000004 0.384375 0.09375000000000004
4 0.378125 0.07031250000000004 0.36875 0.07031250000000004 0.36875 0.08750000000000005 0.378125 0.08750000000000005
4 0.3921875 0.10000000000000005 0.3859375 0.10000000000000005 0.3859375 0.11718750000000004 0.3921875 0.11718750000000004
4 0.384375 0.09531250000000005 0.3734375 0.09531250000000005 0.3734375 0.11562500000000005 0.384375 0.11562500000000005
4 0.36875 0.08906250000000004 0.3609375 0.08906250000000004 0.3609375 0.10468750000000004 0.36875 0.10468750000000004
4 0.3625 0.08125000000000004 0.35625 0.08125000000000004 0.35625 0.10000000000000005 0.3625 0.10000000000000005
4 0.34375 0.12031250000000004 0.3359375 0.12031250000000004 0.3359375 0.13750000000000004 0.34375 0.13750000000000004
4 0.3453125 0.09843750000000004 0.3390625 0.09843750000000004 0.3390625 0.11562500000000005 0.3453125 0.11562500000000005
4 0.3703125 0.15468750000000003 0.3609375 0.15468750000000003 0.3609375 0.16875000000000004 0.3703125 0.16875000000000004
4 0.3703125 0.11093750000000005 0.365625 0.11093750000000005 0.365625 0.12656250000000005 0.3703125 0.12656250000000005
4 0.365625 0.10781250000000005 0.3578125 0.10781250000000005 0.3578125 0.12812500000000004 0.365625 0.12812500000000004
4 0.3875 0.12500000000000006 0.38125 0.12500000000000006 0.38125 0.13750000000000004 0.3875 0.13750000000000004
4 0.3703125 0.020312500000000046 0.3625 0.020312500000000046 0.3625 0.03906250000000004 0.3703125 0.03906250000000004
2 0.415625 0.12500000000000006 0.3953125 0.12500000000000006 0.3953125 0.16406250000000006 0.415625 0.16406250000000006
4 0.390625 0.22656250000000008 0.38125 0.22656250000000008 0.38125 0.2406250000000001 0.390625 0.2406250000000001
4 0.39375 0.21093750000000008 0.384375 0.21093750000000008 0.384375 0.2234375000000001 0.39375 0.2234375000000001
4 0.3953125 0.18437500000000004 0.3859375 0.18437500000000004 0.3859375 0.19843750000000004 0.3953125 0.19843750000000004
4 0.3796875 0.13750000000000004 0.375 0.13750000000000004 0.375 0.15312500000000004 0.3796875 0.15312500000000004
4 0.375 0.12343750000000005 0.3703125 0.12343750000000005 0.3703125 0.13906250000000003 0.375 0.13906250000000003
4 0.409375 0.2500000000000001 0.4 0.2500000000000001 0.4 0.2656250000000001 0.409375 0.2656250000000001
4 0.4171875 0.27031250000000007 0.409375 0.27031250000000007 0.409375 0.2890625000000001 0.4171875 0.2890625000000001
4 0.4265625 0.27812500000000007 0.4203125 0.27812500000000007 0.4203125 0.2968750000000001 0.4265625 0.2968750000000001
4 0.440625 0.2812500000000001 0.4359375 0.2812500000000001 0.4359375 0.30156250000000007 0.440625 0.30156250000000007
4 0.434375 0.2796875000000001 0.4296875 0.2796875000000001 0.4296875 0.3031250000000001 0.434375 0.3031250000000001
4 0.45625 0.2953125000000001 0.446875 0.2953125000000001 0.446875 0.3140625000000001 0.45625 0.3140625000000001
4 0.465625 0.2687500000000001 0.4609375 0.2687500000000001 0.4609375 0.2890625000000001 0.465625 0.2890625000000001
4 0.475 0.2734375000000001 0.46875 0.2734375000000001 0.46875 0.2953125000000001 0.475 0.2953125000000001
4 0.484375 0.27031250000000007 0.478125 0.27031250000000007 0.478125 0.29375000000000007 0.484375 0.29375000000000007
4 0.4921875 0.2687500000000001 0.4859375 0.2687500000000001 0.4859375 0.2875000000000001 0.4921875 0.2875000000000001
4 0.5671875 0.1937500000000001 0.5609375 0.1937500000000001 0.5609375 0.21250000000000008 0.5671875 0.21250000000000008
4 0.5546875 0.1843750000000001 0.546875 0.1843750000000001 0.546875 0.2015625000000001 0.5546875 0.2015625000000001
4 0.5828125 0.1828125000000001 0.578125 0.1828125000000001 0.578125 0.20312500000000008 0.5828125 0.20312500000000008
4 0.59375 0.18906250000000008 0.5875 0.18906250000000008 0.5875 0.2093750000000001 0.59375 0.2093750000000001
4 0.6 0.17187500000000008 0.5921875 0.17187500000000008 0.5921875 0.1906250000000001 0.6 0.1906250000000001
4 0.6078125 0.1625000000000001 0.6 0.1625000000000001 0.6 0.1859375000000001 0.6078125 0.1859375000000001
4 0.6140625 0.12500000000000008 0.60625 0.12500000000000008 0.60625 0.1453125000000001 0.6140625 0.1453125000000001
4 0.6125 0.14843750000000008 0.6078125 0.14843750000000008 0.6078125 0.17343750000000008 0.6125 0.17343750000000008
4 0.5859375 0.17968750000000008 0.58125 0.17968750000000008 0.58125 0.19531250000000008 0.5859375 0.19531250000000008
4 0.5578125 0.1781250000000001 0.553125 0.1781250000000001 0.553125 0.19531250000000008 0.5578125 0.19531250000000008
3 0.6421875 0.4890625 0.6203125 0.4890625 0.6203125 0.5234375 0.6421875 0.5234375
3 0.6359375 0.5328125 0.621875 0.5328125 0.621875 0.5578125 0.6359375 0.5578125
3 0.675 0.55 0.65625 0.55 0.65625 0.58125 0.675 0.58125
3 0.69375 0.56875 0.671875 0.56875 0.671875 0.6125 0.69375 0.6125
3 0.7296875 0.6312500000000001 0.7046875 0.63125 0.7046875 0.6718750000000001 0.7296875 0.6718750000000002
4 0.7109375000000002 0.96875 0.7000000000000002 0.96875 0.7000000000000002 0.984375 0.7109375000000002 0.984375
4 0.6078125000000002 0.8359375 0.6015625000000002 0.8359375 0.6015625000000002 0.8515625 0.6078125000000002 0.8515625
4 0.6015625000000002 0.8296875 0.5953125000000001 0.8296875 0.5953125000000001 0.8484375 0.6015625000000002 0.8484375
4 0.7796875000000002 0.7390625000000002 0.7687500000000002 0.7390625000000002 0.7687500000000002 0.7531250000000002 0.7796875000000002 0.7531250000000002
4 0.7875000000000001 0.7234375000000002 0.778125 0.7234375000000002 0.7781250000000001 0.7328125000000002 0.7875000000000002 0.7328125000000002
4 0.79375 0.7062500000000002 0.7828125 0.7062500000000002 0.7828125 0.7156250000000002 0.79375 0.7156250000000002
4 0.7890625000000001 0.7140625000000002 0.7796875 0.7140625000000002 0.7796875000000001 0.7265625000000002 0.7890625000000002 0.7265625000000002
4 0.834375 0.5984375000000002 0.8203125 0.5984375000000002 0.8203125 0.6093750000000002 0.834375 0.6093750000000002
4 0.8203125 0.6375000000000002 0.809375 0.6375000000000002 0.809375 0.6484375000000002 0.8203125 0.6484375000000002
4 0.8234375 0.6312500000000002 0.8109375 0.6312500000000002 0.8109375 0.6421875000000001 0.8234375 0.6421875000000001
3 0.7140625 0.4 0.684375 0.4 0.684375 0.4390625 0.7140625 0.4390625
4 0.6546875 0.4546875 0.6421875 0.4546875 0.6421875 0.46875 0.6546875 0.46875
4 0.653125 0.5734375 0.6453125 0.5734375 0.6453125 0.5921875 0.653125 0.5921875
3 0.7703125000000002 0.7828125000000001 0.7531250000000002 0.7828125000000001 0.7531250000000002 0.8171875 0.7703125000000002 0.8171875
4 0.684375 0.12500000000000008 0.6734375 0.12500000000000008 0.6734375 0.14218750000000008 0.684375 0.14218750000000008
4 0.634375 0.1359375000000001 0.6265625 0.1359375000000001 0.6265625 0.15781250000000008 0.634375 0.15781250000000008
4 0.6390625 0.13281250000000008 0.634375 0.13281250000000008 0.634375 0.15000000000000008 0.6390625 0.15000000000000008
4 0.64375 0.1281250000000001 0.6390625 0.1281250000000001 0.6390625 0.1453125000000001 0.64375 0.1453125000000001
4 0.653125 0.12500000000000008 0.646875 0.12500000000000008 0.646875 0.14218750000000008 0.653125 0.14218750000000008
4 0.6578125 0.12031250000000009 0.653125 0.12031250000000009 0.653125 0.1375000000000001 0.6578125 0.1375000000000001
4 0.6640625 0.11875000000000009 0.6578125 0.11875000000000009 0.6578125 0.1390625000000001 0.6640625 0.1390625000000001
4 0.6703125 0.11718750000000008 0.6640625 0.11718750000000008 0.6640625 0.1359375000000001 0.6703125 0.1359375000000001
4 0.678125 0.10937500000000008 0.6734375 0.10937500000000008 0.6734375 0.12656250000000008 0.678125 0.12656250000000008
4 0.684375 0.10468750000000009 0.678125 0.10468750000000009 0.678125 0.12500000000000008 0.684375 0.12500000000000008
4 0.6890625 0.10156250000000008 0.684375 0.10156250000000008 0.684375 0.1218750000000001 0.6890625 0.1218750000000001
4 0.346875 0.12968750000000004 0.3375 0.12968750000000004 0.3375 0.14843750000000006 0.346875 0.14843750000000006
4 0.3515625 0.13125000000000003 0.3453125 0.13125000000000003 0.3453125 0.14687500000000003 0.3515625 0.14687500000000003
4 0.3765625 0.025000000000000043 0.3703125 0.025000000000000043 0.3703125 0.04531250000000005 0.3765625 0.04531250000000005
4 0.38125 0.03125000000000004 0.375 0.03125000000000004 0.375 0.050000000000000044 0.38125 0.050000000000000044
4 0.3234375000000001 0.45 0.30937500000000007 0.45 0.30937500000000007 0.4640625 0.3234375000000001 0.4640625
4 0.3078125000000001 0.425 0.2984375000000001 0.425 0.2984375000000001 0.4484375 0.3078125000000001 0.4484375
4 0.3109375000000001 0.5796875 0.3031250000000001 0.5796875 0.3031250000000001 0.6 0.3109375000000001 0.6
3 0.2875000000000001 0.6609375 0.27031250000000007 0.6609375 0.27031250000000007 0.6921875 0.2875000000000001 0.6921875
3 0.26250000000000007 0.7828125 0.24375000000000008 0.7828125 0.24375000000000008 0.821875 0.26250000000000007 0.821875
4 0.2500000000000001 0.9703125 0.2406250000000001 0.9703125 0.2406250000000001 0.9859375 0.2500000000000001 0.9859375
4 0.2734375000000001 0.971875 0.2656250000000001 0.971875 0.2656250000000001 0.9875 0.2734375000000001 0.9875
2 0.3375000000000001 0.9 0.3187500000000001 0.9 0.3187500000000001 0.9375 0.3375000000000001 0.9375
4 0.2312500000000001 0.834375 0.22031250000000008 0.834375 0.22031250000000008 0.846875 0.2312500000000001 0.846875
4 0.23437500000000008 0.8203125 0.2218750000000001 0.8203125 0.2218750000000001 0.83125 0.23437500000000008 0.83125
4 0.24218750000000008 0.79375 0.2296875000000001 0.79375 0.2296875000000001 0.8046875 0.24218750000000008 0.8046875
4 0.2406250000000001 0.8015625 0.22656250000000008 0.8015625 0.22656250000000008 0.8125 0.2406250000000001 0.8125
4 0.2953125000000001 0.6421875 0.2843750000000001 0.6421875 0.2843750000000001 0.653125 0.2953125000000001 0.653125
4 0.3125000000000001 0.5484375 0.3062500000000001 0.5484375 0.3062500000000001 0.56875 0.3125000000000001 0.56875
4 0.40937500000000016 0.734375 0.3984375000000001 0.734375 0.3984375000000001 0.74375 0.40937500000000016 0.74375
3 0.534375 0.690625 0.5046875 0.690625 0.5046875000000001 0.7265625 0.5343750000000002 0.7265625
4 0.41875000000000007 0.721875 0.409375 0.721875 0.4093750000000001 0.7359375 0.4187500000000002 0.7359375