6 1 0.3500000000000001 0.978125 0.3500000000000001 0.978125 0.3812500000000001 1 0.3812500000000001
2 0.95625 0.3921875000000001 0.934375 0.3921875000000001 0.934375 0.4109375000000002 0.95625 0.4109375000000002
2 0.9921875 0.30156250000000007 0.9703125 0.30156250000000007 0.9703125 0.31718750000000007 0.9921875 0.31718750000000007
2 0.9140625 0.30937500000000007 0.8828125 0.30937500000000007 0.8828125 0.3281250000000001 0.9140625 0.3281250000000001
4 0.8953125 0.37187500000000007 0.8796875 0.37187500000000007 0.8796875 0.3906250000000001 0.8953125 0.3906250000000001
2 0.8171875 0.40156250000000016 0.7921875 0.40156250000000016 0.7921875 0.4203125000000002 0.8171875 0.4203125000000002
2 0.7875 0.22656250000000008 0.7640625 0.22656250000000008 0.7640625 0.24375000000000008 0.7875 0.24375000000000008
2 0.778125 0.14843750000000008 0.753125 0.14843750000000008 0.753125 0.1625000000000001 0.778125 0.1625000000000001
2 0.6046875 0.4203125 0.5828125 0.4203125 0.5828125 0.4390625 0.6046875 0.4390625
2 0.496875 0.41875 0.475 0.41875 0.475 0.4375 0.496875 0.4375
2 0.5078125 0.3625000000000001 0.4859375 0.3625000000000001 0.4859375 0.3781250000000001 0.5078125 0.3781250000000001
4 0.56875 0.33281250000000007 0.559375 0.33281250000000007 0.559375 0.3437500000000001 0.56875 0.3437500000000001
2 0.2953125000000001 0.5140625 0.2687500000000001 0.5140625 0.2687500000000001 0.534375 0.2953125000000001 0.534375
2 0.2015625000000001 0.4796875 0.17656250000000004 0.4796875 0.17656250000000004 0.4984375 0.2015625000000001 0.4984375
2 0.17343750000000008 0.55 0.1531250000000001 0.55 0.1531250000000001 0.5625 0.17343750000000008 0.5625
2 0.1921875000000001 0.59375 0.17187500000000008 0.59375 0.17187500000000008 0.6125 0.1921875000000001 0.6125
2 0.07812500000000008 0.6203125 0.057812500000000065 0.6203125 0.05781250000000008 0.6359375 0.07812500000000008 0.6359375
2 0.12031250000000007 0.5421875 0.09218750000000006 0.5421875 0.09218750000000006 0.55625 0.12031250000000009 0.55625
2 0.14687500000000006 0.534375 0.12187500000000004 0.534375 0.12187500000000007 0.55 0.1468750000000001 0.55
2 0.1468750000000001 0.5578125 0.12500000000000008 0.5578125 0.12500000000000008 0.571875 0.1468750000000001 0.571875
2 0.11718750000000008 0.56875 0.09687500000000007 0.56875 0.09687500000000007 0.584375 0.11718750000000008 0.584375
2 0.09218750000000006 0.5765625 0.06875000000000006 0.5765625 0.06875000000000006 0.590625 0.09218750000000006 0.590625
2 0.07968750000000006 0.596875 0.057812500000000065 0.596875 0.057812500000000065 0.6109375 0.07968750000000006 0.6109375
2 0.09375000000000007 0.5578125 0.06875000000000006 0.5578125 0.06875000000000006 0.571875 0.09375000000000007 0.571875
2 0.018750000000000065 0.5453125 6.678152076600411e-17 0.5453125 6.802530267138814e-17 0.565625 0.018750000000000065 0.565625
2 0.06718750000000007 0.5328125 0.04531250000000007 0.5328125 0.04531250000000007 0.55 0.06718750000000007 0.55
2 0.05937500000000007 0.559375 0.034375000000000065 0.559375 0.034375000000000065 0.5734375 0.05937500000000007 0.5734375
2 0.04843750000000007 0.5796875 0.028125000000000067 0.5796875 0.028125000000000074 0.5984375 0.04843750000000008 0.5984375
2 0.13125000000000003 0.3859375 0.11250000000000004 0.3859375 0.11250000000000004 0.4109375 0.13125000000000003 0.4109375
2 0.15312500000000004 0.2625 0.14062500000000006 0.2625 0.14062500000000006 0.3 0.15312500000000004 0.3
2 0.03750000000000001 0.0875 0.021875000000000012 0.0875 0.021875000000000012 0.1296875 0.03750000000000001 0.1296875
2 0.04843750000000003 0.209375 0.03750000000000002 0.209375 0.037500000000000026 0.246875 0.048437500000000036 0.246875
2 0.03750000000000002 0.1765625 0.02343750000000002 0.1765625 0.023437500000000024 0.2171875 0.03750000000000002 0.2171875
2 0.03437500000000004 0.2765625 0.023437500000000035 0.2765625 0.023437500000000035 0.3203125 0.034375000000000044 0.3203125
2 0.031250000000000035 0.2359375 0.01718750000000003 0.2359375 0.01718750000000003 0.2703125 0.031250000000000035 0.2703125
2 0.01093750000000004 0.3015625 3.693075503678737e-17 0.3015625 3.89399411916385e-17 0.334375 0.010937500000000041 0.334375
3 0.020312500000000035 0.278125 0.009375000000000033 0.278125 0.009375000000000034 0.3 0.02031250000000004 0.3
3 0.14843750000000008 0.596875 0.13281250000000008 0.596875 0.13281250000000008 0.6078125 0.14843750000000008 0.6078125
3 0.045312500000000075 0.6015625 0.02968750000000008 0.6015625 0.02968750000000008 0.6109375 0.045312500000000075 0.6109375
4 0.1218750000000001 0.6046875 0.10937500000000008 0.6046875 0.10937500000000008 0.615625 0.1218750000000001 0.615625
4 0.1281250000000001 0.5859375 0.11875000000000009 0.5859375 0.11875000000000009 0.596875 0.1281250000000001 0.596875
4 0.10000000000000009 0.596875 0.08906250000000007 0.596875 0.08906250000000007 0.60625 0.10000000000000009 0.60625
4 0.09531250000000006 0.60625 0.08437500000000006 0.60625 0.08437500000000006 0.6171875 0.09531250000000006 0.6171875
4 0.08125000000000007 0.540625 0.07031250000000007 0.540625 0.07031250000000007 0.5515625 0.08125000000000007 0.5515625
4 0.03281250000000008 0.6171875 0.02187500000000008 0.6171875 0.02187500000000008 0.6296875 0.03281250000000008 0.6296875
4 0.04062500000000008 0.6125 0.031250000000000076 0.6125 0.031250000000000076 0.61875 0.04062500000000008 0.61875
4 0.029687500000000068 0.5625 0.018750000000000065 0.5625 0.01875000000000007 0.5765625 0.029687500000000068 0.5765625
2 0.04375000000000007 0.5390625 0.034375000000000065 0.5390625 0.034375000000000065 0.546875 0.04375000000000007 0.546875
2 0.03593750000000007 0.5328125 0.021875000000000068 0.5328125 0.021875000000000068 0.5421875 0.03593750000000007 0.5421875
2 0.040625000000000036 0.2546875 0.029687500000000033 0.2546875 0.029687500000000033 0.2734375 0.040625000000000036 0.2734375
2 0.009375000000000034 0.2765625 3.386913803891899e-17 0.2765625 3.5208595475486407e-17 0.2984375 0.009375000000000036 0.2984375
0 0.19531250000000006 0.3859375 0.18281250000000004 0.3859375 0.18281250000000004 0.4 0.19531250000000006 0.4