1 0.9421875 0.4968750000000002 0.8578125 0.4968750000000002 0.8578125 0.5500000000000002 0.9421875 0.5500000000000002
2 0.753125 0.4453125000000001 0.7140625 0.4453125 0.7140625 0.4781250000000001 0.753125 0.4781250000000002
2 0.7546875 0.5546875000000001 0.7234375 0.5546875 0.7234375 0.5921875000000001 0.7546875 0.5921875000000002
0 0.478125 0.5671875 0.45625 0.5671875 0.45625 0.6 0.478125 0.6
0 0.5171875 0.37187500000000007 0.4984375 0.37187500000000007 0.4984375 0.40625 0.5171875 0.40625
2 0.509375 0.2921875000000001 0.4921875 0.2921875000000001 0.4921875 0.3218750000000001 0.509375 0.3218750000000001
4 0.8140625 0.5718750000000001 0.8 0.5718750000000001 0.8 0.5875000000000001 0.8140625 0.5875000000000001
4 0.7578125 0.3609375000000001 0.7515625 0.3609375000000001 0.7515625 0.3828125000000001 0.7578125 0.3828125000000001
4 0.765625 0.3703125000000001 0.75625 0.3703125000000001 0.75625 0.3890625000000001 0.765625 0.3890625000000001
4 0.7765625 0.3671875000000001 0.7671875 0.3671875000000001 0.7671875 0.3859375000000001 0.7765625 0.3859375000000001
4 0.7828125 0.37968750000000007 0.775 0.37968750000000007 0.775 0.4000000000000002 0.7828125 0.4000000000000002
4 0.7515625 0.41406250000000017 0.7421875 0.41406250000000017 0.7421875 0.42968750000000017 0.7515625 0.42968750000000017
4 0.7578125 0.40937500000000016 0.7515625 0.40937500000000016 0.7515625 0.42968750000000017 0.7578125 0.42968750000000017
4 0.76875 0.4125000000000002 0.7578125 0.4125000000000002 0.7578125 0.4343750000000002 0.76875 0.4343750000000002
4 0.8 0.4125000000000002 0.7890625 0.4125000000000002 0.7890625 0.4312500000000002 0.8 0.4312500000000002
4 0.8140625 0.3625000000000001 0.803125 0.3625000000000001 0.803125 0.3781250000000001 0.8140625 0.3781250000000001
4 0.8859375 0.3687500000000001 0.878125 0.3687500000000001 0.878125 0.3906250000000001 0.8859375 0.3906250000000001
4 0.828125 0.4109375000000002 0.821875 0.4109375000000002 0.821875 0.43281250000000016 0.828125 0.43281250000000016
4 0.815625 0.4125000000000002 0.8078125 0.4125000000000002 0.8078125 0.4312500000000002 0.815625 0.4312500000000002
4 0.8203125 0.4125000000000002 0.815625 0.4125000000000002 0.815625 0.43281250000000016 0.8203125 0.43281250000000016
4 0.803125 0.3687500000000001 0.7921875 0.3687500000000001 0.7921875 0.38750000000000007 0.803125 0.38750000000000007
0 0.7765625 0.6281250000000002 0.7640625 0.6281250000000002 0.7640625 0.6578125000000001 0.7765625 0.6578125000000001
0 0.7953125 0.6281250000000002 0.78125 0.6281250000000002 0.78125 0.6531250000000002 0.7953125 0.6531250000000002
4 0.7859375 0.6468750000000002 0.7765625 0.6468750000000002 0.7765625 0.6625000000000002 0.7859375 0.6625000000000002
4 0.7140625 0.621875 0.6984375 0.621875 0.6984375 0.634375 0.7140625 0.634375
4 0.7125 0.6328125 0.6984375 0.6328125 0.6984375 0.6453125 0.7125 0.6453125
4 0.7109375 0.64375 0.7 0.64375 0.7 0.6578125 0.7109375 0.6578125
4 0.709375 0.65625 0.6953125 0.65625 0.6953125 0.665625 0.709375 0.665625
4 0.8515625 0.40937500000000016 0.8453125 0.40937500000000016 0.8453125 0.42968750000000017 0.8515625 0.42968750000000017
4 0.8578125 0.40625000000000017 0.8515625 0.40625000000000017 0.8515625 0.43281250000000016 0.8578125 0.43281250000000016
4 0.7421875 0.6421875000000001 0.728125 0.6421875000000001 0.728125 0.6546875000000002 0.7421875 0.6546875000000002
4 0.7375 0.6546875000000001 0.725 0.6546875 0.725 0.6640625000000001 0.7375 0.6640625000000002
4 0.7375 0.6609375000000001 0.725 0.6609375 0.725 0.6718750000000001 0.7375 0.6718750000000002
2 0.7375 0.6734375000000001 0.7203125 0.6734375 0.7203125 0.7187500000000001 0.7375 0.7187500000000002
2 0.7171875000000002 0.7875 0.6906250000000002 0.7875 0.6906250000000002 0.8265625 0.7171875000000002 0.8265625
0 0.3531250000000001 0.771875 0.3359375000000001 0.771875 0.3359375000000001 0.8015625 0.3531250000000001 0.8015625
0 0.4359375000000002 0.753125 0.42500000000000016 0.753125 0.42500000000000016 0.790625 0.4359375000000002 0.790625
0 0.46875000000000017 0.784375 0.4578125000000002 0.784375 0.4578125000000002 0.81875 0.46875000000000017 0.81875
2 0.46093750000000017 0.7578125 0.44843750000000016 0.7578125 0.44843750000000016 0.7859375 0.46093750000000017 0.7859375
4 0.4703125000000002 0.7609375 0.46093750000000017 0.7609375 0.46093750000000017 0.784375 0.4703125000000002 0.784375
0 0.43750000000000017 0.95625 0.4265625000000002 0.95625 0.4265625000000002 0.9953125 0.43750000000000017 0.9953125
0 0.41718750000000016 0.95625 0.4031250000000002 0.95625 0.4031250000000002 0.9859375 0.41718750000000016 0.9859375
0 0.3890625000000001 0.4125 0.3656250000000001 0.4125 0.3656250000000001 0.4359375 0.3890625000000001 0.4359375
4 0.3062500000000001 0.4453125 0.2875000000000001 0.4453125 0.2875000000000001 0.4578125 0.3062500000000001 0.4578125
4 0.3531250000000001 0.440625 0.34062500000000007 0.440625 0.34062500000000007 0.4515625 0.3531250000000001 0.4515625
4 0.4015625 0.440625 0.3906250000000001 0.440625 0.3906250000000001 0.4515625 0.4015625 0.4515625
2 0.3437500000000001 0.459375 0.3203125000000001 0.459375 0.3203125000000001 0.4796875 0.3437500000000001 0.4796875
0 0.3656250000000001 0.45 0.3515625000000001 0.45 0.3515625000000001 0.465625 0.3656250000000001 0.465625
1 0.3312500000000001 0.5 0.27031250000000007 0.5 0.27031250000000007 0.5421875 0.3312500000000001 0.5421875
1 0.38750000000000007 0.5171875 0.3359375000000001 0.5171875 0.3359375000000001 0.5515625 0.38750000000000007 0.5515625
4 0.09375000000000004 0.3609375 0.07968750000000005 0.3609375 0.07968750000000005 0.3734375 0.09375000000000004 0.3734375
4 0.10312500000000005 0.3953125 0.08750000000000005 0.3953125 0.08750000000000005 0.409375 0.10312500000000005 0.409375
2 0.07656250000000006 0.4921875 0.056250000000000064 0.4921875 0.056250000000000064 0.5125 0.07656250000000006 0.5125
2 0.12656250000000005 0.5125 0.10000000000000005 0.5125 0.10000000000000005 0.5375 0.12656250000000005 0.5375
4 0.09531250000000006 0.5296875 0.08593750000000007 0.5296875 0.08593750000000007 0.54375 0.09531250000000006 0.54375
4 0.10625000000000004 0.5328125 0.09687500000000007 0.5328125 0.09687500000000007 0.54375 0.10625000000000004 0.54375
2 0.16250000000000006 0.5234375 0.14062500000000006 0.5234375 0.14062500000000006 0.5484375 0.1625000000000001 0.5484375
4 0.2000000000000001 0.553125 0.18906250000000008 0.553125 0.18906250000000008 0.5671875 0.2000000000000001 0.5671875
4 0.2484375000000001 0.5703125 0.2375000000000001 0.5703125 0.2375000000000001 0.5890625 0.2484375000000001 0.5890625
4 0.2312500000000001 0.578125 0.22031250000000008 0.578125 0.22031250000000008 0.59375 0.2312500000000001 0.59375
0 0.17343750000000008 0.553125 0.15625000000000008 0.553125 0.15625000000000008 0.571875 0.17343750000000008 0.571875
0 0.2531250000000001 0.6 0.2375000000000001 0.6 0.2375000000000001 0.6171875 0.2531250000000001 0.6171875
4 0.17968750000000006 0.54375 0.16718750000000004 0.54375 0.16718750000000007 0.5546875 0.17968750000000008 0.5546875
2 0.1937500000000001 0.6 0.17187500000000008 0.6 0.17187500000000008 0.625 0.1937500000000001 0.625
2 0.1062500000000001 0.6375 0.0906250000000001 0.6375 0.0906250000000001 0.665625 0.1062500000000001 0.665625
2 0.10156250000000008 0.6671875 0.08593750000000008 0.6671875 0.08593750000000008 0.7 0.10156250000000008 0.7
2 0.09375000000000008 0.7015625 0.0828125000000001 0.7015625 0.0828125000000001 0.7375 0.09375000000000008 0.7375
2 0.042187500000000065 0.525 0.020312500000000067 0.525 0.020312500000000067 0.546875 0.042187500000000065 0.546875
2 0.06406250000000006 0.5359375 0.042187500000000065 0.5359375 0.042187500000000065 0.5609375 0.06406250000000006 0.5609375
2 0.08437500000000006 0.5421875 0.06406250000000006 0.5421875 0.06406250000000006 0.5640625 0.08437500000000006 0.5640625
2 0.1062500000000001 0.5671875 0.08281250000000007 0.5671875 0.08281250000000007 0.5890625 0.1062500000000001 0.5890625
2 0.050000000000000065 0.5640625 0.03906250000000007 0.5640625 0.03906250000000007 0.5953125 0.050000000000000065 0.5953125
2 0.06250000000000007 0.5640625 0.050000000000000065 0.5640625 0.050000000000000065 0.59375 0.06250000000000007 0.59375
4 0.057812500000000065 0.51875 0.04531250000000007 0.51875 0.04531250000000007 0.5296875 0.057812500000000065 0.5296875
0 0.04375000000000006 0.496875 0.025000000000000057 0.496875 0.02500000000000006 0.5171875 0.04375000000000007 0.5171875
2 0.04375000000000005 0.4765625 0.018750000000000062 0.4765625 0.018750000000000062 0.4921875 0.04375000000000005 0.4921875
2 0.3968750000000001 0.453125 0.37187500000000007 0.453125 0.37187500000000007 0.46875 0.3968750000000001 0.46875
2 0.3968750000000001 0.46875 0.3765625000000001 0.46875 0.3765625000000001 0.4859375 0.3968750000000001 0.4859375
2 0.4015625 0.4875 0.37968750000000007 0.4875 0.37968750000000007 0.50625 0.4015625 0.50625
4 0.35625000000000007 0.4703125 0.3468750000000001 0.4703125 0.3468750000000001 0.48125 0.35625000000000007 0.48125
4 0.3656250000000001 0.465625 0.35625000000000007 0.465625 0.35625000000000007 0.4765625 0.3656250000000001 0.4765625
4 0.3765625000000001 0.4640625 0.3656250000000001 0.4640625 0.3656250000000001 0.4734375 0.3765625000000001 0.4734375
4 0.3656250000000001 0.475 0.35625000000000007 0.475 0.35625000000000007 0.4859375 0.3656250000000001 0.4859375
4 0.3765625000000001 0.4734375 0.36406250000000007 0.4734375 0.36406250000000007 0.4859375 0.3765625000000001 0.4859375
2 0.3765625000000001 0.4859375 0.3546875000000001 0.4859375 0.3546875000000001 0.503125 0.3765625000000001 0.503125
4 0.3609375000000001 0.5015625 0.3515625000000001 0.5015625 0.3515625000000001 0.5109375 0.3609375000000001 0.5109375
4 0.3812500000000001 0.5046875 0.37187500000000007 0.5046875 0.37187500000000007 0.5140625 0.3812500000000001 0.5140625
4 0.3937500000000001 0.5078125 0.3843750000000001 0.5078125 0.3843750000000001 0.5171875 0.3937500000000001 0.5171875
4 0.665625 0.5 0.6546875 0.5 0.6546875 0.5203125 0.665625 0.5203125
4 0.6234375 0.475 0.609375 0.475 0.609375 0.490625 0.6234375 0.490625
4 0.625 0.50625 0.6109375 0.50625 0.6109375 0.51875 0.625 0.51875
4 0.5703125 0.55 0.5609375 0.55 0.5609375 0.5703125 0.5703125 0.5703125
4 0.590625 0.575 0.578125 0.575 0.578125 0.5890625 0.590625 0.5890625
4 0.6140625 0.5765625 0.6015625 0.5765625 0.6015625 0.590625 0.6140625 0.590625
4 0.6390625 0.571875 0.6265625 0.571875 0.6265625 0.5875 0.6390625 0.5875
4 0.49375 0.453125 0.484375 0.453125 0.484375 0.4734375 0.49375 0.4734375
4 0.48125 0.434375 0.471875 0.434375 0.471875 0.459375 0.48125 0.459375
4 0.603125 0.3828125000000001 0.590625 0.3828125000000001 0.590625 0.403125 0.603125 0.403125
4 0.6234375 0.421875 0.615625 0.421875 0.615625 0.440625 0.6234375 0.440625
2 0.5 0.17343750000000005 0.4859375 0.17343750000000005 0.4859375 0.2093750000000001 0.5 0.2093750000000001
2 0.5234375 0.08437500000000006 0.5078125 0.08437500000000006 0.5078125 0.12812500000000004 0.5234375 0.12812500000000004
2 0.45 0.3812500000000001 0.428125 0.3812500000000001 0.428125 0.4078125 0.45 0.4078125
4 0.6046875 0.3390625000000001 0.5953125 0.3390625000000001 0.5953125 0.3546875000000001 0.6046875 0.3546875000000001
4 0.60625 0.35625000000000007 0.596875 0.35625000000000007 0.596875 0.3750000000000001 0.60625 0.3750000000000001
4 0.6125 0.3750000000000001 0.6046875 0.3750000000000001 0.6046875 0.3859375000000001 0.6125 0.3859375000000001
4 0.6140625 0.3437500000000001 0.6046875 0.3437500000000001 0.6046875 0.35625000000000007 0.6140625 0.35625000000000007
4 0.61875 0.3906250000000001 0.6125 0.3906250000000001 0.6125 0.4046875 0.61875 0.4046875
4 0.578125 0.3531250000000001 0.56875 0.3531250000000001 0.56875 0.3687500000000001 0.578125 0.3687500000000001
4 0.578125 0.33281250000000007 0.571875 0.33281250000000007 0.571875 0.34843750000000007 0.578125 0.34843750000000007
4 0.56875 0.3359375000000001 0.5640625 0.3359375000000001 0.5640625 0.3515625000000001 0.56875 0.3515625000000001
4 0.5625 0.3343750000000001 0.5578125 0.3343750000000001 0.5578125 0.34843750000000007 0.5625 0.34843750000000007
4 0.5640625 0.3218750000000001 0.5578125 0.3218750000000001 0.5578125 0.33281250000000007 0.5640625 0.33281250000000007
4 0.58125 0.24218750000000008 0.575 0.24218750000000008 0.575 0.2609375000000001 0.58125 0.2609375000000001
4 0.59375 0.2015625000000001 0.5890625 0.2015625000000001 0.5890625 0.22031250000000008 0.59375 0.22031250000000008
4 0.5875 0.2015625000000001 0.58125 0.2015625000000001 0.58125 0.2156250000000001 0.5875 0.2156250000000001
0 0.5734375 0.30937500000000007 0.5640625 0.30937500000000007 0.5640625 0.33281250000000007 0.5734375 0.33281250000000007
0 0.5796875 0.2875000000000001 0.5671875 0.2875000000000001 0.5671875 0.3078125000000001 0.5796875 0.3078125000000001
0 0.5765625 0.2609375000000001 0.5671875 0.2609375000000001 0.5671875 0.2875000000000001 0.5765625 0.2875000000000001
2 0.5890625 0.2500000000000001 0.5796875 0.2500000000000001 0.5796875 0.29375000000000007 0.5890625 0.29375000000000007
0 0.5953125 0.2234375000000001 0.5859375 0.2234375000000001 0.5859375 0.2468750000000001 0.5953125 0.2468750000000001
0 0.5859375 0.2171875000000001 0.5765625 0.2171875000000001 0.5765625 0.2406250000000001 0.5859375 0.2406250000000001
0 0.596875 0.17968750000000008 0.5890625 0.17968750000000008 0.5890625 0.2000000000000001 0.596875 0.2000000000000001
0 0.6109375 0.14843750000000008 0.6015625 0.14843750000000008 0.6015625 0.17343750000000008 0.6109375 0.17343750000000008
0 0.61875 0.1062500000000001 0.609375 0.1062500000000001 0.609375 0.1312500000000001 0.61875 0.1312500000000001
4 0.63125 0.03593750000000008 0.625 0.03593750000000008 0.625 0.056250000000000064 0.63125 0.056250000000000064
4 0.625 0.09375000000000007 0.6203125 0.09375000000000007 0.6203125 0.11250000000000009 0.625 0.11250000000000009
4 0.61875 0.07500000000000007 0.6109375 0.07500000000000007 0.6109375 0.09375000000000007 0.61875 0.09375000000000007
0 0.6078125 0.12031250000000009 0.5984375 0.12031250000000009 0.5984375 0.14843750000000008 0.6078125 0.14843750000000008
0 0.6015625 0.15000000000000008 0.5921875 0.15000000000000008 0.5921875 0.1750000000000001 0.6015625 0.1750000000000001
4 0.603125 0.17187500000000008 0.5953125 0.17187500000000008 0.5953125 0.1859375000000001 0.603125 0.1859375000000001
6 0.61875 0.017187500000000074 0.59375 0.01718750000000007 0.59375 0.09843750000000007 0.61875 0.09843750000000007
6 0.6046875 0.09843750000000007 0.5796875 0.09843750000000007 0.5796875 0.1765625000000001 0.6046875 0.1765625000000001
6 0.5859375 0.18125000000000008 0.5578125 0.18125000000000008 0.5578125 0.25468750000000007 0.5859375 0.25468750000000007
6 0.5703125 0.2593750000000001 0.540625 0.2593750000000001 0.540625 0.3500000000000001 0.5703125 0.3500000000000001
4 0.3968750000000001 0.3734375000000001 0.38750000000000007 0.3734375000000001 0.38750000000000007 0.3921875000000001 0.3968750000000001 0.3921875000000001
4 0.4046875 0.3703125000000001 0.3984375000000001 0.3703125000000001 0.3984375000000001 0.3906250000000001 0.4046875 0.3906250000000001
4 0.425 0.3375000000000001 0.415625 0.3375000000000001 0.415625 0.3531250000000001 0.425 0.3531250000000001
4 0.4171875 0.3671875000000001 0.4125 0.3671875000000001 0.4125 0.3859375000000001 0.4171875 0.3859375000000001
4 0.428125 0.3671875000000001 0.4203125 0.3671875000000001 0.4203125 0.3812500000000001 0.428125 0.3812500000000001
4 0.44375 0.3187500000000001 0.43125 0.3187500000000001 0.43125 0.3296875000000001 0.44375 0.3296875000000001
4 0.44375 0.35625000000000007 0.434375 0.35625000000000007 0.434375 0.3703125000000001 0.44375 0.3703125000000001
4 0.434375 0.3296875000000001 0.4265625 0.3296875000000001 0.4265625 0.3453125000000001 0.434375 0.3453125000000001
4 0.45 0.3312500000000001 0.4390625 0.3312500000000001 0.4390625 0.3453125000000001 0.45 0.3453125000000001
4 0.4515625 0.3031250000000001 0.4390625 0.3031250000000001 0.4390625 0.3140625000000001 0.4515625 0.3140625000000001
4 0.465625 0.27812500000000007 0.453125 0.27812500000000007 0.453125 0.2921875000000001 0.465625 0.2921875000000001
4 0.4609375 0.3187500000000001 0.45 0.3187500000000001 0.45 0.3265625000000001 0.4609375 0.3265625000000001
4 0.465625 0.3046875000000001 0.45625 0.3046875000000001 0.45625 0.3187500000000001 0.465625 0.3187500000000001