3 0.4578125 0.409375 0.4328125 0.409375 0.4328125 0.440625 0.4578125 0.440625
2 0.4265625 0.4453125 0.403125 0.4453125 0.403125 0.4921875 0.4265625 0.4921875
2 0.5515625 0.509375 0.5296875 0.509375 0.5296875 0.55 0.5515625 0.55
0 0.4765625 0.5875 0.4625 0.5875 0.4625 0.6140625 0.4765625 0.6140625
0 0.3890625000000001 0.5328125 0.3703125000000001 0.5328125 0.3703125000000001 0.559375 0.3890625000000001 0.559375
0 0.4515625 0.58125 0.4375 0.58125 0.4375 0.6125 0.4515625 0.6125
0 0.2750000000000001 0.84375 0.2562500000000001 0.84375 0.2562500000000001 0.878125 0.2750000000000001 0.878125
0 0.3062500000000001 0.909375 0.2906250000000001 0.909375 0.2906250000000001 0.9421875 0.3062500000000001 0.9421875
0 0.7468750000000002 0.9078125 0.7312500000000002 0.9078125 0.7312500000000002 0.934375 0.7468750000000002 0.934375
2 0.7984375000000001 0.91875 0.7734375000000002 0.91875 0.7734375000000002 0.9578125 0.7984375000000001 0.9578125
2 0.7578125000000002 0.8765625 0.7359375000000001 0.8765625 0.7359375000000001 0.9125 0.7578125000000002 0.9125
3 0.7250000000000002 0.8515625 0.6984375000000002 0.8515625 0.6984375000000002 0.89375 0.7250000000000002 0.89375
6 0.6796875000000002 0.7734375 0.6375000000000002 0.7734375 0.6375000000000002 0.8328125 0.6796875000000002 0.8328125
0 0.58125 0.684375 0.5625 0.684375 0.5625 0.7125 0.58125 0.7125
0 0.6078125 0.49375 0.5953125 0.49375 0.5953125 0.53125 0.6078125 0.53125
0 0.778125 0.2890625000000001 0.7609375 0.2890625000000001 0.7609375 0.3203125000000001 0.778125 0.3203125000000001
0 0.6953125 0.1843750000000001 0.6765625 0.1843750000000001 0.6765625 0.2093750000000001 0.6953125 0.2093750000000001
0 0.85 0.2078125000000001 0.8328125 0.2078125000000001 0.8328125 0.23593750000000008 0.85 0.23593750000000008
2 0.9171875 0.034375000000000114 0.8875 0.034375000000000114 0.8875 0.06875000000000012 0.9171875 0.06875000000000012
2 0.65 0.2500000000000001 0.628125 0.2500000000000001 0.628125 0.2812500000000001 0.65 0.2812500000000001
2 0.6125 0.2062500000000001 0.5875 0.2062500000000001 0.5875 0.2312500000000001 0.6125 0.2312500000000001
2 0.5625 0.23437500000000008 0.5359375 0.23437500000000008 0.5359375 0.26250000000000007 0.5625 0.26250000000000007
2 0.528125 0.2593750000000001 0.503125 0.2593750000000001 0.503125 0.2906250000000001 0.528125 0.2906250000000001
2 0.3671875 0.23437500000000006 0.3453125 0.234375 0.3453125 0.27187500000000003 0.3671875 0.2718750000000001
3 0.2640625000000001 0.7890625 0.2453125000000001 0.7890625 0.2453125000000001 0.828125 0.2640625000000001 0.828125
2 0.31875 0.10000000000000005 0.29375 0.10000000000000005 0.29375 0.13906250000000003 0.31875 0.13906250000000003
2 0.2375 0.10468750000000004 0.215625 0.10468750000000004 0.215625 0.15000000000000005 0.2375 0.15000000000000005
3 0.259375 0.2296875 0.2390625 0.2296875 0.2390625 0.2640625 0.259375 0.2640625
4 0.5421875 0.41875 0.528125 0.41875 0.528125 0.44375 0.5421875 0.44375
4 0.53125 0.3734375000000001 0.521875 0.3734375000000001 0.521875 0.3937500000000001 0.53125 0.3937500000000001
4 0.5078125 0.3937500000000001 0.49375 0.3937500000000001 0.49375 0.4140625 0.5078125 0.4140625
4 0.5234375 0.4453125 0.5078125 0.4453125 0.5078125 0.4625 0.5234375 0.4625
4 0.540625 0.4515625 0.528125 0.4515625 0.528125 0.465625 0.540625 0.465625
4 0.5671875 0.459375 0.553125 0.459375 0.553125 0.484375 0.5671875 0.484375
4 0.5609375 0.5 0.55 0.5 0.55 0.5140625 0.5609375 0.5140625
4 0.5546875 0.4875 0.540625 0.4875 0.540625 0.5015625 0.5546875 0.5015625
4 0.5328125 0.465625 0.5203125 0.465625 0.5203125 0.4828125 0.5328125 0.4828125
4 0.525 0.503125 0.5140625 0.503125 0.5140625 0.5234375 0.525 0.5234375
4 0.4828125 0.5546875 0.4734375 0.5546875 0.4734375 0.571875 0.4828125 0.571875
4 0.5265625 0.621875 0.515625 0.621875 0.515625 0.6375 0.5265625 0.6375
4 0.55 0.621875 0.5390625 0.621875 0.5390625 0.6390625 0.55 0.6390625
4 0.6328125 0.6 0.621875 0.6 0.621875 0.61875 0.6328125 0.61875
4 0.4609375 0.56875 0.4453125 0.56875 0.4453125 0.584375 0.4609375 0.584375
4 0.4265625 0.5 0.4125 0.5 0.4125 0.5171875 0.4265625 0.5171875
4 0.4109375 0.49375 0.4 0.49375 0.4 0.5171875 0.4109375 0.5171875
4 0.4046875 0.553125 0.3937500000000001 0.553125 0.3937500000000001 0.571875 0.4046875 0.571875
4 0.3812500000000001 0.578125 0.3703125000000001 0.578125 0.3703125000000001 0.5953125 0.3812500000000001 0.5953125
4 0.3890625000000001 0.6421875 0.3781250000000001 0.6421875 0.3781250000000001 0.6578125 0.3890625000000001 0.6578125
4 0.3765625000000001 0.7484375 0.3656250000000001 0.7484375 0.3656250000000001 0.7734375 0.3765625000000001 0.7734375
4 0.4421875 0.625 0.4296875 0.625 0.4296875 0.640625 0.4421875 0.640625
4 0.44375 0.609375 0.4296875 0.609375 0.4296875 0.625 0.44375 0.625
4 0.4890625 0.6484375 0.4734375 0.6484375 0.4734375 0.6640625 0.4890625 0.6640625
4 0.471875 0.6671875 0.4578125 0.6671875 0.4578125 0.68125 0.471875 0.68125
4 0.446875 0.6546875 0.434375 0.6546875 0.434375 0.671875 0.446875 0.671875
4 0.35625000000000007 0.5859375 0.3437500000000001 0.5859375 0.3437500000000001 0.60625 0.35625000000000007 0.60625
4 0.3625000000000001 0.6015625 0.3531250000000001 0.6015625 0.3531250000000001 0.625 0.3625000000000001 0.625
4 0.3734375000000001 0.6046875 0.3609375000000001 0.6046875 0.3609375000000001 0.6234375 0.3734375000000001 0.6234375
4 0.3453125000000001 0.6078125 0.33281250000000007 0.6078125 0.33281250000000007 0.634375 0.3453125000000001 0.634375
4 0.2953125000000001 0.69375 0.2843750000000001 0.69375 0.2843750000000001 0.7140625 0.2953125000000001 0.7140625
4 0.2984375000000001 0.7140625 0.28593750000000007 0.7140625 0.28593750000000007 0.734375 0.2984375000000001 0.734375
4 0.3046875000000001 0.721875 0.29375000000000007 0.721875 0.29375000000000007 0.7453125 0.3046875000000001 0.7453125
4 0.3125000000000001 0.7328125 0.30156250000000007 0.7328125 0.30156250000000007 0.75625 0.3125000000000001 0.75625
4 0.3109375000000001 0.7671875 0.3000000000000001 0.7671875 0.3000000000000001 0.7875 0.3109375000000001 0.7875
4 0.2500000000000001 0.909375 0.2406250000000001 0.909375 0.2406250000000001 0.9359375 0.2500000000000001 0.9359375
4 0.24218750000000008 0.90625 0.2312500000000001 0.90625 0.2312500000000001 0.934375 0.24218750000000008 0.934375
4 0.390625 0.3156250000000001 0.38125 0.3156250000000001 0.38125 0.3375000000000001 0.390625 0.3375000000000001
4 0.440625 0.34062500000000007 0.425 0.34062500000000007 0.425 0.3578125000000001 0.440625 0.3578125000000001
4 0.3875 0.2796875000000001 0.3765625 0.2796875000000001 0.3765625 0.2984375000000001 0.3875 0.2984375000000001
4 0.321875 0.15000000000000005 0.3125 0.15000000000000005 0.3125 0.16875000000000004 0.321875 0.16875000000000004
4 0.325 0.19218750000000004 0.3140625 0.19218750000000004 0.3140625 0.2109375 0.325 0.2109375
4 0.3109375 0.15625000000000006 0.303125 0.15625000000000006 0.303125 0.17343750000000005 0.3109375 0.17343750000000005
4 0.2953125 0.13750000000000004 0.2859375 0.13750000000000004 0.2859375 0.15625000000000006 0.2953125 0.15625000000000006
4 0.2703125 0.2125 0.2609375 0.2125 0.2609375 0.2328125 0.2703125 0.2328125
3 0.2 0.19687500000000002 0.17656250000000004 0.196875 0.17656250000000004 0.2375 0.2 0.2375
4 0.1765625 0.1109375 0.1703125 0.1109375 0.1703125 0.13125 0.1765625 0.13125
4 0.2015625 0.15312500000000004 0.190625 0.15312500000000004 0.190625 0.16250000000000003 0.2015625 0.16250000000000003
4 0.203125 0.16562500000000005 0.190625 0.16562500000000005 0.190625 0.17812500000000003 0.203125 0.17812500000000003
4 0.2078125 0.13281250000000006 0.1984375 0.13281250000000006 0.1984375 0.14843750000000006 0.2078125 0.14843750000000006
4 0.2 0.09375000000000003 0.190625 0.09375000000000003 0.190625 0.11250000000000004 0.2 0.11250000000000004
4 0.3125000000000001 0.609375 0.3031250000000001 0.609375 0.3031250000000001 0.628125 0.3125000000000001 0.628125
4 0.41875 0.65 0.4078125 0.65 0.4078125 0.6671875 0.41875 0.6671875
4 0.3921875000000001 0.6515625 0.3812500000000001 0.6515625 0.3812500000000001 0.6703125 0.3921875000000001 0.6703125
4 0.3421875000000001 0.6796875 0.3312500000000001 0.6796875 0.3312500000000001 0.7 0.3421875000000001 0.7
4 0.3906250000000001 0.6984375 0.37968750000000007 0.6984375 0.37968750000000007 0.7171875 0.3906250000000001 0.7171875
4 0.3906250000000001 0.721875 0.37968750000000007 0.721875 0.37968750000000007 0.740625 0.3906250000000001 0.740625
4 0.3203125000000001 0.9390625 0.30937500000000007 0.9390625 0.30937500000000007 0.959375 0.3203125000000001 0.959375
4 0.3078125000000001 0.9359375 0.2984375000000001 0.9359375 0.2984375000000001 0.95625 0.3078125000000001 0.95625
4 0.4078125 0.6125 0.3984375000000001 0.6125 0.3984375000000001 0.634375 0.4078125 0.634375
4 0.465625 0.6828125 0.4515625 0.6828125 0.4515625 0.7078125 0.465625 0.7078125
4 0.5421875 0.6890625 0.53125 0.6890625 0.53125 0.7140625 0.5421875 0.7140625
4 0.5609375 0.6828125 0.5484375 0.6828125 0.5484375 0.7109375 0.5609375 0.7109375
4 0.5968750000000002 0.7265625 0.5859375000000002 0.7265625 0.5859375000000002 0.7421875 0.5968750000000002 0.7421875
4 0.6890625000000001 0.83125 0.6750000000000002 0.83125 0.6750000000000002 0.85 0.6890625000000001 0.85
4 0.7296875000000002 0.921875 0.7171875000000002 0.921875 0.7171875000000002 0.9421875 0.7296875000000002 0.9421875
4 0.7718750000000002 0.925 0.7593750000000001 0.925 0.7593750000000001 0.9484375 0.7718750000000002 0.9484375
4 0.7296875000000002 0.7828125000000001 0.7171875000000002 0.7828125 0.7171875000000002 0.8 0.7296875000000002 0.8
4 0.7359375000000001 0.7765625000000002 0.7265625000000002 0.7765625000000002 0.7265625000000002 0.7937500000000002 0.7359375000000001 0.7937500000000002
4 0.7343750000000002 0.7390625000000001 0.7250000000000002 0.7390625 0.7250000000000002 0.7656250000000001 0.7343750000000002 0.7656250000000002
4 0.7968750000000002 0.8421875 0.7875000000000002 0.8421875 0.7875000000000002 0.859375 0.7968750000000002 0.859375
4 0.834375 0.903125 0.8203125 0.903125 0.8203125 0.9234375 0.834375 0.9234375
4 0.7875000000000002 0.9609375 0.7734375000000002 0.9609375 0.7734375000000002 0.9828125 0.7875000000000002 0.9828125
4 0.803125 0.984375 0.7921875000000002 0.984375 0.7921875000000002 1 0.803125 1
4 0.8140625 0.98125 0.803125 0.98125 0.803125 1 0.8140625 1
2 0.7390625000000002 0.9515625 0.7140625000000002 0.9515625 0.7140625000000002 0.9734375 0.7390625000000002 0.9734375
4 0.5875 0.3234375000000001 0.575 0.3234375000000001 0.575 0.3453125000000001 0.5875 0.3453125000000001
4 0.6203125 0.2531250000000001 0.609375 0.2531250000000001 0.609375 0.2687500000000001 0.6203125 0.2687500000000001
4 0.759375 0.3234375000000001 0.746875 0.3234375000000001 0.746875 0.3343750000000001 0.759375 0.3343750000000001
4 0.75625 0.3625000000000001 0.746875 0.3625000000000001 0.746875 0.3843750000000001 0.75625 0.3843750000000001
4 0.484375 0.3984375000000001 0.471875 0.3984375000000001 0.471875 0.4125 0.484375 0.4125
4 0.4921875 0.3843750000000001 0.4796875 0.3843750000000001 0.4796875 0.3968750000000001 0.4921875 0.3968750000000001
4 0.459375 0.37187500000000007 0.446875 0.37187500000000007 0.446875 0.3843750000000001 0.459375 0.3843750000000001
4 0.45 0.3218750000000001 0.4359375 0.3218750000000001 0.4359375 0.3343750000000001 0.45 0.3343750000000001
4 0.5125 0.3109375000000001 0.4984375 0.3109375000000001 0.4984375 0.3265625000000001 0.5125 0.3265625000000001
4 0.484375 0.459375 0.4734375 0.459375 0.4734375 0.478125 0.484375 0.478125
4 0.4296875 0.403125 0.4203125 0.403125 0.4203125 0.41875 0.4296875 0.41875
4 0.44375 0.4625 0.434375 0.4625 0.434375 0.4828125 0.44375 0.4828125
4 0.54375 0.2656250000000001 0.534375 0.2656250000000001 0.534375 0.2828125000000001 0.54375 0.2828125000000001
4 0.8046875 0.0828125000000001 0.79375 0.0828125000000001 0.79375 0.10000000000000009 0.8046875 0.10000000000000009
4 0.8109375 0.0484375000000001 0.796875 0.0484375000000001 0.796875 0.0671875000000001 0.8109375 0.0671875000000001
4 0.828125 0.0812500000000001 0.815625 0.08125000000000009 0.815625 0.0968750000000001 0.828125 0.09687500000000011
4 0.85 0.10781250000000009 0.8390625 0.10781250000000009 0.8390625 0.1218750000000001 0.85 0.1218750000000001
4 0.865625 0.05468750000000011 0.8484375 0.05468750000000011 0.8484375 0.07031250000000011 0.865625 0.07031250000000011
4 0.828125 0.19687500000000008 0.8140625 0.19687500000000008 0.8140625 0.21250000000000008 0.828125 0.21250000000000008
4 0.4296875 0.684375 0.4203125 0.684375 0.4203125 0.7 0.4296875 0.7
4 0.425 0.703125 0.4171875 0.703125 0.4171875 0.715625 0.425 0.715625
4 0.3421875000000001 0.3828125 0.33281250000000007 0.3828125 0.33281250000000007 0.4125 0.3421875000000001 0.4125
4 0.3078125000000001 0.4296875 0.2984375000000001 0.4296875 0.2984375000000001 0.4484375 0.3078125000000001 0.4484375
2 0.66875 0.1375000000000001 0.64375 0.1375000000000001 0.64375 0.16562500000000008 0.66875 0.16562500000000008
2 0.628125 0.1390625000000001 0.6109375 0.1390625000000001 0.6109375 0.18750000000000008 0.628125 0.18750000000000008
3 0.2234375 0.240625 0.2015625 0.240625 0.2015625 0.2796875 0.2234375 0.2796875
3 0.24375 0.271875 0.2171875 0.271875 0.2171875 0.3140625 0.24375 0.3140625
6 0.203125 0.2359375 0.17812500000000003 0.2359375 0.17812500000000003 0.2875 0.203125 0.2875
2 0.196875 0.11875000000000002 0.178125 0.11875 0.178125 0.153125 0.196875 0.15312500000000004
2 0.76875 0.6078125000000002 0.75 0.6078125000000002 0.75 0.6484375000000002 0.76875 0.6484375000000002
2 0.8578125 0.3609375000000001 0.834375 0.3609375000000001 0.834375 0.40625000000000017 0.8578125 0.40625000000000017
2 0.875 0.2687500000000001 0.8515625 0.2687500000000001 0.8515625 0.2984375000000001 0.875 0.2984375000000001
3 0.8390625 0.41406250000000017 0.8078125 0.41406250000000017 0.8078125 0.4781250000000002 0.8390625 0.4781250000000002
3 0.853125 0.2843750000000001 0.8171875 0.2843750000000001 0.8171875 0.32500000000000007 0.853125 0.32500000000000007
3 0.8796875 0.30156250000000007 0.853125 0.30156250000000007 0.853125 0.3609375000000001 0.8796875 0.3609375000000001
3 0.75 0.3703125000000001 0.7171875 0.3703125000000001 0.7171875 0.3968750000000001 0.75 0.3968750000000001
3 0.684375 0.4203125 0.65625 0.4203125 0.65625 0.4546875 0.684375 0.4546875
3 0.6984375 0.565625 0.6734375 0.565625 0.6734375 0.6078125 0.6984375 0.6078125
3 0.715625 0.6140625 0.6953125 0.6140625 0.6953125 0.653125 0.715625 0.653125
3 0.7390625 0.6578125000000001 0.7171875 0.6578125 0.7171875 0.6875000000000001 0.7390625 0.6875000000000002
3 0.7015625 0.59375 0.6796875 0.59375 0.6796875 0.628125 0.7015625 0.628125
3 0.6296875 0.478125 0.6125 0.478125 0.6125 0.503125 0.6296875 0.503125
3 0.6796875 0.5671875 0.6640625 0.5671875 0.6640625 0.59375 0.6796875 0.59375
3 0.8140625 0.4906250000000002 0.796875 0.4906250000000002 0.796875 0.5171875000000001 0.8140625 0.5171875000000001
3 0.8234375 0.30937500000000007 0.7984375 0.30937500000000007 0.7984375 0.3421875000000001 0.8234375 0.3421875000000001
4 0.65625 0.453125 0.6421875 0.453125 0.6421875 0.46875 0.65625 0.46875
4 0.6359375 0.4546875 0.621875 0.4546875 0.621875 0.4734375 0.6359375 0.4734375
3 0.6375 0.5296875 0.61875 0.5296875 0.61875 0.55625 0.6375 0.55625
3 0.5359375000000001 0.690625 0.5078125 0.690625 0.5078125000000001 0.728125 0.5359375000000002 0.728125
4 0.4859375000000001 0.71875 0.4765625 0.71875 0.4765625000000001 0.7390625 0.4859375000000002 0.7390625
3 0.6796875 0.5453125 0.6578125 0.5453125 0.6578125 0.5796875 0.6796875 0.5796875
3 0.73125 0.628125 0.7046875 0.628125 0.7046875 0.6687500000000001 0.73125 0.6687500000000002
4 0.7812500000000002 0.7375000000000002 0.7687500000000002 0.7375000000000002 0.7687500000000002 0.7468750000000002 0.7812500000000002 0.7468750000000002
4 0.7812500000000002 0.7609375000000002 0.7703125000000002 0.7609375000000002 0.7703125000000002 0.7718750000000002 0.7812500000000002 0.7718750000000002
4 0.7812500000000002 0.7484375000000002 0.7671875000000001 0.7484375000000002 0.7671875000000001 0.7578125000000002 0.7812500000000002 0.7578125000000002
4 0.7875000000000002 0.7265625000000002 0.7765625000000002 0.7265625000000002 0.7765625000000002 0.7375000000000002 0.7875000000000002 0.7375000000000002
4 0.7875000000000001 0.7171875000000002 0.7765625 0.7171875000000002 0.7765625 0.7296875000000002 0.7875000000000002 0.7296875000000002
4 0.790625 0.7109375000000002 0.7796875 0.7109375000000002 0.7796875 0.7203125000000001 0.790625 0.7203125000000001
4 0.796875 0.7015625000000002 0.784375 0.7015625000000002 0.784375 0.7125000000000001 0.796875 0.7125000000000001
4 0.8 0.6828125000000002 0.7890625 0.6828125000000002 0.7890625 0.6968750000000001 0.8 0.6968750000000001
4 0.8140625 0.6375000000000002 0.803125 0.6375000000000002 0.803125 0.6515625000000002 0.8140625 0.6515625000000002
4 0.834375 0.5921875000000002 0.821875 0.5921875000000002 0.821875 0.6046875000000002 0.834375 0.6046875000000002
4 0.821875 0.6265625000000001 0.8125 0.6265625000000001 0.8125 0.6375000000000002 0.821875 0.6375000000000002
4 0.8203125 0.6312500000000002 0.8078125 0.6312500000000002 0.8078125 0.6421875000000001 0.8203125 0.6421875000000001
4 0.7796875 0.5718750000000001 0.76875 0.5718750000000001 0.76875 0.5812500000000002 0.7796875 0.5812500000000002
4 0.7875 0.5578125000000002 0.7734375 0.5578125000000002 0.7734375 0.5687500000000002 0.7875 0.5687500000000002
4 0.790625 0.5453125000000002 0.778125 0.5453125000000002 0.778125 0.5562500000000001 0.790625 0.5562500000000001
4 0.796875 0.5343750000000002 0.7828125 0.5343750000000002 0.7828125 0.5484375000000001 0.796875 0.5484375000000001
4 0.7984375 0.5234375000000002 0.7859375 0.5234375000000002 0.7859375 0.5296875000000002 0.7984375 0.5296875000000002
4 0.7984375 0.5156250000000002 0.7875 0.5156250000000002 0.7875 0.5218750000000002 0.7984375 0.5218750000000002
4 0.8734375 0.4781250000000002 0.859375 0.4781250000000002 0.859375 0.4890625000000002 0.8734375 0.4890625000000002
3 0.715625 0.3968750000000001 0.6828125 0.3968750000000001 0.6828125 0.4359375 0.715625 0.4359375
4 0.9203125 0.3296875000000001 0.909375 0.3296875000000001 0.909375 0.3390625000000001 0.9203125 0.3390625000000001
4 0.9796875 0.2484375000000001 0.96875 0.2484375000000001 0.96875 0.2671875000000001 0.9796875 0.2671875000000001
4 0.7640625 0.028125000000000087 0.7578125 0.028125000000000087 0.7578125 0.050000000000000086 0.7640625 0.050000000000000086
4 0.771875 0.021875000000000096 0.765625 0.021875000000000096 0.765625 0.04218750000000009 0.771875 0.0421875000000001
4 0.7765625 0.017187500000000095 0.771875 0.017187500000000095 0.771875 0.0359375000000001 0.7765625 0.0359375000000001
4 0.7828125 0.010937500000000096 0.778125 0.010937500000000095 0.778125 0.0312500000000001 0.7828125 0.0312500000000001
4 0.6890625 0.0984375000000001 0.684375 0.0984375000000001 0.684375 0.1140625000000001 0.6890625 0.1140625000000001
4 0.734375 0.13437500000000008 0.7234375 0.13437500000000008 0.7234375 0.1468750000000001 0.734375 0.1468750000000001
4 0.684375 0.10000000000000009 0.6796875 0.10000000000000009 0.6796875 0.11875000000000009 0.684375 0.11875000000000009
4 0.68125 0.10312500000000009 0.6765625 0.10312500000000009 0.6765625 0.11875000000000009 0.68125 0.11875000000000009
4 0.68125 0.12343750000000009 0.6703125 0.12343750000000009 0.6703125 0.1375000000000001 0.68125 0.1375000000000001
4 0.6765625 0.10468750000000009 0.6703125 0.10468750000000009 0.6703125 0.12343750000000009 0.6765625 0.12343750000000009
4 0.6734375 0.11250000000000009 0.6671875 0.11250000000000009 0.6671875 0.1296875000000001 0.6734375 0.1296875000000001
4 0.6671875 0.11562500000000009 0.6625 0.11562500000000009 0.6625 0.1359375000000001 0.6671875 0.1359375000000001
4 0.6609375 0.11718750000000008 0.65625 0.11718750000000008 0.65625 0.1375000000000001 0.6609375 0.1375000000000001
4 0.6109375 0.12500000000000008 0.6046875 0.12500000000000008 0.6046875 0.14218750000000008 0.6109375 0.14218750000000008
4 0.6109375 0.15000000000000008 0.6046875 0.15000000000000008 0.6046875 0.1687500000000001 0.6109375 0.1687500000000001
4 0.63125 0.13281250000000008 0.625 0.13281250000000008 0.625 0.1531250000000001 0.63125 0.1531250000000001
4 0.6359375 0.1531250000000001 0.63125 0.1531250000000001 0.63125 0.17187500000000008 0.6359375 0.17187500000000008
4 0.6375 0.1296875000000001 0.6296875 0.1296875000000001 0.6296875 0.14843750000000008 0.6375 0.14843750000000008
4 0.640625 0.12343750000000009 0.6359375 0.12343750000000009 0.6359375 0.14062500000000008 0.640625 0.14062500000000008
4 0.6484375 0.1218750000000001 0.64375 0.1218750000000001 0.64375 0.1375000000000001 0.6484375 0.1375000000000001
4 0.6546875 0.11718750000000008 0.65 0.11718750000000008 0.65 0.1390625000000001 0.6546875 0.1390625000000001
4 0.5640625 0.19531250000000008 0.559375 0.19531250000000008 0.559375 0.2140625000000001 0.5640625 0.2140625000000001
4 0.5703125 0.1921875000000001 0.5640625 0.1921875000000001 0.5640625 0.2093750000000001 0.5703125 0.2093750000000001
4 0.55625 0.1781250000000001 0.55 0.1781250000000001 0.55 0.19687500000000008 0.55625 0.19687500000000008
4 0.55 0.18281250000000007 0.54375 0.18281250000000004 0.54375 0.20312500000000008 0.55 0.20312500000000008
4 0.575 0.1843750000000001 0.5703125 0.1843750000000001 0.5703125 0.20312500000000008 0.575 0.20312500000000008
4 0.590625 0.18906250000000008 0.5859375 0.18906250000000008 0.5859375 0.2078125000000001 0.590625 0.2078125000000001
4 0.5953125 0.1703125000000001 0.590625 0.1703125000000001 0.590625 0.1906250000000001 0.5953125 0.1906250000000001
4 0.603125 0.16562500000000008 0.5984375 0.16562500000000008 0.5984375 0.1843750000000001 0.603125 0.1843750000000001
4 0.590625 0.1671875000000001 0.5859375 0.1671875000000001 0.5859375 0.18750000000000008 0.590625 0.18750000000000008
4 0.584375 0.17968750000000008 0.5796875 0.17968750000000008 0.5796875 0.19687500000000008 0.584375 0.19687500000000008
4 0.5796875 0.1843750000000001 0.575 0.1843750000000001 0.575 0.20312500000000008 0.5796875 0.20312500000000008
3 0.5296875 0.2062500000000001 0.509375 0.2062500000000001 0.509375 0.23593750000000008 0.5296875 0.23593750000000008
4 0.515625 0.24375000000000008 0.5078125 0.24375000000000008 0.5078125 0.2578125000000001 0.515625 0.2578125000000001
4 0.5015625 0.2671875000000001 0.496875 0.2671875000000001 0.496875 0.28593750000000007 0.5015625 0.28593750000000007
4 0.475 0.2953125000000001 0.4640625 0.2953125000000001 0.4640625 0.30937500000000007 0.475 0.30937500000000007
4 0.4734375 0.2750000000000001 0.4671875 0.2750000000000001 0.4671875 0.2906250000000001 0.4734375 0.2906250000000001
4 0.459375 0.2921875000000001 0.4515625 0.2921875000000001 0.4515625 0.3078125000000001 0.459375 0.3078125000000001
4 0.459375 0.2796875000000001 0.45 0.2796875000000001 0.45 0.2968750000000001 0.459375 0.2968750000000001
4 0.4640625 0.2750000000000001 0.459375 0.2750000000000001 0.459375 0.29375000000000007 0.4640625 0.29375000000000007
4 0.44375 0.30937500000000007 0.434375 0.30937500000000007 0.434375 0.31718750000000007 0.44375 0.31718750000000007
4 0.4390625 0.28593750000000007 0.434375 0.28593750000000007 0.434375 0.3046875000000001 0.4390625 0.3046875000000001
4 0.4328125 0.28593750000000007 0.428125 0.28593750000000007 0.428125 0.3000000000000001 0.4328125 0.3000000000000001
4 0.434375 0.30156250000000007 0.425 0.30156250000000007 0.425 0.3109375000000001 0.434375 0.3109375000000001
4 0.4140625 0.2656250000000001 0.409375 0.2656250000000001 0.409375 0.2843750000000001 0.4140625 0.2843750000000001
4 0.4109375 0.2562500000000001 0.403125 0.2562500000000001 0.403125 0.2718750000000001 0.4109375 0.2718750000000001
4 0.396875 0.2734375000000001 0.3859375 0.2734375000000001 0.3859375 0.28593750000000007 0.396875 0.28593750000000007
4 0.3953125 0.2296875000000001 0.3875 0.2296875000000001 0.3875 0.2453125000000001 0.3953125 0.2453125000000001
4 0.365625 0.20000000000000004 0.3546875 0.2 0.3546875 0.21250000000000005 0.365625 0.21250000000000008
4 0.3859375 0.20468750000000008 0.375 0.20468750000000008 0.375 0.21875000000000008 0.3859375 0.21875000000000008
4 0.3921875 0.18906250000000005 0.384375 0.18906250000000005 0.384375 0.20312500000000008 0.3921875 0.20312500000000008
2 0.4125 0.12968750000000004 0.3921875 0.12968750000000004 0.3921875 0.16562500000000005 0.4125 0.16562500000000005
4 0.384375 0.11406250000000004 0.3765625 0.11406250000000004 0.3765625 0.13125000000000003 0.384375 0.13125000000000003
4 0.3796875 0.10000000000000005 0.371875 0.10000000000000005 0.371875 0.11562500000000005 0.3796875 0.11562500000000005
4 0.3796875 0.08437500000000005 0.3734375 0.08437500000000005 0.3734375 0.10000000000000005 0.3796875 0.10000000000000005
4 0.375 0.07343750000000004 0.365625 0.07343750000000004 0.365625 0.09062500000000004 0.375 0.09062500000000004
4 0.3796875 0.042187500000000044 0.3734375 0.042187500000000044 0.3734375 0.059375000000000046 0.3796875 0.059375000000000046
4 0.3765625 0.035937500000000046 0.371875 0.035937500000000046 0.371875 0.05468750000000004 0.3765625 0.05468750000000004
4 0.3671875 0.021875000000000044 0.359375 0.021875000000000044 0.359375 0.04062500000000004 0.3671875 0.04062500000000004
4 0.3734375 0.029687500000000044 0.3671875 0.029687500000000044 0.3671875 0.04843750000000004 0.3734375 0.04843750000000004
4 0.3859375 0.02343750000000005 0.375 0.023437500000000045 0.375 0.042187500000000044 0.3859375 0.042187500000000044
4 0.3453125 0.034375000000000044 0.3359375 0.034375000000000044 0.3359375 0.05468750000000004 0.3453125 0.05468750000000004
4 0.34375 0.014062500000000042 0.334375 0.014062500000000039 0.334375 0.028125000000000046 0.34375 0.028125000000000046
4 0.3546875 0.04843750000000004 0.3453125 0.04843750000000004 0.3453125 0.06562500000000004 0.3546875 0.06562500000000004
4 0.3640625 0.05625000000000004 0.3546875 0.05625000000000004 0.3546875 0.07812500000000004 0.3640625 0.07812500000000004
4 0.3453125 0.07031250000000004 0.3359375 0.07031250000000004 0.3359375 0.08593750000000004 0.3453125 0.08593750000000004
4 0.3359375 0.06562500000000004 0.3296875 0.06562500000000004 0.3296875 0.07968750000000005 0.3359375 0.07968750000000005
4 0.3328125 0.059375000000000046 0.3234375 0.059375000000000046 0.3234375 0.07656250000000005 0.3328125 0.07656250000000005
4 0.328125 0.07187500000000005 0.315625 0.07187500000000005 0.315625 0.08437500000000005 0.328125 0.08437500000000005
4 0.3234375 0.07656250000000005 0.3125 0.07656250000000005 0.3125 0.08750000000000005 0.3234375 0.08750000000000005
4 0.3125 0.07343750000000004 0.30625 0.07343750000000004 0.30625 0.09218750000000005 0.3125 0.09218750000000005
4 0.346875 0.12187500000000004 0.3390625 0.12187500000000004 0.3390625 0.13906250000000003 0.346875 0.13906250000000003
4 0.35 0.09531250000000005 0.34375 0.09531250000000005 0.34375 0.10781250000000005 0.35 0.10781250000000005
4 0.340625 0.12656250000000005 0.334375 0.12656250000000005 0.334375 0.14062500000000006 0.340625 0.14062500000000006
4 0.328125 0.09843750000000004 0.31875 0.09843750000000004 0.31875 0.11562500000000005 0.328125 0.11562500000000005
4 0.3328125 0.11093750000000005 0.325 0.11093750000000005 0.325 0.12968750000000004 0.3328125 0.12968750000000004
4 0.303125 0.07968750000000005 0.29375 0.07968750000000005 0.29375 0.09531250000000005 0.303125 0.09531250000000005
4 0.278125 0.020312500000000032 0.26875 0.020312500000000032 0.26875 0.03593750000000003 0.278125 0.03593750000000003
4 0.2984375 0.16406250000000006 0.290625 0.16406250000000006 0.290625 0.17968750000000006 0.2984375 0.17968750000000006
4 0.2375 0.24375 0.23125 0.24375 0.23125 0.259375 0.2375 0.259375
4 0.24375 0.240625 0.2375 0.240625 0.2375 0.2578125 0.24375 0.2578125
3 0.228125 0.26875 0.2078125 0.26875 0.2078125 0.3078125 0.228125 0.3078125
4 0.3109375000000001 0.553125 0.3046875000000001 0.553125 0.3046875000000001 0.5765625 0.3109375000000001 0.5765625
4 0.3156250000000001 0.571875 0.3062500000000001 0.571875 0.3062500000000001 0.59375 0.3156250000000001 0.59375
4 0.3031250000000001 0.6 0.29375000000000007 0.6 0.29375000000000007 0.6203125 0.3031250000000001 0.6203125
4 0.2890625000000001 0.6421875 0.2812500000000001 0.6421875 0.2812500000000001 0.6625 0.2890625000000001 0.6625
4 0.2984375000000001 0.6453125 0.2890625000000001 0.6453125 0.2890625000000001 0.6609375 0.2984375000000001 0.6609375
4 0.2531250000000001 0.765625 0.2406250000000001 0.765625 0.2406250000000001 0.784375 0.2531250000000001 0.784375
4 0.25468750000000007 0.83125 0.24375000000000008 0.83125 0.24375000000000008 0.85625 0.25468750000000007 0.85625
4 0.2375000000000001 0.840625 0.2234375000000001 0.840625 0.2234375000000001 0.85625 0.2375000000000001 0.85625
4 0.23593750000000008 0.8296875 0.2234375000000001 0.8296875 0.2234375000000001 0.840625 0.23593750000000008 0.840625
4 0.24375000000000008 0.7984375 0.2328125000000001 0.7984375 0.2328125000000001 0.809375 0.24375000000000008 0.809375
4 0.2468750000000001 0.790625 0.23437500000000008 0.790625 0.23437500000000008 0.8 0.2468750000000001 0.8
4 0.24218750000000008 0.8078125 0.2296875000000001 0.8078125 0.2296875000000001 0.81875 0.24218750000000008 0.81875
2 0.2234375000000001 0.9203125 0.20312500000000008 0.9203125 0.20312500000000008 0.9640625 0.2234375000000001 0.9640625
2 0.3390625000000001 0.90625 0.3187500000000001 0.90625 0.3187500000000001 0.9421875 0.3390625000000001 0.9421875
4 0.32500000000000007 0.9484375 0.3156250000000001 0.9484375 0.3156250000000001 0.96875 0.32500000000000007 0.96875
3 0.28593750000000007 0.6671875 0.27031250000000007 0.6671875 0.27031250000000007 0.6984375 0.28593750000000007 0.6984375
4 0.15000000000000005 0.1875 0.14218750000000005 0.1875 0.14218750000000005 0.20625 0.15000000000000005 0.20625
4 0.14687500000000003 0.18125 0.1375 0.18125 0.1375 0.196875 0.14687500000000003 0.196875
4 0.11875 0.1234375 0.1078125 0.1234375 0.1078125 0.1421875 0.11875 0.1421875
4 0.07968750000000002 0.1234375 0.06875000000000002 0.1234375 0.06875000000000002 0.14375 0.07968750000000002 0.14375
6 0.0921875 0.014062500000000009 0.05625 0.014062500000000006 0.05625 0.07500000000000001 0.0921875 0.07500000000000002