5 0.2562500000000001 0.6703125 0.18906250000000008 0.6703125 0.18906250000000008 0.6984375 0.2562500000000001 0.6984375
5 0.3156250000000001 0.6578125 0.2609375000000001 0.6578125 0.2609375000000001 0.6984375 0.3156250000000001 0.6984375
2 0.0875000000000001 0.8140625 0.057812500000000086 0.8140625 0.0578125000000001 0.8390625 0.0875000000000001 0.8390625
2 0.057812500000000114 0.8703125 0.02968750000000011 0.8703125 0.02968750000000011 0.896875 0.057812500000000114 0.896875
2 0.11718750000000008 0.8671875 0.08593750000000011 0.8671875 0.08593750000000011 0.89375 0.11718750000000008 0.89375
2 0.24375000000000008 0.8140625 0.21250000000000008 0.8140625 0.21250000000000008 0.84375 0.24375000000000008 0.84375
4 0.22656250000000008 0.778125 0.21250000000000008 0.778125 0.21250000000000008 0.7921875 0.22656250000000008 0.7921875
2 0.3140625000000001 0.796875 0.2796875000000001 0.796875 0.2796875000000001 0.8265625 0.3140625000000001 0.8265625
4 0.3031250000000001 0.765625 0.2843750000000001 0.765625 0.2843750000000001 0.7828125 0.3031250000000001 0.7828125
2 0.3625000000000001 0.8046875 0.3312500000000001 0.8046875 0.3312500000000001 0.828125 0.3625000000000001 0.828125
4 0.3968750000000001 0.696875 0.3750000000000001 0.696875 0.3750000000000001 0.715625 0.3968750000000001 0.715625
2 0.4281250000000002 0.80625 0.3984375000000001 0.80625 0.3984375000000001 0.85 0.4281250000000002 0.85
2 0.3937500000000001 0.9140625 0.36406250000000007 0.9140625 0.36406250000000007 0.9484375 0.3937500000000001 0.9484375
2 0.4750000000000002 0.809375 0.45312500000000017 0.809375 0.45312500000000017 0.840625 0.4750000000000002 0.840625
2 0.4984375000000002 0.915625 0.4734375000000002 0.915625 0.4734375000000002 0.95 0.4984375000000002 0.95
4 0.5312500000000001 0.725 0.521875 0.725 0.5218750000000001 0.75 0.5312500000000002 0.75
4 0.51875 0.7203125 0.5140625 0.7203125 0.5140625000000001 0.7421875 0.5187500000000002 0.7421875
4 0.5218750000000002 0.790625 0.5093750000000001 0.790625 0.5093750000000001 0.8046875 0.5218750000000002 0.8046875
4 0.5265625000000002 0.8109375 0.5125000000000002 0.8109375 0.5125000000000002 0.8234375 0.5265625000000002 0.8234375
2 0.5984375000000002 0.809375 0.5718750000000001 0.809375 0.5718750000000001 0.840625 0.5984375000000002 0.840625
4 0.5609375000000001 0.715625 0.546875 0.715625 0.5468750000000001 0.7421875 0.5609375000000002 0.7421875
4 0.5359375 0.61875 0.5265625 0.61875 0.5265625 0.6421875 0.5359375 0.6421875
4 0.4921875 0.615625 0.48125 0.615625 0.48125 0.6375 0.4921875 0.6375
2 0.503125 0.5015625 0.490625 0.5015625 0.490625 0.5515625 0.503125 0.5515625
2 0.490625 0.49375 0.471875 0.49375 0.471875 0.5375 0.490625 0.5375
0 0.4828125 0.29375000000000007 0.475 0.29375000000000007 0.475 0.3296875000000001 0.4828125 0.3296875000000001
4 0.53125 0.3515625000000001 0.521875 0.3515625000000001 0.521875 0.37968750000000007 0.53125 0.37968750000000007
4 0.4859375 0.3906250000000001 0.471875 0.3906250000000001 0.471875 0.4125 0.4859375 0.4125
0 0.53125 0.08593750000000007 0.5203125 0.08593750000000007 0.5203125 0.11406250000000004 0.53125 0.11406250000000004
2 0.5 0.06875000000000006 0.484375 0.06875000000000006 0.484375 0.10781250000000005 0.5 0.10781250000000005
4 0.48125 0.11250000000000004 0.471875 0.11250000000000004 0.471875 0.12812500000000004 0.48125 0.12812500000000004
4 0.4734375 0.14062500000000006 0.4625 0.14062500000000006 0.4625 0.15156250000000004 0.4734375 0.15156250000000004
4 0.5140625 0.029687500000000068 0.5046875 0.029687500000000068 0.5046875 0.05312500000000007 0.5140625 0.05312500000000007
4 0.4828125 0.06406250000000006 0.4734375 0.06406250000000006 0.4734375 0.08437500000000006 0.4828125 0.08437500000000006
2 0.7015625000000002 0.8109375 0.6765625000000002 0.8109375 0.6765625000000002 0.8453125 0.7015625000000002 0.8453125
4 0.6781250000000002 0.7703125 0.6656250000000001 0.7703125 0.6656250000000001 0.790625 0.6781250000000002 0.790625
0 0.7750000000000001 0.7640625000000002 0.7484375000000002 0.7640625000000002 0.7484375000000002 0.7953125000000002 0.7750000000000001 0.7953125000000002
0 0.6468750000000002 0.7828125 0.6312500000000002 0.7828125 0.6312500000000002 0.7984375 0.6468750000000002 0.7984375
2 0.9328125 0.875 0.9046875 0.875 0.9046875 0.896875 0.9328125 0.896875
4 0.934375 0.7859375000000002 0.903125 0.7859375000000002 0.903125 0.7953125000000002 0.934375 0.7953125000000002
2 0.6328125 0.69375 0.609375 0.69375 0.609375 0.715625 0.6328125 0.715625
0 0.6390625 0.66875 0.6234375 0.66875 0.6234375 0.684375 0.6390625 0.684375
0 0.6578125 0.6921875 0.64375 0.6921875 0.64375 0.70625 0.6578125 0.70625
0 0.7234375 0.69375 0.703125 0.69375 0.703125 0.7046875 0.7234375 0.7046875
4 0.8125 0.7125000000000001 0.8015625 0.7125000000000001 0.8015625 0.7312500000000002 0.8125 0.7312500000000002
4 0.9984375 0.7859375000000002 0.9875 0.7859375000000002 0.9875 0.8078125 0.9984375 0.8078125
4 0.9671875 0.85625 0.953125 0.85625 0.953125 0.88125 0.9671875 0.88125