6 0.04687500000000008 0.6671875 0.0015625000000000818 0.6671875 0.0015625000000000834 0.6890625 0.04687500000000009 0.6890625
5 0.08750000000000009 0.6921875 0.015625000000000083 0.6921875 0.015625000000000087 0.715625 0.08750000000000009 0.715625
5 0.2687500000000001 0.6875 0.20312500000000008 0.6875 0.20312500000000008 0.7140625 0.2687500000000001 0.7140625
5 0.4687500000000001 0.7125 0.40625 0.7125 0.4062500000000001 0.7375 0.46875000000000017 0.7375
6 0.2765625000000001 0.7921875 0.2312500000000001 0.7921875 0.2312500000000001 0.81875 0.2765625000000001 0.81875
6 0.10781250000000009 0.590625 0.06406250000000006 0.590625 0.06406250000000006 0.6140625 0.10781250000000009 0.6140625
6 0.1390625000000001 0.6546875 0.10312500000000009 0.6546875 0.10312500000000009 0.68125 0.1390625000000001 0.68125
6 0.29375000000000007 0.615625 0.2593750000000001 0.615625 0.2593750000000001 0.6390625 0.29375000000000007 0.6390625
6 0.6171875 0.653125 0.5703125 0.653125 0.5703125 0.6953125 0.6171875 0.6953125
6 0.784375 0.6625000000000002 0.7390625 0.6625000000000002 0.7390625 0.6843750000000002 0.784375 0.6843750000000002
6 0.91875 0.6937500000000002 0.86875 0.6937500000000002 0.86875 0.7171875000000002 0.91875 0.7171875000000002
6 0.7140625000000002 0.7953125 0.6718750000000002 0.7953125 0.6718750000000002 0.8265625 0.7140625000000002 0.8265625
5 0.8484375 0.7156250000000002 0.78125 0.7156250000000002 0.7812500000000001 0.7437500000000001 0.8484375 0.7437500000000001
6 0.9609375 0.8234375 0.9296875 0.8234375 0.9296875 0.8453125 0.9609375 0.8453125
3 0.621875 0.709375 0.5984375 0.709375 0.5984375 0.725 0.621875 0.725
3 0.6734375000000001 0.715625 0.65 0.715625 0.6500000000000001 0.7359375 0.6734375000000001 0.7359375
3 0.7953125 0.5937500000000002 0.775 0.5937500000000002 0.775 0.6078125000000002 0.7953125 0.6078125000000002
3 0.5203125 0.5046875 0.5015625 0.5046875 0.5015625 0.54375 0.5203125 0.54375
3 0.5296875 0.5375 0.51875 0.5375 0.51875 0.571875 0.5296875 0.571875
3 0.5421875 0.4109375 0.53125 0.4109375 0.53125 0.4515625 0.5421875 0.4515625
6 0.5109375 0.4015625 0.4953125 0.4015625 0.4953125 0.465625 0.5109375 0.465625
6 0.5296875 0.434375 0.509375 0.434375 0.509375 0.5140625 0.5296875 0.5140625
6 0.4796875 0.07812500000000007 0.4625 0.07812500000000007 0.4625 0.15000000000000005 0.4796875 0.15000000000000005
6 0.5453125 0.11093750000000006 0.5234375 0.11093750000000005 0.5234375 0.19062500000000007 0.5453125 0.1906250000000001
2 0.1531250000000001 0.69375 0.1375000000000001 0.69375 0.1375000000000001 0.7078125 0.1531250000000001 0.7078125
2 0.19687500000000008 0.7109375 0.17343750000000008 0.7109375 0.17343750000000008 0.7296875 0.19687500000000008 0.7296875
2 0.2468750000000001 0.7140625 0.2312500000000001 0.7140625 0.2312500000000001 0.73125 0.2468750000000001 0.73125
2 0.3046875000000001 0.7125 0.2828125000000001 0.7125 0.2828125000000001 0.73125 0.3046875000000001 0.73125
1 0.34843750000000007 0.7078125 0.3265625000000001 0.7078125 0.3265625000000001 0.7296875 0.34843750000000007 0.7296875
3 0.3828125000000001 0.709375 0.3609375000000001 0.709375 0.3609375000000001 0.7265625 0.3828125000000001 0.7265625
2 0.2968750000000001 0.590625 0.27812500000000007 0.590625 0.27812500000000007 0.609375 0.2968750000000001 0.609375
2 0.3187500000000001 0.590625 0.2984375000000001 0.590625 0.2984375000000001 0.6046875 0.3187500000000001 0.6046875
2 0.3468750000000001 0.415625 0.3312500000000001 0.415625 0.3312500000000001 0.428125 0.3468750000000001 0.428125
2 0.3453125000000001 0.4328125 0.3312500000000001 0.4328125 0.3312500000000001 0.4484375 0.3453125000000001 0.4484375
3 0.2828125000000001 0.5078125 0.2609375000000001 0.5078125 0.2609375000000001 0.5234375 0.2828125000000001 0.5234375
2 0.44375 0.15156250000000004 0.4296875 0.15156250000000004 0.4296875 0.16250000000000003 0.44375 0.16250000000000003
2 0.4546875 0.17031250000000003 0.4375 0.17031250000000003 0.4375 0.18750000000000006 0.4546875 0.18750000000000006
2 0.46875 0.17187500000000006 0.459375 0.17187500000000006 0.459375 0.2062500000000001 0.46875 0.2062500000000001
2 0.4390625 0.18125000000000005 0.421875 0.18125000000000005 0.421875 0.2000000000000001 0.4390625 0.2000000000000001
2 0.4546875 0.2312500000000001 0.4375 0.2312500000000001 0.4375 0.2562500000000001 0.4546875 0.2562500000000001
2 0.45625 0.2640625000000001 0.4375 0.2640625000000001 0.4375 0.2796875000000001 0.45625 0.2796875000000001
2 0.4515625 0.2812500000000001 0.4328125 0.2812500000000001 0.4328125 0.30156250000000007 0.4515625 0.30156250000000007
2 0.45625 0.30937500000000007 0.45 0.30937500000000007 0.45 0.3359375000000001 0.45625 0.3359375000000001
3 0.4640625 0.3421875000000001 0.45 0.3421875000000001 0.45 0.3812500000000001 0.4640625 0.3812500000000001
3 0.4828125 0.2250000000000001 0.4734375 0.2250000000000001 0.4734375 0.2609375000000001 0.4828125 0.2609375000000001
2 0.546875 0.3421875000000001 0.5359375 0.3421875000000001 0.5359375 0.3703125000000001 0.546875 0.3703125000000001
2 0.5390625 0.36406250000000007 0.528125 0.36406250000000007 0.528125 0.3921875000000001 0.5390625 0.3921875000000001
0 0.446875 0.4828125 0.4328125 0.4828125 0.4328125 0.4953125 0.446875 0.4953125
0 0.4578125 0.4828125 0.4453125 0.4828125 0.4453125 0.5 0.4578125 0.5
0 0.45625 0.4921875 0.45 0.4921875 0.45 0.515625 0.45625 0.515625
0 0.453125 0.534375 0.4453125 0.534375 0.4453125 0.5546875 0.453125 0.5546875
2 0.521875 0.559375 0.503125 0.559375 0.503125 0.5859375 0.521875 0.5859375
3 0.496875 0.4953125 0.48125 0.4953125 0.48125 0.5234375 0.496875 0.5234375
2 0.559375 0.609375 0.54375 0.609375 0.54375 0.628125 0.559375 0.628125
2 0.6015625 0.60625 0.58125 0.60625 0.58125 0.628125 0.6015625 0.628125
2 0.621875 0.58125 0.6046875 0.58125 0.6046875 0.603125 0.621875 0.603125
2 0.5625 0.5640625 0.54375 0.5640625 0.54375 0.5875 0.5625 0.5875
0 0.5484375 0.5390625 0.5390625 0.5390625 0.5390625 0.5609375 0.5484375 0.5609375
2 0.684375 0.5921875 0.66875 0.5921875 0.66875 0.60625 0.684375 0.60625
2 0.8703125 0.5062500000000002 0.859375 0.5062500000000002 0.859375 0.5359375000000002 0.8703125 0.5359375000000002
2 0.915625 0.4703125000000002 0.9046875 0.4703125000000002 0.9046875 0.5000000000000002 0.915625 0.5000000000000002
2 0.9171875 0.5546875000000002 0.896875 0.5546875000000002 0.896875 0.5718750000000001 0.9171875 0.5718750000000001
2 0.98125 0.5890625000000002 0.9578125 0.5890625000000002 0.9578125 0.6093750000000002 0.98125 0.6093750000000002
3 0.871875 0.6656250000000001 0.8546875 0.6656250000000001 0.8546875 0.6812500000000001 0.871875 0.6812500000000001
3 0.7234375000000002 0.7734375 0.6984375000000002 0.7734375 0.6984375000000002 0.7921875 0.7234375000000002 0.7921875
2 0.7031250000000002 0.8546875 0.6828125000000002 0.8546875 0.6828125000000002 0.8703125 0.7031250000000002 0.8703125
2 0.6265625000000001 0.878125 0.6171875000000002 0.878125 0.6171875000000002 0.90625 0.6265625000000001 0.90625
3 0.5890625 0.7234375 0.56875 0.7234375 0.5687500000000001 0.7390625 0.5890625000000002 0.7390625
0 0.1828125000000001 0.66875 0.1687500000000001 0.66875 0.1687500000000001 0.6796875 0.1828125000000001 0.6796875
0 0.54375 0.6765625 0.5328125 0.6765625 0.5328125 0.6875 0.54375 0.6875
2 0.45 0.03281250000000006 0.440625 0.03281250000000006 0.440625 0.06093750000000005 0.45 0.06093750000000005
3 0.440625 0.028125000000000056 0.43125 0.028125000000000056 0.43125 0.059375000000000046 0.440625 0.059375000000000046
4 0.08437500000000009 0.7734375 0.0750000000000001 0.7734375 0.0750000000000001 0.7828125 0.08437500000000009 0.7828125
4 0.06562500000000007 0.628125 0.056250000000000064 0.628125 0.05625000000000008 0.6390625 0.06562500000000009 0.6390625
4 0.15781250000000008 0.6265625 0.1453125000000001 0.6265625 0.1453125000000001 0.6375 0.15781250000000008 0.6375
4 0.0937500000000001 0.8125 0.0828125000000001 0.8125 0.0828125000000001 0.8234375 0.09375000000000011 0.8234375
4 0.1140625000000001 0.83125 0.10468750000000009 0.83125 0.10468750000000009 0.8375 0.1140625000000001 0.8375
4 0.2890625000000001 0.8265625 0.2765625000000001 0.8265625 0.2765625000000001 0.8375 0.2890625000000001 0.8375
4 0.42968750000000017 0.83125 0.4203125000000002 0.83125 0.4203125000000002 0.840625 0.42968750000000017 0.840625
4 0.4656250000000002 0.821875 0.4578125000000002 0.821875 0.4578125000000002 0.8296875 0.4656250000000002 0.8296875
4 0.5000000000000002 0.8390625 0.49218750000000017 0.8390625 0.49218750000000017 0.8484375 0.5000000000000002 0.8484375
4 0.5390625000000002 0.8171875 0.5296875000000002 0.8171875 0.5296875000000002 0.8265625 0.5390625000000002 0.8265625
4 0.5625000000000002 0.8234375 0.5515625000000002 0.8234375 0.5515625000000002 0.8328125 0.5625000000000002 0.8328125
4 0.5515625000000002 0.8390625 0.5421875000000002 0.8390625 0.5421875000000002 0.8484375 0.5515625000000002 0.8484375
4 0.6484375000000002 0.8203125 0.6406250000000002 0.8203125 0.6406250000000002 0.8296875 0.6484375000000002 0.8296875
4 0.7984375000000001 0.8390625 0.7906250000000001 0.8390625 0.7906250000000001 0.8453125 0.7984375000000001 0.8453125
4 0.98125 0.6328125000000002 0.9703125 0.6328125000000002 0.9703125 0.6421875000000001 0.98125 0.6421875000000001
4 0.7640625 0.6953125000000002 0.75625 0.6953125000000002 0.75625 0.7062500000000002 0.7640625 0.7062500000000002
4 0.71875 0.6640625 0.7125 0.6640625 0.7125 0.6734375 0.71875 0.6734375
4 0.70625 0.665625 0.6953125 0.665625 0.6953125 0.675 0.70625 0.675
4 0.565625 0.6703125 0.5578125 0.6703125 0.5578125 0.6765625 0.565625 0.6765625
4 0.5734375 0.6046875 0.5640625 0.6046875 0.5640625 0.6140625 0.5734375 0.6140625
4 0.3984375000000001 0.6640625 0.3890625000000001 0.6640625 0.3890625000000001 0.6734375 0.3984375000000001 0.6734375
4 0.3281250000000001 0.6890625 0.3187500000000001 0.6890625 0.3187500000000001 0.696875 0.3281250000000001 0.696875
4 0.2140625000000001 0.675 0.20312500000000008 0.675 0.20312500000000008 0.6859375 0.2140625000000001 0.6859375
4 0.478125 0.4953125 0.4734375 0.4953125 0.4734375 0.5109375 0.478125 0.5109375
4 0.5125 0.3078125000000001 0.50625 0.3078125000000001 0.50625 0.32500000000000007 0.5125 0.32500000000000007