2 0.365625 0.11093750000000005 0.346875 0.11093750000000005 0.346875 0.14687500000000003 0.365625 0.14687500000000003
2 0.38125 0.14843750000000006 0.365625 0.14843750000000006 0.365625 0.18281250000000004 0.38125 0.18281250000000004
2 0.39375 0.13906250000000003 0.3765625 0.13906250000000003 0.3765625 0.17968750000000006 0.39375 0.17968750000000006
2 0.4296875 0.2078125000000001 0.4109375 0.2078125000000001 0.4109375 0.24375000000000008 0.4296875 0.24375000000000008
2 0.4171875 0.21875000000000008 0.4015625 0.21875000000000008 0.4015625 0.2531250000000001 0.4171875 0.2531250000000001
2 0.4546875 0.3046875000000001 0.4390625 0.3046875000000001 0.4390625 0.3359375000000001 0.4546875 0.3359375000000001
6 0.35625000000000007 0.65625 0.3296875000000001 0.65625 0.3296875000000001 0.7 0.35625000000000007 0.7
2 0.7171875 0.1859375000000001 0.6984375 0.1859375000000001 0.6984375 0.2156250000000001 0.7171875 0.2156250000000001
2 0.659375 0.2968750000000001 0.640625 0.2968750000000001 0.640625 0.3312500000000001 0.659375 0.3312500000000001
1 0.6421875000000001 0.7484375 0.5984375000000002 0.7484375 0.5984375000000002 0.840625 0.6421875000000001 0.840625
2 0.415625 0.5671875 0.39531250000000007 0.5671875 0.39531250000000007 0.5953125 0.415625 0.5953125
2 0.35 0.07187500000000005 0.3296875 0.07187500000000005 0.3296875 0.11562500000000005 0.35 0.11562500000000005
2 0.365625 0.07812500000000004 0.3484375 0.07812500000000004 0.3484375 0.10937500000000004 0.365625 0.10937500000000004
0 0.3437500000000001 0.5171875 0.3296875000000001 0.5171875 0.3296875000000001 0.5359375 0.3437500000000001 0.5359375
2 0.1921875000000001 0.7765625 0.1765625000000001 0.7765625 0.1765625000000001 0.8078125 0.1921875000000001 0.8078125
4 0.3937500000000001 0.5875 0.3843750000000001 0.5875 0.3843750000000001 0.6015625 0.3937500000000001 0.6015625
0 0.23593750000000008 0.684375 0.2218750000000001 0.684375 0.2218750000000001 0.7046875 0.23593750000000008 0.7046875
2 0.3265625000000001 0.70625 0.3078125000000001 0.70625 0.3078125000000001 0.7375 0.3265625000000001 0.7375
2 0.690625 0.2406250000000001 0.66875 0.2406250000000001 0.66875 0.2734375000000001 0.690625 0.2734375000000001
2 0.35625 0.02187500000000004 0.334375 0.02187500000000004 0.334375 0.06093750000000005 0.35625 0.06093750000000005
4 0.3781250000000001 0.609375 0.3687500000000001 0.609375 0.3687500000000001 0.625 0.3781250000000001 0.625
2 0.325 0.02187500000000004 0.30625 0.02187500000000004 0.30625 0.06093750000000005 0.325 0.06093750000000005
3 0.4625 0.2296875000000001 0.4484375 0.2296875000000001 0.4484375 0.2640625000000001 0.4625 0.2640625000000001
2 0.415625 0.4359375 0.4015625 0.4359375 0.4015625 0.475 0.415625 0.475
2 0.3765625000000001 0.6296875 0.3546875000000001 0.6296875 0.3546875000000001 0.659375 0.3765625000000001 0.659375
2 0.6390625 0.36406250000000007 0.61875 0.36406250000000007 0.61875 0.4 0.6390625 0.4
2 0.6718750000000002 0.7265625 0.6531250000000002 0.7265625 0.6531250000000002 0.7625 0.6718750000000002 0.7625
2 0.5703125000000001 0.7140625 0.5515625 0.7140625 0.5515625000000001 0.746875 0.5703125000000002 0.746875
2 0.5984375000000002 0.7296875 0.5796875000000001 0.7296875 0.5796875000000001 0.765625 0.5984375000000002 0.765625
2 0.5906250000000002 0.75625 0.5703125000000002 0.75625 0.5703125000000002 0.79375 0.5906250000000002 0.79375
1 0.590625 0.6390625 0.55625 0.6390625 0.55625 0.71875 0.590625 0.71875
2 0.7546875000000002 0.9125 0.7328125000000002 0.9125 0.7328125000000002 0.95 0.7546875000000002 0.95
2 0.7328125000000002 0.85 0.7109375000000002 0.85 0.7109375000000002 0.8734375 0.7328125000000002 0.8734375
4 0.55625 0.6546875 0.546875 0.6546875 0.546875 0.6734375 0.55625 0.6734375
4 0.5453125 0.6625 0.5390625 0.6625 0.5390625 0.6765625 0.5453125 0.6765625
4 0.5484375 0.6828125 0.540625 0.6828125 0.540625 0.6984375 0.5484375 0.6984375
4 0.546875 0.703125 0.5375 0.703125 0.5375 0.715625 0.546875 0.715625
4 0.5328125 0.6875 0.525 0.6875 0.525 0.703125 0.5328125 0.703125
4 0.55 0.69375 0.5421875 0.69375 0.5421875 0.7109375 0.55 0.7109375
4 0.540625 0.6671875 0.5328125 0.6671875 0.5328125 0.684375 0.540625 0.684375
4 0.5468750000000001 0.7140625 0.5390625 0.7140625 0.5390625000000001 0.7296875 0.5468750000000002 0.7296875
4 0.5375 0.7015625 0.53125 0.7015625 0.53125 0.7171875 0.5375 0.7171875
2 0.6296875 0.4234375 0.609375 0.4234375 0.609375 0.465625 0.6296875 0.465625
2 0.746875 0.14843750000000008 0.725 0.14843750000000008 0.725 0.1828125000000001 0.746875 0.1828125000000001
2 0.8453125 0.11875000000000009 0.81875 0.11875000000000009 0.81875 0.15625000000000008 0.8453125 0.15625000000000008
2 0.7359375 0.01562500000000009 0.7171875 0.01562500000000009 0.7171875 0.04687500000000009 0.7359375 0.04687500000000009
0 0.6890625 0.06406250000000009 0.675 0.06406250000000009 0.675 0.08906250000000009 0.6890625 0.08906250000000009
0 0.6734375 0.07968750000000009 0.6625 0.07968750000000009 0.6625 0.10156250000000008 0.6734375 0.10156250000000008
2 0.4515625 0.2000000000000001 0.4359375 0.2000000000000001 0.4359375 0.2250000000000001 0.4515625 0.2250000000000001
2 0.2093750000000001 0.8875 0.18906250000000008 0.8875 0.1890625000000001 0.9234375 0.2093750000000001 0.9234375
2 0.2453125000000001 0.828125 0.22656250000000008 0.828125 0.22656250000000008 0.859375 0.2453125000000001 0.859375
2 0.2687500000000001 0.7953125 0.24375000000000008 0.7953125 0.24375000000000008 0.8359375 0.2687500000000001 0.8359375
2 0.2062500000000001 0.665625 0.1859375000000001 0.665625 0.1859375000000001 0.7015625 0.2062500000000001 0.7015625
2 0.30937500000000007 0.7265625 0.2890625000000001 0.7265625 0.2890625000000001 0.7609375 0.30937500000000007 0.7609375
2 0.2890625000000001 0.765625 0.2687500000000001 0.765625 0.2687500000000001 0.796875 0.2890625000000001 0.796875
2 0.32500000000000007 0.6515625 0.3046875000000001 0.6515625 0.3046875000000001 0.6828125 0.32500000000000007 0.6828125
2 0.3812500000000001 0.575 0.3625000000000001 0.575 0.3625000000000001 0.60625 0.3812500000000001 0.60625
2 0.3937500000000001 0.6015625 0.3750000000000001 0.6015625 0.3750000000000001 0.6296875 0.3937500000000001 0.6296875
2 0.3953125 0.17343750000000005 0.3765625 0.17343750000000005 0.3765625 0.2093750000000001 0.3953125 0.2093750000000001
2 0.4109375 0.17812500000000003 0.3921875 0.17812500000000003 0.3921875 0.2156250000000001 0.4109375 0.2156250000000001
2 0.421875 0.17500000000000004 0.40625 0.17500000000000004 0.40625 0.2156250000000001 0.421875 0.2156250000000001
3 0.4359375 0.17343750000000005 0.4234375 0.17343750000000005 0.4234375 0.19531250000000006 0.4359375 0.19531250000000006
4 0.4234375 0.15625000000000006 0.415625 0.15625000000000006 0.415625 0.17187500000000006 0.4234375 0.17187500000000006
4 0.4203125 0.16875000000000004 0.4140625 0.16875000000000004 0.4140625 0.18281250000000004 0.4203125 0.18281250000000004
4 0.4296875 0.19375000000000003 0.4234375 0.19375000000000003 0.4234375 0.2078125000000001 0.4296875 0.2078125000000001
4 0.4078125 0.15468750000000003 0.403125 0.15468750000000003 0.403125 0.16718750000000004 0.4078125 0.16718750000000004
4 0.403125 0.14062500000000006 0.396875 0.14062500000000006 0.396875 0.15625000000000006 0.403125 0.15625000000000006
0 0.415625 0.12968750000000004 0.4046875 0.12968750000000004 0.4046875 0.15312500000000004 0.415625 0.15312500000000004
0 0.4015625 0.11093750000000005 0.390625 0.11093750000000005 0.390625 0.12968750000000004 0.4015625 0.12968750000000004
2 0.3828125 0.10937500000000004 0.3640625 0.10937500000000004 0.3640625 0.14375000000000004 0.3828125 0.14375000000000004
2 0.3921875 0.10312500000000005 0.375 0.10312500000000005 0.375 0.13906250000000003 0.3921875 0.13906250000000003
2 0.3859375 0.06406250000000005 0.3671875 0.06406250000000005 0.3671875 0.09843750000000004 0.3859375 0.09843750000000004
2 0.36875 0.05625000000000004 0.35 0.05625000000000004 0.35 0.08750000000000005 0.36875 0.08750000000000005
2 0.33125 0.010937500000000041 0.3125 0.01093750000000004 0.3125 0.040625000000000036 0.33125 0.04062500000000004
2 0.3484375 0.04062500000000004 0.3296875 0.04062500000000004 0.3296875 0.07968750000000005 0.3484375 0.07968750000000005
4 0.446875 0.2687500000000001 0.440625 0.2687500000000001 0.440625 0.2843750000000001 0.446875 0.2843750000000001
4 0.45625 0.2812500000000001 0.45 0.2812500000000001 0.45 0.2921875000000001 0.45625 0.2921875000000001
4 0.4421875 0.2515625000000001 0.4375 0.2515625000000001 0.4375 0.2671875000000001 0.4421875 0.2671875000000001
2 0.4421875 0.26250000000000007 0.421875 0.26250000000000007 0.421875 0.30156250000000007 0.4421875 0.30156250000000007
4 0.46875 0.30937500000000007 0.459375 0.30937500000000007 0.459375 0.3281250000000001 0.46875 0.3281250000000001
0 0.371875 0.30625 0.35625 0.30625 0.35625 0.32812500000000006 0.371875 0.3281250000000001
2 0.2250000000000001 0.8515625 0.2062500000000001 0.8515625 0.2062500000000001 0.8828125 0.2250000000000001 0.8828125
2 0.3531250000000001 0.615625 0.3343750000000001 0.615625 0.3343750000000001 0.64375 0.3531250000000001 0.64375
0 0.3828125 0.2515625000000001 0.36875 0.2515625000000001 0.36875 0.2765625000000001 0.3828125 0.2765625000000001
2 0.3921875 0.3125000000000001 0.378125 0.3125000000000001 0.378125 0.3500000000000001 0.3921875 0.3500000000000001
2 0.771875 0.11093750000000009 0.7546875 0.11093750000000009 0.7546875 0.14062500000000008 0.771875 0.14062500000000008
2 0.6015625 0.45 0.58125 0.45 0.58125 0.478125 0.6015625 0.478125
2 0.5359375 0.4578125 0.515625 0.4578125 0.515625 0.4828125 0.5359375 0.4828125
0 0.4640625 0.3968750000000001 0.45 0.3968750000000001 0.45 0.41875 0.4640625 0.41875
2 0.4546875 0.3437500000000001 0.434375 0.3437500000000001 0.434375 0.3750000000000001 0.4546875 0.3750000000000001
3 0.16250000000000014 0.9421875 0.14375000000000013 0.9421875 0.14375000000000013 0.9734375 0.16250000000000014 0.9734375
2 0.4109375 0.5140625 0.3921875000000001 0.5140625 0.3921875000000001 0.55 0.4109375 0.55
4 0.4140625 0.55 0.4046875 0.55 0.4046875 0.5640625 0.4140625 0.5640625
2 0.5859375 0.4296875 0.5625 0.4296875 0.5625 0.4578125 0.5859375 0.4578125
5 0.684375 0.2906250000000001 0.6640625 0.2906250000000001 0.6640625 0.3281250000000001 0.684375 0.3281250000000001
2 0.5687500000000002 0.7453125 0.5531250000000002 0.7453125 0.5531250000000002 0.778125 0.5687500000000002 0.778125
4 0.16718750000000013 0.909375 0.15625000000000014 0.909375 0.15625000000000014 0.925 0.16718750000000013 0.925
2 0.2484375000000001 0.4984375 0.2328125000000001 0.4984375 0.2328125000000001 0.534375 0.2484375000000001 0.534375
4 0.6203125 0.521875 0.6109375 0.521875 0.6109375 0.5421875 0.6203125 0.5421875
2 0.2921875000000001 0.7015625 0.2718750000000001 0.7015625 0.2718750000000001 0.7359375 0.2921875000000001 0.7359375
4 0.1843750000000001 0.88125 0.1750000000000001 0.88125 0.1750000000000001 0.9 0.1843750000000001 0.9
2 0.18593750000000012 0.8984375 0.1671875000000001 0.8984375 0.1671875000000001 0.928125 0.18593750000000014 0.928125
2 0.5484375 0.5109375 0.528125 0.5109375 0.528125 0.5390625 0.5484375 0.5390625
2 0.3265625 0.11718750000000004 0.309375 0.11718750000000004 0.309375 0.15000000000000005 0.3265625 0.15000000000000005
0 0.3359375 4.027939862820592e-17 0.321875 3.941831884755543e-17 0.321875 0.023437500000000038 0.3359375 0.023437500000000038
2 0.7265625 0.2078125000000001 0.7078125 0.2078125000000001 0.7078125 0.24218750000000008 0.7265625 0.24218750000000008
4 0.6765625 0.3375000000000001 0.6671875 0.3375000000000001 0.6671875 0.3515625000000001 0.6765625 0.3515625000000001
4 0.6359375 0.3515625000000001 0.6265625 0.3515625000000001 0.6265625 0.3703125000000001 0.6359375 0.3703125000000001
4 0.6484375 0.3843750000000001 0.640625 0.3843750000000001 0.640625 0.4 0.6484375 0.4
2 0.6234375 0.3656250000000001 0.6046875 0.3656250000000001 0.6046875 0.3984375000000001 0.6234375 0.3984375000000001
2 0.5453125 0.4265625 0.521875 0.4265625 0.521875 0.4515625 0.5453125 0.4515625
0 0.49375 0.4203125 0.4796875 0.4203125 0.4796875 0.440625 0.49375 0.440625
4 0.5390625 0.6796875 0.528125 0.6796875 0.528125 0.696875 0.5390625 0.696875
4 0.41875 0.3203125000000001 0.409375 0.3203125000000001 0.409375 0.34062500000000007 0.41875 0.34062500000000007
0 0.665625 0.3046875000000001 0.653125 0.3046875000000001 0.653125 0.3234375000000001 0.665625 0.3234375000000001
4 0.6578125 0.3546875000000001 0.6484375 0.3546875000000001 0.6484375 0.3734375000000001 0.6578125 0.3734375000000001
4 0.65 0.3593750000000001 0.6390625 0.3593750000000001 0.6390625 0.37187500000000007 0.65 0.37187500000000007
2 0.415625 0.3656250000000001 0.3984375000000001 0.3656250000000001 0.3984375000000001 0.4 0.415625 0.4
2 0.4640625 0.571875 0.44375 0.571875 0.44375 0.6015625 0.4640625 0.6015625
4 0.41875 0.6375 0.409375 0.6375 0.409375 0.653125 0.41875 0.653125
2 0.4296875 0.2953125000000001 0.4109375 0.2953125000000001 0.4109375 0.3312500000000001 0.4296875 0.3312500000000001
2 0.4390625 0.35625000000000007 0.421875 0.35625000000000007 0.421875 0.3906250000000001 0.4390625 0.3906250000000001
2 0.4796875 0.3781250000000001 0.459375 0.3781250000000001 0.459375 0.403125 0.4796875 0.403125
3 0.4984375 0.45 0.4828125 0.45 0.4828125 0.4765625 0.4984375 0.4765625
4 0.5515625 0.4578125 0.540625 0.4578125 0.540625 0.4734375 0.5515625 0.4734375
4 0.5640625 0.4671875 0.5546875 0.4671875 0.5546875 0.48125 0.5640625 0.48125
4 0.559375 0.4796875 0.55 0.4796875 0.55 0.49375 0.559375 0.49375
0 0.571875 0.51875 0.55625 0.51875 0.55625 0.54375 0.571875 0.54375
2 0.703125 0.2515625000000001 0.684375 0.2515625000000001 0.684375 0.2812500000000001 0.703125 0.2812500000000001
4 0.6421875 0.3812500000000001 0.634375 0.3812500000000001 0.634375 0.3968750000000001 0.6421875 0.3968750000000001
4 0.6359375 0.4015625 0.6265625 0.4015625 0.6265625 0.4203125 0.6359375 0.4203125
4 0.6484375 0.4703125 0.6390625 0.4703125 0.6390625 0.4921875 0.6484375 0.4921875
2 0.63125 0.5921875 0.6203125 0.5921875 0.6203125 0.6359375 0.63125 0.6359375
4 0.7453125 0.04062500000000009 0.7375 0.04062500000000009 0.7375 0.06406250000000009 0.7453125 0.06406250000000009
0 0.69375 0.1468750000000001 0.678125 0.1468750000000001 0.678125 0.17187500000000008 0.69375 0.17187500000000008
4 0.678125 0.1828125000000001 0.6671875 0.1828125000000001 0.6671875 0.1984375000000001 0.678125 0.1984375000000001
2 0.3765625 0.18125000000000005 0.359375 0.18125000000000005 0.359375 0.21718750000000003 0.3765625 0.2171875000000001
0 0.303125 0.04218750000000003 0.2859375 0.04218750000000003 0.2859375 0.07500000000000004 0.303125 0.07500000000000004
4 0.278125 0.03750000000000003 0.26875 0.03750000000000003 0.26875 0.05312500000000003 0.278125 0.05312500000000005
4 0.284375 0.059375000000000046 0.2765625 0.059375000000000046 0.2765625 0.07968750000000005 0.284375 0.07968750000000005
2 0.3781250000000001 0.68125 0.3625000000000001 0.68125 0.3625000000000001 0.715625 0.3781250000000001 0.715625
2 0.3046875000000001 0.8171875 0.2843750000000001 0.8171875 0.2843750000000001 0.85 0.3046875000000001 0.85
2 0.27031250000000007 0.840625 0.2515625000000001 0.840625 0.2515625000000001 0.8703125 0.27031250000000007 0.8703125
4 0.325 0.06875000000000005 0.31875 0.06875000000000005 0.31875 0.08281250000000004 0.325 0.08281250000000004
4 0.2640625000000001 0.7421875 0.25468750000000007 0.7421875 0.25468750000000007 0.7546875 0.2640625000000001 0.7546875
4 0.2656250000000001 0.7609375 0.2562500000000001 0.7609375 0.2562500000000001 0.7703125 0.2656250000000001 0.7703125
4 0.2453125000000001 0.75625 0.23593750000000008 0.75625 0.23593750000000008 0.7671875 0.2453125000000001 0.7671875
4 0.2671875000000001 0.76875 0.2593750000000001 0.76875 0.2593750000000001 0.7828125 0.2671875000000001 0.7828125
2 0.24375000000000008 0.790625 0.2250000000000001 0.790625 0.2250000000000001 0.821875 0.24375000000000008 0.821875
4 0.2312500000000001 0.8234375 0.2218750000000001 0.8234375 0.2218750000000001 0.8375 0.2312500000000001 0.8375
4 0.2015625000000001 0.846875 0.1921875000000001 0.846875 0.1921875000000001 0.8625 0.2015625000000001 0.8625
4 0.19687500000000008 0.8671875 0.18750000000000008 0.8671875 0.18750000000000008 0.884375 0.19687500000000008 0.884375
2 0.13906250000000014 0.9546875 0.11875000000000013 0.9546875 0.11875000000000013 0.990625 0.13906250000000014 0.990625
4 0.6 0.703125 0.59375 0.703125 0.59375 0.7171875 0.6 0.7171875