2 0.996875 0.3421875000000001 0.9734375 0.3421875000000001 0.9734375 0.36406250000000007 0.996875 0.36406250000000007
2 0.7859375 0.1703125000000001 0.7609375 0.1703125000000001 0.7609375 0.1937500000000001 0.7859375 0.1937500000000001
2 0.7953125 0.2531250000000001 0.7703125 0.2531250000000001 0.7703125 0.2750000000000001 0.7953125 0.2750000000000001
2 0.515625 0.3546875000000001 0.490625 0.3546875000000001 0.490625 0.3781250000000001 0.515625 0.3781250000000001
2 0.36406250000000007 0.54375 0.33281250000000007 0.54375 0.33281250000000007 0.5765625 0.36406250000000007 0.5765625
2 0.16875000000000004 0.4921875 0.13750000000000004 0.4921875 0.13750000000000004 0.515625 0.16875000000000004 0.515625
2 0.18281250000000004 0.3640625 0.15625000000000006 0.3640625 0.15625000000000006 0.4078125 0.18281250000000004 0.4078125
2 0.17343750000000005 0.228125 0.14843750000000006 0.228125 0.14843750000000006 0.271875 0.17343750000000005 0.271875
2 0.035937500000000004 0.004687500000000003 0.0171875 0.004687500000000002 0.0171875 0.0546875 0.03593750000000001 0.0546875
2 0.10625 1.1672414804373208e-17 0.084375 1.0332957367805793e-17 0.084375 0.03281250000000001 0.10625 0.03281250000000001
2 0.07500000000000001 0.0765625 0.059375 0.0765625 0.05937500000000001 0.1203125 0.07500000000000002 0.1203125
2 0.059375000000000025 0.1234375 0.04843750000000001 0.1234375 0.048437500000000015 0.1671875 0.059375000000000025 0.1671875
2 0.04687500000000002 0.159375 0.03125000000000002 0.159375 0.03125000000000002 0.2046875 0.04687500000000002 0.2046875
2 0.010937500000000025 0.1875 2.2962127484012874e-17 0.1875 2.535401576359755e-17 0.2265625 0.010937500000000027 0.2265625
2 0.03125000000000003 0.2171875 0.01718750000000003 0.2171875 0.01718750000000003 0.259375 0.031250000000000035 0.259375
2 0.04218750000000003 0.253125 0.021875000000000033 0.253125 0.021875000000000037 0.2953125 0.04218750000000003 0.2953125
2 0.017187500000000036 0.2671875 3.2721031664718344e-17 0.2671875 3.5208595475486407e-17 0.3078125 0.01718750000000004 0.3078125
4 0.6140625 0.3515625000000001 0.603125 0.3515625000000001 0.603125 0.3593750000000001 0.6140625 0.3593750000000001
4 0.2703125 0.3484375 0.25625 0.3484375 0.25625 0.359375 0.2703125 0.359375
4 0.2234375000000001 0.5296875 0.2093750000000001 0.5296875 0.2093750000000001 0.5484375 0.2234375000000001 0.5484375
4 0.16406250000000006 0.53125 0.15156250000000004 0.53125 0.15156250000000007 0.546875 0.16406250000000008 0.546875
4 0.12656250000000005 0.390625 0.11562500000000005 0.390625 0.11562500000000005 0.4 0.12656250000000005 0.4
4 0.12968750000000004 0.403125 0.11718750000000004 0.403125 0.11718750000000004 0.4171875 0.12968750000000004 0.4171875
4 0.06250000000000003 0.1609375 0.05625000000000002 0.1609375 0.05625000000000002 0.18125 0.06250000000000003 0.18125
4 0.03750000000000001 0.059375 0.031250000000000014 0.059375 0.031250000000000014 0.0828125 0.03750000000000001 0.0828125
4 0.015625000000000007 0.0375 0.010937500000000006 0.0375 0.010937500000000006 0.0578125 0.015625000000000007 0.0578125
4 0.015625000000000003 0.021875 0.004687500000000002 0.021875 0.004687500000000004 0.040625 0.015625000000000007 0.040625
0 0.05625 0.0421875 0.040625 0.0421875 0.04062500000000001 0.071875 0.05625 0.071875
0 0.2000000000000001 0.5125 0.18281250000000004 0.5125 0.18281250000000004 0.53125 0.2000000000000001 0.53125
0 0.20781250000000004 0.3515625 0.19218750000000004 0.3515625 0.19218750000000004 0.36875 0.2078125000000001 0.36875
0 0.3031250000000001 0.50625 0.2890625000000001 0.50625 0.2890625000000001 0.525 0.3031250000000001 0.525
6 0.09062500000000004 0.2734375 0.06250000000000004 0.2734375 0.06250000000000004 0.34375 0.09062500000000004 0.34375