4 0.010937500000000003 0.00625 0.0015625000000000007 0.00625 0.0015625000000000025 0.034375 0.010937500000000006 0.034375
4 0.0062500000000000125 0.0890625 1.0907010554906114e-17 0.0890625 1.2342143522656918e-17 0.1125 0.006250000000000014 0.1125
2 0.051562500000000025 0.11875 0.03593750000000001 0.11875 0.03593750000000002 0.1609375 0.051562500000000025 0.1609375
2 0.06562500000000002 0.121875 0.051562500000000025 0.121875 0.051562500000000025 0.1578125 0.06562500000000002 0.1578125
2 0.04062500000000002 0.1734375 0.025000000000000022 0.1734375 0.025000000000000022 0.2109375 0.04062500000000002 0.2109375
2 0.05625000000000002 0.1640625 0.042187500000000024 0.1640625 0.042187500000000024 0.209375 0.05625000000000002 0.209375
2 0.051562500000000025 0.2125 0.03125000000000002 0.2125 0.03125000000000003 0.25625 0.051562500000000025 0.25625
2 0.15625000000000006 0.2546875 0.13750000000000004 0.2546875 0.13750000000000004 0.296875 0.15625000000000006 0.296875
5 0.026562500000000027 0.215625 2.6406446606614805e-17 0.215625 3.185995188406787e-17 0.3046875 0.026562500000000034 0.3046875
5 0.08437500000000005 0.3625 0.059375000000000046 0.3625 0.059375000000000046 0.4375 0.08437500000000005 0.4375
4 0.06875000000000005 0.2734375 0.05625000000000004 0.2734375 0.05625000000000004 0.2984375 0.06875000000000005 0.2984375
0 0.19843750000000004 0.375 0.18125000000000005 0.375 0.18125000000000005 0.4 0.19843750000000004 0.4
4 0.1593750000000001 0.5890625 0.1375000000000001 0.5890625 0.1375000000000001 0.6078125 0.1593750000000001 0.6078125
2 0.06718750000000001 0.0640625 0.046875000000000014 0.0640625 0.046875000000000014 0.1171875 0.06718750000000002 0.1171875
2 0.5546875 0.5078125 0.5296875 0.5078125 0.5296875 0.53125 0.5546875 0.53125
0 0.5671875 0.37968750000000007 0.5515625 0.37968750000000007 0.5515625 0.4 0.5671875 0.4
2 0.509375 0.3578125000000001 0.484375 0.3578125000000001 0.484375 0.3828125000000001 0.509375 0.3828125000000001
4 0.571875 0.3343750000000001 0.5578125 0.3343750000000001 0.5578125 0.34843750000000007 0.571875 0.34843750000000007
2 0.790625 0.2312500000000001 0.7625 0.2312500000000001 0.7625 0.2562500000000001 0.790625 0.2562500000000001
2 0.7796875 0.1453125000000001 0.7546875 0.1453125000000001 0.7546875 0.1750000000000001 0.7796875 0.1750000000000001
2 0.9125 0.30937500000000007 0.88125 0.30937500000000007 0.88125 0.3375000000000001 0.9125 0.3375000000000001
2 0.9953125 0.3062500000000001 0.9703125 0.3062500000000001 0.9703125 0.3343750000000001 0.9953125 0.3343750000000001
2 0.090625 9.950255243072246e-18 0.071875 8.802148868871602e-18 0.071875 0.03281250000000001 0.090625 0.03281250000000001
0 0.8109375 0.3703125000000001 0.7875 0.3703125000000001 0.7875 0.39531250000000007 0.8109375 0.39531250000000007
4 0.10000000000000005 0.384375 0.08750000000000005 0.384375 0.08750000000000005 0.409375 0.10000000000000005 0.409375
0 0.07812500000000007 0.559375 0.05468750000000007 0.559375 0.05468750000000007 0.5828125 0.07812500000000007 0.5828125
4 0.12968750000000004 0.44375 0.11562500000000005 0.44375 0.11562500000000005 0.4640625 0.12968750000000004 0.4640625
2 0.73125 0.4765625000000001 0.7 0.4765625 0.7 0.5093750000000001 0.73125 0.5093750000000001