4 0.06250000000000007 0.509375 0.048437500000000064 0.509375 0.048437500000000064 0.53125 0.06250000000000007 0.53125
4 0.09531250000000006 0.50625 0.08281250000000007 0.50625 0.08281250000000007 0.521875 0.09531250000000006 0.521875
4 0.09062500000000007 0.5265625 0.07968750000000006 0.5265625 0.07968750000000006 0.54375 0.09062500000000007 0.54375
4 0.11875000000000005 0.528125 0.10468750000000004 0.528125 0.10468750000000004 0.5390625 0.11875000000000005 0.5390625
4 0.11875000000000009 0.5484375 0.10468750000000009 0.5484375 0.10468750000000009 0.5609375 0.11875000000000009 0.5609375
4 0.15312500000000004 0.5296875 0.13906250000000003 0.5296875 0.13906250000000003 0.5390625 0.15312500000000004 0.5390625
4 0.14687500000000003 0.5140625 0.13125000000000003 0.5140625 0.13125000000000003 0.5265625 0.14687500000000003 0.5265625
4 0.15625000000000006 0.50625 0.14218750000000005 0.50625 0.14218750000000005 0.5171875 0.15625000000000006 0.5171875
4 0.1703125000000001 0.5453125 0.1546875000000001 0.5453125 0.1546875000000001 0.565625 0.1703125000000001 0.565625
4 0.2140625000000001 0.5234375 0.2000000000000001 0.5234375 0.2000000000000001 0.5375 0.2140625000000001 0.5375
4 0.21875000000000008 0.509375 0.20312500000000008 0.509375 0.20312500000000008 0.5265625 0.21875000000000008 0.5265625
4 0.2484375000000001 0.503125 0.23437500000000008 0.503125 0.23437500000000008 0.5203125 0.2484375000000001 0.5203125
4 0.2468750000000001 0.5359375 0.2328125000000001 0.5359375 0.2328125000000001 0.55 0.2468750000000001 0.55
4 0.3000000000000001 0.5484375 0.28593750000000007 0.5484375 0.28593750000000007 0.5609375 0.3000000000000001 0.5609375
4 0.33281250000000007 0.5296875 0.3187500000000001 0.5296875 0.3187500000000001 0.5484375 0.33281250000000007 0.5484375
4 0.3453125000000001 0.521875 0.3312500000000001 0.521875 0.3312500000000001 0.5296875 0.3453125000000001 0.5296875
4 0.3453125000000001 0.54375 0.3296875000000001 0.54375 0.3296875000000001 0.5640625 0.3453125000000001 0.5640625
4 0.12968750000000004 0.4546875 0.11406250000000004 0.4546875 0.11406250000000004 0.4640625 0.12968750000000004 0.4640625
4 0.13750000000000004 0.4359375 0.12500000000000006 0.4359375 0.12500000000000006 0.4515625 0.13750000000000004 0.4515625
4 0.13906250000000003 0.41875 0.12500000000000006 0.41875 0.12500000000000006 0.4296875 0.13906250000000003 0.4296875
4 0.07031250000000004 0.425 0.051562500000000046 0.425 0.051562500000000046 0.4390625 0.07031250000000004 0.4390625
4 0.025000000000000067 0.5296875 0.010937500000000063 0.5296875 0.010937500000000065 0.5453125 0.025000000000000067 0.5453125
4 0.015625000000000066 0.5484375 0.0031250000000000665 0.5484375 0.003125000000000068 0.5640625 0.015625000000000066 0.5640625
2 0.03906250000000007 0.509375 0.014062500000000061 0.509375 0.014062500000000065 0.528125 0.03906250000000007 0.528125
0 0.05468750000000007 0.540625 0.03593750000000007 0.540625 0.03593750000000007 0.5609375 0.05468750000000007 0.5609375
0 0.13750000000000007 0.534375 0.12187500000000004 0.534375 0.12187500000000007 0.5515625 0.1375000000000001 0.5515625
4 0.17031250000000003 0.45 0.15312500000000004 0.45 0.15312500000000004 0.4734375 0.17031250000000003 0.4734375
4 0.18906250000000005 0.4375 0.17968750000000006 0.4375 0.17968750000000006 0.4515625 0.18906250000000005 0.4515625
4 0.21093750000000008 0.434375 0.2000000000000001 0.434375 0.2000000000000001 0.4484375 0.21093750000000008 0.4484375
4 0.2406250000000001 0.425 0.22656250000000008 0.425 0.22656250000000008 0.44375 0.2406250000000001 0.44375
4 0.3531250000000001 0.44375 0.3343750000000001 0.44375 0.3343750000000001 0.465625 0.3531250000000001 0.465625
4 0.2765625000000001 0.4046875 0.26250000000000007 0.4046875 0.26250000000000007 0.4171875 0.2765625000000001 0.4171875
4 0.3890625000000001 0.440625 0.37187500000000007 0.440625 0.37187500000000007 0.4546875 0.3890625000000001 0.4546875
4 0.39531250000000007 0.4125 0.37968750000000007 0.4125 0.37968750000000007 0.4265625 0.39531250000000007 0.4265625
4 0.44375 0.446875 0.428125 0.446875 0.428125 0.4734375 0.44375 0.4734375
4 0.4796875 0.4234375 0.4625 0.4234375 0.4625 0.4453125 0.4796875 0.4453125
6 0.4328125 0.4203125 0.40625 0.4203125 0.40625 0.440625 0.4328125 0.440625
4 0.4203125 0.534375 0.409375 0.534375 0.409375 0.5453125 0.4203125 0.5453125
4 0.4171875 0.5171875 0.4046875 0.5171875 0.4046875 0.534375 0.4171875 0.534375
4 0.4765625 0.55 0.4578125 0.55 0.4578125 0.571875 0.4765625 0.571875
4 0.509375 0.5390625 0.4953125 0.5390625 0.4953125 0.5546875 0.509375 0.5546875
4 0.528125 0.45625 0.51875 0.45625 0.51875 0.4734375 0.528125 0.4734375
4 0.5546875 0.4359375 0.5359375 0.4359375 0.5359375 0.4515625 0.5546875 0.4515625
4 0.609375 0.4375 0.5921875 0.4375 0.5921875 0.45625 0.609375 0.45625
4 0.6109375 0.425 0.596875 0.425 0.596875 0.4390625 0.6109375 0.4390625
4 0.6546875 0.45 0.640625 0.45 0.640625 0.4703125 0.6546875 0.4703125
4 0.6109375 0.51875 0.590625 0.51875 0.590625 0.5375 0.6109375 0.5375
4 0.575 0.54375 0.5640625 0.54375 0.5640625 0.5578125 0.575 0.5578125
4 0.565625 0.5359375 0.5546875 0.5359375 0.5546875 0.546875 0.565625 0.546875
4 0.65625 0.5203125 0.640625 0.5203125 0.640625 0.5359375 0.65625 0.5359375
4 0.6703125 0.546875 0.65625 0.546875 0.65625 0.5625 0.6703125 0.5625
0 0.68125 0.4234375 0.6625 0.4234375 0.6625 0.44375 0.68125 0.44375
0 0.553125 0.5484375 0.5359375 0.5484375 0.5359375 0.5625 0.553125 0.5625
1 0.5703125 0.5078125 0.51875 0.5078125 0.51875 0.5359375 0.5703125 0.5359375
2 0.778125 0.4515625000000002 0.7578125 0.4515625000000002 0.7578125 0.4703125000000002 0.778125 0.4703125000000002
2 0.871875 0.4421875000000002 0.840625 0.4421875000000002 0.840625 0.46406250000000016 0.871875 0.46406250000000016
2 0.9359375 0.5062500000000002 0.9125 0.5062500000000002 0.9125 0.5343750000000002 0.9359375 0.5343750000000002
4 0.753125 0.4390625000000002 0.7421875 0.4390625000000002 0.7421875 0.45312500000000017 0.753125 0.45312500000000017
4 0.7609375 0.4187500000000002 0.7484375 0.4187500000000002 0.7484375 0.43750000000000017 0.7609375 0.43750000000000017
4 0.8234375 0.42187500000000017 0.80625 0.42187500000000017 0.80625 0.44062500000000016 0.8234375 0.44062500000000016
4 0.8609375 0.40625000000000017 0.84375 0.40625000000000017 0.84375 0.42500000000000016 0.8609375 0.42500000000000016
4 0.775 0.5234375000000002 0.7609375 0.5234375000000002 0.7609375 0.5437500000000002 0.775 0.5437500000000002
4 0.8 0.5093750000000001 0.7859375 0.5093750000000001 0.7859375 0.5281250000000002 0.8 0.5281250000000002
4 0.8484375 0.5437500000000002 0.834375 0.5437500000000002 0.834375 0.5578125000000002 0.8484375 0.5578125000000002
0 0.834375 0.5234375000000002 0.8171875 0.5234375000000002 0.8171875 0.5437500000000002 0.834375 0.5437500000000002
0 0.8828125 0.5093750000000001 0.8625 0.5093750000000001 0.8625 0.5343750000000002 0.8828125 0.5343750000000002
4 0.9796875 0.4468750000000002 0.9578125 0.4468750000000002 0.9578125 0.4593750000000002 0.9796875 0.4593750000000002
4 0.9984375 0.42500000000000016 0.9796875 0.42500000000000016 0.9796875 0.4437500000000002 0.9984375 0.4437500000000002
4 0.984375 0.40625000000000017 0.96875 0.40625000000000017 0.96875 0.4234375000000002 0.984375 0.4234375000000002
4 0.9609375 0.5296875000000002 0.94375 0.5296875000000002 0.94375 0.5437500000000002 0.9609375 0.5437500000000002
4 0.9703125 0.5203125000000002 0.959375 0.5203125000000002 0.959375 0.5359375000000002 0.9703125 0.5359375000000002
4 0.9828125 0.5421875000000002 0.9640625 0.5421875000000002 0.9640625 0.5546875000000002 0.9828125 0.5546875000000002
4 0.9640625 0.5421875000000002 0.94375 0.5421875000000002 0.94375 0.5609375000000002 0.9640625 0.5609375000000002
4 0.9921875 0.5546875000000002 0.978125 0.5546875000000002 0.978125 0.5718750000000001 0.9921875 0.5718750000000001
4 0.08125000000000004 0.4046875 0.06718750000000004 0.4046875 0.06718750000000004 0.41875 0.08125000000000004 0.41875
4 0.12500000000000006 0.3953125 0.10937500000000004 0.3953125 0.10937500000000004 0.41875 0.12500000000000006 0.41875
4 0.014062500000000052 0.4078125 4.9942627277728e-17 0.4078125 5.1473435776662193e-17 0.4328125 0.014062500000000056 0.4328125
4 0.10625000000000004 0.515625 0.09531250000000006 0.515625 0.09531250000000006 0.5328125 0.10625000000000004 0.5328125
0 0.2906250000000001 0.4171875 0.2687500000000001 0.4171875 0.2687500000000001 0.4421875 0.2906250000000001 0.4421875
6 0.74375 0.4062500000000001 0.721875 0.40625 0.721875 0.4312500000000001 0.74375 0.4312500000000002
6 0.8953125 0.5390625000000002 0.8671875 0.5390625000000002 0.8671875 0.5671875000000002 0.8953125 0.5671875000000002
2 1 0.5109375000000002 0.98125 0.5109375000000002 0.98125 0.5359375000000002 1 0.5359375000000002