4 0.009375000000000053 0.440625 5.3960999587430256e-17 0.440625 5.4535052774530576e-17 0.45 0.009375000000000055 0.45
4 0.026562500000000055 0.425 0.01250000000000005 0.425 0.012500000000000053 0.434375 0.026562500000000055 0.434375
4 0.08593750000000004 0.4265625 0.07187500000000005 0.4265625 0.07187500000000005 0.4359375 0.08593750000000004 0.4359375
4 0.11250000000000004 0.4234375 0.10000000000000005 0.4234375 0.10000000000000005 0.4328125 0.11250000000000004 0.4328125
3 0.10625000000000004 0.44375 0.07656250000000005 0.44375 0.07656250000000006 0.459375 0.10625000000000004 0.459375
4 0.18281250000000004 0.4078125 0.17031250000000003 0.4078125 0.17031250000000003 0.4171875 0.18281250000000004 0.4171875
2 0.19218750000000004 0.4515625 0.17343750000000005 0.4515625 0.17343750000000005 0.4671875 0.19218750000000004 0.4671875
2 0.21250000000000008 0.4265625 0.19062500000000004 0.4265625 0.19062500000000004 0.446875 0.21250000000000008 0.446875
2 0.2531250000000001 0.428125 0.2328125000000001 0.428125 0.2328125000000001 0.44375 0.2531250000000001 0.44375
2 0.2609375000000001 0.45 0.23437500000000008 0.45 0.23437500000000008 0.46875 0.2609375000000001 0.46875
2 0.3296875000000001 0.4203125 0.30937500000000007 0.4203125 0.30937500000000007 0.4375 0.3296875000000001 0.4375
4 0.3843750000000001 0.409375 0.3734375000000001 0.409375 0.3734375000000001 0.41875 0.3843750000000001 0.41875
4 0.3296875000000001 0.459375 0.3187500000000001 0.459375 0.3187500000000001 0.46875 0.3296875000000001 0.46875
2 0.39531250000000007 0.425 0.3765625000000001 0.425 0.3765625000000001 0.4421875 0.39531250000000007 0.4421875
4 0.4015625 0.45625 0.3890625000000001 0.45625 0.3890625000000001 0.4671875 0.4015625 0.4671875
2 0.475 0.44375 0.4546875 0.44375 0.4546875 0.4625 0.475 0.4625
2 0.509375 0.4171875 0.4859375 0.4171875 0.4859375 0.4390625 0.509375 0.4390625
4 0.540625 0.4015625 0.5296875 0.4015625 0.5296875 0.4125 0.540625 0.4125
0 0.609375 0.40625 0.59375 0.40625 0.59375 0.41875 0.609375 0.41875
2 0.625 0.4359375 0.603125 0.4359375 0.603125 0.453125 0.625 0.453125
2 0.6390625 0.4125 0.6171875 0.4125 0.6171875 0.4328125 0.6390625 0.4328125
2 0.6828125 0.43125 0.6609375 0.43125 0.6609375 0.45 0.6828125 0.45
2 0.6828125 0.4078125 0.6609375 0.4078125 0.6609375 0.425 0.6828125 0.425
0 0.6625 0.3890625000000001 0.6484375 0.3890625000000001 0.6484375 0.403125 0.6625 0.403125
2 0.7203125 0.428125 0.7 0.428125 0.7 0.4453125 0.7203125 0.4453125
4 0.7078125 0.4140625 0.6953125 0.4140625 0.6953125 0.4234375 0.7078125 0.4234375
4 0.7140625 0.39531250000000007 0.703125 0.39531250000000007 0.703125 0.40625 0.7140625 0.40625
3 0.7390625 0.4125000000000001 0.721875 0.4125 0.721875 0.4296875000000001 0.7390625 0.42968750000000017
4 0.828125 0.38750000000000007 0.8171875 0.38750000000000007 0.8171875 0.3968750000000001 0.828125 0.3968750000000001
0 0.8359375 0.3984375000000001 0.8171875 0.3984375000000001 0.8171875 0.4156250000000002 0.8359375 0.4156250000000002
2 0.86875 0.4156250000000002 0.84375 0.4156250000000002 0.84375 0.4343750000000002 0.86875 0.4343750000000002
4 0.9203125 0.3843750000000001 0.9078125 0.3843750000000001 0.9078125 0.3937500000000001 0.9203125 0.3937500000000001
2 0.959375 0.41718750000000016 0.934375 0.41718750000000016 0.934375 0.4359375000000002 0.959375 0.4359375000000002
4 0.9765625 0.3921875000000001 0.965625 0.3921875000000001 0.965625 0.40156250000000016 0.9765625 0.40156250000000016
4 0.99375 0.3843750000000001 0.9796875 0.3843750000000001 0.9796875 0.3968750000000001 0.99375 0.3968750000000001
4 0.99375 0.3750000000000001 0.9828125 0.3750000000000001 0.9828125 0.3843750000000001 0.99375 0.3843750000000001
2 0.7375 0.3343750000000001 0.7171875 0.3343750000000001 0.7171875 0.3531250000000001 0.7375 0.3531250000000001
2 0.734375 0.28593750000000007 0.7234375 0.28593750000000007 0.7234375 0.32500000000000007 0.734375 0.32500000000000007
2 0.08750000000000006 0.559375 0.06562500000000007 0.559375 0.06562500000000007 0.578125 0.08750000000000006 0.578125
2 0.5125000000000002 0.775 0.5031250000000002 0.775 0.5031250000000002 0.8078125 0.5125000000000002 0.8078125
2 0.4968750000000002 0.9578125 0.4859375000000002 0.9578125 0.4859375000000002 0.9921875 0.4968750000000002 0.9921875
3 0.821875 0.6000000000000002 0.8109375 0.6000000000000002 0.8109375 0.6187500000000001 0.821875 0.6187500000000001
2 0.975 0.6203125000000002 0.9609375 0.6203125000000002 0.9609375 0.6562500000000002 0.975 0.6562500000000002
2 0.89375 0.81875 0.8796875 0.81875 0.8796875 0.85 0.89375 0.85
2 0.9109375 0.8109375 0.9 0.8109375 0.9 0.8453125 0.9109375 0.8453125
3 0.93125 0.8046875 0.915625 0.8046875 0.915625 0.8484375 0.93125 0.8484375
2 0.940625 0.8203125 0.93125 0.8203125 0.93125 0.8515625 0.940625 0.8515625
2 0.953125 0.821875 0.9421875 0.821875 0.9421875 0.853125 0.953125 0.853125
2 0.6296875 0.046875000000000076 0.603125 0.046875000000000076 0.603125 0.07031250000000007 0.6296875 0.07031250000000007