5 0.2578125000000001 0.6640625 0.1937500000000001 0.6640625 0.1937500000000001 0.7078125 0.2578125000000001 0.7078125
5 0.3156250000000001 0.653125 0.2593750000000001 0.653125 0.2593750000000001 0.6984375 0.3156250000000001 0.6984375
4 0.0906250000000001 0.7203125 0.0750000000000001 0.7203125 0.0750000000000001 0.74375 0.0906250000000001 0.74375
0 0.03906250000000009 0.740625 0.014062500000000089 0.740625 0.014062500000000092 0.75625 0.03906250000000009 0.75625
4 0.03750000000000009 0.7171875 0.01562500000000009 0.7171875 0.01562500000000009 0.734375 0.03750000000000009 0.734375
2 0.07656250000000012 0.8578125 0.050000000000000114 0.8578125 0.050000000000000114 0.89375 0.07656250000000012 0.89375
4 0.2000000000000001 0.7859375 0.18125000000000008 0.7859375 0.18125000000000008 0.8140625 0.2000000000000001 0.8140625
0 0.25468750000000007 0.709375 0.2328125000000001 0.709375 0.2328125000000001 0.7390625 0.25468750000000007 0.7390625
4 0.2500000000000001 0.7984375 0.2390625000000001 0.7984375 0.2390625000000001 0.8234375 0.2500000000000001 0.8234375
2 0.3265625000000001 0.8015625 0.2890625000000001 0.8015625 0.2890625000000001 0.8375 0.3265625000000001 0.8375
2 0.3187500000000001 0.8640625 0.2890625000000001 0.8640625 0.2890625000000001 0.8890625 0.3187500000000001 0.8890625
4 0.2812500000000001 0.7890625 0.2671875000000001 0.7890625 0.2671875000000001 0.8078125 0.2812500000000001 0.8078125
4 0.3156250000000001 0.7703125 0.3000000000000001 0.7703125 0.3000000000000001 0.7875 0.3156250000000001 0.7875
4 0.3578125000000001 0.7609375 0.3453125000000001 0.7609375 0.3453125000000001 0.7828125 0.3578125000000001 0.7828125
2 0.3703125000000001 0.7 0.3515625000000001 0.7 0.3515625000000001 0.7234375 0.3703125000000001 0.7234375
0 0.39531250000000007 0.784375 0.3765625000000001 0.784375 0.3765625000000001 0.809375 0.39531250000000007 0.809375
2 0.3921875000000001 0.9171875 0.37187500000000007 0.9171875 0.37187500000000007 0.9515625 0.3921875000000001 0.9515625
4 0.4187500000000002 0.8484375 0.4046875000000002 0.8484375 0.4046875000000002 0.8734375 0.4187500000000002 0.8734375
4 0.4468750000000002 0.8390625 0.4312500000000002 0.8390625 0.4312500000000002 0.8625 0.4468750000000002 0.8625
4 0.47187500000000016 0.8359375 0.46093750000000017 0.8359375 0.46093750000000017 0.8578125 0.47187500000000016 0.8578125
2 0.5156250000000002 0.859375 0.4906250000000002 0.859375 0.4906250000000002 0.8921875 0.5156250000000002 0.8921875
2 0.5546875000000002 0.83125 0.5390625000000002 0.83125 0.5390625000000002 0.8703125 0.5546875000000002 0.8703125
2 0.5187500000000002 0.765625 0.5000000000000002 0.765625 0.5000000000000002 0.8046875 0.5187500000000002 0.8046875
2 0.5406250000000001 0.7765625 0.5234375000000002 0.7765625 0.5234375000000002 0.8171875 0.5406250000000001 0.8171875
0 0.5578125000000002 0.7890625 0.5453125000000002 0.7890625 0.5453125000000002 0.815625 0.5578125000000002 0.815625
4 0.5703125000000002 0.8078125 0.5625000000000002 0.8078125 0.5625000000000002 0.834375 0.5703125000000002 0.834375
2 0.5984375000000002 0.8421875 0.5703125000000002 0.8421875 0.5703125000000002 0.8703125 0.5984375000000002 0.8703125
4 0.6218750000000002 0.7640625 0.6062500000000002 0.7640625 0.6062500000000002 0.7828125 0.6218750000000002 0.7828125
4 0.6343750000000001 0.8765625 0.6171875000000002 0.8765625 0.6171875000000002 0.890625 0.6343750000000001 0.890625
2 0.6609375000000002 0.890625 0.6406250000000002 0.890625 0.6406250000000002 0.91875 0.6609375000000002 0.91875
4 0.6562500000000002 0.85 0.6343750000000001 0.85 0.6343750000000001 0.871875 0.6562500000000002 0.871875
4 0.6656250000000001 0.7765625 0.6500000000000001 0.7765625 0.6500000000000001 0.80625 0.6656250000000001 0.80625
2 0.7250000000000002 0.878125 0.6906250000000002 0.878125 0.6906250000000002 0.928125 0.7250000000000002 0.928125
2 0.7796875000000002 0.865625 0.7500000000000002 0.865625 0.7500000000000002 0.8984375 0.7796875000000002 0.8984375
2 0.7078125 0.684375 0.684375 0.684375 0.684375 0.71875 0.7078125 0.71875
4 0.64375 0.7 0.6296875 0.7 0.6296875 0.71875 0.64375 0.71875
4 0.5328125 0.15781250000000005 0.51875 0.15781250000000005 0.51875 0.17812500000000003 0.5328125 0.17812500000000003
4 0.5234375 0.2171875000000001 0.5046875 0.2171875000000001 0.5046875 0.24218750000000008 0.5234375 0.24218750000000008
0 0.5390625 0.44375 0.5234375 0.44375 0.5234375 0.4703125 0.5390625 0.4703125
4 0.4859375 0.5140625 0.4734375 0.5140625 0.4734375 0.5390625 0.4859375 0.5390625
2 0.490625 0.578125 0.475 0.578125 0.475 0.6296875 0.490625 0.6296875
4 0.5375 0.5984375 0.5265625 0.5984375 0.5265625 0.6296875 0.5375 0.6296875
4 0.8046875 0.6953125000000002 0.7890625 0.6953125000000002 0.7890625 0.7187500000000002 0.8046875 0.7187500000000002
2 0.8640625 0.7921875000000002 0.834375 0.7921875000000002 0.834375 0.8125 0.8640625 0.8125
2 0.9078125 0.809375 0.884375 0.809375 0.884375 0.840625 0.9078125 0.840625
4 0.9359375 0.7171875000000002 0.9171875 0.7171875000000002 0.9171875 0.7421875000000002 0.9359375 0.7421875000000002
4 0.9828125 0.7218750000000002 0.9640625 0.7218750000000002 0.9640625 0.7421875000000002 0.9828125 0.7421875000000002
2 0.9953125 0.803125 0.9703125 0.803125 0.9703125 0.846875 0.9953125 0.846875
3 0.525 0.37187500000000007 0.5140625 0.37187500000000007 0.5140625 0.421875 0.525 0.421875
4 0.05468750000000011 0.9296875 0.04062500000000011 0.9296875 0.04062500000000011 0.94375 0.05468750000000011 0.94375
4 0.5390625 0.34843750000000007 0.528125 0.34843750000000007 0.528125 0.3703125000000001 0.5390625 0.3703125000000001