2 0.3796875 0.14062500000000006 0.3640625 0.14062500000000006 0.3640625 0.17500000000000004 0.3796875 0.17500000000000004
2 0.4140625 0.6171875 0.3937500000000001 0.6171875 0.3937500000000001 0.6484375 0.4140625 0.6484375
6 0.35625000000000007 0.65625 0.3296875000000001 0.65625 0.3296875000000001 0.7 0.35625000000000007 0.7
2 0.6953125 0.2234375000000001 0.675 0.2234375000000001 0.675 0.2593750000000001 0.6953125 0.2593750000000001
2 0.64375 0.3203125000000001 0.625 0.3203125000000001 0.625 0.3546875000000001 0.64375 0.3546875000000001
1 0.6421875000000001 0.75 0.5984375000000002 0.75 0.5984375000000002 0.8421875 0.6421875000000001 0.8421875
2 0.4125 0.565625 0.3937500000000001 0.565625 0.3937500000000001 0.59375 0.4125 0.59375
0 0.3421875000000001 0.5140625 0.3281250000000001 0.5140625 0.3281250000000001 0.5328125 0.3421875000000001 0.5328125
2 0.1921875000000001 0.7765625 0.1765625000000001 0.7765625 0.1765625000000001 0.8078125 0.1921875000000001 0.8078125
0 0.23437500000000008 0.6828125 0.22031250000000008 0.6828125 0.22031250000000008 0.703125 0.23437500000000008 0.703125
2 0.3234375000000001 0.70625 0.3031250000000001 0.70625 0.3031250000000001 0.7375 0.3234375000000001 0.7375
2 0.675 0.2593750000000001 0.65625 0.2593750000000001 0.65625 0.2890625000000001 0.675 0.2890625000000001
4 0.3687500000000001 0.6140625 0.3593750000000001 0.6140625 0.3593750000000001 0.6296875 0.3687500000000001 0.6296875
2 0.3765625000000001 0.6296875 0.3546875000000001 0.6296875 0.3546875000000001 0.659375 0.3765625000000001 0.659375
2 0.6234375 0.4 0.603125 0.4 0.603125 0.4375 0.6234375 0.4375
2 0.565625 0.7125 0.5484375 0.7125 0.5484375000000001 0.7453125 0.5656250000000002 0.7453125
2 0.5937500000000001 0.7234375 0.575 0.7234375 0.5750000000000001 0.759375 0.5937500000000002 0.759375
2 0.5906250000000002 0.7515625 0.5703125000000002 0.7515625 0.5703125000000002 0.7890625 0.5906250000000002 0.7890625
1 0.590625 0.640625 0.55625 0.640625 0.55625 0.7140625 0.590625 0.7140625
2 0.7578125000000002 0.909375 0.7359375000000001 0.909375 0.7359375000000001 0.9484375 0.7578125000000002 0.9484375
2 0.7343750000000002 0.8484375 0.7125000000000001 0.8484375 0.7125000000000001 0.871875 0.7343750000000002 0.871875
4 0.553125 0.65 0.5453125 0.65 0.5453125 0.6671875 0.553125 0.6671875
4 0.54375 0.6578125 0.5375 0.6578125 0.5375 0.671875 0.54375 0.671875
4 0.5453125 0.6796875 0.5375 0.6796875 0.5375 0.696875 0.5453125 0.696875
4 0.5296875 0.68125 0.521875 0.68125 0.521875 0.696875 0.5296875 0.696875
4 0.5375 0.665625 0.5296875 0.665625 0.5296875 0.68125 0.5375 0.68125
4 0.5453125000000001 0.7109375 0.5375 0.7109375 0.5375000000000001 0.728125 0.5453125000000002 0.728125
4 0.5375 0.7 0.53125 0.7 0.53125 0.7140625 0.5375 0.7140625
2 0.7140625 0.2015625000000001 0.696875 0.2015625000000001 0.696875 0.2328125000000001 0.7140625 0.2328125000000001
2 0.8453125 0.11093750000000009 0.81875 0.11093750000000009 0.81875 0.14843750000000008 0.8453125 0.14843750000000008
2 0.7359375 0.004687500000000089 0.7171875 0.004687500000000087 0.7171875 0.03750000000000009 0.7359375 0.03750000000000009
0 0.6875 0.06093750000000009 0.6734375 0.06093750000000009 0.6734375 0.08437500000000009 0.6875 0.08437500000000009
0 0.671875 0.07187500000000009 0.6609375 0.07187500000000009 0.6609375 0.09687500000000009 0.671875 0.09687500000000009
2 0.2062500000000001 0.8859375 0.1859375000000001 0.8859375 0.18593750000000012 0.921875 0.2062500000000001 0.921875
2 0.24218750000000008 0.83125 0.2234375000000001 0.83125 0.2234375000000001 0.8625 0.24218750000000008 0.8625
2 0.2687500000000001 0.7953125 0.24375000000000008 0.7953125 0.24375000000000008 0.8359375 0.2687500000000001 0.8359375
2 0.2062500000000001 0.665625 0.1859375000000001 0.665625 0.1859375000000001 0.7015625 0.2062500000000001 0.7015625
2 0.3046875000000001 0.728125 0.2843750000000001 0.728125 0.2843750000000001 0.7609375 0.3046875000000001 0.7609375
2 0.2843750000000001 0.765625 0.26250000000000007 0.765625 0.26250000000000007 0.796875 0.2843750000000001 0.796875
2 0.3937500000000001 0.6015625 0.3750000000000001 0.6015625 0.3750000000000001 0.6296875 0.3937500000000001 0.6296875
0 0.365625 0.2984375 0.3515625 0.2984375 0.3515625 0.321875 0.365625 0.3218750000000001
2 0.2234375000000001 0.8515625 0.20468750000000008 0.8515625 0.20468750000000008 0.88125 0.2234375000000001 0.88125
2 0.2890625000000001 0.809375 0.2687500000000001 0.809375 0.2687500000000001 0.84375 0.2890625000000001 0.84375
2 0.465625 0.4765625 0.4515625 0.4765625 0.4515625 0.5125 0.465625 0.5125
5 0.646875 0.37187500000000007 0.625 0.37187500000000007 0.625 0.4078125 0.646875 0.4078125
2 0.5671875000000002 0.7453125 0.5515625000000002 0.7453125 0.5515625000000002 0.7765625 0.5671875000000002 0.7765625
2 0.24375000000000008 0.5 0.22812500000000008 0.5 0.22812500000000008 0.5359375 0.24375000000000008 0.5359375
4 0.37187500000000007 0.596875 0.3671875000000001 0.596875 0.3671875000000001 0.609375 0.37187500000000007 0.609375
2 0.18593750000000014 0.9140625 0.16562500000000013 0.9140625 0.16562500000000013 0.9484375 0.18593750000000014 0.9484375
2 0.6625 0.3203125000000001 0.64375 0.3203125000000001 0.64375 0.3546875000000001 0.6625 0.3546875000000001
2 0.6234375 0.3656250000000001 0.6046875 0.3656250000000001 0.6046875 0.3984375000000001 0.6234375 0.3984375000000001
0 0.6421875 0.3546875000000001 0.6296875 0.3546875000000001 0.6296875 0.3734375000000001 0.6421875 0.3734375000000001
2 0.4859375 0.46875 0.475 0.46875 0.475 0.5078125 0.4859375 0.5078125
4 0.615625 0.4453125 0.60625 0.4453125 0.60625 0.459375 0.615625 0.459375
4 0.6359375 0.4109375 0.6265625 0.4109375 0.6265625 0.428125 0.6359375 0.428125
4 0.60625 0.4328125 0.596875 0.4328125 0.596875 0.4546875 0.60625 0.4546875
4 0.7484375 0.028125000000000087 0.740625 0.028125000000000087 0.740625 0.05156250000000009 0.7484375 0.05156250000000009
2 0.3343750000000001 0.771875 0.3156250000000001 0.771875 0.3156250000000001 0.803125 0.3343750000000001 0.803125
2 0.17031250000000014 0.95 0.15000000000000013 0.95 0.15000000000000013 0.9859375 0.17031250000000014 0.9859375
2 0.4890625 0.5296875 0.46875 0.5296875 0.46875 0.56875 0.4890625 0.56875
2 0.6609375 0.2875000000000001 0.6421875 0.2875000000000001 0.6421875 0.3218750000000001 0.6609375 0.3218750000000001
4 0.6 0.7046875 0.590625 0.7046875 0.590625 0.7203125 0.6 0.7203125
2 0.453125 0.571875 0.4375 0.571875 0.4375 0.60625 0.453125 0.60625
2 0.6765625 0.2921875000000001 0.659375 0.2921875000000001 0.659375 0.3234375000000001 0.6765625 0.3234375000000001
2 0.3671875000000001 0.7109375 0.3468750000000001 0.7109375 0.3468750000000001 0.746875 0.3671875000000001 0.746875
2 0.471875 0.4265625 0.4578125 0.4265625 0.4578125 0.4671875 0.471875 0.4671875
2 0.4421875 0.5640625 0.425 0.5640625 0.425 0.5953125 0.4421875 0.5953125
2 0.425 0.24218750000000008 0.40625 0.24218750000000008 0.40625 0.2734375000000001 0.425 0.2734375000000001
2 0.2218750000000001 0.9203125 0.2000000000000001 0.9203125 0.2000000000000001 0.9578125 0.2218750000000001 0.9578125
2 0.16406250000000014 0.9234375 0.14375000000000013 0.9234375 0.14375000000000013 0.95625 0.16406250000000014 0.95625
2 0.3578125000000001 0.603125 0.3390625000000001 0.603125 0.3390625000000001 0.6390625 0.3578125000000001 0.6390625
2 0.4734375 0.521875 0.4578125 0.521875 0.4578125 0.5609375 0.4734375 0.5609375
0 0.6828125 0.13437500000000008 0.66875 0.13437500000000008 0.66875 0.1593750000000001 0.6828125 0.1593750000000001
2 0.2640625000000001 0.7625 0.24375000000000008 0.7625 0.24375000000000008 0.8015625 0.2640625000000001 0.8015625
2 0.4453125 0.2796875000000001 0.428125 0.2796875000000001 0.428125 0.3109375000000001 0.4453125 0.3109375000000001
2 0.7515625 0.1984375000000001 0.73125 0.1984375000000001 0.73125 0.23437500000000008 0.7515625 0.23437500000000008
2 0.7265625 0.1703125000000001 0.7109375 0.1703125000000001 0.7109375 0.2000000000000001 0.7265625 0.2000000000000001
1 0.725 0.2453125000000001 0.6765625 0.2453125000000001 0.6765625 0.3343750000000001 0.725 0.3343750000000001
2 0.74375 0.1437500000000001 0.725 0.1437500000000001 0.725 0.1781250000000001 0.74375 0.1781250000000001
4 0.6265625 0.4515625 0.6203125 0.4515625 0.6203125 0.465625 0.6265625 0.465625
4 0.63125 0.43125 0.6234375 0.43125 0.6234375 0.4453125 0.63125 0.4453125
4 0.6234375 0.465625 0.6171875 0.465625 0.6171875 0.478125 0.6234375 0.478125
2 0.4015625 0.3359375000000001 0.3890625 0.3359375000000001 0.38906250000000003 0.3750000000000001 0.4015625 0.3750000000000001
0 0.759375 0.14218750000000008 0.746875 0.14218750000000008 0.746875 0.1671875000000001 0.759375 0.1671875000000001
4 0.775 0.13437500000000008 0.7625 0.13437500000000008 0.7625 0.1531250000000001 0.775 0.1531250000000001
0 0.734375 0.2375000000000001 0.721875 0.2375000000000001 0.721875 0.2593750000000001 0.734375 0.2593750000000001
4 0.2718750000000001 0.7375 0.26250000000000007 0.7375 0.26250000000000007 0.75625 0.2718750000000001 0.75625
2 0.46875 0.3421875000000001 0.45 0.3421875000000001 0.45 0.37968750000000007 0.46875 0.37968750000000007
0 0.6046875 0.20468750000000008 0.590625 0.20468750000000008 0.590625 0.22656250000000008 0.6046875 0.22656250000000008
4 0.6734375 0.24375000000000008 0.6671875 0.24375000000000008 0.6671875 0.2593750000000001 0.6734375 0.2593750000000001
6 0.6390625000000002 0.84375 0.6093750000000002 0.84375 0.6093750000000002 0.9 0.6390625000000002 0.9
2 0.6593750000000002 0.8875 0.6406250000000002 0.8875 0.6406250000000002 0.91875 0.6593750000000002 0.91875
2 0.3109375000000001 0.678125 0.2921875000000001 0.678125 0.2921875000000001 0.7078125 0.3109375000000001 0.7078125
2 0.15312500000000012 0.9703125 0.13437500000000013 0.9703125 0.13437500000000013 1 0.15312500000000012 1
2 0.4890625 0.41875 0.478125 0.41875 0.478125 0.4578125 0.4890625 0.4578125
2 0.4640625 0.2765625000000001 0.446875 0.2765625000000001 0.446875 0.3078125000000001 0.4640625 0.3078125000000001
2 0.496875 0.37968750000000007 0.4796875 0.37968750000000007 0.4796875 0.4140625 0.496875 0.4140625
2 0.3234375 3.846156353572156e-17 0.3046875 3.731345716152092e-17 0.3046875 0.032812500000000036 0.3234375 0.03281250000000004
4 0.6078125 0.4890625 0.6 0.4890625 0.6 0.5046875 0.6078125 0.5046875
4 0.7703125 0.10312500000000009 0.7625 0.10312500000000009 0.7625 0.1218750000000001 0.7703125 0.1218750000000001
2 0.753125 0.1671875000000001 0.7328125 0.1671875000000001 0.7328125 0.19531250000000008 0.753125 0.19531250000000008
2 0.4234375 0.6359375 0.4046875 0.6359375 0.4046875 0.6671875 0.4234375 0.6671875
4 0.409375 0.5515625 0.4015625 0.5515625 0.4015625 0.5609375 0.409375 0.5609375
2 0.3859375000000001 0.6609375 0.3671875000000001 0.6609375 0.3671875000000001 0.690625 0.3859375000000001 0.690625
4 0.2312500000000001 0.8046875 0.2218750000000001 0.8046875 0.2218750000000001 0.821875 0.2312500000000001 0.821875
4 0.2906250000000001 0.85625 0.2812500000000001 0.85625 0.2812500000000001 0.875 0.2906250000000001 0.875
2 0.2750000000000001 0.8546875 0.2562500000000001 0.8546875 0.2562500000000001 0.890625 0.2750000000000001 0.890625
2 0.41875 0.4390625 0.4046875 0.4390625 0.4046875 0.4765625 0.41875 0.4765625
2 0.3984375 0.05625000000000004 0.375 0.05625000000000004 0.375 0.09375000000000004 0.3984375 0.09375000000000004
0 0.6984375 0.1453125000000001 0.684375 0.1453125000000001 0.684375 0.16562500000000008 0.6984375 0.16562500000000008
4 0.83125 0.08281250000000011 0.821875 0.08281250000000011 0.821875 0.10156250000000008 0.83125 0.10156250000000008
4 0.8484375 0.0437500000000001 0.8375 0.0437500000000001 0.8375 0.05937500000000011 0.8484375 0.05937500000000011
4 0.784375 0.1531250000000001 0.7765625 0.1531250000000001 0.7765625 0.17187500000000008 0.784375 0.17187500000000008
4 0.7734375 0.17343750000000008 0.7640625 0.17343750000000008 0.7640625 0.18906250000000008 0.7734375 0.18906250000000008
0 0.73125 0.2218750000000001 0.721875 0.2218750000000001 0.721875 0.24375000000000008 0.73125 0.24375000000000008
2 0.7562500000000002 0.9515625 0.7375000000000002 0.9515625 0.7375000000000002 0.990625 0.7562500000000002 0.990625
2 0.6765625000000002 0.8796875 0.6562500000000002 0.8796875 0.6562500000000002 0.9171875 0.6765625000000002 0.9171875
2 0.6578125000000001 0.840625 0.6406250000000002 0.840625 0.6406250000000002 0.8734375 0.6578125000000001 0.8734375
4 0.6062500000000001 0.721875 0.596875 0.721875 0.596875 0.7359375 0.6062500000000002 0.7359375
2 0.3859375000000001 0.553125 0.3671875000000001 0.553125 0.3671875000000001 0.5875 0.3859375000000001 0.5875
4 0.646875 0.19531250000000008 0.6359375 0.19531250000000008 0.6359375 0.21093750000000008 0.646875 0.21093750000000008
4 0.30937500000000007 0.7828125 0.30156250000000007 0.7828125 0.30156250000000007 0.8015625 0.30937500000000007 0.8015625
4 0.3375000000000001 0.73125 0.3281250000000001 0.73125 0.3281250000000001 0.746875 0.3375000000000001 0.746875
4 0.45625 0.5546875 0.446875 0.5546875 0.446875 0.5671875 0.45625 0.5671875
4 0.459375 0.534375 0.45 0.534375 0.45 0.5484375 0.459375 0.5484375
4 0.4953125 0.478125 0.4890625 0.478125 0.4890625 0.496875 0.4953125 0.496875
2 0.384375 0.2328125000000001 0.3640625 0.2328125000000001 0.3640625 0.2734375000000001 0.384375 0.2734375000000001
4 0.434375 0.21093750000000008 0.425 0.21093750000000008 0.425 0.2328125000000001 0.434375 0.2328125000000001
4 0.3921875 0.15937500000000004 0.3859375 0.15937500000000004 0.3859375 0.17812500000000003 0.3921875 0.17812500000000003
2 0.678125 0.18750000000000008 0.659375 0.18750000000000008 0.659375 0.21250000000000008 0.678125 0.21250000000000008
4 0.6453125 0.2406250000000001 0.6359375 0.2406250000000001 0.6359375 0.26250000000000007 0.6453125 0.26250000000000007
4 0.7859375 0.1703125000000001 0.778125 0.1703125000000001 0.778125 0.1859375000000001 0.7859375 0.1859375000000001
4 0.803125 0.1703125000000001 0.79375 0.1703125000000001 0.79375 0.1843750000000001 0.803125 0.1843750000000001
4 0.621875 0.5 0.615625 0.5 0.615625 0.5109375 0.621875 0.5109375
4 0.634375 0.4484375 0.628125 0.4484375 0.628125 0.4640625 0.634375 0.4640625
4 0.61875 0.4875 0.6109375 0.4875 0.6109375 0.4984375 0.61875 0.4984375
2 0.340625 0.06250000000000004 0.321875 0.06250000000000004 0.321875 0.10000000000000005 0.340625 0.10000000000000005
4 0.3375 0.12343750000000005 0.3296875 0.12343750000000005 0.3296875 0.13906250000000003 0.3375 0.13906250000000003
4 0.2890625 0.03437500000000003 0.2796875 0.03437500000000003 0.2796875 0.05468750000000004 0.2890625 0.05468750000000004
4 0.4078125 0.4859375 0.4 0.4859375 0.4 0.509375 0.4078125 0.509375
2 0.13281250000000014 0.965625 0.11406250000000014 0.965625 0.11406250000000014 1 0.13281250000000014 1
2 0.1765625000000001 0.7125 0.15781250000000008 0.7125 0.15781250000000008 0.7515625 0.1765625000000001 0.7515625
4 0.24218750000000008 0.7859375 0.2328125000000001 0.7859375 0.2328125000000001 0.8 0.24218750000000008 0.8
4 0.3218750000000001 0.6546875 0.3125000000000001 0.6546875 0.3125000000000001 0.6734375 0.3218750000000001 0.6734375
4 0.2875000000000001 0.6984375 0.2796875000000001 0.6984375 0.2796875000000001 0.7125 0.2875000000000001 0.7125
0 0.609375 0.634375 0.5984375 0.634375 0.5984375 0.6640625 0.609375 0.6640625
4 0.3531250000000001 0.640625 0.3437500000000001 0.640625 0.3437500000000001 0.6546875 0.3531250000000001 0.6546875
3 0.853125 1.0342524920924131e-16 0.8359375 1.0237281836622405e-16 0.8359375 0.023437500000000104 0.853125 0.023437500000000104