2 0.2234375000000001 0.9609375 0.2062500000000001 0.9609375 0.2062500000000001 0.9921875 0.2234375000000001 0.9921875
2 0.24375000000000008 0.934375 0.22812500000000008 0.934375 0.22812500000000008 0.96875 0.24375000000000008 0.96875
4 0.2578125000000001 0.9234375 0.2500000000000001 0.9234375 0.2500000000000001 0.9375 0.2578125000000001 0.9375
0 0.2921875000000001 0.8609375 0.2812500000000001 0.8609375 0.2812500000000001 0.8828125 0.2921875000000001 0.8828125
2 0.3359375000000001 0.8140625 0.3203125000000001 0.8140625 0.3203125000000001 0.8359375 0.3359375000000001 0.8359375
0 0.36406250000000007 0.7859375 0.3515625000000001 0.7859375 0.3515625000000001 0.8015625 0.36406250000000007 0.8015625
0 0.38750000000000007 0.7828125 0.3750000000000001 0.7828125 0.3750000000000001 0.8 0.38750000000000007 0.8
0 0.40937500000000016 0.76875 0.3968750000000001 0.76875 0.3968750000000001 0.7875 0.40937500000000016 0.7875
0 0.4468750000000002 0.74375 0.43281250000000016 0.74375 0.43281250000000016 0.759375 0.4468750000000002 0.759375
0 0.503125 0.7203125 0.490625 0.7203125 0.4906250000000001 0.7375 0.5031250000000002 0.7375
2 0.5656250000000002 0.7625 0.5484375000000001 0.7625 0.5484375000000001 0.7953125 0.5656250000000002 0.7953125
4 0.054687500000000125 0.978125 0.04375000000000012 0.978125 0.04375000000000012 0.9984375 0.05468750000000013 0.9984375
2 0.07500000000000011 0.95625 0.05625000000000011 0.95625 0.05625000000000011 0.990625 0.07500000000000011 0.990625
4 0.08906250000000011 0.921875 0.0796875000000001 0.921875 0.0796875000000001 0.940625 0.08906250000000011 0.940625
2 0.10156250000000014 0.9328125 0.08437500000000012 0.9328125 0.08437500000000012 0.9625 0.10156250000000014 0.9625
4 0.1187500000000001 0.896875 0.10937500000000008 0.896875 0.10937500000000011 0.9109375 0.11875000000000013 0.9109375
4 0.11718750000000008 0.8796875 0.1062500000000001 0.8796875 0.1062500000000001 0.9 0.11718750000000008 0.9
0 0.12343750000000009 0.846875 0.10781250000000009 0.846875 0.10781250000000009 0.8703125 0.12343750000000009 0.8703125
2 0.14218750000000008 0.8765625 0.12656250000000008 0.8765625 0.12656250000000008 0.9046875 0.14218750000000008 0.9046875
2 0.1531250000000001 0.840625 0.1359375000000001 0.840625 0.1359375000000001 0.865625 0.1531250000000001 0.865625
2 0.17187500000000008 0.8328125 0.15625000000000008 0.8328125 0.15625000000000008 0.8609375 0.17187500000000008 0.8609375
2 0.19531250000000008 0.790625 0.1781250000000001 0.790625 0.1781250000000001 0.821875 0.19531250000000008 0.821875
0 0.2093750000000001 0.753125 0.19531250000000008 0.753125 0.19531250000000008 0.775 0.2093750000000001 0.775
2 0.23593750000000008 0.74375 0.2218750000000001 0.74375 0.2218750000000001 0.7640625 0.23593750000000008 0.7640625
0 0.2312500000000001 0.7296875 0.22031250000000008 0.7296875 0.22031250000000008 0.7484375 0.2312500000000001 0.7484375
4 0.21250000000000008 0.7328125 0.2062500000000001 0.7328125 0.2062500000000001 0.74375 0.21250000000000008 0.74375
0 0.2406250000000001 0.7 0.2296875000000001 0.7 0.2296875000000001 0.7171875 0.2406250000000001 0.7171875
2 0.2562500000000001 0.715625 0.24218750000000008 0.715625 0.24218750000000008 0.7375 0.2562500000000001 0.7375
0 0.2734375000000001 0.7 0.26250000000000007 0.7 0.26250000000000007 0.7140625 0.2734375000000001 0.7140625
6 0.27900116088858795 0.676499808905716 0.2666319515625 0.6672995843750001 0.23587216254891213 0.7086544739067844 0.24824137187500006 0.7178546984375002
3 0.3119549545748033 0.6672388577780766 0.3019989271329806 0.657983493359531 0.2781220413081774 0.6836679418314544 0.2880780687500001 0.69292330625
4 0.28593750000000007 0.646875 0.2765625000000001 0.646875 0.2765625000000001 0.6578125 0.28593750000000007 0.6578125
4 0.2875000000000001 0.621875 0.2812500000000001 0.621875 0.2812500000000001 0.6359375 0.2875000000000001 0.6359375
4 0.2968750000000001 0.6265625 0.2906250000000001 0.6265625 0.2906250000000001 0.6390625 0.2968750000000001 0.6390625
0 0.3046875000000001 0.60625 0.29375000000000007 0.60625 0.29375000000000007 0.625 0.3046875000000001 0.625
2 0.34062500000000007 0.621875 0.3265625000000001 0.621875 0.3265625000000001 0.6421875 0.34062500000000007 0.6421875
4 0.3375000000000001 0.60625 0.3296875000000001 0.60625 0.3296875000000001 0.6203125 0.3375000000000001 0.6203125
2 0.31597825262845236 0.6240592525181303 0.30572659687500003 0.617047553125 0.2867447833090477 0.6448004568568698 0.2969964390625 0.6518121562500001
2 0.32646456985439076 0.6317269878507782 0.31664529208740044 0.624531454734106 0.2991274581705097 0.6484369075083279 0.30894673593750005 0.655632440625
2 0.3364916118534401 0.5822241062287243 0.32663055625000004 0.57599425 0.30932739752155997 0.6033829093962758 0.31918845312500005 0.6096127656250001
2 0.35730755097668815 0.5718971517125823 0.3485236897723339 0.5659622255054872 0.3308703731706458 0.5920896409804051 0.3396542343750001 0.5980245671875001
2 0.3671875000000001 0.596875 0.3515625000000001 0.596875 0.3515625000000001 0.6171875 0.3671875000000001 0.6171875
2 0.3765625000000001 0.571875 0.3593750000000001 0.571875 0.3593750000000001 0.590625 0.3765625000000001 0.590625
4 0.3578125000000001 0.5265625 0.3515625000000001 0.5265625 0.3515625000000001 0.5375 0.3578125000000001 0.5375
2 0.3765625000000001 0.51875 0.3625000000000001 0.51875 0.3625000000000001 0.5453125 0.3765625000000001 0.5453125
2 0.4046875 0.540625 0.3921875000000001 0.540625 0.3921875000000001 0.5625 0.4046875 0.5625
4 0.3734375000000001 0.4984375 0.3671875000000001 0.4984375 0.3671875000000001 0.5125 0.3734375000000001 0.5125
4 0.3906250000000001 0.4921875 0.3843750000000001 0.4921875 0.3843750000000001 0.503125 0.3906250000000001 0.503125
4 0.4046875 0.4734375 0.3968750000000001 0.4734375 0.3968750000000001 0.4828125 0.4046875 0.4828125
0 0.3984375000000001 0.4625 0.38750000000000007 0.4625 0.38750000000000007 0.48125 0.3984375000000001 0.48125
2 0.41875 0.4734375 0.403125 0.4734375 0.403125 0.49375 0.41875 0.49375
4 0.403125 0.4453125 0.3937500000000001 0.4453125 0.3937500000000001 0.45625 0.403125 0.45625
3 0.4328125 0.446875 0.41875 0.446875 0.41875 0.4640625 0.4328125 0.4640625
2 0.459375 0.409375 0.44375 0.409375 0.44375 0.4296875 0.459375 0.4296875
4 0.4625 0.3968750000000001 0.453125 0.3968750000000001 0.453125 0.40625 0.4625 0.40625
4 0.45625 0.446875 0.45 0.446875 0.45 0.45625 0.45625 0.45625
4 0.4625 0.43125 0.45625 0.43125 0.45625 0.4421875 0.4625 0.4421875
4 0.475 0.4296875 0.465625 0.4296875 0.465625 0.4359375 0.475 0.4359375
2 0.4875 0.403125 0.4734375 0.403125 0.4734375 0.428125 0.4875 0.428125
4 0.4796875 0.3734375000000001 0.4703125 0.3734375000000001 0.4703125 0.3828125000000001 0.4796875 0.3828125000000001
2 0.503125 0.3921875000000001 0.4875 0.3921875000000001 0.4875 0.409375 0.503125 0.409375
2 0.5015625 0.3703125000000001 0.484375 0.3703125000000001 0.484375 0.3906250000000001 0.5015625 0.3906250000000001
4 0.50625 0.32500000000000007 0.496875 0.32500000000000007 0.496875 0.3359375000000001 0.50625 0.3359375000000001
4 0.515625 0.3671875000000001 0.50625 0.3671875000000001 0.50625 0.3765625000000001 0.515625 0.3765625000000001
4 0.525 0.3343750000000001 0.515625 0.3343750000000001 0.515625 0.3437500000000001 0.525 0.3437500000000001
2 0.55 0.3421875000000001 0.5296875 0.3421875000000001 0.5296875 0.3609375000000001 0.55 0.3609375000000001
4 0.5234375 0.3890625000000001 0.515625 0.3890625000000001 0.515625 0.3984375000000001 0.5234375 0.3984375000000001
4 0.51875 0.4109375 0.509375 0.4109375 0.509375 0.4203125 0.51875 0.4203125
2 0.5421875 0.3859375000000001 0.525 0.3859375000000001 0.525 0.40625 0.5421875 0.40625
1 0.559375 0.409375 0.521875 0.409375 0.521875 0.4328125 0.559375 0.4328125
0 0.4296875 0.5390625 0.4203125 0.5390625 0.4203125 0.5578125 0.4296875 0.5578125
0 0.35625000000000007 0.4328125 0.3468750000000001 0.4328125 0.3468750000000001 0.453125 0.35625000000000007 0.453125
0 0.3671875000000001 0.409375 0.3593750000000001 0.409375 0.3593750000000001 0.4296875 0.3671875000000001 0.4296875
2 0.340625 0.3 0.3265625 0.3 0.3265625 0.3296875 0.340625 0.3296875
2 0.45 0.24218750000000008 0.4328125 0.24218750000000008 0.4328125 0.2656250000000001 0.45 0.2656250000000001
2 0.425 0.2640625000000001 0.4109375 0.2640625000000001 0.4109375 0.29375000000000007 0.425 0.29375000000000007
2 0.434375 0.2515625000000001 0.4203125 0.2515625000000001 0.4203125 0.2796875000000001 0.434375 0.2796875000000001
2 0.4453125 0.2812500000000001 0.43125 0.2812500000000001 0.43125 0.3062500000000001 0.4453125 0.3062500000000001
2 0.453125 0.2718750000000001 0.4390625 0.2718750000000001 0.4390625 0.2968750000000001 0.453125 0.2968750000000001
4 0.4578125 0.2718750000000001 0.453125 0.2718750000000001 0.453125 0.2890625000000001 0.4578125 0.2890625000000001
4 0.3515625 0.06250000000000004 0.340625 0.06250000000000004 0.340625 0.07656250000000005 0.3515625 0.07656250000000005
3 0.3578125 0.01562500000000004 0.334375 0.015625000000000038 0.334375 0.06250000000000004 0.3578125 0.06250000000000004
2 0.34062500000000007 0.9390625 0.32500000000000007 0.9390625 0.32500000000000007 0.9625 0.34062500000000007 0.9625
4 0.3234375000000001 0.9546875 0.31718750000000007 0.9546875 0.31718750000000007 0.9734375 0.3234375000000001 0.9734375
2 0.3859375000000001 0.94375 0.3703125000000001 0.94375 0.3703125000000001 0.971875 0.3859375000000001 0.971875
4 0.3828125000000001 0.9125 0.3703125000000001 0.9125 0.3703125000000001 0.928125 0.3828125000000001 0.928125
4 0.6 0.6390625 0.5921875 0.6390625 0.5921875 0.6578125 0.6 0.6578125
2 0.6578125 0.5046875 0.6375 0.5046875 0.6375 0.53125 0.6578125 0.53125
4 0.6828125 0.571875 0.6734375 0.571875 0.6734375 0.5875 0.6828125 0.5875
0 0.7046875 0.6046875 0.690625 0.6046875 0.690625 0.6234375 0.7046875 0.6234375
4 0.7109375 0.5859375 0.703125 0.5859375 0.703125 0.6015625 0.7109375 0.6015625
4 0.7109375 0.6078125 0.703125 0.6078125 0.703125 0.6234375 0.7109375 0.6234375
1 0.6125 0.4671875 0.584375 0.4671875 0.584375 0.534375 0.6125 0.534375
4 0.58125 0.4390625 0.571875 0.4390625 0.571875 0.4546875 0.58125 0.4546875
4 0.584375 0.4171875 0.5765625 0.4171875 0.5765625 0.43125 0.584375 0.43125
4 0.571875 0.4109375 0.5625 0.4109375 0.5625 0.428125 0.571875 0.428125
2 0.5890625 0.34843750000000007 0.56875 0.34843750000000007 0.56875 0.36406250000000007 0.5890625 0.36406250000000007
0 0.559375 0.2984375000000001 0.55 0.2984375000000001 0.55 0.3187500000000001 0.559375 0.3187500000000001
4 0.6015625 0.37187500000000007 0.5890625 0.37187500000000007 0.5890625 0.3859375000000001 0.6015625 0.3859375000000001
2 0.628125 0.3468750000000001 0.6078125 0.3468750000000001 0.6078125 0.3671875000000001 0.628125 0.3671875000000001
0 0.6171875 0.27812500000000007 0.603125 0.27812500000000007 0.603125 0.2984375000000001 0.6171875 0.2984375000000001
4 0.6140625 0.2484375000000001 0.6 0.2484375000000001 0.6 0.2671875000000001 0.6140625 0.2671875000000001
2 0.65625 0.2968750000000001 0.6359375 0.2968750000000001 0.6359375 0.3218750000000001 0.65625 0.3218750000000001
4 0.6515625 0.32500000000000007 0.640625 0.32500000000000007 0.640625 0.3375000000000001 0.6515625 0.3375000000000001
2 0.6609375 0.34062500000000007 0.6421875 0.34062500000000007 0.6421875 0.3609375000000001 0.6609375 0.3609375000000001
2 0.59375 0.1828125000000001 0.5796875 0.1828125000000001 0.5796875 0.2140625000000001 0.59375 0.2140625000000001
2 0.565625 0.03125000000000007 0.5546875 0.03125000000000007 0.5546875 0.06718750000000007 0.565625 0.06718750000000007
2 0.60625 0.050000000000000065 0.5859375 0.050000000000000065 0.5859375 0.07187500000000006 0.60625 0.07187500000000006
2 0.6109375 0.06562500000000007 0.5953125 0.06562500000000007 0.5953125 0.08906250000000007 0.6109375 0.08906250000000007
4 0.6859375 0.3125000000000001 0.6765625 0.3125000000000001 0.6765625 0.32500000000000007 0.6859375 0.32500000000000007
4 0.7015625 0.2984375000000001 0.6921875 0.2984375000000001 0.6921875 0.3125000000000001 0.7015625 0.3125000000000001
4 0.7203125 0.28593750000000007 0.7109375 0.28593750000000007 0.7109375 0.3031250000000001 0.7203125 0.3031250000000001
0 0.7796875 0.22812500000000008 0.7671875 0.22812500000000008 0.7671875 0.2484375000000001 0.7796875 0.2484375000000001
2 0.7390625 0.3453125000000001 0.721875 0.3453125000000001 0.721875 0.3687500000000001 0.7390625 0.3687500000000001
2 0.7203125 0.3625000000000001 0.703125 0.3625000000000001 0.703125 0.3859375000000001 0.7203125 0.3859375000000001
2 0.70625 0.35625000000000007 0.6890625 0.35625000000000007 0.6890625 0.3812500000000001 0.70625 0.3812500000000001
2 0.690625 0.37968750000000007 0.671875 0.37968750000000007 0.671875 0.40625 0.690625 0.40625
2 0.7 0.38750000000000007 0.6828125 0.38750000000000007 0.6828125 0.4140625 0.7 0.4140625
2 0.6734375 0.409375 0.6578125 0.409375 0.6578125 0.4390625 0.6734375 0.4390625
2 0.6859375 0.409375 0.671875 0.409375 0.671875 0.440625 0.6859375 0.440625
0 0.6796875 0.4359375 0.6703125 0.4359375 0.6703125 0.4578125 0.6796875 0.4578125
2 0.7390625 0.6343750000000001 0.7234375 0.634375 0.7234375 0.6609375000000001 0.7390625 0.6609375000000002
0 0.7671875 0.6406250000000002 0.75625 0.6406250000000002 0.75625 0.6609375000000002 0.7671875 0.6609375000000002
3 0.7734375 0.6750000000000002 0.753125 0.6750000000000002 0.753125 0.7109375000000002 0.7734375 0.7109375000000002
2 0.8375 0.7437500000000001 0.8140625 0.7437500000000001 0.8140625 0.7796875000000002 0.8375 0.7796875000000002
2 0.8765625 0.7890625000000002 0.859375 0.7890625000000002 0.859375 0.809375 0.8765625 0.809375
2 0.9140625 0.8265625 0.89375 0.8265625 0.89375 0.8578125 0.9140625 0.8578125
1 0.4138018029174587 0.5073668216243084 0.39691217651860006 0.4965438613549125 0.3534322595386413 0.5643958662931042 0.37032188593750004 0.5752188265625
1 0.4584514803139482 0.48045992854001157 0.44274167877611487 0.46857779884385053 0.3988981843996666 0.526544898428839 0.4146079859375 0.5384270281250001
1 0.5094266931507914 0.4261338850129458 0.4948833448854595 0.41311694954871736 0.44814183454716805 0.46533953797327154 0.46268518281249993 0.47835647343749993
2 0.4328125 0.18750000000000006 0.4140625 0.18750000000000006 0.4140625 0.21250000000000008 0.4328125 0.21250000000000008
4 0.4421875 0.509375 0.4375 0.509375 0.4375 0.5234375 0.4421875 0.5234375
4 0.4421875 0.5390625 0.4359375 0.5390625 0.4359375 0.553125 0.4421875 0.553125
4 0.434375 0.51875 0.4296875 0.51875 0.4296875 0.5296875 0.434375 0.5296875
2 0.80625 0.1515625000000001 0.796875 0.1515625000000001 0.796875 0.1828125000000001 0.80625 0.1828125000000001
2 0.821875 0.1625000000000001 0.8046875 0.1625000000000001 0.8046875 0.18750000000000008 0.821875 0.18750000000000008
2 0.834375 0.1281250000000001 0.8234375 0.1281250000000001 0.8234375 0.15625000000000008 0.834375 0.15625000000000008
2 0.8375 0.18125000000000008 0.81875 0.18125000000000008 0.81875 0.2062500000000001 0.8375 0.2062500000000001
4 0.865625 0.1390625000000001 0.8578125 0.1390625000000001 0.8578125 0.15000000000000008 0.865625 0.15000000000000008
4 0.8640625 0.12343750000000009 0.8578125 0.12343750000000009 0.8578125 0.1375000000000001 0.8640625 0.1375000000000001
2 0.884375 0.06562500000000011 0.86875 0.06562500000000011 0.86875 0.09687500000000011 0.884375 0.09687500000000011
4 0.8875 0.10937500000000008 0.878125 0.10937500000000008 0.878125 0.12343750000000009 0.8875 0.12343750000000009
4 0.9046875 0.15625000000000008 0.896875 0.15625000000000008 0.896875 0.1703125000000001 0.9046875 0.1703125000000001
2 0.9171875 0.12031250000000011 0.9 0.12031250000000009 0.9 0.1437500000000001 0.9171875 0.14375000000000013
4 0.915625 0.06250000000000011 0.90625 0.06250000000000011 0.90625 0.07656250000000012 0.915625 0.07656250000000012
4 0.9171875 0.07343750000000011 0.9109375 0.07343750000000011 0.9109375 0.08281250000000011 0.9171875 0.08281250000000011
4 0.921875 0.07812500000000011 0.9140625 0.07812500000000011 0.9140625 0.09218750000000012 0.921875 0.09218750000000012
4 0.93125 0.057812500000000114 0.921875 0.057812500000000114 0.921875 0.07031250000000011 0.93125 0.07031250000000011
4 0.9609375 0.006250000000000117 0.953125 0.006250000000000117 0.953125 0.020312500000000115 0.9609375 0.020312500000000115
2 0.98125 1.1892468526095002e-16 0.9609375 1.1768090335556595e-16 0.9609375 0.03593750000000012 0.98125 0.03593750000000012
4 0.6796875000000002 0.7625 0.6703125000000002 0.7625 0.6703125000000002 0.7703125 0.6796875000000002 0.7703125
4 0.6796875000000002 0.753125 0.6734375000000001 0.753125 0.6734375000000001 0.7625 0.6796875000000002 0.7625
4 0.6890625000000001 0.7609375 0.6812500000000001 0.7609375 0.6812500000000001 0.7703125 0.6890625000000001 0.7703125
2 0.6977965618428456 0.7504395966474701 0.6777175843749998 0.7395799624999999 0.6716334597322072 0.750829236642689 0.6917124372000529 0.7616888707901591
4 0.6931487785748589 0.7295870677121777 0.6784543203125 0.7177177171875 0.6719155398297955 0.7258128388784518 0.6866099980921543 0.7376821894031296
2 0.7130376839832195 0.7215956373873239 0.691612446875 0.7047969015625001 0.6821630566417805 0.7168487266751763 0.70358829375 0.7336474625000001
6 0.7256921691610935 0.748668578574288 0.6935676875000001 0.7278483562500002 0.6831952542764065 0.7438524620507121 0.7153197359374999 0.764672684375
2 0.7244939467322217 0.773819285379834 0.7042967531250002 0.7572335609375004 0.6966341251427783 0.7665646927451666 0.71683131875 0.7831504171875003
2 0.7385873473308462 0.772516269961632 0.7209813109375 0.7502404859375003 0.7116948826143928 0.757580169014141 0.7293009190077391 0.7798559530382729
2 0.7258096715262882 0.7348899483365091 0.7091743218750001 0.7168956156249999 0.6996267190987118 0.7257221563509906 0.71626206875 0.7437164890624998
0 0.7438994587870256 0.7505406806508828 0.7257938640625 0.7306684984375 0.7168941974629744 0.7387770068491173 0.7349997921875 0.7586491890625001
0 0.7559446591157699 0.7600748180385388 0.7418919781249999 0.7437164890625001 0.7339296740883998 0.750556534811779 0.7479823550791699 0.7669148637878178
6 0.7765132053101506 0.7929181637444914 0.741486528125 0.7606712484375001 0.7288636431273494 0.774382256568009 0.7638903203125 0.8066291718750002
2 0.7768420948339735 0.7718977715373455 0.7575411124999999 0.7519725875000001 0.7487423235186708 0.7604957344064827 0.7680433058526444 0.7804209184438282
2 0.7944069835508976 0.8141585999048763 0.7756373875000001 0.79144551875 0.7661861607956799 0.7992558068485595 0.7849557568465774 0.8219688880034358
2 0.8142762978391802 0.8394533482222724 0.7955156671875 0.81377208125 0.7862359827887234 0.8205510587730938 0.8049966134404037 0.8462323257453661
2 0.8317394203864115 0.8726498049546217 0.8123885421875 0.8481821 0.8026037097537534 0.8559206721698605 0.8219545879526649 0.8803883771244821
2 0.8340772586507945 0.8548059821247239 0.8132846921875 0.8328144671875 0.8049567819742054 0.8406883506877758 0.8257493484374999 0.8626798656249998
0 0.8370276513581135 0.8954658974732288 0.8211877250000003 0.8780161375000002 0.8137390330168868 0.8847776478392714 0.8295789593750001 0.9022274078124999
0 0.8471595277309916 0.8996261337625076 0.8330006296875 0.8894693734375002 0.8266626925815086 0.8983046912374931 0.840821590625 0.9084614515625002
2 0.8485999649072152 0.89126244269714 0.8304751171874999 0.8710572093750002 0.8221240466589373 0.8785484310408715 0.8402488943786526 0.8987536643630113
2 0.8606765064141244 0.8838038630395813 0.8443328890625003 0.8638083218749999 0.8368693232733759 0.8699087650854187 0.8532129406250002 0.88990430625
2 0.8477584383124046 0.9228710639198955 0.8266577765625 0.8998927890625001 0.816473877312595 0.9092445360801047 0.8375745390624998 0.9322228109375
2 0.8792076218742405 0.9151833385212663 0.8584479292312575 0.8946558946528178 0.8494836495445168 0.9037215967565515 0.8702433421875 0.9242490406250001
2 0.8796875 0.7359375000000001 0.8640625 0.7359375000000001 0.8640625 0.7625000000000002 0.8796875 0.7625000000000002
0 0.8828125 0.7578125000000002 0.871875 0.7578125000000002 0.871875 0.7734375000000002 0.8828125 0.7734375000000002
2 0.890625 0.7500000000000002 0.88125 0.7500000000000002 0.88125 0.7734375000000002 0.890625 0.7734375000000002
0 0.90625 0.7609375000000002 0.896875 0.7609375000000002 0.896875 0.7796875000000002 0.90625 0.7796875000000002
2 0.91875 0.7625000000000002 0.9046875 0.7625000000000002 0.9046875 0.7890625000000002 0.91875 0.7890625000000002
2 0.934375 0.80625 0.91875 0.80625 0.91875 0.8296875 0.934375 0.8296875
4 0.953125 0.8921875 0.94375 0.8921875 0.94375 0.903125 0.953125 0.903125
4 0.9796875 0.909375 0.96875 0.909375 0.96875 0.9234375 0.9796875 0.9234375
2 0.996875 0.8921875 0.978125 0.8921875 0.978125 0.91875 0.996875 0.91875
2 0.9734375 0.88125 0.9578125 0.88125 0.9578125 0.9015625 0.9734375 0.9015625
2 0.9875 0.86875 0.96875 0.86875 0.96875 0.8875 0.9875 0.8875
2 0.975 0.853125 0.9578125 0.853125 0.9578125 0.86875 0.975 0.86875
2 0.965625 0.83125 0.946875 0.83125 0.946875 0.8515625 0.965625 0.8515625
2 0.9578125 0.8078125 0.9390625 0.8078125 0.9390625 0.8375 0.9578125 0.8375