5 0.1781250000000001 0.684375 0.1140625000000001 0.684375 0.1140625000000001 0.7140625 0.1781250000000001 0.7140625
6 0.11093750000000009 0.5859375 0.06406250000000006 0.5859375 0.06406250000000006 0.6109375 0.11093750000000009 0.6109375
6 0.2843750000000001 0.7984375 0.2500000000000001 0.7984375 0.2500000000000001 0.8203125 0.2843750000000001 0.8203125
6 0.4125000000000002 0.7953125 0.3687500000000001 0.7953125 0.3687500000000001 0.821875 0.4125000000000002 0.821875
6 0.5171875000000001 0.7734375 0.48750000000000016 0.7734375 0.48750000000000016 0.803125 0.5171875000000001 0.803125
6 0.6921875 0.671875 0.65625 0.671875 0.65625 0.696875 0.6921875 0.696875
6 0.746875 0.6921875000000001 0.7046875 0.6921875 0.7046875 0.7171875000000001 0.746875 0.7171875000000002
6 0.84375 0.6828125000000002 0.8078125 0.6828125000000002 0.8078125 0.7046875000000001 0.84375 0.7046875000000001
6 0.9375 0.7000000000000002 0.89375 0.7000000000000002 0.89375 0.7250000000000002 0.9375 0.7250000000000002
6 0.99375 0.803125 0.953125 0.803125 0.953125 0.834375 0.99375 0.834375
1 0.4875 0.6265625 0.4328125 0.6265625 0.4328125 0.665625 0.4875 0.665625
6 0.540625 0.5171875 0.51875 0.5171875 0.51875 0.5859375 0.540625 0.5859375
6 0.565625 0.603125 0.5375 0.603125 0.5375 0.659375 0.565625 0.659375
6 0.54375 0.11093750000000005 0.525 0.11093750000000005 0.525 0.18750000000000006 0.54375 0.18750000000000006
3 0.08593750000000008 0.6921875 0.06250000000000008 0.6921875 0.06250000000000008 0.709375 0.08593750000000008 0.709375
3 0.2843750000000001 0.5046875 0.2593750000000001 0.5046875 0.2593750000000001 0.5234375 0.2843750000000001 0.5234375
3 0.465625 0.3421875000000001 0.4515625 0.3421875000000001 0.4515625 0.3859375000000001 0.465625 0.3859375000000001
3 0.5296875 0.4453125 0.515625 0.4453125 0.515625 0.4859375 0.5296875 0.4859375
3 0.5421875 0.4125 0.5328125 0.4125 0.5328125 0.4515625 0.5421875 0.4515625
3 0.440625 0.026562500000000055 0.43125 0.026562500000000055 0.43125 0.059375000000000046 0.440625 0.059375000000000046
2 0.4515625 0.028125000000000056 0.440625 0.028125000000000056 0.440625 0.06250000000000004 0.4515625 0.06250000000000004
2 0.478125 0.01562500000000006 0.465625 0.015625000000000056 0.465625 0.046875000000000056 0.478125 0.046875000000000056
2 0.4796875 0.11093750000000005 0.46875 0.11093750000000005 0.46875 0.14531250000000004 0.4796875 0.14531250000000004
2 0.446875 0.15000000000000005 0.43125 0.15000000000000005 0.43125 0.16406250000000006 0.446875 0.16406250000000006
2 0.5046875 0.16250000000000003 0.4953125 0.16250000000000003 0.4953125 0.19375000000000003 0.5046875 0.19375000000000003
2 0.45625 0.17031250000000003 0.4359375 0.17031250000000003 0.4359375 0.18906250000000005 0.45625 0.18906250000000005
2 0.4421875 0.18281250000000004 0.4234375 0.18281250000000004 0.4234375 0.20312500000000008 0.4421875 0.20312500000000008
2 0.4546875 0.2328125000000001 0.4390625 0.2328125000000001 0.4390625 0.2578125000000001 0.4546875 0.2578125000000001
2 0.484375 0.23593750000000008 0.4734375 0.23593750000000008 0.4734375 0.2750000000000001 0.484375 0.2750000000000001
2 0.4546875 0.26250000000000007 0.4390625 0.26250000000000007 0.4390625 0.2843750000000001 0.4546875 0.2843750000000001
2 0.45 0.2796875000000001 0.434375 0.2796875000000001 0.434375 0.2984375000000001 0.45 0.2984375000000001
2 0.459375 0.3078125000000001 0.45 0.3078125000000001 0.45 0.3359375000000001 0.459375 0.3359375000000001
2 0.540625 0.36406250000000007 0.5265625 0.36406250000000007 0.5265625 0.39531250000000007 0.540625 0.39531250000000007
2 0.5484375 0.3421875000000001 0.5359375 0.3421875000000001 0.5359375 0.3734375000000001 0.5484375 0.3734375000000001
2 0.4859375 0.40625 0.4765625 0.40625 0.4765625 0.4375 0.4859375 0.4375
2 0.553125 0.44375 0.5453125 0.44375 0.5453125 0.471875 0.553125 0.471875
2 0.4875 0.546875 0.4765625 0.546875 0.4765625 0.58125 0.4875 0.58125
2 0.509375 0.5515625 0.49375 0.5515625 0.49375 0.5828125 0.509375 0.5828125
2 0.5328125 0.5859375 0.51875 0.5859375 0.51875 0.6203125 0.5328125 0.6203125
2 0.621875 0.58125 0.60625 0.58125 0.60625 0.60625 0.621875 0.60625
0 0.5765625 0.5765625 0.565625 0.5765625 0.565625 0.5953125 0.5765625 0.5953125
0 0.4484375 0.48125 0.434375 0.48125 0.434375 0.4953125 0.4484375 0.4953125
0 0.4578125 0.48125 0.446875 0.48125 0.446875 0.5015625 0.4578125 0.5015625
0 0.459375 0.4921875 0.45 0.4921875 0.45 0.51875 0.459375 0.51875
2 0.3937500000000001 0.603125 0.3781250000000001 0.603125 0.3781250000000001 0.61875 0.3937500000000001 0.61875
2 0.2984375000000001 0.584375 0.27812500000000007 0.584375 0.27812500000000007 0.6078125 0.2984375000000001 0.6078125
2 0.3203125000000001 0.584375 0.2984375000000001 0.584375 0.2984375000000001 0.6078125 0.3203125000000001 0.6078125
2 0.34843750000000007 0.4140625 0.33281250000000007 0.4140625 0.33281250000000007 0.4296875 0.34843750000000007 0.4296875
2 0.34843750000000007 0.434375 0.3312500000000001 0.434375 0.3312500000000001 0.4484375 0.34843750000000007 0.4484375
2 0.06406250000000009 0.771875 0.0437500000000001 0.771875 0.0437500000000001 0.790625 0.06406250000000009 0.790625
0 0.0437500000000001 0.8140625 0.0281250000000001 0.8140625 0.0281250000000001 0.828125 0.0437500000000001 0.828125
3 0.1609375000000001 0.8109375 0.1453125000000001 0.8109375 0.1453125000000001 0.8265625 0.1609375000000001 0.8265625
0 0.11875000000000009 0.8203125 0.10468750000000009 0.8203125 0.10468750000000009 0.834375 0.11875000000000009 0.834375
2 0.5890625000000002 0.790625 0.5734375000000002 0.790625 0.5734375000000002 0.809375 0.5890625000000002 0.809375
2 0.7015625000000002 0.853125 0.6812500000000001 0.853125 0.6812500000000001 0.8734375 0.7015625000000002 0.8734375
2 0.8078125 0.7171875000000002 0.7890625 0.7171875000000002 0.7890625000000001 0.7359375000000001 0.8078125 0.7359375000000001
2 0.89375 0.7953125000000002 0.8703125 0.7953125000000002 0.8703125 0.8171875 0.89375 0.8171875
2 0.9265625 0.7781250000000002 0.90625 0.7781250000000002 0.90625 0.7984375000000001 0.9265625 0.7984375000000001
2 0.98125 0.5921875000000002 0.959375 0.5921875000000002 0.959375 0.6109375000000001 0.98125 0.6109375000000001
2 0.9171875 0.4703125000000002 0.90625 0.4703125000000002 0.90625 0.5015625000000001 0.9171875 0.5015625000000001
2 0.871875 0.5062500000000002 0.859375 0.5062500000000002 0.859375 0.5406250000000001 0.871875 0.5406250000000001
2 0.9171875 0.5578125000000002 0.8984375 0.5578125000000002 0.8984375 0.5781250000000002 0.9171875 0.5781250000000002
3 0.7953125 0.5921875000000002 0.775 0.5921875000000002 0.775 0.6093750000000002 0.7953125 0.6093750000000002
2 0.6859375 0.5921875 0.6703125 0.5921875 0.6703125 0.6078125 0.6859375 0.6078125
0 0.8484375 0.8390625 0.8359375 0.8390625 0.8359375 0.85 0.8484375 0.85
3 0.8484375 0.7859375000000002 0.8234375 0.7859375000000002 0.8234375 0.80625 0.8484375 0.80625
2 0.7703125 0.6718750000000002 0.7515625 0.6718750000000002 0.7515625 0.6875000000000002 0.7703125 0.6875000000000002
0 0.4546875 0.5375 0.4453125 0.5375 0.4453125 0.55625 0.4546875 0.55625
3 0.4609375 0.05781250000000006 0.45 0.057812500000000044 0.45 0.09062500000000005 0.4609375 0.09062500000000007
0 0.459375 0.18906250000000005 0.4484375 0.18906250000000005 0.4484375 0.2093750000000001 0.459375 0.2093750000000001
4 0.10000000000000009 0.8046875 0.08906250000000009 0.8046875 0.0890625000000001 0.8171875 0.10000000000000009 0.8171875
4 0.16406250000000008 0.6546875 0.1515625000000001 0.6546875 0.1515625000000001 0.665625 0.16406250000000008 0.665625
4 0.2484375000000001 0.81875 0.2390625000000001 0.81875 0.2390625000000001 0.8328125 0.2484375000000001 0.8328125
4 0.3687500000000001 0.671875 0.3593750000000001 0.671875 0.3593750000000001 0.6828125 0.3687500000000001 0.6828125
4 0.4328125 0.6765625 0.4234375 0.6765625 0.4234375 0.6875 0.4328125 0.6875
4 0.534375 0.7015625 0.5265625 0.7015625 0.5265625 0.7125 0.534375 0.7125
4 0.4281250000000002 0.8328125 0.4156250000000002 0.8328125 0.4156250000000002 0.8421875 0.4281250000000002 0.8421875
4 0.5812500000000002 0.8265625 0.5703125000000002 0.8265625 0.5703125000000002 0.8375 0.5812500000000002 0.8375
4 0.6171875000000002 0.85 0.6093750000000002 0.85 0.6093750000000002 0.8640625 0.6171875000000002 0.8640625
4 0.6343750000000001 0.8609375 0.6281250000000002 0.8609375 0.6281250000000002 0.878125 0.6343750000000001 0.878125
4 0.7234375000000002 0.8390625 0.7125000000000001 0.8390625 0.7125000000000001 0.85 0.7234375000000002 0.85
4 0.803125 0.8375 0.7906250000000001 0.8375 0.7906250000000001 0.846875 0.803125 0.846875
4 0.9546875 0.8390625 0.94375 0.8390625 0.94375 0.8484375 0.9546875 0.8484375
4 0.9234375 0.6343750000000001 0.9125 0.6343750000000001 0.9125 0.6437500000000002 0.9234375 0.6437500000000002
4 0.8609375 0.6156250000000002 0.853125 0.6156250000000002 0.853125 0.6265625000000001 0.8609375 0.6265625000000001
4 0.809375 0.6312500000000002 0.7984375 0.6312500000000002 0.7984375 0.6421875000000001 0.809375 0.6421875000000001
4 0.70625 0.6875 0.696875 0.6875 0.696875 0.7 0.70625 0.7
4 0.6890625 0.70625 0.6828125 0.70625 0.6828125 0.7203125 0.6890625 0.7203125
4 0.68125 0.7078125 0.66875 0.7078125 0.66875 0.7234375 0.68125 0.7234375
4 0.6421875 0.621875 0.63125 0.621875 0.63125 0.6328125 0.6421875 0.6328125
4 0.578125 0.6265625 0.5703125 0.6265625 0.5703125 0.640625 0.578125 0.640625