4 0.007812500000000003 0.009375 1.1481063742006436e-18 0.009375 2.870265935501609e-18 0.0375 0.007812500000000005 0.0375
4 0.0062500000000000125 0.0890625 1.0907010554906114e-17 0.0890625 1.2342143522656918e-17 0.1125 0.006250000000000014 0.1125
2 0.051562500000000025 0.11875 0.03593750000000001 0.11875 0.03593750000000002 0.1609375 0.051562500000000025 0.1609375
2 0.06562500000000002 0.121875 0.051562500000000025 0.121875 0.051562500000000025 0.1578125 0.06562500000000002 0.1578125
2 0.03906250000000002 0.1734375 0.025000000000000022 0.1734375 0.025000000000000022 0.2109375 0.03906250000000002 0.2109375
2 0.05468750000000002 0.1625 0.04062500000000002 0.1625 0.04062500000000002 0.2078125 0.05468750000000002 0.2078125
2 0.051562500000000025 0.2125 0.03125000000000002 0.2125 0.03125000000000003 0.25625 0.051562500000000025 0.25625
2 0.15625000000000006 0.2546875 0.13750000000000004 0.2546875 0.13750000000000004 0.296875 0.15625000000000006 0.296875
5 0.026562500000000027 0.215625 2.6406446606614805e-17 0.215625 3.185995188406787e-17 0.3046875 0.026562500000000034 0.3046875
5 0.08281250000000004 0.375 0.057812500000000044 0.375 0.057812500000000044 0.45 0.08281250000000004 0.45
4 0.04375000000000003 0.28125 0.031250000000000035 0.28125 0.031250000000000035 0.30625 0.04375000000000003 0.30625
0 0.19843750000000004 0.375 0.18125000000000005 0.375 0.18125000000000005 0.4 0.19843750000000004 0.4
2 0.3890625000000001 0.54375 0.3593750000000001 0.54375 0.3593750000000001 0.5703125 0.3890625000000001 0.5703125
2 0.06718750000000001 0.0734375 0.046875000000000014 0.0734375 0.046875000000000014 0.1171875 0.06718750000000002 0.1171875
2 0.6359375 0.5078125 0.6109375 0.5078125 0.6109375 0.5328125 0.6359375 0.5328125
0 0.8546875 0.48437500000000017 0.8265625 0.48437500000000017 0.8265625 0.5125000000000002 0.8546875 0.5125000000000002
2 0.509375 0.3578125000000001 0.484375 0.3578125000000001 0.484375 0.3828125000000001 0.509375 0.3828125000000001
4 0.571875 0.3343750000000001 0.5578125 0.3343750000000001 0.5578125 0.34843750000000007 0.571875 0.34843750000000007
2 0.790625 0.2312500000000001 0.7625 0.2312500000000001 0.7625 0.2562500000000001 0.790625 0.2562500000000001
2 0.7796875 0.1453125000000001 0.7546875 0.1453125000000001 0.7546875 0.1750000000000001 0.7796875 0.1750000000000001
2 0.9125 0.30937500000000007 0.88125 0.30937500000000007 0.88125 0.3375000000000001 0.9125 0.3375000000000001
2 0.9953125 0.3062500000000001 0.9703125 0.3062500000000001 0.9703125 0.3343750000000001 0.9953125 0.3343750000000001
2 0.0796875 0.031250000000000014 0.0625 0.031250000000000014 0.0625 0.071875 0.0796875 0.071875
0 0.7953125 0.3625000000000001 0.771875 0.3625000000000001 0.771875 0.38750000000000007 0.7953125 0.38750000000000007
4 0.10000000000000005 0.384375 0.08750000000000005 0.384375 0.08750000000000005 0.409375 0.10000000000000005 0.409375
2 0.10781250000000009 0.553125 0.08281250000000007 0.553125 0.08281250000000007 0.578125 0.10781250000000009 0.578125
4 0.44375 0.4296875 0.4296875 0.4296875 0.4296875 0.4484375 0.44375 0.4484375
2 0.778125 0.4593750000000002 0.7484375 0.4593750000000002 0.7484375 0.4937500000000002 0.778125 0.4937500000000002
2 0.9828125 0.4828125000000002 0.953125 0.4828125000000002 0.953125 0.5078125000000002 0.9828125 0.5078125000000002