2 0.032812500000000064 0.5296875 0.020312500000000067 0.5296875 0.02031250000000007 0.571875 0.032812500000000064 0.571875
2 0.05937500000000008 0.634375 0.03593750000000008 0.634375 0.03593750000000008 0.653125 0.05937500000000009 0.653125
2 0.05937500000000009 0.6921875 0.03906250000000009 0.6921875 0.03906250000000009 0.7109375 0.05937500000000009 0.7109375
2 0.21250000000000008 0.375 0.2015625000000001 0.375 0.2015625000000001 0.4109375 0.21250000000000008 0.4109375
2 0.2218750000000001 0.471875 0.21093750000000008 0.471875 0.21093750000000008 0.509375 0.2218750000000001 0.509375
2 0.21875000000000008 0.50625 0.21093750000000008 0.50625 0.21093750000000008 0.5421875 0.21875000000000008 0.5421875
2 0.3671875000000001 0.625 0.3453125000000001 0.625 0.3453125000000001 0.6421875 0.3671875000000001 0.6421875
2 0.37968750000000007 0.6390625 0.36406250000000007 0.6390625 0.36406250000000007 0.65625 0.37968750000000007 0.65625
2 0.421875 0.4609375 0.4109375 0.4609375 0.4109375 0.4890625 0.421875 0.4890625
2 0.4203125 0.4984375 0.4109375 0.4984375 0.4109375 0.534375 0.4203125 0.534375
2 0.465625 0.478125 0.4578125 0.478125 0.4578125 0.515625 0.465625 0.515625
2 0.4671875 0.3734375000000001 0.45625 0.3734375000000001 0.45625 0.4125 0.4671875 0.4125
2 0.4609375 0.6859375 0.453125 0.6859375 0.453125 0.721875 0.4609375 0.721875
2 0.3984375000000001 0.7609375 0.38750000000000007 0.7609375 0.38750000000000007 0.7953125 0.3984375000000001 0.7953125
2 0.4546875000000002 0.8078125 0.4437500000000002 0.8078125 0.4437500000000002 0.85625 0.4546875000000002 0.85625
2 0.3937500000000001 0.8359375 0.3828125000000001 0.8359375 0.3828125000000001 0.859375 0.3937500000000001 0.859375
2 0.3984375000000001 0.8609375 0.37968750000000007 0.8609375 0.37968750000000007 0.875 0.3984375000000001 0.875
2 0.39531250000000007 0.8734375 0.3781250000000001 0.8734375 0.3781250000000001 0.8953125 0.39531250000000007 0.8953125
2 0.3906250000000001 0.9359375 0.3781250000000001 0.9359375 0.3781250000000001 0.9625 0.3906250000000001 0.9625
2 0.5453125 0.3812500000000001 0.53125 0.3812500000000001 0.53125 0.4203125 0.5453125 0.4203125
2 0.596875 0.4671875 0.5796875 0.4671875 0.5796875 0.4890625 0.596875 0.4890625
2 0.5578125 0.4640625 0.5328125 0.4640625 0.5328125 0.49375 0.5578125 0.49375
2 0.571875 0.4453125 0.5515625 0.4453125 0.5515625 0.4765625 0.571875 0.4765625
2 0.5203125 0.4640625 0.50625 0.4640625 0.50625 0.509375 0.5203125 0.509375
2 0.5468750000000001 0.721875 0.534375 0.721875 0.534375 0.7546875 0.5468750000000002 0.7546875
2 0.5328125000000001 0.7265625 0.5203125000000002 0.7265625 0.5203125000000002 0.765625 0.5328125000000001 0.765625
2 0.5468750000000002 0.75625 0.5312500000000002 0.75625 0.5312500000000002 0.784375 0.5468750000000002 0.784375
2 0.5312500000000002 0.834375 0.5218750000000002 0.834375 0.5218750000000002 0.8671875 0.5312500000000002 0.8671875
2 0.5718750000000001 0.965625 0.5562500000000001 0.965625 0.5562500000000001 0.98125 0.5718750000000001 0.98125
2 0.5671875000000002 0.9796875 0.5546875000000002 0.9796875 0.5546875000000002 1 0.5671875000000002 1
2 0.4296875 0.4015625 0.41875 0.4015625 0.41875 0.4265625 0.4296875 0.4265625
2 0.86875 0.1140625000000001 0.8546875 0.1140625000000001 0.8546875 0.1546875000000001 0.86875 0.1546875000000001
2 0.8671875 0.1609375000000001 0.853125 0.1609375000000001 0.853125 0.1984375000000001 0.8671875 0.1984375000000001
2 0.8609375 0.18906250000000008 0.8515625 0.18906250000000008 0.8515625 0.24375000000000008 0.8609375 0.24375000000000008
2 0.9203125 0.3156250000000001 0.9015625 0.3156250000000001 0.9015625 0.3375000000000001 0.9203125 0.3375000000000001
2 0.9609375 0.2562500000000001 0.9515625 0.2562500000000001 0.9515625 0.27812500000000007 0.9609375 0.27812500000000007
2 0.9859375 0.2828125000000001 0.9609375 0.2828125000000001 0.9609375 0.30156250000000007 0.9859375 0.30156250000000007
2 0.7921875 0.30937500000000007 0.771875 0.30937500000000007 0.771875 0.3312500000000001 0.7921875 0.3312500000000001
2 0.809375 0.20468750000000008 0.7953125 0.20468750000000008 0.7953125 0.22656250000000008 0.809375 0.22656250000000008
2 0.76875 0.2375000000000001 0.7546875 0.2375000000000001 0.7546875 0.2765625000000001 0.76875 0.2765625000000001
2 0.7125 0.26250000000000007 0.6953125 0.26250000000000007 0.6953125 0.2984375000000001 0.7125 0.2984375000000001
2 0.9453125 0.4703125000000002 0.925 0.4703125000000002 0.925 0.4937500000000002 0.9453125 0.4937500000000002
2 0.8859375 0.4656250000000002 0.865625 0.4656250000000002 0.865625 0.4828125000000002 0.8859375 0.4828125000000002
2 0.8359375 0.5031250000000002 0.8125 0.5031250000000002 0.8125 0.5296875000000002 0.8359375 0.5296875000000002
2 0.61875 0.0031250000000000748 0.5984375 0.0031250000000000735 0.5984375 0.015625000000000076 0.61875 0.015625000000000076
2 0.621875 0.009375000000000074 0.6 0.009375000000000073 0.6 0.03437500000000008 0.621875 0.03437500000000008
2 0.615625 0.04062500000000008 0.5953125 0.04062500000000008 0.5953125 0.06250000000000007 0.615625 0.06250000000000007
2 0.5890625 0.04375000000000007 0.56875 0.04375000000000007 0.56875 0.06093750000000007 0.5890625 0.06093750000000007
2 0.58125 0.08906250000000007 0.5640625 0.08906250000000007 0.5640625 0.11093750000000009 0.58125 0.11093750000000009
2 0.5703125 0.1062500000000001 0.5515625 0.1062500000000001 0.5515625 0.12500000000000008 0.5703125 0.12500000000000008
2 0.565625 0.1218750000000001 0.55 0.1218750000000001 0.55 0.1375000000000001 0.565625 0.1375000000000001
2 0.571875 0.1359375000000001 0.55 0.1359375000000001 0.55 0.1546875000000001 0.571875 0.1546875000000001
2 0.571875 0.1531250000000001 0.5484375 0.1531250000000001 0.5484375 0.1750000000000001 0.571875 0.1750000000000001
2 0.5734375 0.17343750000000008 0.55 0.17343750000000008 0.55 0.2000000000000001 0.5734375 0.2000000000000001
2 0.5671875 0.19531250000000008 0.55 0.19531250000000008 0.55 0.21875000000000008 0.5671875 0.21875000000000008
3 0.584375 0.2375000000000001 0.565625 0.2375000000000001 0.565625 0.2796875000000001 0.584375 0.2796875000000001
2 0.5203125 0.3296875000000001 0.5078125 0.3296875000000001 0.5078125 0.3656250000000001 0.5203125 0.3656250000000001
2 0.571875 0.3078125000000001 0.55 0.3078125000000001 0.55 0.3359375000000001 0.571875 0.3359375000000001
2 0.5171875 0.2171875000000001 0.5078125 0.2171875000000001 0.5078125 0.2515625000000001 0.5171875 0.2515625000000001
2 0.459375 0.32500000000000007 0.446875 0.32500000000000007 0.446875 0.36406250000000007 0.459375 0.36406250000000007
2 0.4046875 0.15468750000000003 0.396875 0.15468750000000003 0.396875 0.18125000000000005 0.4046875 0.18125000000000005
2 0.4109375 0.16406250000000006 0.4015625 0.16406250000000006 0.4015625 0.20468750000000008 0.4109375 0.20468750000000008
2 0.4296875 0.16875000000000004 0.4125 0.16875000000000004 0.4125 0.19218750000000004 0.4296875 0.19218750000000004
2 0.4640625 0.028125000000000056 0.453125 0.028125000000000056 0.453125 0.06562500000000006 0.4640625 0.06562500000000007
1 0.459375 0.12343750000000005 0.4421875 0.12343750000000005 0.4421875 0.22031250000000008 0.459375 0.22031250000000008
0 0.5515625 0.03125000000000007 0.540625 0.03125000000000007 0.540625 0.05312500000000007 0.5515625 0.05312500000000007
0 0.571875 0.01562500000000007 0.5609375 0.015625000000000066 0.5609375 0.042187500000000065 0.571875 0.042187500000000065
0 0.55 0.11250000000000007 0.5390625 0.11250000000000004 0.5390625 0.14062500000000006 0.55 0.14062500000000008
0 0.5203125 0.15000000000000005 0.50625 0.15000000000000005 0.50625 0.17812500000000003 0.5203125 0.17812500000000003
0 0.525 0.17031250000000003 0.5109375 0.17031250000000003 0.5109375 0.2062500000000001 0.525 0.2062500000000001
0 0.65 0.3000000000000001 0.634375 0.3000000000000001 0.634375 0.3187500000000001 0.65 0.3187500000000001
0 0.6921875 0.3078125000000001 0.6765625 0.3078125000000001 0.6765625 0.3265625000000001 0.6921875 0.3265625000000001
0 0.55 0.3062500000000001 0.5359375 0.3062500000000001 0.5359375 0.3296875000000001 0.55 0.3296875000000001
0 0.5234375 0.403125 0.5125 0.403125 0.5125 0.43125 0.5234375 0.43125
0 0.959375 0.3453125000000001 0.940625 0.3453125000000001 0.940625 0.3671875000000001 0.959375 0.3671875000000001
0 0.8328125 0.4859375000000002 0.815625 0.4859375000000002 0.815625 0.5093750000000001 0.8328125 0.5093750000000001
0 0.725 0.5046875 0.7109375 0.5046875 0.7109375 0.5234375 0.725 0.5234375
0 0.4546875 0.2406250000000001 0.4421875 0.2406250000000001 0.4421875 0.2718750000000001 0.4546875 0.2718750000000001
0 0.5375000000000002 0.7859375 0.5250000000000001 0.7859375 0.5250000000000001 0.8109375 0.5375000000000002 0.8109375
0 0.5421875000000002 0.8046875 0.5296875000000002 0.8046875 0.5296875000000002 0.8328125 0.5421875000000002 0.8328125
0 0.5437500000000002 0.821875 0.5328125000000001 0.821875 0.5328125000000001 0.8546875 0.5437500000000002 0.8546875
0 0.5453125000000002 0.8546875 0.5343750000000002 0.8546875 0.5343750000000002 0.878125 0.5453125000000002 0.878125
0 0.5453125000000002 0.8734375 0.5359375000000002 0.8734375 0.5359375000000002 0.8984375 0.5453125000000002 0.8984375
0 0.5468750000000002 0.9015625 0.5359375000000002 0.9015625 0.5359375000000002 0.921875 0.5468750000000002 0.921875
0 0.5375 0.6375 0.53125 0.6375 0.53125 0.6640625 0.5375 0.6640625
0 0.5406250000000001 0.9484375 0.5296875000000002 0.9484375 0.5296875000000002 0.9765625 0.5406250000000001 0.9765625
0 0.5296875000000002 0.9484375 0.5218750000000002 0.9484375 0.5218750000000002 0.9734375 0.5296875000000002 0.9734375
0 0.5296875000000002 0.96875 0.5218750000000002 0.96875 0.5218750000000002 0.996875 0.5296875000000002 0.996875
0 0.425 0.5921875 0.4109375 0.5921875 0.4109375 0.61875 0.425 0.61875
0 0.4140625 0.5859375 0.403125 0.5859375 0.403125 0.6078125 0.4140625 0.6078125
0 0.3984375000000001 0.6015625 0.3859375000000001 0.6015625 0.3859375000000001 0.6203125 0.3984375000000001 0.6203125
0 0.29375000000000007 0.7015625 0.2765625000000001 0.7015625 0.2765625000000001 0.721875 0.29375000000000007 0.721875
0 0.3968750000000001 0.7046875 0.3828125000000001 0.7046875 0.3828125000000001 0.7265625 0.3968750000000001 0.7265625
0 0.05468750000000009 0.665625 0.03593750000000008 0.665625 0.03593750000000008 0.6828125 0.05468750000000009 0.6828125
2 0.615625 0.509375 0.6 0.509375 0.6 0.5265625 0.615625 0.5265625
2 0.6515625 0.503125 0.6328125 0.503125 0.6328125 0.5234375 0.6515625 0.5234375
2 0.6765625 0.496875 0.659375 0.496875 0.659375 0.515625 0.6765625 0.515625
2 0.6921875 0.50625 0.675 0.50625 0.675 0.525 0.6921875 0.525
2 0.6890625 0.5234375 0.6765625 0.5234375 0.6765625 0.5640625 0.6890625 0.5640625
3 0.6703125 0.478125 0.65 0.478125 0.65 0.49375 0.6703125 0.49375
3 0.45 0.4046875 0.4390625 0.4046875 0.4390625 0.4328125 0.45 0.4328125
3 0.4375000000000001 0.721875 0.428125 0.721875 0.4281250000000001 0.75 0.43750000000000017 0.75
2 0.2000000000000001 0.7203125 0.1843750000000001 0.7203125 0.1843750000000001 0.7375 0.2000000000000001 0.7375
4 0.028125000000000077 0.6625 0.014062500000000084 0.6625 0.014062500000000084 0.6796875 0.028125000000000077 0.6796875
4 0.02968750000000009 0.6984375 0.015625000000000083 0.6984375 0.015625000000000087 0.715625 0.02968750000000009 0.715625
4 0.1218750000000001 0.659375 0.10468750000000009 0.659375 0.10468750000000009 0.678125 0.1218750000000001 0.678125
4 0.20468750000000008 0.6453125 0.1921875000000001 0.6453125 0.1921875000000001 0.659375 0.20468750000000008 0.659375
4 0.2156250000000001 0.659375 0.20312500000000008 0.659375 0.20312500000000008 0.6734375 0.2156250000000001 0.6734375
4 0.2171875000000001 0.678125 0.20468750000000008 0.678125 0.20468750000000008 0.696875 0.2171875000000001 0.696875
4 0.2609375000000001 0.671875 0.2468750000000001 0.671875 0.2468750000000001 0.690625 0.2609375000000001 0.690625
4 0.31718750000000007 0.66875 0.3031250000000001 0.66875 0.3031250000000001 0.6875 0.31718750000000007 0.6875
4 0.3125000000000001 0.6328125 0.30156250000000007 0.6328125 0.30156250000000007 0.65 0.3125000000000001 0.65
4 0.3312500000000001 0.625 0.3203125000000001 0.625 0.3203125000000001 0.64375 0.3312500000000001 0.64375
4 0.3359375000000001 0.66875 0.32500000000000007 0.66875 0.32500000000000007 0.6875 0.3359375000000001 0.6875
4 0.32500000000000007 0.6796875 0.3125000000000001 0.6796875 0.3125000000000001 0.6984375 0.32500000000000007 0.6984375
4 0.3296875000000001 0.6984375 0.3187500000000001 0.6984375 0.3187500000000001 0.71875 0.3296875000000001 0.71875
4 0.3671875000000001 0.6640625 0.3578125000000001 0.6640625 0.3578125000000001 0.6828125 0.3671875000000001 0.6828125
4 0.3656250000000001 0.68125 0.3515625000000001 0.68125 0.3515625000000001 0.6984375 0.3656250000000001 0.6984375
4 0.3890625000000001 0.6734375 0.37968750000000007 0.6734375 0.37968750000000007 0.6953125 0.3890625000000001 0.6953125
4 0.4296875 0.6578125 0.4171875 0.6578125 0.4171875 0.6828125 0.4296875 0.6828125
4 0.4437500000000001 0.7078125 0.4359375 0.7078125 0.4359375000000001 0.73125 0.4437500000000002 0.73125
4 0.45000000000000007 0.70625 0.4421875 0.70625 0.44218750000000007 0.7296875 0.4500000000000002 0.7296875
4 0.4484375 0.6765625 0.4390625 0.6765625 0.4390625 0.7015625 0.4484375 0.7015625
4 0.4546875 0.665625 0.4484375 0.665625 0.4484375 0.6921875 0.4546875 0.6921875
4 0.453125 0.63125 0.44375 0.63125 0.44375 0.65625 0.453125 0.65625
4 0.434375 0.5734375 0.4265625 0.5734375 0.4265625 0.596875 0.434375 0.596875
4 0.4515625 0.5578125 0.440625 0.5578125 0.440625 0.5765625 0.4515625 0.5765625
4 0.4625 0.59375 0.45 0.59375 0.45 0.609375 0.4625 0.609375
4 0.44531250000000017 0.7734375 0.4359375000000002 0.7734375 0.4359375000000002 0.803125 0.44531250000000017 0.803125
4 0.4437500000000002 0.903125 0.43750000000000017 0.903125 0.43750000000000017 0.925 0.4437500000000002 0.925
4 0.4515625000000002 0.90625 0.4468750000000002 0.90625 0.4468750000000002 0.93125 0.4515625000000002 0.93125
2 0.45312500000000017 0.93125 0.4421875000000002 0.93125 0.4421875000000002 0.98125 0.45312500000000017 0.98125
4 0.3781250000000001 0.7 0.3687500000000001 0.7 0.3687500000000001 0.7234375 0.3781250000000001 0.7234375
4 0.51875 0.51875 0.5125 0.51875 0.5125 0.5421875 0.51875 0.5421875
4 0.534375 0.51875 0.51875 0.51875 0.51875 0.5375 0.534375 0.5375
4 0.5484375 0.49375 0.5375 0.49375 0.5375 0.5140625 0.5484375 0.5140625
4 0.5671875 0.4984375 0.5515625 0.4984375 0.5515625 0.5125 0.5671875 0.5125
4 0.58125 0.49375 0.571875 0.49375 0.571875 0.509375 0.58125 0.509375
4 0.59375 0.4875 0.5796875 0.4875 0.5796875 0.5015625 0.59375 0.5015625
4 0.63125 0.478125 0.6171875 0.478125 0.6171875 0.4984375 0.63125 0.4984375
4 0.5234375 0.54375 0.5125 0.54375 0.5125 0.5625 0.5234375 0.5625
4 0.54375 0.534375 0.53125 0.534375 0.53125 0.553125 0.54375 0.553125
4 0.528125 0.5703125 0.5140625 0.5703125 0.5140625 0.596875 0.528125 0.596875
4 0.5171875 0.5671875 0.50625 0.5671875 0.50625 0.5859375 0.5171875 0.5859375
4 0.53125 0.6 0.5234375 0.6 0.5234375 0.61875 0.53125 0.61875
4 0.5421875 0.5734375 0.53125 0.5734375 0.53125 0.590625 0.5421875 0.590625
4 0.5390625 0.61875 0.5265625 0.61875 0.5265625 0.6390625 0.5390625 0.6390625
4 0.5234375000000002 0.8359375 0.5140625000000002 0.8359375 0.5140625000000002 0.8546875 0.5234375000000002 0.8546875
4 0.5234375000000002 0.8671875 0.5140625000000002 0.8671875 0.5140625000000002 0.8890625 0.5234375000000002 0.8890625
4 0.5234375000000002 0.909375 0.5140625000000002 0.909375 0.5140625000000002 0.9375 0.5234375000000002 0.9375
4 0.5125000000000002 0.9046875 0.5046875000000002 0.9046875 0.5046875000000002 0.928125 0.5125000000000002 0.928125
4 0.5046875000000002 0.9109375 0.4968750000000002 0.9109375 0.4968750000000002 0.9359375 0.5046875000000002 0.9359375
4 0.5218750000000002 0.96875 0.5140625000000002 0.96875 0.5140625000000002 1 0.5218750000000002 1
4 0.6796875 0.4578125 0.6671875 0.4578125 0.6671875 0.48125 0.6796875 0.48125
4 0.7015625 0.465625 0.6859375 0.465625 0.6859375 0.478125 0.7015625 0.478125
4 0.703125 0.4765625 0.6875 0.4765625 0.6875 0.490625 0.703125 0.490625
4 0.765625 0.3343750000000001 0.75 0.3343750000000001 0.75 0.3546875000000001 0.765625 0.3546875000000001
4 0.99375 0.3156250000000001 0.9796875 0.3156250000000001 0.9796875 0.34062500000000007 0.99375 0.34062500000000007
4 0.959375 0.4968750000000002 0.946875 0.4968750000000002 0.946875 0.5109375000000002 0.959375 0.5109375000000002
4 0.9421875 0.4906250000000002 0.93125 0.4906250000000002 0.93125 0.5046875000000002 0.9421875 0.5046875000000002
4 0.8859375 0.48437500000000017 0.8765625 0.48437500000000017 0.8765625 0.5046875000000002 0.8859375 0.5046875000000002
4 0.64375 0.3296875000000001 0.6328125 0.3296875000000001 0.6328125 0.3578125000000001 0.64375 0.3578125000000001
4 0.7546875 0.30156250000000007 0.7453125 0.30156250000000007 0.7453125 0.3234375000000001 0.7546875 0.3234375000000001
4 0.7359375 0.2984375000000001 0.7265625 0.2984375000000001 0.7265625 0.3125000000000001 0.7359375 0.3125000000000001
4 0.7234375 0.3515625000000001 0.7125 0.3515625000000001 0.7125 0.3656250000000001 0.7234375 0.3656250000000001
4 0.5296875 0.27031250000000007 0.5234375 0.27031250000000007 0.5234375 0.29375000000000007 0.5296875 0.29375000000000007
4 0.521875 0.2593750000000001 0.5171875 0.2593750000000001 0.5171875 0.2796875000000001 0.521875 0.2796875000000001
4 0.5265625 0.3765625000000001 0.5203125 0.3765625000000001 0.5203125 0.4015625 0.5265625 0.4015625
4 0.5171875 0.3812500000000001 0.5125 0.3812500000000001 0.5125 0.4 0.5171875 0.4
4 0.534375 0.13906250000000003 0.525 0.13906250000000003 0.525 0.16718750000000004 0.534375 0.16718750000000004
4 0.5234375 0.10312500000000005 0.5140625 0.10312500000000005 0.5140625 0.12812500000000004 0.5234375 0.12812500000000004
3 0.4640625 0.27812500000000007 0.453125 0.27812500000000007 0.453125 0.30937500000000007 0.4640625 0.30937500000000007
4 0.44375 0.3265625000000001 0.4359375 0.3265625000000001 0.4359375 0.3500000000000001 0.44375 0.3500000000000001
2 0.3421875 0.10000000000000005 0.3203125 0.10000000000000005 0.3203125 0.11562500000000005 0.3421875 0.11562500000000005
2 0.359375 0.04062500000000004 0.35 0.04062500000000004 0.35 0.08281250000000004 0.359375 0.08281250000000004
2 0.3359375 0.035937500000000046 0.3265625 0.035937500000000046 0.3265625 0.07187500000000005 0.3359375 0.07187500000000005
2 0.3109375 0.09218750000000005 0.2921875 0.09218750000000005 0.2921875 0.10625000000000004 0.3109375 0.10625000000000004
2 0.2921875 0.08906250000000004 0.2765625 0.08906250000000004 0.2765625 0.10468750000000004 0.2921875 0.10468750000000004
2 0.228125 0.06093750000000002 0.2109375 0.06093750000000002 0.2109375 0.08593750000000003 0.228125 0.08593750000000003
2 0.209375 0.059375000000000025 0.1921875 0.059375000000000025 0.1921875 0.07656250000000002 0.209375 0.07656250000000002
2 0.1921875 0.05468750000000002 0.175 0.05468750000000002 0.175 0.07187500000000002 0.1921875 0.07187500000000002
2 0.190625 0.07656250000000002 0.16875 0.07656250000000002 0.16875 0.10312500000000002 0.190625 0.10312500000000005
2 0.2265625 0.2375 0.2171875 0.2375 0.2171875 0.2765625 0.2265625 0.2765625
2 0.2140625 0.29375 0.203125 0.29375 0.203125 0.3234375 0.2140625 0.3234375
2 0.04062500000000001 0.0734375 0.029687500000000012 0.0734375 0.029687500000000012 0.109375 0.04062500000000001 0.109375
2 0.040625000000000015 0.109375 0.031250000000000014 0.109375 0.031250000000000014 0.1515625 0.04062500000000002 0.1515625
2 0.04062500000000003 0.2046875 0.03125000000000002 0.2046875 0.03125000000000003 0.2421875 0.040625000000000036 0.2421875
4 0.04218750000000003 0.25 0.031250000000000035 0.25 0.031250000000000035 0.275 0.04218750000000003 0.275
0 0.3234375 0.02031250000000004 0.3140625 0.02031250000000004 0.3140625 0.050000000000000044 0.3234375 0.050000000000000044
0 0.234375 0.007812500000000028 0.2234375 0.007812500000000028 0.2234375 0.03125000000000003 0.234375 0.031250000000000035