2 0.10468750000000009 0.7796875 0.07343750000000009 0.7796875 0.07343750000000009 0.8109375 0.10468750000000009 0.8109375
2 0.2609375000000001 0.675 0.2312500000000001 0.675 0.2312500000000001 0.703125 0.2609375000000001 0.703125
2 0.42500000000000016 0.7828125 0.4000000000000002 0.7828125 0.4000000000000002 0.8125 0.42500000000000016 0.8125
2 0.5421875 0.634375 0.5171875 0.634375 0.5171875 0.6984375 0.5421875 0.6984375
4 0.1937500000000001 0.8546875 0.17968750000000008 0.8546875 0.17968750000000008 0.8734375 0.1937500000000001 0.8734375
4 0.19531250000000008 0.875 0.1843750000000001 0.875 0.1843750000000001 0.89375 0.19531250000000008 0.89375
4 0.4265625000000002 0.8484375 0.40625000000000017 0.8484375 0.40625000000000017 0.878125 0.4265625000000002 0.878125
4 0.4578125000000002 0.8703125 0.4437500000000002 0.8703125 0.4437500000000002 0.890625 0.4578125000000002 0.890625
4 0.44843750000000016 0.8921875 0.4343750000000002 0.8921875 0.4343750000000002 0.9109375 0.44843750000000016 0.9109375
4 0.5718750000000001 0.8296875 0.5578125000000002 0.8296875 0.5578125000000002 0.8546875 0.5718750000000001 0.8546875
4 0.5796875000000001 0.7109375 0.56875 0.7109375 0.5687500000000001 0.734375 0.5796875000000001 0.734375
4 0.465625 0.5765625 0.45625 0.5765625 0.45625 0.60625 0.465625 0.60625
4 0.4890625 0.5921875 0.4765625 0.5921875 0.4765625 0.6171875 0.4890625 0.6171875
4 0.5265625 0.571875 0.5171875 0.571875 0.5171875 0.5984375 0.5265625 0.5984375
4 0.6343750000000001 0.7296875 0.6187500000000001 0.7296875 0.6187500000000001 0.753125 0.6343750000000001 0.753125
4 0.6281250000000002 0.7515625 0.6125000000000002 0.7515625 0.6125000000000002 0.765625 0.6281250000000002 0.765625
4 0.6890625000000001 0.7421875 0.6734375000000001 0.7421875 0.6734375000000001 0.765625 0.6890625000000001 0.765625
2 0.6328125000000002 0.76875 0.6031250000000001 0.76875 0.6031250000000001 0.8015625 0.6328125000000002 0.8015625
3 0.7625000000000002 0.7437500000000001 0.7343750000000002 0.7437500000000001 0.7343750000000002 0.7875000000000002 0.7625000000000002 0.7875000000000002
2 0.915625 0.7765625000000002 0.88125 0.7765625000000002 0.88125 0.8109375 0.915625 0.8109375
4 0.975 0.8859375 0.9546875 0.8859375 0.9546875 0.909375 0.975 0.909375
2 0.4859375 0.4734375 0.4703125 0.4734375 0.4703125 0.5234375 0.4859375 0.5234375
2 0.484375 0.3312500000000001 0.471875 0.3312500000000001 0.471875 0.3812500000000001 0.484375 0.3812500000000001
2 0.5328125 0.3671875000000001 0.5125 0.3671875000000001 0.5125 0.4078125 0.5328125 0.4078125
5 0.46875 0.2375000000000001 0.453125 0.2375000000000001 0.453125 0.3359375000000001 0.46875 0.3359375000000001
4 0.5125 0.17343750000000005 0.4984375 0.17343750000000005 0.4984375 0.2093750000000001 0.5125 0.2093750000000001
4 0.5265625 0.10937500000000004 0.5171875 0.10937500000000004 0.5171875 0.14687500000000003 0.5265625 0.14687500000000003
2 0.4890625 0.11093750000000005 0.471875 0.11093750000000005 0.471875 0.16562500000000005 0.4890625 0.16562500000000005
4 0.5109375 0.007812500000000062 0.5015625 0.00781250000000006 0.5015625 0.03906250000000007 0.5109375 0.03906250000000007