2 0.03750000000000007 0.51875 0.023437500000000062 0.51875 0.023437500000000062 0.55625 0.03750000000000007 0.55625
2 0.22656250000000008 0.4609375 0.21250000000000008 0.4609375 0.21250000000000008 0.503125 0.22656250000000008 0.503125
2 0.22031250000000008 0.5015625 0.21093750000000008 0.5015625 0.21093750000000008 0.534375 0.22031250000000008 0.534375
2 0.3031250000000001 0.6390625 0.28593750000000007 0.6390625 0.28593750000000007 0.6546875 0.3031250000000001 0.6546875
2 0.05937500000000008 0.625 0.03593750000000008 0.625 0.03593750000000008 0.64375 0.05937500000000009 0.64375
2 0.425 0.4546875 0.40625 0.4546875 0.40625 0.484375 0.425 0.484375
2 0.4171875 0.490625 0.409375 0.490625 0.409375 0.525 0.4171875 0.525
2 0.421875 0.65 0.4125 0.65 0.4125 0.678125 0.421875 0.678125
2 0.2015625000000001 0.7125 0.1828125000000001 0.7125 0.1828125000000001 0.7296875 0.2015625000000001 0.7296875
2 0.39531250000000007 0.7484375 0.3859375000000001 0.7484375 0.3859375000000001 0.7890625 0.39531250000000007 0.7890625
2 0.3906250000000001 0.8265625 0.3812500000000001 0.8265625 0.3812500000000001 0.8484375 0.3906250000000001 0.8484375
2 0.3937500000000001 0.8515625 0.3828125000000001 0.8515625 0.3828125000000001 0.865625 0.3937500000000001 0.865625
2 0.3937500000000001 0.865625 0.3812500000000001 0.865625 0.3812500000000001 0.8921875 0.3937500000000001 0.8921875
2 0.38750000000000007 0.93125 0.3750000000000001 0.93125 0.3750000000000001 0.959375 0.38750000000000007 0.959375
2 0.4296875 0.3968750000000001 0.421875 0.3968750000000001 0.421875 0.425 0.4296875 0.425
2 0.5296875 0.434375 0.5125 0.434375 0.5125 0.459375 0.5296875 0.459375
2 0.5859375 0.45 0.56875 0.45 0.56875 0.471875 0.5859375 0.471875
2 0.525 0.528125 0.5140625 0.528125 0.5140625 0.55 0.525 0.55
2 0.5296875 0.5390625 0.5140625 0.5390625 0.5140625 0.5734375 0.5296875 0.5734375
2 0.5203125 0.665625 0.509375 0.665625 0.509375 0.696875 0.5203125 0.696875
2 0.5437500000000001 0.7203125 0.528125 0.7203125 0.5281250000000001 0.7484375 0.5437500000000002 0.7484375
2 0.5296875000000001 0.721875 0.521875 0.721875 0.5218750000000001 0.759375 0.5296875000000002 0.759375
2 0.5437500000000002 0.7453125 0.5281250000000002 0.7453125 0.5281250000000002 0.778125 0.5437500000000002 0.778125
2 0.5296875000000002 0.828125 0.5187500000000002 0.828125 0.5187500000000002 0.8640625 0.5296875000000002 0.8640625
2 0.5671875000000002 0.9578125 0.5515625000000002 0.9578125 0.5515625000000002 0.9765625 0.5671875000000002 0.9765625
2 0.5718750000000001 0.971875 0.5500000000000002 0.971875 0.5500000000000002 0.984375 0.5718750000000001 0.984375
2 0.5687500000000002 0.9859375 0.5515625000000002 0.9859375 0.5515625000000002 1 0.5687500000000002 1
2 0.615625 0.503125 0.6 0.503125 0.6 0.5234375 0.615625 0.5234375
2 0.646875 0.5015625 0.63125 0.5015625 0.63125 0.5171875 0.646875 0.5171875
0 0.4 0.59375 0.3843750000000001 0.59375 0.3843750000000001 0.6171875 0.4 0.6171875
0 0.3890625000000001 0.609375 0.3750000000000001 0.609375 0.3750000000000001 0.6296875 0.3890625000000001 0.6296875
0 0.39531250000000007 0.665625 0.3812500000000001 0.665625 0.3812500000000001 0.6875 0.39531250000000007 0.6875
0 0.3968750000000001 0.6921875 0.3812500000000001 0.6921875 0.3812500000000001 0.71875 0.3968750000000001 0.71875
0 0.5125 0.6328125 0.5015625 0.6328125 0.5015625 0.6546875 0.5125 0.6546875
0 0.5421875 0.4296875 0.5265625 0.4296875 0.5265625 0.4515625 0.5421875 0.4515625
0 0.5250000000000001 0.9421875 0.5187500000000002 0.9421875 0.5187500000000002 0.96875 0.5250000000000001 0.96875
0 0.5359375000000002 0.9375 0.5296875000000002 0.9375 0.5296875000000002 0.965625 0.5359375000000002 0.965625
0 0.5281250000000002 0.9609375 0.5156250000000002 0.9609375 0.5156250000000002 0.990625 0.5281250000000002 0.990625
0 0.5328125000000001 0.778125 0.5250000000000001 0.778125 0.5250000000000001 0.8046875 0.5328125000000001 0.8046875
0 0.5390625000000002 0.8015625 0.5296875000000002 0.8015625 0.5296875000000002 0.8203125 0.5390625000000002 0.8203125
0 0.5390625000000002 0.8234375 0.5312500000000002 0.8234375 0.5312500000000002 0.84375 0.5390625000000002 0.84375
0 0.5406250000000001 0.8453125 0.5328125000000001 0.8453125 0.5328125000000001 0.8640625 0.5406250000000001 0.8640625
0 0.6484375 0.3031250000000001 0.6328125 0.3031250000000001 0.6328125 0.3234375000000001 0.6484375 0.3234375000000001
0 0.5375 0.6328125 0.5296875 0.6328125 0.5296875 0.659375 0.5375 0.659375
0 0.5265625000000002 0.865625 0.5156250000000002 0.865625 0.5156250000000002 0.8953125 0.5265625000000002 0.8953125
4 0.07968750000000009 0.6484375 0.06093750000000009 0.6484375 0.06093750000000009 0.6625 0.07968750000000009 0.6625
4 0.14062500000000008 0.6796875 0.12500000000000008 0.6796875 0.12500000000000008 0.69375 0.14062500000000008 0.69375
4 0.2156250000000001 0.621875 0.2015625000000001 0.621875 0.2015625000000001 0.6359375 0.2156250000000001 0.6359375
4 0.2312500000000001 0.634375 0.22031250000000008 0.634375 0.22031250000000008 0.64375 0.2312500000000001 0.64375
4 0.24218750000000008 0.6703125 0.2312500000000001 0.6703125 0.2312500000000001 0.684375 0.24218750000000008 0.684375
4 0.2312500000000001 0.68125 0.2218750000000001 0.68125 0.2218750000000001 0.696875 0.2312500000000001 0.696875
4 0.2687500000000001 0.6640625 0.2593750000000001 0.6640625 0.2593750000000001 0.6828125 0.2687500000000001 0.6828125
4 0.26250000000000007 0.6765625 0.2531250000000001 0.6765625 0.2531250000000001 0.6953125 0.26250000000000007 0.6953125
4 0.2828125000000001 0.659375 0.2734375000000001 0.659375 0.2734375000000001 0.678125 0.2828125000000001 0.678125
4 0.3218750000000001 0.6203125 0.3078125000000001 0.6203125 0.3078125000000001 0.6390625 0.3218750000000001 0.6390625
4 0.3656250000000001 0.6234375 0.3515625000000001 0.6234375 0.3515625000000001 0.64375 0.3656250000000001 0.64375
4 0.3515625000000001 0.59375 0.3437500000000001 0.59375 0.3437500000000001 0.60625 0.3515625000000001 0.60625
4 0.3593750000000001 0.6390625 0.3515625000000001 0.6390625 0.3515625000000001 0.6484375 0.3593750000000001 0.6484375
4 0.3531250000000001 0.653125 0.3421875000000001 0.653125 0.3421875000000001 0.6671875 0.3531250000000001 0.6671875
4 0.34843750000000007 0.6671875 0.3390625000000001 0.6671875 0.3390625000000001 0.68125 0.34843750000000007 0.68125
4 0.34062500000000007 0.6546875 0.3312500000000001 0.6546875 0.3312500000000001 0.6796875 0.34062500000000007 0.6796875
4 0.3281250000000001 0.6578125 0.3218750000000001 0.6578125 0.3218750000000001 0.6703125 0.3281250000000001 0.6703125
4 0.3390625000000001 0.671875 0.3281250000000001 0.671875 0.3281250000000001 0.6921875 0.3390625000000001 0.6921875