2 0.640625 0.6484375 0.625 0.6484375 0.625 0.6796875 0.640625 0.6796875
2 0.6078125 0.5234375 0.590625 0.5234375 0.590625 0.540625 0.6078125 0.540625
2 0.684375 0.5296875 0.6671875 0.5296875 0.6671875 0.5453125 0.684375 0.5453125
2 0.6890625 0.546875 0.675 0.546875 0.675 0.5609375 0.6890625 0.5609375
2 0.7109375 0.56875 0.6921875 0.56875 0.6921875 0.584375 0.7109375 0.584375
2 0.7421875 0.5640625000000001 0.725 0.5640625 0.725 0.5796875000000001 0.7421875 0.5796875000000001
2 0.721875 0.5328125 0.7046875 0.5328125 0.7046875 0.546875 0.721875 0.546875
2 0.7265625 0.5046875000000001 0.7078125 0.5046875 0.7078125 0.51875 0.7265625 0.5187500000000002
2 0.75 0.5203125000000002 0.73125 0.5203125000000002 0.73125 0.5390625000000002 0.75 0.5390625000000002
2 0.7515625 0.5000000000000002 0.7328125 0.5000000000000002 0.7328125 0.5156250000000002 0.7515625 0.5156250000000002
2 0.7421875 0.4000000000000001 0.725 0.4 0.725 0.4140625000000001 0.7421875 0.41406250000000017
2 0.7875 0.32500000000000007 0.778125 0.32500000000000007 0.778125 0.34843750000000007 0.7875 0.34843750000000007
2 0.8375 0.3359375000000001 0.8203125 0.3359375000000001 0.8203125 0.3531250000000001 0.8375 0.3531250000000001
2 0.8359375 0.4890625000000002 0.8203125 0.4890625000000002 0.8203125 0.5046875000000002 0.8359375 0.5046875000000002
2 0.8375 0.5109375000000002 0.81875 0.5109375000000002 0.81875 0.5250000000000001 0.8375 0.5250000000000001
2 0.85625 0.4937500000000002 0.8390625 0.4937500000000002 0.8390625 0.5125000000000002 0.85625 0.5125000000000002
2 0.859375 0.5109375000000002 0.8390625 0.5109375000000002 0.8390625 0.5265625000000002 0.859375 0.5265625000000002
2 0.8875 0.5156250000000002 0.865625 0.5156250000000002 0.865625 0.5328125000000001 0.8875 0.5328125000000001
2 0.8734375 0.5328125000000001 0.8546875 0.5328125000000001 0.8546875 0.5484375000000001 0.8734375 0.5484375000000001
2 0.8140625 0.5500000000000002 0.79375 0.5500000000000002 0.79375 0.5656250000000002 0.8140625 0.5656250000000002
2 0.909375 0.5078125000000002 0.8890625 0.5078125000000002 0.8890625 0.5265625000000002 0.909375 0.5265625000000002
2 0.9296875 0.5156250000000002 0.909375 0.5156250000000002 0.909375 0.5312500000000002 0.9296875 0.5312500000000002
2 0.9296875 0.47656250000000017 0.9078125 0.47656250000000017 0.9078125 0.49218750000000017 0.9296875 0.49218750000000017
1 0.9125 0.48437500000000017 0.8578125 0.48437500000000017 0.8578125 0.5093750000000001 0.9125 0.5093750000000001
1 0.8109375 0.4984375000000002 0.759375 0.4984375000000002 0.759375 0.5187500000000002 0.8109375 0.5187500000000002
1 0.8109375 0.5187500000000002 0.759375 0.5187500000000002 0.759375 0.5421875000000002 0.8109375 0.5421875000000002
2 0.7390625 0.5437500000000001 0.721875 0.54375 0.721875 0.5593750000000001 0.7390625 0.5593750000000002
2 0.496875 0.4421875 0.4796875 0.4421875 0.4796875 0.45625 0.496875 0.45625
2 0.4828125 0.4078125 0.4671875 0.4078125 0.4671875 0.421875 0.4828125 0.421875
2 0.465625 0.403125 0.45 0.403125 0.45 0.41875 0.465625 0.41875
2 0.440625 0.39531250000000007 0.421875 0.39531250000000007 0.421875 0.4109375 0.440625 0.4109375
2 0.48125 0.4234375 0.4640625 0.4234375 0.4640625 0.4390625 0.48125 0.4390625
2 0.4765625 0.45 0.4609375 0.45 0.4609375 0.4640625 0.4765625 0.4640625
2 0.45625 0.453125 0.4421875 0.453125 0.4421875 0.465625 0.45625 0.465625
2 0.45625 0.4359375 0.4421875 0.4359375 0.4421875 0.446875 0.45625 0.446875
2 0.3859375000000001 0.4140625 0.3703125000000001 0.4140625 0.3703125000000001 0.4296875 0.3859375000000001 0.4296875
2 0.4078125 0.4296875 0.3890625000000001 0.4296875 0.3890625000000001 0.44375 0.4078125 0.44375
2 0.409375 0.4015625 0.3906250000000001 0.4015625 0.3906250000000001 0.4203125 0.409375 0.4203125
2 0.4234375 0.4125 0.40625 0.4125 0.40625 0.4265625 0.4234375 0.4265625
2 0.415625 0.453125 0.3984375000000001 0.453125 0.3984375000000001 0.465625 0.415625 0.465625
2 0.4390625 0.45 0.4234375 0.45 0.4234375 0.4640625 0.4390625 0.4640625
2 0.3593750000000001 0.434375 0.3390625000000001 0.434375 0.3390625000000001 0.4484375 0.3593750000000001 0.4484375
2 0.3359375000000001 0.4421875 0.3203125000000001 0.4421875 0.3203125000000001 0.45625 0.3359375000000001 0.45625
2 0.3203125000000001 0.4359375 0.30156250000000007 0.4359375 0.30156250000000007 0.4515625 0.3203125000000001 0.4515625
2 0.30156250000000007 0.4484375 0.2812500000000001 0.4484375 0.2812500000000001 0.4625 0.30156250000000007 0.4625
2 0.37187500000000007 0.45 0.3546875000000001 0.45 0.3546875000000001 0.4640625 0.37187500000000007 0.4640625
2 0.3781250000000001 0.4359375 0.3609375000000001 0.4359375 0.3609375000000001 0.446875 0.3781250000000001 0.446875
2 0.3968750000000001 0.4546875 0.3781250000000001 0.4546875 0.3781250000000001 0.4671875 0.3968750000000001 0.4671875
2 0.2015625 0.2875 0.19062500000000004 0.2875 0.19062500000000004 0.31875 0.2015625 0.31875
2 0.20468750000000008 0.5640625 0.18906250000000008 0.5640625 0.18906250000000008 0.5796875 0.20468750000000008 0.5796875
0 0.5578125000000002 0.971875 0.5484375000000001 0.971875 0.5484375000000001 0.99375 0.5578125000000002 0.99375
0 0.5734375000000002 0.7734375 0.5656250000000002 0.7734375 0.5656250000000002 0.796875 0.5734375000000002 0.796875
0 0.5656250000000002 0.73125 0.5562500000000001 0.73125 0.5562500000000001 0.7515625 0.5656250000000002 0.7515625
0 0.571875 0.3703125000000001 0.559375 0.3703125000000001 0.559375 0.3843750000000001 0.571875 0.3843750000000001
0 0.4953125 0.43125 0.484375 0.43125 0.484375 0.4421875 0.4953125 0.4421875
0 0.4609375 0.425 0.45 0.425 0.45 0.434375 0.4609375 0.434375
0 0.4671875 0.434375 0.45625 0.434375 0.45625 0.446875 0.4671875 0.446875
0 0.4375 0.4375 0.4265625 0.4375 0.4265625 0.4484375 0.4375 0.4484375
0 0.41875 0.440625 0.4046875 0.440625 0.4046875 0.453125 0.41875 0.453125
0 0.3578125000000001 0.4109375 0.3453125000000001 0.4109375 0.3453125000000001 0.421875 0.3578125000000001 0.421875
0 0.3203125000000001 0.4234375 0.3062500000000001 0.4234375 0.3062500000000001 0.434375 0.3203125000000001 0.434375
0 0.29375000000000007 0.40625 0.2796875000000001 0.40625 0.2796875000000001 0.4203125 0.29375000000000007 0.4203125
0 0.3703125000000001 0.403125 0.3593750000000001 0.403125 0.3593750000000001 0.4171875 0.3703125000000001 0.4171875
0 0.28593750000000007 0.4671875 0.2718750000000001 0.4671875 0.2718750000000001 0.4765625 0.28593750000000007 0.4765625
3 0.3343750000000001 0.4046875 0.3187500000000001 0.4046875 0.3187500000000001 0.4234375 0.3343750000000001 0.4234375
0 0.15937500000000004 0.3953125 0.14687500000000003 0.3953125 0.14687500000000003 0.409375 0.15937500000000004 0.409375
2 0.9796875 0.48437500000000017 0.9578125 0.48437500000000017 0.9578125 0.5062500000000002 0.9796875 0.5062500000000002
0 0.9125 0.5312500000000002 0.8984375 0.5312500000000002 0.8984375 0.5453125000000002 0.9125 0.5453125000000002
0 0.7984375 0.5406250000000001 0.7859375 0.5406250000000001 0.7859375 0.5515625000000002 0.7984375 0.5515625000000002
0 0.75 0.5500000000000002 0.7390625 0.5500000000000002 0.7390625 0.5640625000000001 0.75 0.5640625000000001
0 0.8234375 0.37968750000000007 0.809375 0.37968750000000007 0.809375 0.3921875000000001 0.8234375 0.3921875000000001
2 1 0.5093750000000001 0.975 0.5093750000000001 0.975 0.5296875000000002 1 0.5296875000000002
4 0.9453125 0.5062500000000002 0.9328125 0.5062500000000002 0.9328125 0.5156250000000002 0.9453125 0.5156250000000002
4 0.9265625 0.5046875000000002 0.9171875 0.5046875000000002 0.9171875 0.5156250000000002 0.9265625 0.5156250000000002
4 0.984375 0.4656250000000002 0.9734375 0.4656250000000002 0.9734375 0.4750000000000002 0.984375 0.4750000000000002
4 0.95625 0.4968750000000002 0.9453125 0.4968750000000002 0.9453125 0.5093750000000001 0.95625 0.5093750000000001
4 0.890625 0.5281250000000002 0.88125 0.5281250000000002 0.88125 0.5406250000000001 0.890625 0.5406250000000001
4 0.8484375 0.48437500000000017 0.840625 0.48437500000000017 0.840625 0.49218750000000017 0.8484375 0.49218750000000017
4 0.815625 0.4906250000000002 0.8078125 0.4906250000000002 0.8078125 0.4968750000000002 0.815625 0.4968750000000002
4 0.8171875 0.5359375000000002 0.809375 0.5359375000000002 0.809375 0.5421875000000002 0.8171875 0.5421875000000002
4 0.83125 0.5281250000000002 0.821875 0.5281250000000002 0.821875 0.5343750000000002 0.83125 0.5343750000000002
4 0.8453125 0.5390625000000002 0.834375 0.5390625000000002 0.834375 0.5468750000000002 0.8453125 0.5468750000000002
4 0.8390625 0.5468750000000002 0.8296875 0.5468750000000002 0.8296875 0.5531250000000002 0.8390625 0.5531250000000002
4 0.7796875 0.5546875000000002 0.76875 0.5546875000000002 0.76875 0.5625000000000002 0.7796875 0.5625000000000002
4 0.7625 0.5484375000000001 0.753125 0.5484375000000001 0.753125 0.5546875000000002 0.7625 0.5546875000000002
4 0.7546875 0.5406250000000001 0.746875 0.5406250000000001 0.746875 0.5484375000000001 0.7546875 0.5484375000000001
4 0.7671875 0.5578125000000002 0.75625 0.5578125000000002 0.75625 0.5687500000000002 0.7671875 0.5687500000000002
4 0.7203125 0.546875 0.7109375 0.546875 0.7109375 0.5546875 0.7203125 0.5546875
4 0.7046875 0.5578125 0.6953125 0.5578125 0.6953125 0.5640625 0.7046875 0.5640625
4 0.6953125 0.559375 0.6875 0.559375 0.6875 0.56875 0.6953125 0.56875
4 0.6703125 0.5734375 0.6609375 0.5734375 0.6609375 0.5828125 0.6703125 0.5828125
0 0.6609375 0.603125 0.65 0.603125 0.65 0.6203125 0.6609375 0.6203125
4 0.6359375 0.55625 0.628125 0.55625 0.628125 0.565625 0.6359375 0.565625
4 0.63125 0.5765625 0.621875 0.5765625 0.621875 0.590625 0.63125 0.590625
4 0.65 0.5265625 0.640625 0.5265625 0.640625 0.5375 0.65 0.5375
4 0.590625 0.5625 0.58125 0.5625 0.58125 0.5703125 0.590625 0.5703125
4 0.590625 0.540625 0.5828125 0.540625 0.5828125 0.5484375 0.590625 0.5484375
4 0.603125 0.5421875 0.59375 0.5421875 0.59375 0.55 0.603125 0.55
4 0.6046875 0.5515625 0.5953125 0.5515625 0.5953125 0.5609375 0.6046875 0.5609375
4 0.615625 0.5640625 0.6078125 0.5640625 0.6078125 0.5734375 0.615625 0.5734375
4 0.5734375 0.546875 0.5640625 0.546875 0.5640625 0.55625 0.5734375 0.55625
4 0.571875 0.559375 0.5640625 0.559375 0.5640625 0.56875 0.571875 0.56875
4 0.5765625 0.5796875 0.5671875 0.5796875 0.5671875 0.5875 0.5765625 0.5875
4 0.5359375 0.55625 0.5265625 0.55625 0.5265625 0.5609375 0.5359375 0.5609375
4 0.4984375 0.559375 0.4890625 0.559375 0.4890625 0.5671875 0.4984375 0.5671875
4 0.4328125 0.559375 0.4265625 0.559375 0.4265625 0.5671875 0.4328125 0.5671875
4 0.4625 0.546875 0.453125 0.546875 0.453125 0.55625 0.4625 0.55625
2 0.035937500000000074 0.578125 0.01718750000000007 0.578125 0.01718750000000007 0.5921875 0.03593750000000008 0.5921875
4 0.031250000000000076 0.6046875 0.020312500000000074 0.6046875 0.020312500000000074 0.6109375 0.031250000000000076 0.6109375
4 0.17812500000000003 0.3890625 0.17031250000000003 0.3890625 0.17031250000000003 0.4 0.17812500000000003 0.4
4 0.35625000000000007 0.45625 0.3468750000000001 0.45625 0.3468750000000001 0.4625 0.35625000000000007 0.4625
4 0.3625000000000001 0.4640625 0.3531250000000001 0.4640625 0.3531250000000001 0.4703125 0.3625000000000001 0.4703125
4 0.4015625 0.4671875 0.3921875000000001 0.4671875 0.3921875000000001 0.4734375 0.4015625 0.4734375
4 0.425 0.4453125 0.41875 0.4453125 0.41875 0.4515625 0.425 0.4515625
4 0.421875 0.4 0.4140625 0.4 0.4140625 0.4078125 0.421875 0.4078125
4 0.3453125000000001 0.3953125 0.3359375000000001 0.3953125 0.3359375000000001 0.4046875 0.3453125000000001 0.4046875
4 0.4390625 0.4109375 0.4296875 0.4109375 0.4296875 0.4171875 0.4390625 0.4171875
4 0.4484375 0.4171875 0.4390625 0.4171875 0.4390625 0.4265625 0.4484375 0.4265625
4 0.45 0.4046875 0.440625 0.4046875 0.440625 0.4140625 0.45 0.4140625
4 0.4640625 0.3828125000000001 0.4546875 0.3828125000000001 0.4546875 0.3906250000000001 0.4640625 0.3906250000000001
4 0.4734375 0.38750000000000007 0.4640625 0.38750000000000007 0.4640625 0.3968750000000001 0.4734375 0.3968750000000001
4 0.4796875 0.3781250000000001 0.471875 0.3781250000000001 0.471875 0.3859375000000001 0.4796875 0.3859375000000001
4 0.4703125 0.3781250000000001 0.4609375 0.3781250000000001 0.4609375 0.3828125000000001 0.4703125 0.3828125000000001
4 0.4921875 0.3890625000000001 0.484375 0.3890625000000001 0.484375 0.4 0.4921875 0.4
4 0.4828125 0.4 0.4734375 0.4 0.4734375 0.4078125 0.4828125 0.4078125
4 0.478125 0.3937500000000001 0.46875 0.3937500000000001 0.46875 0.4015625 0.478125 0.4015625
4 0.4671875 0.4171875 0.459375 0.4171875 0.459375 0.425 0.4671875 0.425
4 0.5140625 0.3812500000000001 0.50625 0.3812500000000001 0.50625 0.38750000000000007 0.5140625 0.38750000000000007
4 0.5078125 0.39531250000000007 0.4984375 0.39531250000000007 0.4984375 0.4015625 0.5078125 0.4015625
4 0.5046875 0.434375 0.496875 0.434375 0.496875 0.440625 0.5046875 0.440625
4 0.9421875 0.3671875000000001 0.93125 0.3671875000000001 0.93125 0.3781250000000001 0.9421875 0.3781250000000001
4 0.878125 0.3515625000000001 0.86875 0.3515625000000001 0.86875 0.3609375000000001 0.878125 0.3609375000000001
4 0.85625 0.37187500000000007 0.8453125 0.37187500000000007 0.8453125 0.3812500000000001 0.85625 0.3812500000000001
4 0.784375 0.3656250000000001 0.7765625 0.3656250000000001 0.7765625 0.3750000000000001 0.784375 0.3750000000000001
4 0.7078125 0.4171875 0.7 0.4171875 0.7 0.428125 0.7078125 0.428125
4 0.590625 0.4328125 0.58125 0.4328125 0.58125 0.44375 0.590625 0.44375
4 0.640625 0.4015625 0.634375 0.4015625 0.634375 0.4109375 0.640625 0.4109375
4 0.6515625 0.3921875000000001 0.6421875 0.3921875000000001 0.6421875 0.4 0.6515625 0.4
0 0.6640625 0.3765625000000001 0.6546875 0.3765625000000001 0.6546875 0.3906250000000001 0.6640625 0.3906250000000001
4 0.5703125000000002 0.9328125 0.5656250000000002 0.9328125 0.5656250000000002 0.9484375 0.5703125000000002 0.9484375