2 0.9984375 0.3390625000000001 0.9703125 0.3390625000000001 0.9703125 0.36406250000000007 0.9984375 0.36406250000000007
2 0.7875 0.1671875000000001 0.7578125 0.1671875000000001 0.7578125 0.19531250000000008 0.7875 0.19531250000000008
2 0.796875 0.2500000000000001 0.765625 0.2500000000000001 0.765625 0.27812500000000007 0.796875 0.27812500000000007
2 0.515625 0.3500000000000001 0.490625 0.3500000000000001 0.490625 0.3812500000000001 0.515625 0.3812500000000001
2 0.17031250000000003 0.225 0.14687500000000003 0.225 0.14687500000000003 0.271875 0.17031250000000003 0.271875
2 0.03281250000000001 0.0031250000000000028 0.0140625 0.0031250000000000015 0.014062500000000002 0.05 0.03281250000000001 0.05
2 0.084375 0.03593750000000001 0.0640625 0.03593750000000001 0.0640625 0.0765625 0.084375 0.0765625
2 0.07031250000000001 0.0796875 0.053125 0.0796875 0.05312500000000001 0.1234375 0.07031250000000003 0.1234375
2 0.06406250000000002 0.1296875 0.04375000000000001 0.1296875 0.04375000000000002 0.1703125 0.06406250000000002 0.1703125
2 0.04531250000000002 0.16875 0.026562500000000024 0.16875 0.026562500000000024 0.209375 0.04531250000000002 0.209375
2 0.05625000000000002 0.1875 0.03750000000000002 0.1875 0.037500000000000026 0.2359375 0.05625000000000002 0.2359375
2 0.03437500000000003 0.2203125 0.014062500000000028 0.2203125 0.01406250000000003 0.2625 0.03437500000000003 0.2625
2 0.040625000000000036 0.2515625 0.020312500000000032 0.2515625 0.020312500000000035 0.303125 0.040625000000000036 0.303125
6 0.08593750000000004 0.275 0.057812500000000044 0.275 0.057812500000000044 0.3546875 0.08593750000000004 0.3546875
4 0.615625 0.3500000000000001 0.6015625 0.3500000000000001 0.6015625 0.36406250000000007 0.615625 0.36406250000000007
4 0.4875 0.37968750000000007 0.4734375 0.37968750000000007 0.4734375 0.3937500000000001 0.4875 0.3937500000000001
4 0.4828125 0.39531250000000007 0.46875 0.39531250000000007 0.46875 0.4109375 0.4828125 0.4109375
4 0.2984375000000001 0.5671875 0.2812500000000001 0.5671875 0.2812500000000001 0.5859375 0.2984375000000001 0.5859375
4 0.2828125000000001 0.5421875 0.2671875000000001 0.5421875 0.2671875000000001 0.565625 0.2828125000000001 0.565625
4 0.27187500000000003 0.346875 0.253125 0.346875 0.25312500000000004 0.3671875 0.2718750000000001 0.3671875
4 0.015625000000000007 0.040625 0.0062500000000000056 0.040625 0.006250000000000007 0.0671875 0.015625000000000007 0.0671875
0 0.21093750000000006 0.353125 0.18750000000000006 0.353125 0.18750000000000006 0.3734375 0.21093750000000008 0.3734375