4 0.034375000000000044 0.346875 0.020312500000000046 0.346875 0.020312500000000046 0.3578125 0.034375000000000044 0.3578125
4 0.051562500000000046 0.3609375 0.03906250000000004 0.3609375 0.03906250000000004 0.3734375 0.051562500000000046 0.3734375
4 0.050000000000000044 0.375 0.035937500000000046 0.375 0.035937500000000046 0.3859375 0.050000000000000044 0.3859375
4 0.11562500000000005 0.3484375 0.10000000000000005 0.3484375 0.10000000000000005 0.359375 0.11562500000000005 0.359375
4 0.10468750000000004 0.3625 0.09062500000000004 0.3625 0.09062500000000004 0.371875 0.10468750000000004 0.371875
4 0.10781250000000005 0.390625 0.09375000000000004 0.390625 0.09375000000000004 0.3984375 0.10781250000000005 0.3984375
4 0.10000000000000005 0.4 0.08593750000000004 0.4 0.08593750000000004 0.4109375 0.10000000000000005 0.4109375
4 0.14062500000000006 0.3734375 0.12500000000000006 0.3734375 0.12500000000000006 0.3828125 0.14062500000000006 0.3828125
4 0.13125000000000003 0.384375 0.12031250000000004 0.384375 0.12031250000000004 0.39375 0.13125000000000003 0.39375
4 0.15468750000000003 0.36875 0.14218750000000005 0.36875 0.14218750000000005 0.378125 0.15468750000000003 0.378125
4 0.15312500000000004 0.3828125 0.14062500000000006 0.3828125 0.14062500000000006 0.39375 0.15312500000000004 0.39375
4 0.14531250000000004 0.39375 0.13281250000000006 0.39375 0.13281250000000006 0.4015625 0.14531250000000004 0.4015625
4 0.14062500000000006 0.40625 0.12812500000000004 0.40625 0.12812500000000004 0.4125 0.14062500000000006 0.4125
4 0.17656250000000004 0.3984375 0.16250000000000003 0.3984375 0.16250000000000003 0.4109375 0.17656250000000004 0.4109375
4 0.2046875 0.346875 0.19218750000000004 0.346875 0.19218750000000004 0.35625 0.2046875 0.35625
4 0.21250000000000008 0.3921875 0.2015625000000001 0.3921875 0.2015625000000001 0.403125 0.21250000000000008 0.403125
4 0.2531250000000001 0.390625 0.2390625000000001 0.390625 0.2390625000000001 0.4015625 0.2531250000000001 0.4015625
4 0.2453125000000001 0.4046875 0.2312500000000001 0.4046875 0.2312500000000001 0.415625 0.2453125000000001 0.415625
4 0.26250000000000007 0.3734375 0.2500000000000001 0.3734375 0.2500000000000001 0.3828125 0.26250000000000007 0.3828125
4 0.16718750000000004 0.315625 0.15156250000000004 0.315625 0.15156250000000004 0.325 0.16718750000000004 0.325
4 0.19218750000000004 0.325 0.17656250000000004 0.325 0.17656250000000004 0.3359375 0.19218750000000004 0.3359375
0 0.13750000000000004 0.2828125 0.12187500000000004 0.2828125 0.12187500000000004 0.2984375 0.13750000000000004 0.2984375
0 0.20625 0.3046875 0.19062500000000004 0.3046875 0.19062500000000004 0.31875 0.20625 0.31875
0 0.06406250000000006 0.509375 0.048437500000000064 0.509375 0.048437500000000064 0.5234375 0.06406250000000006 0.5234375
0 0.23125 0.28125 0.2171875 0.28125 0.2171875 0.29375 0.23125 0.29375
0 0.2515625 0.2984375 0.234375 0.2984375 0.234375 0.3109375 0.2515625 0.3109375
0 0.15000000000000005 0.2359375 0.14218750000000005 0.2359375 0.14218750000000005 0.25625 0.15000000000000005 0.25625
0 0.30625 0.3015625 0.290625 0.3015625 0.290625 0.3125 0.30625 0.3125
0 0.29375 0.315625 0.2734375 0.315625 0.2734375 0.3296875 0.29375 0.3296875
4 0.321875 0.353125 0.3078125 0.353125 0.3078125 0.3609375 0.321875 0.3609375
4 0.3187500000000001 0.365625 0.3062500000000001 0.365625 0.3062500000000001 0.3765625 0.3187500000000001 0.3765625
4 0.31718750000000007 0.384375 0.3046875000000001 0.384375 0.3046875000000001 0.3953125 0.31718750000000007 0.3953125
4 0.3187500000000001 0.3984375 0.3062500000000001 0.3984375 0.3062500000000001 0.40625 0.3187500000000001 0.40625
4 0.33281250000000007 0.4046875 0.31718750000000007 0.4046875 0.31718750000000007 0.4140625 0.33281250000000007 0.4140625
4 0.29375000000000007 0.3921875 0.2796875000000001 0.3921875 0.2796875000000001 0.403125 0.29375000000000007 0.403125
4 0.28593750000000007 0.4046875 0.27031250000000007 0.4046875 0.27031250000000007 0.4140625 0.28593750000000007 0.4140625
4 0.3500000000000001 0.3828125 0.3359375000000001 0.3828125 0.3359375000000001 0.39375 0.3500000000000001 0.39375
4 0.3531250000000001 0.390625 0.34062500000000007 0.390625 0.34062500000000007 0.403125 0.3531250000000001 0.403125
4 0.38750000000000007 0.3546875000000001 0.375 0.3546875000000001 0.37500000000000006 0.3703125000000001 0.38750000000000007 0.3703125000000001
4 0.4015625 0.3843750000000001 0.3859375000000001 0.3843750000000001 0.3859375000000001 0.3937500000000001 0.4015625 0.3937500000000001
4 0.3781250000000001 0.3906250000000001 0.36406250000000007 0.3906250000000001 0.36406250000000007 0.4015625 0.3781250000000001 0.4015625
4 0.3843750000000001 0.403125 0.3687500000000001 0.403125 0.3687500000000001 0.415625 0.3843750000000001 0.415625
4 0.33281250000000007 0.4640625 0.31718750000000007 0.4640625 0.31718750000000007 0.48125 0.33281250000000007 0.48125
4 0.3437500000000001 0.48125 0.3281250000000001 0.48125 0.3281250000000001 0.4953125 0.3437500000000001 0.4953125
4 0.4234375 0.3578125000000001 0.4109375 0.3578125000000001 0.4109375 0.3687500000000001 0.4234375 0.3687500000000001
4 0.409375 0.3656250000000001 0.3968750000000001 0.3656250000000001 0.3968750000000001 0.3765625000000001 0.409375 0.3765625000000001
4 0.53125 0.3625000000000001 0.51875 0.3625000000000001 0.51875 0.3750000000000001 0.53125 0.3750000000000001
4 0.5546875 0.34843750000000007 0.5421875 0.34843750000000007 0.5421875 0.3593750000000001 0.5546875 0.3593750000000001
4 0.56875 0.36406250000000007 0.5546875 0.36406250000000007 0.5546875 0.3734375000000001 0.56875 0.3734375000000001
4 0.5609375 0.37187500000000007 0.546875 0.37187500000000007 0.546875 0.3828125000000001 0.5609375 0.3828125000000001
4 0.5546875 0.39531250000000007 0.5421875 0.39531250000000007 0.5421875 0.403125 0.5546875 0.403125
4 0.575 0.4015625 0.5640625 0.4015625 0.5640625 0.4125 0.575 0.4125
4 0.6046875 0.3734375000000001 0.59375 0.3734375000000001 0.59375 0.3843750000000001 0.6046875 0.3843750000000001
4 0.596875 0.3937500000000001 0.584375 0.3937500000000001 0.584375 0.403125 0.596875 0.403125
4 0.5328125 0.4765625 0.521875 0.4765625 0.521875 0.4890625 0.5328125 0.4890625
4 0.6375 0.35625000000000007 0.625 0.35625000000000007 0.625 0.3671875000000001 0.6375 0.3671875000000001
4 0.6734375 0.34843750000000007 0.6625 0.34843750000000007 0.6625 0.3578125000000001 0.6734375 0.3578125000000001
4 0.7171875 0.3593750000000001 0.7078125 0.3593750000000001 0.7078125 0.3687500000000001 0.7171875 0.3687500000000001
4 0.6796875 0.3671875000000001 0.66875 0.3671875000000001 0.66875 0.3765625000000001 0.6796875 0.3765625000000001
4 0.6953125 0.37968750000000007 0.684375 0.37968750000000007 0.684375 0.3890625000000001 0.6953125 0.3890625000000001
4 0.6875 0.39531250000000007 0.6734375 0.39531250000000007 0.6734375 0.4046875 0.6875 0.4046875
4 0.7203125 0.39531250000000007 0.709375 0.39531250000000007 0.709375 0.40625 0.7203125 0.40625
4 0.7546875 0.3625000000000001 0.74375 0.3625000000000001 0.74375 0.3734375000000001 0.7546875 0.3734375000000001
4 0.796875 0.3812500000000001 0.784375 0.3812500000000001 0.784375 0.3968750000000001 0.796875 0.3968750000000001
4 0.8296875 0.39531250000000007 0.81875 0.39531250000000007 0.81875 0.40625000000000017 0.8296875 0.40625000000000017
4 0.778125 0.3078125000000001 0.7609375 0.3078125000000001 0.7609375 0.3234375000000001 0.778125 0.3234375000000001
4 0.6984375 0.31718750000000007 0.6890625 0.31718750000000007 0.6890625 0.3265625000000001 0.6984375 0.3265625000000001
0 0.75 0.2828125000000001 0.7359375 0.2828125000000001 0.7359375 0.2968750000000001 0.75 0.2968750000000001
4 0.7765625 0.2687500000000001 0.7671875 0.2687500000000001 0.7671875 0.2843750000000001 0.7765625 0.2843750000000001
4 0.8125 0.2484375000000001 0.8015625 0.2484375000000001 0.8015625 0.2671875000000001 0.8125 0.2671875000000001
4 0.796875 0.2687500000000001 0.7875 0.2687500000000001 0.7875 0.2843750000000001 0.796875 0.2843750000000001
4 0.796875 0.2843750000000001 0.7859375 0.2843750000000001 0.7859375 0.2968750000000001 0.796875 0.2968750000000001
4 0.7125 0.2906250000000001 0.703125 0.2906250000000001 0.703125 0.3062500000000001 0.7125 0.3062500000000001
4 0.6640625 0.3218750000000001 0.6515625 0.3218750000000001 0.6515625 0.33281250000000007 0.6640625 0.33281250000000007
4 0.640625 0.30937500000000007 0.63125 0.30937500000000007 0.63125 0.32500000000000007 0.640625 0.32500000000000007
4 0.628125 0.3203125000000001 0.61875 0.3203125000000001 0.61875 0.3343750000000001 0.628125 0.3343750000000001
4 0.6171875 0.3234375000000001 0.6078125 0.3234375000000001 0.6078125 0.3375000000000001 0.6171875 0.3375000000000001
0 0.5859375 0.3281250000000001 0.571875 0.3281250000000001 0.571875 0.34062500000000007 0.5859375 0.34062500000000007
0 0.56875 0.3187500000000001 0.5546875 0.3187500000000001 0.5546875 0.3343750000000001 0.56875 0.3343750000000001
0 0.56875 0.2921875000000001 0.553125 0.2921875000000001 0.553125 0.3078125000000001 0.56875 0.3078125000000001
0 0.5109375 0.2796875000000001 0.4921875 0.2796875000000001 0.4921875 0.2984375000000001 0.5109375 0.2984375000000001
0 0.4984375 0.3046875000000001 0.484375 0.3046875000000001 0.484375 0.3187500000000001 0.4984375 0.3187500000000001
0 0.4921875 0.3234375000000001 0.478125 0.3234375000000001 0.478125 0.3359375000000001 0.4921875 0.3359375000000001
4 0.7546875 0.47968750000000016 0.740625 0.47968750000000016 0.740625 0.4906250000000002 0.7546875 0.4906250000000002
4 0.875 0.3531250000000001 0.8625 0.3531250000000001 0.8625 0.36406250000000007 0.875 0.36406250000000007
4 0.884375 0.39531250000000007 0.8703125 0.39531250000000007 0.8703125 0.40625000000000017 0.884375 0.40625000000000017
4 0.95 0.3500000000000001 0.93125 0.3500000000000001 0.93125 0.36406250000000007 0.95 0.36406250000000007
4 0.9921875 0.3375000000000001 0.9796875 0.3375000000000001 0.9796875 0.3500000000000001 0.9921875 0.3500000000000001
4 0.9984375 0.3531250000000001 0.9890625 0.3531250000000001 0.9890625 0.3671875000000001 0.9984375 0.3671875000000001
4 0.9828125 0.3656250000000001 0.96875 0.3656250000000001 0.96875 0.3765625000000001 0.9828125 0.3765625000000001
4 0.971875 0.3765625000000001 0.9578125 0.3765625000000001 0.9578125 0.3906250000000001 0.971875 0.3906250000000001
4 0.9546875 0.3687500000000001 0.9421875 0.3687500000000001 0.9421875 0.3828125000000001 0.9546875 0.3828125000000001
4 0.9234375 0.3750000000000001 0.9125 0.3750000000000001 0.9125 0.3890625000000001 0.9234375 0.3890625000000001
4 0.9390625 0.3812500000000001 0.925 0.3812500000000001 0.925 0.3937500000000001 0.9390625 0.3937500000000001
4 0.9265625 0.3937500000000001 0.915625 0.3937500000000001 0.915625 0.4046875000000002 0.9265625 0.4046875000000002
0 0.8859375 0.29375000000000007 0.8703125 0.29375000000000007 0.8703125 0.3078125000000001 0.8859375 0.3078125000000001
0 0.8546875 0.3140625000000001 0.8375 0.3140625000000001 0.8375 0.3296875000000001 0.8546875 0.3296875000000001
4 0.5609375 0.3843750000000001 0.54375 0.3843750000000001 0.54375 0.3921875000000001 0.5609375 0.3921875000000001
0 0.440625 0.32500000000000007 0.425 0.32500000000000007 0.425 0.3375000000000001 0.440625 0.3375000000000001
0 0.340625 0.2828125 0.325 0.2828125 0.325 0.296875 0.340625 0.296875
0 0.678125 0.5125 0.6640625 0.5125 0.6640625 0.525 0.678125 0.525
0 0.6625 0.5390625 0.646875 0.5390625 0.646875 0.55625 0.6625 0.55625
0 0.61875 0.5234375 0.6046875 0.5234375 0.6046875 0.5359375 0.61875 0.5359375
0 0.5875 0.515625 0.571875 0.515625 0.571875 0.5296875 0.5875 0.5296875
4 0.5453125 0.5265625 0.53125 0.5265625 0.53125 0.5390625 0.5453125 0.5390625
4 0.70625 0.5328125 0.6953125 0.5328125 0.6953125 0.5453125 0.70625 0.5453125
4 0.6921875 0.528125 0.68125 0.528125 0.68125 0.5390625 0.6921875 0.5390625
4 0.6546875 0.5234375 0.64375 0.5234375 0.64375 0.534375 0.6546875 0.534375
4 0.4171875 0.5390625 0.4046875 0.5390625 0.4046875 0.55625 0.4171875 0.55625
4 0.3656250000000001 0.5546875 0.3500000000000001 0.5546875 0.3500000000000001 0.56875 0.3656250000000001 0.56875
4 0.3656250000000001 0.578125 0.3531250000000001 0.578125 0.3531250000000001 0.603125 0.3656250000000001 0.603125
4 0.3734375000000001 0.5125 0.3593750000000001 0.5125 0.3593750000000001 0.525 0.3734375000000001 0.525
0 0.46875 0.678125 0.45625 0.678125 0.45625 0.70625 0.46875 0.70625
0 0.45312500000000017 0.740625 0.44531250000000017 0.740625 0.44531250000000017 0.7640625 0.45312500000000017 0.7640625
0 0.5390625000000001 0.715625 0.525 0.715625 0.5250000000000001 0.740625 0.5390625000000002 0.740625
4 0.525 0.603125 0.5203125 0.603125 0.5203125 0.6171875 0.525 0.6171875
4 0.5296875 0.5546875 0.525 0.5546875 0.525 0.571875 0.5296875 0.571875
4 0.5375 0.5546875 0.53125 0.5546875 0.53125 0.571875 0.5375 0.571875
4 0.5265625 0.68125 0.5171875 0.68125 0.5171875 0.7015625 0.5265625 0.7015625
4 0.5109375 0.703125 0.503125 0.703125 0.503125 0.7234375 0.5109375 0.7234375
4 0.5109375 0.61875 0.503125 0.61875 0.503125 0.6375 0.5109375 0.6375
4 0.4109375 0.6328125 0.4015625 0.6328125 0.4015625 0.6484375 0.4109375 0.6484375
0 0.45312500000000017 0.7734375 0.4421875000000002 0.7734375 0.4421875000000002 0.7984375 0.45312500000000017 0.7984375
0 0.4500000000000002 0.821875 0.43750000000000017 0.821875 0.43750000000000017 0.8484375 0.4500000000000002 0.8484375
4 0.4390625000000002 0.875 0.4281250000000002 0.875 0.4281250000000002 0.903125 0.4390625000000002 0.903125
4 0.4812500000000002 0.8875 0.4703125000000002 0.8875 0.4703125000000002 0.9125 0.4812500000000002 0.9125
4 0.4984375000000002 0.76875 0.49218750000000017 0.76875 0.49218750000000017 0.7859375 0.4984375000000002 0.7859375
4 0.48125000000000007 0.7140625 0.475 0.7140625 0.4750000000000001 0.73125 0.4812500000000002 0.73125
4 0.5328125 0.5796875 0.528125 0.5796875 0.528125 0.5953125 0.5328125 0.5953125
4 0.5359375 0.5875 0.53125 0.5875 0.53125 0.603125 0.5359375 0.603125
4 0.596875 0.59375 0.5875 0.59375 0.5875 0.603125 0.596875 0.603125
0 0.496875 0.540625 0.48125 0.540625 0.48125 0.553125 0.496875 0.553125
0 0.5156250000000002 0.796875 0.5093750000000001 0.796875 0.5093750000000001 0.81875 0.5156250000000002 0.81875
4 0.4906250000000002 0.85 0.48437500000000017 0.85 0.48437500000000017 0.86875 0.4906250000000002 0.86875
4 0.4234375000000002 0.9234375 0.4187500000000002 0.9234375 0.4187500000000002 0.940625 0.4234375000000002 0.940625
4 0.48750000000000016 0.828125 0.4812500000000002 0.828125 0.4812500000000002 0.8453125 0.48750000000000016 0.8453125
4 0.2968750000000001 0.51875 0.2843750000000001 0.51875 0.2843750000000001 0.5296875 0.2968750000000001 0.5296875
4 0.2500000000000001 0.5203125 0.2406250000000001 0.5203125 0.2406250000000001 0.5296875 0.2500000000000001 0.5296875
4 0.22656250000000008 0.5171875 0.2156250000000001 0.5171875 0.2156250000000001 0.5265625 0.22656250000000008 0.5265625
4 0.10468750000000004 0.51875 0.09531250000000006 0.51875 0.09531250000000006 0.5265625 0.10468750000000004 0.5265625
0 0.026562500000000034 0.2984375 0.009375000000000036 0.2984375 0.009375000000000038 0.3140625 0.026562500000000034 0.3140625
0 0.11875000000000005 0.2578125 0.10312500000000005 0.2578125 0.10312500000000005 0.2734375 0.11875000000000005 0.2734375