5 0.2562500000000001 0.6640625 0.19531250000000008 0.6640625 0.19531250000000008 0.6984375 0.2562500000000001 0.6984375
5 0.3187500000000001 0.6609375 0.2578125000000001 0.6609375 0.2578125000000001 0.696875 0.3187500000000001 0.696875
2 0.1937500000000001 0.7265625 0.1625000000000001 0.7265625 0.1625000000000001 0.75 0.1937500000000001 0.75
4 0.02031250000000009 0.7421875 0.00468750000000009 0.7421875 0.004687500000000093 0.765625 0.020312500000000094 0.765625
2 0.07500000000000011 0.85625 0.0453125000000001 0.85625 0.0453125000000001 0.8875 0.07500000000000011 0.8875
2 0.14218750000000008 0.8171875 0.1140625000000001 0.8171875 0.1140625000000001 0.84375 0.14218750000000008 0.84375
4 0.0890625000000001 0.8015625 0.07031250000000008 0.8015625 0.0703125000000001 0.8171875 0.08906250000000011 0.8171875
4 0.14843750000000008 0.790625 0.13437500000000008 0.790625 0.13437500000000008 0.8078125 0.14843750000000008 0.8078125
4 0.12187500000000011 0.878125 0.1062500000000001 0.878125 0.10625000000000011 0.9140625 0.12187500000000014 0.9140625
4 0.2328125000000001 0.85625 0.21250000000000008 0.85625 0.21250000000000008 0.8734375 0.2328125000000001 0.8734375
4 0.2453125000000001 0.8734375 0.22656250000000008 0.8734375 0.22656250000000008 0.896875 0.2453125000000001 0.896875
4 0.27812500000000007 0.7921875 0.2593750000000001 0.7921875 0.2593750000000001 0.815625 0.27812500000000007 0.815625
0 0.2312500000000001 0.70625 0.21250000000000008 0.70625 0.21250000000000008 0.73125 0.2312500000000001 0.73125
4 0.27031250000000007 0.7015625 0.2531250000000001 0.7015625 0.2531250000000001 0.721875 0.27031250000000007 0.721875
4 0.3359375000000001 0.89375 0.3203125000000001 0.89375 0.3203125000000001 0.9171875 0.3359375000000001 0.9171875
2 0.3921875000000001 0.9171875 0.3656250000000001 0.9171875 0.3656250000000001 0.9453125 0.3921875000000001 0.9453125
2 0.4421875000000002 0.8796875 0.4187500000000002 0.8796875 0.4187500000000002 0.90625 0.4421875000000002 0.90625
4 0.4265625000000002 0.8 0.40937500000000016 0.8 0.40937500000000016 0.81875 0.4265625000000002 0.81875
4 0.42500000000000016 0.76875 0.4046875000000002 0.76875 0.4046875000000002 0.7921875 0.42500000000000016 0.7921875
2 0.46875000000000017 0.8015625 0.44062500000000016 0.8015625 0.44062500000000016 0.8359375 0.46875000000000017 0.8359375
0 0.4906250000000002 0.778125 0.46875000000000017 0.778125 0.46875000000000017 0.809375 0.4906250000000002 0.809375
2 0.48437500000000017 0.8828125 0.4515625000000002 0.8828125 0.4515625000000002 0.9078125 0.48437500000000017 0.9078125
2 0.4890625 0.66875 0.4734375 0.66875 0.4734375 0.7125 0.4890625 0.7125
4 0.4625000000000001 0.721875 0.4515625 0.721875 0.4515625000000001 0.7359375 0.4625000000000002 0.7359375
4 0.471875 0.696875 0.459375 0.696875 0.459375 0.7125 0.471875 0.7125
2 0.5015625 0.5828125 0.484375 0.5828125 0.484375 0.628125 0.5015625 0.628125
2 0.509375 0.6609375 0.4921875 0.6609375 0.4921875 0.70625 0.509375 0.70625
3 0.5609375000000001 0.6984375 0.5359375 0.6984375 0.5359375000000001 0.74375 0.5609375000000002 0.74375
0 0.5250000000000001 0.7109375 0.50625 0.7109375 0.5062500000000001 0.7375 0.5250000000000001 0.7375
2 0.5265625000000002 0.771875 0.5000000000000002 0.771875 0.5000000000000002 0.8203125 0.5265625000000002 0.8203125
2 0.5359375000000002 0.875 0.5015625000000001 0.875 0.5015625000000001 0.9078125 0.5359375000000002 0.9078125
2 0.5593750000000002 0.803125 0.5406250000000001 0.803125 0.5406250000000001 0.834375 0.5593750000000002 0.834375
2 0.5906250000000002 0.884375 0.5687500000000002 0.884375 0.5687500000000002 0.9140625 0.5906250000000002 0.9140625
4 0.5875000000000001 0.78125 0.5734375000000002 0.78125 0.5734375000000002 0.8125 0.5875000000000001 0.8125
4 0.5734375000000002 0.8421875 0.5593750000000002 0.8421875 0.5593750000000002 0.8578125 0.5734375000000002 0.8578125
2 0.7265625000000002 0.878125 0.6953125000000002 0.878125 0.6953125000000002 0.909375 0.7265625000000002 0.909375
4 0.6625000000000002 0.7640625 0.6453125000000002 0.7640625 0.6453125000000002 0.796875 0.6625000000000002 0.796875
4 0.7796875000000002 0.7875000000000002 0.7593750000000001 0.7875000000000002 0.7593750000000001 0.8125 0.7796875000000002 0.8125
2 0.8609375 0.878125 0.8296875 0.878125 0.8296875 0.9140625 0.8609375 0.9140625
4 0.8734375 0.815625 0.85625 0.815625 0.85625 0.840625 0.8734375 0.840625
2 0.98125 0.7140625000000002 0.9546875 0.7140625000000002 0.9546875 0.7453125000000002 0.98125 0.7453125000000002
4 0.91875 0.7296875000000002 0.9 0.7296875000000002 0.9 0.7515625000000001 0.91875 0.7515625000000001
4 0.76875 0.6906250000000002 0.75625 0.6906250000000002 0.75625 0.7062500000000002 0.76875 0.7062500000000002
2 0.634375 0.671875 0.6140625 0.671875 0.6140625 0.7109375 0.634375 0.7109375
4 0.5390625 0.5125 0.5234375 0.5125 0.5234375 0.5484375 0.5390625 0.5484375
4 0.5234375 0.5671875 0.5125 0.5671875 0.5125 0.59375 0.5234375 0.59375
0 0.5421875 0.6453125 0.528125 0.6453125 0.528125 0.6734375 0.5421875 0.6734375
4 0.5203125 0.3531250000000001 0.509375 0.3531250000000001 0.509375 0.39531250000000007 0.5203125 0.39531250000000007
2 0.503125 0.2531250000000001 0.48125 0.2531250000000001 0.48125 0.3062500000000001 0.503125 0.3062500000000001
4 0.4765625 0.23593750000000008 0.4703125 0.23593750000000008 0.4703125 0.2656250000000001 0.4765625 0.2656250000000001
4 0.5265625 6.39112548305025e-17 0.5171875 6.333720164340217e-17 0.5171875 0.029687500000000068 0.5265625 0.029687500000000068