2 0.03750000000000007 0.5203125 0.023437500000000062 0.5203125 0.023437500000000062 0.5578125 0.03750000000000007 0.5578125
2 0.2171875 0.2796875 0.2046875 0.2796875 0.2046875 0.315625 0.2171875 0.315625
2 0.2140625000000001 0.365625 0.2015625000000001 0.365625 0.2015625000000001 0.40625 0.2140625000000001 0.40625
2 0.2250000000000001 0.4609375 0.2140625000000001 0.4609375 0.2140625000000001 0.5 0.2250000000000001 0.5
2 0.2218750000000001 0.5 0.21250000000000008 0.5 0.21250000000000008 0.5359375 0.2218750000000001 0.5359375
2 0.06250000000000008 0.6234375 0.04062500000000008 0.6234375 0.04062500000000008 0.6421875 0.06250000000000008 0.6421875
2 0.09218750000000009 0.65625 0.07343750000000009 0.65625 0.07343750000000009 0.678125 0.09218750000000009 0.678125
2 0.2218750000000001 0.671875 0.2015625000000001 0.671875 0.2015625000000001 0.690625 0.2218750000000001 0.690625
2 0.2015625000000001 0.7125 0.18750000000000008 0.7125 0.18750000000000008 0.7265625 0.2015625000000001 0.7265625
2 0.3656250000000001 0.61875 0.3421875000000001 0.61875 0.3421875000000001 0.6421875 0.3656250000000001 0.6421875
2 0.4625 0.34062500000000007 0.453125 0.34062500000000007 0.453125 0.3812500000000001 0.4625 0.3812500000000001
2 0.4546875 0.4453125 0.4453125 0.4453125 0.4453125 0.4828125 0.4546875 0.4828125
2 0.4234375 0.4515625 0.415625 0.4515625 0.415625 0.478125 0.4234375 0.478125
2 0.421875 0.4953125 0.4140625 0.4953125 0.4140625 0.5265625 0.421875 0.5265625
2 0.465625 0.5984375 0.459375 0.5984375 0.459375 0.628125 0.465625 0.628125
2 0.4453125 0.634375 0.4265625 0.634375 0.4265625 0.6578125 0.4453125 0.6578125
2 0.446875 0.675 0.4390625 0.675 0.4390625 0.7 0.446875 0.7
2 0.4390625000000001 0.69375 0.4296875 0.69375 0.4296875000000001 0.728125 0.4390625000000002 0.728125
2 0.44531250000000017 0.728125 0.4343750000000002 0.728125 0.4343750000000002 0.7703125 0.44531250000000017 0.7703125
2 0.45625000000000016 0.7296875 0.44531250000000017 0.7296875 0.44531250000000017 0.771875 0.45625000000000016 0.771875
2 0.4500000000000002 0.8171875 0.4359375000000002 0.8171875 0.4359375000000002 0.85625 0.4500000000000002 0.85625
2 0.40156250000000016 0.7484375 0.38750000000000007 0.7484375 0.38750000000000007 0.7890625 0.40156250000000016 0.7890625
2 0.3968750000000001 0.825 0.3828125000000001 0.825 0.3828125000000001 0.859375 0.3968750000000001 0.859375
2 0.3968750000000001 0.853125 0.3828125000000001 0.853125 0.3828125000000001 0.8703125 0.3968750000000001 0.8703125
2 0.39531250000000007 0.8671875 0.3812500000000001 0.8671875 0.3812500000000001 0.8953125 0.39531250000000007 0.8953125
2 0.3921875000000001 0.93125 0.3812500000000001 0.93125 0.3812500000000001 0.9578125 0.3921875000000001 0.9578125
2 0.51875 0.6015625 0.5078125 0.6015625 0.5078125 0.6375 0.51875 0.6375
2 0.5484375000000001 0.715625 0.5296875 0.715625 0.5296875000000001 0.7515625 0.5484375000000001 0.7515625
2 0.534375 0.71875 0.5203125 0.71875 0.5203125000000001 0.7546875 0.5343750000000002 0.7546875
2 0.5468750000000002 0.746875 0.5296875000000002 0.746875 0.5296875000000002 0.7796875 0.5468750000000002 0.7796875
2 0.5328125000000001 0.8296875 0.5234375000000002 0.8296875 0.5234375000000002 0.8640625 0.5328125000000001 0.8640625
2 0.5718750000000001 0.9609375 0.5562500000000001 0.9609375 0.5562500000000001 0.978125 0.5718750000000001 0.978125
2 0.5703125000000002 0.975 0.5562500000000001 0.975 0.5562500000000001 0.99375 0.5703125000000002 0.99375
2 0.815625 0.86875 0.80625 0.86875 0.80625 0.9 0.815625 0.9
2 0.84375 0.875 0.828125 0.875 0.828125 0.921875 0.84375 0.921875
2 0.8546875 0.878125 0.840625 0.878125 0.840625 0.921875 0.8546875 0.921875
2 0.8109375 0.934375 0.7921875000000002 0.934375 0.7921875000000002 0.959375 0.8109375 0.959375
2 0.809375 0.9546875 0.7890625000000002 0.9546875 0.7890625000000002 0.975 0.809375 0.975
2 0.8046875 0.9734375 0.7906250000000001 0.9734375 0.7906250000000001 0.99375 0.8046875 0.99375
2 0.890625 0.4703125000000002 0.8703125 0.4703125000000002 0.8703125 0.48750000000000016 0.890625 0.48750000000000016
2 0.9921875 0.3375000000000001 0.971875 0.3375000000000001 0.971875 0.3593750000000001 0.9921875 0.3593750000000001
2 0.9265625 0.3187500000000001 0.90625 0.3187500000000001 0.90625 0.3421875000000001 0.9265625 0.3421875000000001
2 0.9 0.5171875000000001 0.88125 0.5171875000000001 0.88125 0.5343750000000002 0.9 0.5343750000000002
2 0.8359375 0.5078125000000002 0.8171875 0.5078125000000002 0.8171875 0.5281250000000002 0.8359375 0.5281250000000002
2 0.69375 0.521875 0.6796875 0.521875 0.6796875 0.55625 0.69375 0.55625
2 0.69375 0.5015625 0.6734375 0.5015625 0.6734375 0.528125 0.69375 0.528125
2 0.6796875 0.45625 0.659375 0.45625 0.659375 0.4765625 0.6796875 0.4765625
2 0.653125 0.496875 0.6296875 0.496875 0.6296875 0.5203125 0.653125 0.5203125
2 0.6203125 0.5078125 0.6015625 0.5078125 0.6015625 0.5203125 0.6203125 0.5203125
2 0.55 0.4296875 0.5328125 0.4296875 0.5328125 0.453125 0.55 0.453125
2 0.5640625 0.48125 0.546875 0.48125 0.546875 0.5125 0.5640625 0.5125
2 0.515625 0.5296875 0.5078125 0.5296875 0.5078125 0.565625 0.515625 0.565625
0 0.14062500000000008 0.640625 0.12500000000000008 0.640625 0.12500000000000008 0.6609375 0.14062500000000008 0.6609375
0 0.2796875000000001 0.665625 0.2671875000000001 0.665625 0.2671875000000001 0.6859375 0.2796875000000001 0.6859375
0 0.3062500000000001 0.6703125 0.2921875000000001 0.6703125 0.2921875000000001 0.6859375 0.3062500000000001 0.6859375
0 0.2890625000000001 0.6921875 0.2796875000000001 0.6921875 0.2796875000000001 0.709375 0.2890625000000001 0.709375
0 0.3625000000000001 0.659375 0.34843750000000007 0.659375 0.34843750000000007 0.678125 0.3625000000000001 0.678125
0 0.403125 0.590625 0.38750000000000007 0.590625 0.38750000000000007 0.6109375 0.403125 0.6109375
0 0.3890625000000001 0.61875 0.3750000000000001 0.61875 0.3750000000000001 0.6390625 0.3890625000000001 0.6390625
0 0.3890625000000001 0.6765625 0.3734375000000001 0.6765625 0.3734375000000001 0.690625 0.3890625000000001 0.690625
0 0.415625 0.653125 0.40625 0.653125 0.40625 0.6796875 0.415625 0.6796875
0 0.3968750000000001 0.69375 0.3828125000000001 0.69375 0.3828125000000001 0.7140625 0.3968750000000001 0.7140625
0 0.4234375 0.678125 0.41875 0.678125 0.41875 0.703125 0.4234375 0.703125
0 0.4328125 0.6671875 0.4234375 0.6671875 0.4234375 0.6953125 0.4328125 0.6953125
0 0.4390625000000002 0.778125 0.4281250000000002 0.778125 0.4281250000000002 0.80625 0.4390625000000002 0.80625
0 0.528125 0.540625 0.5203125 0.540625 0.5203125 0.565625 0.528125 0.565625
0 0.5359375000000002 0.7765625 0.5281250000000002 0.7765625 0.5281250000000002 0.8015625 0.5359375000000002 0.8015625
0 0.5421875000000002 0.8 0.5328125000000001 0.8 0.5328125000000001 0.825 0.5421875000000002 0.825
0 0.5421875000000002 0.828125 0.5359375000000002 0.828125 0.5359375000000002 0.846875 0.5421875000000002 0.846875
0 0.5453125000000002 0.8453125 0.5375000000000002 0.8453125 0.5375000000000002 0.8703125 0.5453125000000002 0.8703125
0 0.5437500000000002 0.865625 0.5343750000000002 0.865625 0.5343750000000002 0.8921875 0.5437500000000002 0.8921875
0 0.5437500000000002 0.8921875 0.5390625000000002 0.8921875 0.5390625000000002 0.915625 0.5437500000000002 0.915625
0 0.5281250000000002 0.871875 0.5187500000000002 0.871875 0.5187500000000002 0.89375 0.5281250000000002 0.89375
0 0.5312500000000002 0.94375 0.5218750000000002 0.94375 0.5218750000000002 0.9734375 0.5312500000000002 0.9734375
0 0.5437500000000002 0.9390625 0.5296875000000002 0.9390625 0.5296875000000002 0.975 0.5437500000000002 0.975
0 0.5312500000000002 0.9640625 0.5171875000000001 0.9640625 0.5171875000000001 0.990625 0.5312500000000002 0.990625
0 0.5421875 0.6296875 0.53125 0.6296875 0.53125 0.6625 0.5421875 0.6625
2 0.434375 0.3921875000000001 0.421875 0.3921875000000001 0.421875 0.425 0.434375 0.425
3 0.4671875 0.6359375 0.45625 0.6359375 0.45625 0.690625 0.4671875 0.690625
3 0.45625 0.6375 0.4453125 0.6375 0.4453125 0.665625 0.45625 0.665625
2 0.4609375 0.6890625 0.45 0.6890625 0.45 0.7234375 0.4609375 0.7234375
4 0.04062500000000008 0.6375 0.031250000000000076 0.6375 0.031250000000000076 0.653125 0.04062500000000008 0.653125
4 0.05156250000000009 0.653125 0.039062500000000076 0.653125 0.039062500000000076 0.6671875 0.05156250000000009 0.6671875
4 0.06406250000000009 0.659375 0.04843750000000008 0.659375 0.04843750000000008 0.6796875 0.06406250000000009 0.6796875
4 0.06875000000000009 0.6890625 0.05625000000000009 0.6890625 0.05625000000000009 0.7 0.06875000000000009 0.7
4 0.0750000000000001 0.6484375 0.06250000000000008 0.6484375 0.06250000000000008 0.6640625 0.0750000000000001 0.6640625
4 0.10468750000000009 0.640625 0.08906250000000009 0.640625 0.08906250000000009 0.6609375 0.10468750000000009 0.6609375
4 0.12031250000000009 0.65625 0.1062500000000001 0.65625 0.1062500000000001 0.6703125 0.12031250000000009 0.6703125
4 0.10312500000000009 0.6765625 0.0906250000000001 0.6765625 0.0906250000000001 0.690625 0.10312500000000009 0.690625
4 0.2484375000000001 0.665625 0.2328125000000001 0.665625 0.2328125000000001 0.6859375 0.2484375000000001 0.6859375
4 0.2984375000000001 0.6578125 0.2890625000000001 0.6578125 0.2890625000000001 0.675 0.2984375000000001 0.675
4 0.3187500000000001 0.6546875 0.3046875000000001 0.6546875 0.3046875000000001 0.675 0.3187500000000001 0.675
4 0.34062500000000007 0.66875 0.3296875000000001 0.66875 0.3296875000000001 0.684375 0.34062500000000007 0.684375
4 0.3437500000000001 0.65625 0.33281250000000007 0.65625 0.33281250000000007 0.6734375 0.3437500000000001 0.6734375
4 0.34843750000000007 0.66875 0.3390625000000001 0.66875 0.3390625000000001 0.6890625 0.34843750000000007 0.6890625
4 0.3656250000000001 0.671875 0.3515625000000001 0.671875 0.3515625000000001 0.690625 0.3656250000000001 0.690625
4 0.3218750000000001 0.6828125 0.3125000000000001 0.6828125 0.3125000000000001 0.7 0.3218750000000001 0.7
4 0.434375 0.565625 0.425 0.565625 0.425 0.58125 0.434375 0.58125
4 0.4421875 0.515625 0.4359375 0.515625 0.4359375 0.540625 0.4421875 0.540625
4 0.459375 0.5375 0.45 0.5375 0.45 0.5671875 0.459375 0.5671875
4 0.46875 0.5328125 0.459375 0.5328125 0.459375 0.553125 0.46875 0.553125
4 0.4109375 0.66875 0.4015625 0.66875 0.4015625 0.684375 0.4109375 0.684375
4 0.425 0.640625 0.4171875 0.640625 0.4171875 0.659375 0.425 0.659375
4 0.4390625 0.659375 0.4328125 0.659375 0.4328125 0.6734375 0.4390625 0.6734375
4 0.4312500000000001 0.715625 0.421875 0.715625 0.4218750000000001 0.7359375 0.4312500000000002 0.7359375
4 0.43281250000000016 0.734375 0.4265625000000002 0.734375 0.4265625000000002 0.7546875 0.43281250000000016 0.7546875
4 0.4609375 0.596875 0.446875 0.596875 0.446875 0.621875 0.4609375 0.621875
4 0.5234375 0.44375 0.509375 0.44375 0.509375 0.46875 0.5234375 0.46875
4 0.53125 0.4671875 0.5234375 0.4671875 0.5234375 0.4890625 0.53125 0.4890625
4 0.53125 0.503125 0.5203125 0.503125 0.5203125 0.5265625 0.53125 0.5265625
4 0.5234375 0.5203125 0.5140625 0.5203125 0.5140625 0.5359375 0.5234375 0.5359375
4 0.5265625 0.39531250000000007 0.5125 0.39531250000000007 0.5125 0.415625 0.5265625 0.415625
4 0.521875 0.3515625000000001 0.5140625 0.3515625000000001 0.5140625 0.3765625000000001 0.521875 0.3765625000000001
4 0.5156250000000002 0.8 0.5031250000000002 0.8 0.5031250000000002 0.828125 0.5156250000000002 0.828125
4 0.5203125000000002 0.8515625 0.5062500000000002 0.8515625 0.5062500000000002 0.8796875 0.5203125000000002 0.8796875
4 0.5250000000000001 0.896875 0.5140625000000002 0.896875 0.5140625000000002 0.928125 0.5250000000000001 0.928125
4 0.6 0.4828125 0.5859375 0.4828125 0.5859375 0.5046875 0.6 0.5046875
4 0.634375 0.4765625 0.61875 0.4765625 0.61875 0.4984375 0.634375 0.4984375
4 0.709375 0.3687500000000001 0.696875 0.3687500000000001 0.696875 0.3828125000000001 0.709375 0.3828125000000001
4 0.7 0.3421875000000001 0.6859375 0.3421875000000001 0.6859375 0.35625000000000007 0.7 0.35625000000000007
4 0.725 0.3375000000000001 0.709375 0.3375000000000001 0.709375 0.3546875000000001 0.725 0.3546875000000001
4 0.728125 0.3156250000000001 0.7109375 0.3156250000000001 0.7109375 0.3375000000000001 0.728125 0.3375000000000001
4 0.5328125 0.3515625000000001 0.5234375 0.3515625000000001 0.5234375 0.3812500000000001 0.5328125 0.3812500000000001
4 0.4515625000000002 0.7734375 0.4390625000000002 0.7734375 0.4390625000000002 0.7953125 0.4515625000000002 0.7953125
4 0.4390625000000002 0.8890625 0.42968750000000017 0.8890625 0.42968750000000017 0.9109375 0.4390625000000002 0.9109375
4 0.4546875000000002 0.8890625 0.4468750000000002 0.8890625 0.4468750000000002 0.91875 0.4546875000000002 0.91875
4 0.9921875 0.3156250000000001 0.984375 0.3156250000000001 0.984375 0.3312500000000001 0.9921875 0.3312500000000001
4 0.990625 0.4781250000000002 0.9796875 0.4781250000000002 0.9796875 0.4937500000000002 0.990625 0.4937500000000002
4 0.9703125 0.4812500000000002 0.9546875 0.4812500000000002 0.9546875 0.49531250000000016 0.9703125 0.49531250000000016
4 0.91875 0.49531250000000016 0.9046875 0.49531250000000016 0.9046875 0.5125000000000002 0.91875 0.5125000000000002
4 0.8953125 0.4906250000000002 0.8796875 0.4906250000000002 0.8796875 0.5125000000000002 0.8953125 0.5125000000000002
4 0.8671875 0.4906250000000002 0.853125 0.4906250000000002 0.853125 0.5031250000000002 0.8671875 0.5031250000000002
4 0.778125 0.4703125000000002 0.7609375 0.4703125000000002 0.7609375 0.4859375000000002 0.778125 0.4859375000000002
4 0.7453125 0.48437500000000017 0.734375 0.48437500000000017 0.734375 0.5015625000000001 0.7453125 0.5015625000000001
4 0.7375 0.2968750000000001 0.728125 0.2968750000000001 0.728125 0.3140625000000001 0.7375 0.3140625000000001
4 0.8875 0.3390625000000001 0.8796875 0.3390625000000001 0.8796875 0.3593750000000001 0.8875 0.3593750000000001
4 0.9109375 0.35625000000000007 0.9015625 0.35625000000000007 0.9015625 0.3750000000000001 0.9109375 0.3750000000000001
4 0.528125 0.21250000000000008 0.51875 0.21250000000000008 0.51875 0.2390625000000001 0.528125 0.2390625000000001
4 0.521875 0.10937500000000004 0.5109375 0.10937500000000004 0.5109375 0.13125000000000003 0.521875 0.13125000000000003
4 0.5359375 0.15156250000000004 0.528125 0.15156250000000004 0.528125 0.17187500000000006 0.5359375 0.17187500000000006
4 0.4515625 0.23593750000000008 0.4421875 0.23593750000000008 0.4421875 0.2593750000000001 0.4515625 0.2593750000000001
4 0.4515625 0.2843750000000001 0.44375 0.2843750000000001 0.44375 0.3078125000000001 0.4515625 0.3078125000000001
4 0.4578125 0.2953125000000001 0.4515625 0.2953125000000001 0.4515625 0.3187500000000001 0.4578125 0.3187500000000001
4 0.45 0.2078125000000001 0.4421875 0.2078125000000001 0.4421875 0.22656250000000008 0.45 0.22656250000000008
4 0.4421875 0.15156250000000004 0.43125 0.15156250000000004 0.43125 0.17812500000000003 0.4421875 0.17812500000000003
4 0.453125 0.07968750000000005 0.4453125 0.07968750000000005 0.4453125 0.10937500000000004 0.453125 0.10937500000000004
2 0.4625 0.18750000000000006 0.446875 0.18750000000000006 0.446875 0.2234375000000001 0.4625 0.2234375000000001
2 0.628125 7.520096751014216e-17 0.6 7.347880794884119e-17 0.6 0.017187500000000074 0.628125 0.017187500000000078
2 0.625 0.012500000000000075 0.603125 0.012500000000000072 0.603125 0.03281250000000008 0.625 0.03281250000000008
2 0.6203125 0.039062500000000076 0.6015625 0.039062500000000076 0.6015625 0.05937500000000007 0.6203125 0.05937500000000007
2 0.5921875 0.03906250000000007 0.5734375 0.03906250000000007 0.5734375 0.057812500000000065 0.5921875 0.057812500000000065
2 0.5859375 0.08750000000000006 0.5703125 0.08750000000000006 0.5703125 0.10937500000000008 0.5859375 0.10937500000000008
2 0.5765625 0.10000000000000009 0.553125 0.10000000000000009 0.553125 0.12031250000000009 0.5765625 0.12031250000000009
2 0.571875 0.11718750000000008 0.5515625 0.11718750000000008 0.5515625 0.13281250000000008 0.571875 0.13281250000000008
2 0.5734375 0.1312500000000001 0.5515625 0.1312500000000001 0.5515625 0.1515625000000001 0.5734375 0.1515625000000001
2 0.575 0.15000000000000008 0.55625 0.15000000000000008 0.55625 0.16562500000000008 0.575 0.16562500000000008
2 0.571875 0.1687500000000001 0.559375 0.1687500000000001 0.559375 0.1921875000000001 0.571875 0.1921875000000001
2 0.5703125 0.1937500000000001 0.5546875 0.1937500000000001 0.5546875 0.21250000000000008 0.5703125 0.21250000000000008
3 0.5859375 0.23593750000000008 0.571875 0.23593750000000008 0.571875 0.27812500000000007 0.5859375 0.27812500000000007
6 0.4671875 0.09687500000000007 0.459375 0.09687500000000007 0.459375 0.17968750000000006 0.4671875 0.17968750000000006
2 0.409375 0.15000000000000005 0.3984375 0.15000000000000005 0.3984375 0.17968750000000006 0.409375 0.17968750000000006
2 0.415625 0.15781250000000005 0.40625 0.15781250000000005 0.40625 0.19375000000000003 0.415625 0.19375000000000003
2 0.4328125 0.16562500000000005 0.4171875 0.16562500000000005 0.4171875 0.18593750000000003 0.4328125 0.18593750000000003
2 0.7984375 0.1765625000000001 0.7875 0.1765625000000001 0.7875 0.2078125000000001 0.7984375 0.2078125000000001
2 0.803125 0.1437500000000001 0.7921875 0.1437500000000001 0.7921875 0.1750000000000001 0.803125 0.1750000000000001
2 0.8109375 0.20312500000000008 0.803125 0.20312500000000008 0.803125 0.2375000000000001 0.8109375 0.2375000000000001
2 0.771875 0.2390625000000001 0.7609375 0.2390625000000001 0.7609375 0.2750000000000001 0.771875 0.2750000000000001
2 0.715625 0.2609375000000001 0.7015625 0.2609375000000001 0.7015625 0.3000000000000001 0.715625 0.3000000000000001
2 0.8734375 0.10937500000000008 0.8578125 0.10937500000000008 0.8578125 0.1546875000000001 0.8734375 0.1546875000000001
2 0.8703125 0.15625000000000008 0.859375 0.15625000000000008 0.859375 0.19687500000000008 0.8703125 0.19687500000000008
2 0.8671875 0.1937500000000001 0.859375 0.1937500000000001 0.859375 0.2296875000000001 0.8671875 0.2296875000000001
2 0.9921875 0.2890625000000001 0.9671875 0.2890625000000001 0.9671875 0.3078125000000001 0.9921875 0.3078125000000001
0 0.5515625 0.2640625000000001 0.5375 0.2640625000000001 0.5375 0.29375000000000007 0.5515625 0.29375000000000007
0 0.55625 0.026562500000000065 0.546875 0.026562500000000065 0.546875 0.04687500000000007 0.55625 0.04687500000000007
0 0.5765625 0.01250000000000007 0.565625 0.012500000000000067 0.565625 0.03750000000000007 0.5765625 0.03750000000000007
0 0.5546875 0.10781250000000009 0.546875 0.10781250000000009 0.546875 0.1359375000000001 0.5546875 0.1359375000000001
0 0.4609375 0.13593750000000004 0.45 0.13593750000000004 0.45 0.15781250000000005 0.4609375 0.15781250000000005
0 0.6546875 0.30156250000000007 0.6359375 0.30156250000000007 0.6359375 0.32500000000000007 0.6546875 0.32500000000000007
0 0.696875 0.3046875000000001 0.68125 0.3046875000000001 0.68125 0.3234375000000001 0.696875 0.3234375000000001
0 0.86875 0.2906250000000001 0.8546875 0.2906250000000001 0.8546875 0.3156250000000001 0.86875 0.3156250000000001
0 0.7609375 0.3109375000000001 0.7453125 0.3109375000000001 0.7453125 0.3296875000000001 0.7609375 0.3296875000000001
0 0.821875 0.2750000000000001 0.8046875 0.2750000000000001 0.8046875 0.29375000000000007 0.821875 0.29375000000000007
0 0.4671875 0.2390625000000001 0.45625 0.2390625000000001 0.45625 0.27031250000000007 0.4671875 0.27031250000000007
2 0.3640625 0.03281250000000004 0.353125 0.03281250000000004 0.353125 0.06875000000000005 0.3640625 0.06875000000000005
2 0.346875 0.08593750000000004 0.3265625 0.08593750000000004 0.3265625 0.10937500000000004 0.346875 0.10937500000000004
2 0.3171875 0.08593750000000004 0.2953125 0.08593750000000004 0.2953125 0.10468750000000004 0.3171875 0.10468750000000004
2 0.2984375 0.07968750000000005 0.28125 0.07968750000000005 0.28125 0.09531250000000005 0.2984375 0.09531250000000005
2 0.2359375 0.05625000000000002 0.2140625 0.05625000000000002 0.2140625 0.07812500000000003 0.2359375 0.07812500000000003
2 0.2140625 0.051562500000000025 0.1984375 0.051562500000000025 0.1984375 0.06718750000000002 0.2140625 0.06718750000000002
2 0.1984375 0.050000000000000024 0.1796875 0.050000000000000024 0.1796875 0.06093750000000002 0.1984375 0.06093750000000002
2 0.1953125 0.07031250000000003 0.171875 0.07031250000000003 0.171875 0.09218750000000002 0.1953125 0.09218750000000002
2 0.0984375 0.02031250000000001 0.0828125 0.02031250000000001 0.0828125 0.03593750000000001 0.0984375 0.03593750000000001
2 0.04687500000000002 0.1890625 0.035937500000000025 0.1890625 0.035937500000000025 0.2265625 0.04687500000000002 0.2265625
2 0.046875000000000014 0.0578125 0.039062500000000014 0.0578125 0.039062500000000014 0.1 0.046875000000000014 0.1
2 0.04375000000000001 0.1 0.03437500000000001 0.1 0.03437500000000001 0.1359375 0.04375000000000001 0.1359375
2 0.23125 0.23125 0.221875 0.23125 0.221875 0.271875 0.23125 0.271875
0 0.240625 0.0046875000000000284 0.2296875 0.004687500000000028 0.2296875 0.025000000000000033 0.240625 0.025000000000000033
0 0.4234375 0.09531250000000005 0.409375 0.09531250000000005 0.409375 0.12500000000000006 0.4234375 0.12500000000000006
2 0.3390625 0.034375000000000044 0.3328125 0.034375000000000044 0.3328125 0.06406250000000005 0.3390625 0.06406250000000005