3 0.353125 0.01875000000000004 0.33125 0.018750000000000037 0.33125 0.06250000000000004 0.353125 0.06250000000000004
4 0.3515625 0.07031250000000004 0.340625 0.07031250000000004 0.340625 0.08593750000000004 0.3515625 0.08593750000000004
4 0.4 0.17187500000000006 0.39375 0.17187500000000006 0.39375 0.18437500000000004 0.4 0.18437500000000004
2 0.4234375 0.2093750000000001 0.409375 0.2093750000000001 0.409375 0.23437500000000008 0.4234375 0.23437500000000008
4 0.453125 0.2656250000000001 0.4453125 0.2656250000000001 0.4453125 0.27812500000000007 0.453125 0.27812500000000007
2 0.44570783927529245 0.3032321985543539 0.4328471796875 0.2780735015625 0.4236380419747075 0.28278104207064614 0.4364987015624999 0.30793973906250005
2 0.45537907463614735 0.29595641490357383 0.44000977656250007 0.268451328125 0.4313115206763527 0.2733117413464262 0.44668081875 0.300816828125
4 0.18750000000000014 0.9453125 0.17656250000000012 0.9453125 0.17656250000000012 0.9625 0.18750000000000014 0.9625
2 0.2406250000000001 0.9359375 0.2250000000000001 0.9359375 0.2250000000000001 0.965625 0.2406250000000001 0.965625
2 0.2515625000000001 0.840625 0.2375000000000001 0.840625 0.2375000000000001 0.865625 0.2515625000000001 0.865625
4 0.2843750000000001 0.80625 0.2765625000000001 0.80625 0.2765625000000001 0.81875 0.2843750000000001 0.81875
0 0.3062500000000001 0.790625 0.2921875000000001 0.790625 0.2921875000000001 0.809375 0.3062500000000001 0.809375
2 0.2968750000000001 0.8265625 0.2796875000000001 0.8265625 0.2796875000000001 0.8453125 0.2968750000000001 0.8453125
0 0.2890625000000001 0.8640625 0.2796875000000001 0.8640625 0.2796875000000001 0.8828125 0.2890625000000001 0.8828125
1 0.27842229129504836 0.8406176538477241 0.2675297625 0.8356697359374998 0.24128738214245166 0.8934406789647756 0.2521799109375001 0.8983885968750001
2 0.33281250000000007 0.8140625 0.3187500000000001 0.8140625 0.3187500000000001 0.8375 0.33281250000000007 0.8375
0 0.3609375000000001 0.7859375 0.34843750000000007 0.7859375 0.34843750000000007 0.8015625 0.3609375000000001 0.8015625
2 0.37187500000000007 0.7421875 0.3531250000000001 0.7421875 0.3531250000000001 0.7609375 0.37187500000000007 0.7609375
0 0.38750000000000007 0.7828125 0.3750000000000001 0.7828125 0.3750000000000001 0.7953125 0.38750000000000007 0.7953125
0 0.4046875000000002 0.7703125 0.3937500000000001 0.7703125 0.3937500000000001 0.7859375 0.4046875000000002 0.7859375
0 0.4 0.709375 0.3906250000000001 0.709375 0.3906250000000001 0.725 0.4 0.725
2 0.45625 0.6953125 0.440625 0.6953125 0.440625 0.715625 0.45625 0.715625
2 0.4703125000000002 0.734375 0.4578125000000002 0.734375 0.4578125000000002 0.759375 0.4703125000000002 0.759375
0 0.5000000000000001 0.721875 0.4890625 0.721875 0.48906250000000007 0.7359375 0.5000000000000002 0.7359375
0 0.4281250000000002 0.8515625 0.4187500000000002 0.8515625 0.4187500000000002 0.865625 0.4281250000000002 0.865625
3 0.4390625000000002 0.859375 0.4156250000000002 0.859375 0.4156250000000002 0.8890625 0.4390625000000002 0.8890625
2 0.3390625000000001 0.9421875 0.3234375000000001 0.9421875 0.3234375000000001 0.9640625 0.3390625000000001 0.9640625
4 0.3203125000000001 0.95625 0.3156250000000001 0.95625 0.3156250000000001 0.9734375 0.3203125000000001 0.9734375
4 0.3500000000000001 0.9171875 0.3437500000000001 0.9171875 0.3437500000000001 0.9328125 0.3500000000000001 0.9328125
2 0.3828125000000001 0.94375 0.3656250000000001 0.94375 0.3656250000000001 0.9703125 0.3828125000000001 0.9703125
4 0.45312500000000017 0.853125 0.44531250000000017 0.853125 0.44531250000000017 0.8640625 0.45312500000000017 0.8640625
2 0.5625000000000002 0.76875 0.5437500000000002 0.76875 0.5437500000000002 0.790625 0.5625000000000002 0.790625
4 0.5546875000000001 0.71875 0.546875 0.71875 0.5468750000000001 0.734375 0.5546875000000002 0.734375
4 0.596875 0.709375 0.5890625 0.709375 0.5890625 0.71875 0.596875 0.71875
2 0.5921875 0.5515625 0.578125 0.5515625 0.578125 0.590625 0.5921875 0.590625
4 0.615625 0.55 0.6078125 0.55 0.6078125 0.565625 0.615625 0.565625
4 0.6234375 0.4953125 0.615625 0.4953125 0.615625 0.509375 0.6234375 0.509375
4 0.6015625 0.471875 0.59375 0.471875 0.59375 0.4859375 0.6015625 0.4859375
4 0.6546875 0.4875 0.646875 0.4875 0.646875 0.5015625 0.6546875 0.5015625
2 0.6765625 0.565625 0.6625 0.565625 0.6625 0.5921875 0.6765625 0.5921875
0 0.7015625 0.634375 0.690625 0.634375 0.690625 0.65 0.7015625 0.65
6 0.71875 0.5984375 0.6921875 0.5984375 0.6921875 0.6375 0.71875 0.6375
2 0.7453125 0.6703125000000002 0.728125 0.6703125000000002 0.728125 0.6906250000000002 0.7453125 0.6906250000000002
2 0.7625 0.6656250000000001 0.7484375 0.6656250000000001 0.7484375 0.6890625000000001 0.7625 0.6890625000000001
0 0.765625 0.6375000000000002 0.753125 0.6375000000000002 0.753125 0.6562500000000002 0.765625 0.6562500000000002
6 0.8046875 0.7015625000000002 0.775 0.7015625000000002 0.7750000000000001 0.7453125000000002 0.8046875 0.7453125000000002
0 0.8640625 0.7734375000000002 0.8484375 0.7734375000000002 0.8484375 0.7937500000000002 0.8640625 0.7937500000000002
0 0.890625 0.7968750000000002 0.875 0.7968750000000002 0.875 0.815625 0.890625 0.815625
2 0.8953125 0.7859375000000002 0.88125 0.7859375000000002 0.88125 0.80625 0.8953125 0.80625
2 0.8734375 0.7343750000000002 0.859375 0.7343750000000002 0.859375 0.7578125000000002 0.8734375 0.7578125000000002
0 0.8796875 0.7546875000000002 0.8703125 0.7546875000000002 0.8703125 0.7750000000000001 0.8796875 0.7750000000000001
2 0.8890625 0.7484375000000002 0.878125 0.7484375000000002 0.878125 0.7734375000000002 0.8890625 0.7734375000000002
0 0.903125 0.7562500000000002 0.89375 0.7562500000000002 0.89375 0.7765625000000002 0.903125 0.7765625000000002
2 0.9171875 0.7578125000000002 0.903125 0.7578125000000002 0.903125 0.7890625000000002 0.9171875 0.7890625000000002
2 0.9 0.81875 0.8828125 0.81875 0.8828125 0.840625 0.9 0.840625
4 0.9125 0.8359375 0.9015625 0.8359375 0.9015625 0.846875 0.9125 0.846875
2 0.93125 0.8546875 0.9125 0.8546875 0.9125 0.878125 0.93125 0.878125
4 0.9453125 0.859375 0.9359375 0.859375 0.9359375 0.8734375 0.9453125 0.8734375
2 0.9546875 0.8796875 0.9390625 0.8796875 0.9390625 0.903125 0.9546875 0.903125
2 0.9515625 0.803125 0.9359375 0.803125 0.9359375 0.834375 0.9515625 0.834375
2 0.9609375 0.8265625 0.9421875 0.8265625 0.9421875 0.8515625 0.9609375 0.8515625
2 0.9703125 0.85 0.9546875 0.85 0.9546875 0.865625 0.9703125 0.865625
2 0.9828125 0.865625 0.9640625 0.865625 0.9640625 0.8859375 0.9828125 0.8859375
4 0.9640625 0.884375 0.9546875 0.884375 0.9546875 0.896875 0.9640625 0.896875
2 0.984375 0.90625 0.9640625 0.90625 0.9640625 0.9328125 0.984375 0.9328125
2 0.99375 0.890625 0.9734375 0.890625 0.9734375 0.9140625 0.99375 0.9140625
2 0.8671875 0.878125 0.8515625 0.878125 0.8515625 0.9015625 0.8671875 0.9015625
4 0.834375 0.8578125 0.8234375 0.8578125 0.8234375 0.8703125 0.834375 0.8703125
3 0.8450696804914193 0.9210569002665696 0.8236929343750002 0.8979379609375002 0.8143889616402882 0.9065408064311056 0.8357657077567072 0.9296597457601751
2 0.8460550843322217 0.8885207502049722 0.8263488406249998 0.8681724140625 0.8183132023852109 0.8759544874658299 0.8380194460924327 0.8963028236083022
2 0.8279999934207879 0.8702290700560058 0.80867225625 0.8473678375 0.8002009791711672 0.854529770544489 0.819528716341955 0.8773910031004947
2 0.8299779639088964 0.8509759350378028 0.8105428 0.8309052125000003 0.8022373345286036 0.8389476774621979 0.8216724984375 0.8590184000000004
2 0.8111584457646692 0.8345736512190026 0.7918374140625 0.8131382750000002 0.7822431854853305 0.8217861472184975 0.8015642171874997 0.8432215234374999
2 0.7916567829442719 0.8109618680986369 0.7719956187499999 0.7897502750000003 0.763277101430728 0.7978315256513635 0.7829382656249999 0.8190431187500001
6 0.7722866844854902 0.7909025461859105 0.7387323640625001 0.7597219375 0.72687628895201 0.7724805897515897 0.7604306093750001 0.8036611984375002
2 0.7205073181929316 0.7708829879101579 0.7023895250000002 0.7557358937500002 0.6936244255570687 0.7662200339648424 0.7117422187500001 0.7813671281250001
6 0.7223757289847873 0.7474764900602906 0.6906986609375 0.7271087937499999 0.6810004132027125 0.7421920927522093 0.7126774812499999 0.7625597890625
2 0.6948616523526094 0.7491335823802565 0.6739946015624998 0.7382600484374997 0.6683531544174788 0.7490863689993895 0.6892202052075884 0.7599599029421463
0 0.6931297792980127 0.7282741504864955 0.6766133484375001 0.7155821703125002 0.6693560816394875 0.7250262557635049 0.6858725125000001 0.7377182359375002
2 0.7089400078608141 0.7182443556715743 0.6883977390625 0.70659459375 0.6816082508122066 0.7185666403531357 0.7021505196105207 0.7302164022747102
2 0.7245321201581361 0.7367963106444011 0.7077578078125 0.7167472234375004 0.6992564956837897 0.7238599494944575 0.7160308080294258 0.7439090367013583
2 0.7358409925925893 0.7698506519973269 0.7175354624999999 0.7506013359375001 0.7094243667824107 0.7583147480026733 0.7277298968750001 0.7775640640625001
0 0.7404929581810409 0.7525504567544322 0.7221182828125 0.7304625093749999 0.713657452756459 0.7375009635580678 0.7320321281249998 0.7595889109375
0 0.7547061140732281 0.7558118109158911 0.7376437437499999 0.7417802000000001 0.7297470156142718 0.7513825828341092 0.7468093859375 0.7654141937500001
2 0.7750314721841218 0.770175481901762 0.7548170234374999 0.7509342109375 0.746199904378378 0.759987163410738 0.7664143531249998 0.779228434375
4 0.6968750000000001 0.7515625 0.6906250000000002 0.7515625 0.6906250000000002 0.7578125 0.6968750000000001 0.7578125
4 0.6937500000000002 0.759375 0.6859375000000002 0.759375 0.6859375000000002 0.76875 0.6937500000000002 0.76875
4 0.6796875000000002 0.75 0.6703125000000002 0.75 0.6703125000000002 0.7625 0.6796875000000002 0.7625
4 0.5765625 0.4375 0.5640625 0.4375 0.5640625 0.4546875 0.5765625 0.4546875
4 0.5546875 0.421875 0.54375 0.421875 0.54375 0.4359375 0.5546875 0.4359375
4 0.5265625 0.4125 0.5140625 0.4125 0.5140625 0.4265625 0.5265625 0.4265625
4 0.5421875 0.3828125000000001 0.5328125 0.3828125000000001 0.5328125 0.3937500000000001 0.5421875 0.3937500000000001
0 0.5109375 0.4125 0.4953125 0.4125 0.4953125 0.421875 0.5109375 0.421875
4 0.4890625 0.428125 0.4796875 0.428125 0.4796875 0.4375 0.4890625 0.4375
4 0.48125 0.4421875 0.471875 0.4421875 0.471875 0.4546875 0.48125 0.4546875
0 0.565625 0.30156250000000007 0.559375 0.30156250000000007 0.559375 0.3156250000000001 0.565625 0.3156250000000001
2 0.575 0.24218750000000008 0.5640625 0.24218750000000008 0.5640625 0.2796875000000001 0.575 0.2796875000000001
0 0.55625 0.2984375000000001 0.5453125 0.2984375000000001 0.5453125 0.31718750000000007 0.55625 0.31718750000000007
0 0.6109375 0.2750000000000001 0.6015625 0.2750000000000001 0.6015625 0.29375000000000007 0.6109375 0.29375000000000007
0 0.609375 0.2453125000000001 0.5984375 0.2453125000000001 0.5984375 0.2671875000000001 0.609375 0.2671875000000001
2 0.6515625 0.2984375000000001 0.634375 0.2984375000000001 0.634375 0.3187500000000001 0.6515625 0.3187500000000001
4 0.6328125 0.4328125 0.6234375 0.4328125 0.6234375 0.4484375 0.6328125 0.4484375
4 0.628125 0.40625 0.61875 0.40625 0.61875 0.425 0.628125 0.425
4 0.625 0.3515625000000001 0.6125 0.3515625000000001 0.6125 0.3609375000000001 0.625 0.3609375000000001
4 0.696875 0.421875 0.6890625 0.421875 0.6890625 0.4375 0.696875 0.4375
4 0.6953125 0.403125 0.6859375 0.403125 0.6859375 0.41875 0.6953125 0.41875
4 0.69375 0.3812500000000001 0.684375 0.3812500000000001 0.684375 0.3906250000000001 0.69375 0.3906250000000001
0 0.6765625 0.4390625 0.6671875 0.4390625 0.6671875 0.459375 0.6765625 0.459375
2 0.66875 0.4078125 0.653125 0.4078125 0.653125 0.4359375 0.66875 0.4359375
2 0.684375 0.4125 0.66875 0.4125 0.66875 0.434375 0.684375 0.434375
2 0.81875 0.2312500000000001 0.7984375 0.2312500000000001 0.7984375 0.2609375000000001 0.81875 0.2609375000000001
2 0.8015625 0.1515625000000001 0.7921875 0.1515625000000001 0.7921875 0.17968750000000008 0.8015625 0.17968750000000008
2 0.821875 0.1609375000000001 0.8015625 0.1609375000000001 0.8015625 0.18750000000000008 0.821875 0.18750000000000008
2 0.83125 0.1218750000000001 0.8171875 0.1218750000000001 0.8171875 0.1593750000000001 0.83125 0.1593750000000001
4 0.8078125 0.1921875000000001 0.7984375 0.1921875000000001 0.7984375 0.2078125000000001 0.8078125 0.2078125000000001
2 0.88125 0.07031250000000011 0.8671875 0.07031250000000011 0.8671875 0.09843750000000011 0.88125 0.09843750000000011
3 0.8953125 0.06718750000000011 0.875 0.06718750000000011 0.875 0.10156250000000008 0.8953125 0.10156250000000008
4 0.9046875 0.07656250000000012 0.8953125 0.07656250000000012 0.8953125 0.09062500000000011 0.9046875 0.09062500000000011
4 0.8828125 0.16562500000000008 0.8734375 0.16562500000000008 0.8734375 0.18750000000000008 0.8828125 0.18750000000000008
4 0.934375 0.10781250000000013 0.925 0.10781250000000013 0.925 0.12343750000000013 0.934375 0.12343750000000013
2 0.921875 0.10468750000000011 0.9015625 0.10468750000000009 0.9015625 0.13125000000000012 0.921875 0.13125000000000014
4 0.9390625 0.020312500000000115 0.93125 0.020312500000000115 0.93125 0.034375000000000114 0.9390625 0.034375000000000114
4 0.95 0.014062500000000117 0.940625 0.014062500000000117 0.940625 0.025000000000000112 0.95 0.025000000000000112
2 0.5921875 0.1781250000000001 0.5765625 0.1781250000000001 0.5765625 0.2156250000000001 0.5921875 0.2156250000000001
2 0.5640625 0.03125000000000007 0.55 0.03125000000000007 0.55 0.07031250000000007 0.5640625 0.07031250000000007
2 0.6015625 0.04843750000000007 0.5828125 0.048437500000000064 0.5828125 0.07343750000000007 0.6015625 0.07343750000000007
4 0.6109375 0.046875000000000076 0.6046875 0.046875000000000076 0.6046875 0.057812500000000065 0.6109375 0.057812500000000065
2 0.5671875 0.1390625000000001 0.55625 0.1390625000000001 0.55625 0.1781250000000001 0.5671875 0.1781250000000001
4 0.4640625 0.6078125 0.453125 0.6078125 0.453125 0.6234375 0.4640625 0.6234375
4 0.22238793316664265 0.9637089141558871 0.2126798859375 0.9599222812500002 0.20067666995835745 0.9906957389691131 0.2103847171875001 0.9944823718750001
1 0.22860252877312354 0.9408779668714284 0.2148494642023667 0.929658284235264 0.16661799949174316 0.9887803173638353 0.18037106406249998 1
0 0.05122109062574145 0.9866415068723431 0.04362697381253362 0.9804444015034338 0.03187863281250003 0.9948411671875 0.03947274962570786 1.0010382725564093
2 0.058638612193473084 0.9493167973785926 0.048441370312500086 0.9430954312500001 0.031535197181527065 0.9708057979339075 0.04173243906250006 0.9770271640624999
4 0.06457820092233227 0.9545944093242467 0.059210982812500076 0.9515783640625 0.04978308189016793 0.9683558313007532 0.05515030000000012 0.9713718765625
0 0.07878018056429799 0.924166759828382 0.07102049731856339 0.9209955190403052 0.061858305816765526 0.9434144107744233 0.06961798906250012 0.9465856515625001
0 0.09251611668269324 0.915957398651847 0.08600339105893862 0.9124919798522966 0.07479375250124538 0.9335587843254496 0.081306478125 0.9370242031249999
0 0.10556915896754289 0.9396769143977519 0.09816716704125464 0.9335129028397595 0.08361347526121188 0.9509895587545077 0.09101546718750013 0.9571535703125
2 0.0932723666012862 0.9358169233001412 0.08548367045233336 0.9301950529626843 0.06899320697604709 0.9530414015375432 0.07678190312499993 0.9586632718750001
2 0.09259951832551856 0.9532690975135413 0.08486627553955062 0.9481742613441974 0.06970849627653211 0.9711816325806563 0.07744173906250004 0.9762764687500003
6 0.12266841619293753 0.8963636859263083 0.1102055002686531 0.8876897796020561 0.08012342001321562 0.9309125702382477 0.09258633593750006 0.9395864765624999
3 0.13669629925673105 0.8950530041265751 0.12677259516433703 0.8885358943818791 0.10556829434510609 0.9208240121303041 0.1154919984375001 0.9273411218750003
4 0.1140625000000001 0.871875 0.10468750000000009 0.871875 0.10468750000000009 0.884375 0.1140625000000001 0.884375
0 0.11718750000000008 0.8515625 0.10468750000000009 0.8515625 0.10468750000000009 0.8703125 0.11718750000000008 0.8703125
0 0.1312500000000001 0.8453125 0.12031250000000009 0.8453125 0.12031250000000009 0.8640625 0.1312500000000001 0.8640625
2 0.1312500000000001 0.86875 0.11562500000000009 0.86875 0.11562500000000009 0.89375 0.1312500000000001 0.89375
2 0.1453125000000001 0.871875 0.1281250000000001 0.871875 0.1281250000000001 0.8921875 0.1453125000000001 0.8921875
4 0.21875000000000008 0.7140625 0.21093750000000008 0.7140625 0.21093750000000008 0.725 0.21875000000000008 0.725
4 0.22656250000000008 0.7078125 0.22031250000000008 0.7078125 0.22031250000000008 0.71875 0.22656250000000008 0.71875
4 0.2328125000000001 0.6890625 0.2234375000000001 0.6890625 0.2234375000000001 0.7046875 0.2328125000000001 0.7046875
4 0.2390625000000001 0.6921875 0.2312500000000001 0.6921875 0.2312500000000001 0.709375 0.2390625000000001 0.709375
4 0.2500000000000001 0.6875 0.24218750000000008 0.6875 0.24218750000000008 0.696875 0.2500000000000001 0.696875
0 0.26250000000000007 0.6625 0.2515625000000001 0.6625 0.2515625000000001 0.678125 0.26250000000000007 0.678125
2 0.27031250000000007 0.6921875 0.2515625000000001 0.6921875 0.2515625000000001 0.71875 0.27031250000000007 0.71875
2 0.27812500000000007 0.65625 0.2609375000000001 0.65625 0.2609375000000001 0.68125 0.27812500000000007 0.68125
2 0.2875000000000001 0.6703125 0.2734375000000001 0.6703125 0.2734375000000001 0.6890625 0.2875000000000001 0.6890625
2 0.27812500000000007 0.6359375 0.26250000000000007 0.6359375 0.26250000000000007 0.65625 0.27812500000000007 0.65625
4 0.2890625000000001 0.6234375 0.2828125000000001 0.6234375 0.2828125000000001 0.6390625 0.2890625000000001 0.6390625
2 0.3000000000000001 0.6359375 0.2843750000000001 0.6359375 0.2843750000000001 0.6578125 0.3000000000000001 0.6578125
2 0.3187500000000001 0.628125 0.3046875000000001 0.628125 0.3046875000000001 0.6484375 0.3187500000000001 0.6484375
2 0.3453125000000001 0.5953125 0.3312500000000001 0.5953125 0.3312500000000001 0.615625 0.3453125000000001 0.615625
2 0.3703125000000001 0.5609375 0.3546875000000001 0.5609375 0.3546875000000001 0.5828125 0.3703125000000001 0.5828125
2 0.3515625000000001 0.5421875 0.3375000000000001 0.5421875 0.3375000000000001 0.5609375 0.3515625000000001 0.5609375
2 0.3703125000000001 0.51875 0.35625000000000007 0.51875 0.35625000000000007 0.5421875 0.3703125000000001 0.5421875
2 0.3859375000000001 0.5234375 0.37187500000000007 0.5234375 0.37187500000000007 0.5484375 0.3859375000000001 0.5484375
3 0.403125 0.54375 0.3828125000000001 0.54375 0.3828125000000001 0.571875 0.403125 0.571875
4 0.3437500000000001 0.5234375 0.3375000000000001 0.5234375 0.3375000000000001 0.5390625 0.3437500000000001 0.5390625
4 0.3515625000000001 0.46875 0.3468750000000001 0.46875 0.3468750000000001 0.4828125 0.3515625000000001 0.4828125
4 0.3734375000000001 0.4875 0.3671875000000001 0.4875 0.3671875000000001 0.4984375 0.3734375000000001 0.4984375
4 0.3843750000000001 0.4875 0.3750000000000001 0.4875 0.3750000000000001 0.4984375 0.3843750000000001 0.4984375
4 0.3968750000000001 0.478125 0.38750000000000007 0.478125 0.38750000000000007 0.4921875 0.3968750000000001 0.4921875
4 0.38750000000000007 0.509375 0.3765625000000001 0.509375 0.3765625000000001 0.5234375 0.38750000000000007 0.5234375
4 0.409375 0.496875 0.4015625 0.496875 0.4015625 0.5109375 0.409375 0.5109375
4 0.4078125 0.4828125 0.3984375000000001 0.4828125 0.3984375000000001 0.4953125 0.4078125 0.4953125
4 0.4203125 0.475 0.4125 0.475 0.4125 0.4921875 0.4203125 0.4921875
2 0.409375 0.5140625 0.3906250000000001 0.5140625 0.3906250000000001 0.540625 0.409375 0.540625
4 0.4328125 0.5171875 0.4265625 0.5171875 0.4265625 0.53125 0.4328125 0.53125
2 0.4328125 0.4875 0.4140625 0.4875 0.4140625 0.5125 0.4328125 0.5125
0 0.41875 0.4390625 0.4078125 0.4390625 0.4078125 0.453125 0.41875 0.453125
4 0.4421875 0.4703125 0.4328125 0.4703125 0.4328125 0.48125 0.4421875 0.48125
4 0.4546875 0.4609375 0.44375 0.4609375 0.44375 0.4671875 0.4546875 0.4671875
1 0.47668197174832444 0.42116531692171477 0.4635726011381792 0.40619439813477964 0.4159162872023548 0.4479249218380648 0.42902565781249996 0.462895840625
0 0.3531250000000001 0.4328125 0.3421875000000001 0.4328125 0.3421875000000001 0.4546875 0.3531250000000001 0.4546875
2 0.15142862591699022 0.842346473570873 0.14207284934607628 0.836273318587917 0.1238489156165861 0.864347532517044 0.13320469218750003 0.8704206875
2 0.16268088220774302 0.8561486180243991 0.1536661434455157 0.8498973059381061 0.13815729405027274 0.8722619269762071 0.14717203281250005 0.8785132390625001
2 0.16939630859378943 0.824464313453495 0.16072017548534187 0.8184602967395488 0.14358477157905258 0.8432218942235536 0.15226090468750014 0.8492259109375
2 0.16690719551579386 0.8102752658902286 0.15832425312500004 0.8035607890625001 0.14021319979670627 0.8267116809847715 0.1487961421875001 0.8334261578125002
2 0.17649277563034302 0.8328725493043183 0.16719613922657922 0.8266533536228481 0.1503269026587363 0.85186998400603 0.1596235390625001 0.8580891796875001
2 0.18305739229065768 0.7875660380875609 0.1739248411171379 0.7810622177459221 0.15677087226398037 0.8051495218458612 0.16590342343750014 0.8116533421875001
2 0.18708383258952438 0.801264037646987 0.17828739679661748 0.7953500350167138 0.1606800267070932 0.821539083307227 0.1694764625000001 0.8274530859375002
2 0.19110525657250177 0.8149978964803413 0.1822732819588561 0.8085406396509012 0.16584163788635445 0.8310151775455598 0.17467361250000013 0.837472434375
2 0.20586499555952636 0.7949832324979034 0.1968970536685893 0.7878305078239384 0.17882154248406298 0.8104932190760351 0.18778948437500004 0.81764594375
2 0.20279136568694062 0.7646342938888074 0.19367367896259374 0.7588635426229902 0.1787800757756532 0.7823951768591827 0.1878977625000001 0.788165928125
2 0.21534374133416226 0.7504506062654406 0.20699693266684155 0.7446115598576275 0.19240843039517935 0.765465553592187 0.2007552390625001 0.7713046000000001
2 0.23362745238671317 0.7293510407053253 0.2259121691886618 0.7235897627703001 0.20977080586444866 0.7452056595649748 0.21748608906250003 0.7509669375000001
1 0.25036226837642506 0.7318731657301799 0.23849960420999966 0.723466272621258 0.19490720458357463 0.784977938141078 0.20676986875000006 0.79338483125
2 0.25246842895239274 0.7013072170104827 0.24455633651745443 0.6956524704558081 0.22846121537756173 0.7181726815703255 0.23637330781250004 0.7238274281250001
0 0.3199625713685464 0.611299056083403 0.3129410421875001 0.6058277406250001 0.2994771395689537 0.6231064345415973 0.30649866875000004 0.62857775
2 0.357963672488268 0.5676074296615384 0.3487806421875 0.5612356031250001 0.331947305636732 0.5854956859634617 0.34113033593750003 0.5918675125000001
4 0.2984375000000001 0.621875 0.2890625000000001 0.621875 0.2890625000000001 0.6359375 0.2984375000000001 0.6359375
4 0.3296875000000001 0.596875 0.3218750000000001 0.596875 0.3218750000000001 0.6109375 0.3296875000000001 0.6109375
4 0.3296875000000001 0.5859375 0.3234375000000001 0.5859375 0.3234375000000001 0.596875 0.3296875000000001 0.596875
4 0.3375000000000001 0.571875 0.3312500000000001 0.571875 0.3312500000000001 0.584375 0.3375000000000001 0.584375