0 0.6609375 0.1906250000000001 0.6375 0.1906250000000001 0.6375 0.2218750000000001 0.6609375 0.2218750000000001
4 0.5796875 0.1750000000000001 0.5640625 0.1750000000000001 0.5640625 0.2000000000000001 0.5796875 0.2000000000000001
4 0.5828125 0.2531250000000001 0.565625 0.2531250000000001 0.565625 0.2828125000000001 0.5828125 0.2828125000000001
0 0.5109375 0.13281250000000006 0.4921875 0.13281250000000006 0.4921875 0.16406250000000006 0.5109375 0.16406250000000006
2 0.565625 0.06406250000000006 0.5453125 0.06406250000000006 0.5453125 0.09218750000000006 0.565625 0.09218750000000006
4 0.7 0.10937500000000008 0.6890625 0.10937500000000008 0.6890625 0.1375000000000001 0.7 0.1375000000000001
4 0.709375 0.10781250000000009 0.6984375 0.10781250000000009 0.6984375 0.1359375000000001 0.709375 0.1359375000000001
4 0.715625 0.1453125000000001 0.696875 0.1453125000000001 0.696875 0.1671875000000001 0.715625 0.1671875000000001
4 0.6859375 0.10468750000000009 0.6671875 0.10468750000000009 0.6671875 0.1390625000000001 0.6859375 0.1390625000000001
4 0.753125 0.22656250000000008 0.7359375 0.22656250000000008 0.7359375 0.2484375000000001 0.753125 0.2484375000000001
4 0.7765625 0.2156250000000001 0.759375 0.2156250000000001 0.759375 0.2406250000000001 0.7765625 0.2406250000000001
4 0.8109375 0.21093750000000008 0.7953125 0.21093750000000008 0.7953125 0.2390625000000001 0.8109375 0.2390625000000001
0 0.784375 0.19531250000000008 0.7640625 0.19531250000000008 0.7640625 0.2250000000000001 0.784375 0.2250000000000001
2 0.85 0.1515625000000001 0.8234375 0.1515625000000001 0.8234375 0.1828125000000001 0.85 0.1828125000000001
2 0.784375 0.1218750000000001 0.76875 0.1218750000000001 0.76875 0.1703125000000001 0.784375 0.1703125000000001
2 0.825 9.998093008663938e-17 0.8078125 9.892849924362213e-17 0.8078125 0.0406250000000001 0.825 0.0406250000000001
4 0.9015625 0.2156250000000001 0.8828125 0.2156250000000001 0.8828125 0.23593750000000008 0.9015625 0.23593750000000008
4 0.975 0.2078125000000001 0.9578125 0.2078125000000001 0.9578125 0.2375000000000001 0.975 0.2375000000000001
3 0.89375 0.15000000000000008 0.8734375 0.15000000000000008 0.8734375 0.18125000000000008 0.89375 0.18125000000000008
3 0.9359375 0.14843750000000014 0.9109375 0.14843750000000014 0.9109375 0.17812500000000014 0.9359375 0.17812500000000014
4 0.990625 0.40156250000000016 0.96875 0.40156250000000016 0.96875 0.43281250000000016 0.990625 0.43281250000000016
2 0.9875 0.3734375000000001 0.959375 0.3734375000000001 0.959375 0.4078125000000002 0.9875 0.4078125000000002
2 0.965625 0.3515625000000001 0.9359375 0.3515625000000001 0.9359375 0.3859375000000001 0.965625 0.3859375000000001
3 0.9421875 0.3390625000000001 0.9140625 0.3390625000000001 0.9140625 0.3765625000000001 0.9421875 0.3765625000000001
1 0.965625 0.3765625000000001 0.9046875 0.3765625000000001 0.9046875 0.4156250000000002 0.965625 0.4156250000000002
1 0.9125 0.3750000000000001 0.840625 0.3750000000000001 0.840625 0.4156250000000002 0.9125 0.4156250000000002
1 0.8421875 0.3703125000000001 0.765625 0.3703125000000001 0.765625 0.4109375000000002 0.8421875 0.4109375000000002
2 0.8453125 0.3453125000000001 0.8171875 0.3453125000000001 0.8171875 0.3734375000000001 0.8453125 0.3734375000000001
2 0.871875 0.3500000000000001 0.840625 0.3500000000000001 0.840625 0.3812500000000001 0.871875 0.3812500000000001
4 0.878125 0.3703125000000001 0.8546875 0.3703125000000001 0.8546875 0.39531250000000007 0.878125 0.39531250000000007
4 0.8140625 0.4000000000000002 0.790625 0.4000000000000002 0.790625 0.4265625000000002 0.8140625 0.4265625000000002
4 0.828125 0.44062500000000016 0.8125 0.44062500000000016 0.8125 0.4625000000000002 0.828125 0.4625000000000002
0 0.94375 0.4078125000000002 0.9125 0.4078125000000002 0.9125 0.4421875000000002 0.94375 0.4421875000000002
2 0.7890625 0.4156250000000002 0.7578125 0.4156250000000002 0.7578125 0.4500000000000002 0.7890625 0.4500000000000002
4 0.7734375 0.40156250000000016 0.7546875 0.40156250000000016 0.7546875 0.4265625000000002 0.7734375 0.4265625000000002
2 0.9234375 0.3453125000000001 0.8921875 0.3453125000000001 0.8921875 0.3812500000000001 0.9234375 0.3812500000000001
2 0.896875 0.3453125000000001 0.865625 0.3453125000000001 0.865625 0.3765625000000001 0.896875 0.3765625000000001
6 0.821875 0.3468750000000001 0.7890625 0.3468750000000001 0.7890625 0.3781250000000001 0.821875 0.3781250000000001
0 0.790625 0.3500000000000001 0.7671875 0.3500000000000001 0.7671875 0.3828125000000001 0.790625 0.3828125000000001
2 0.7671875 0.3453125000000001 0.7375 0.3453125000000001 0.7375 0.3765625000000001 0.7671875 0.3765625000000001
6 0.7625 0.3671875000000001 0.71875 0.3671875000000001 0.71875 0.4000000000000001 0.7625 0.4000000000000002
4 0.7453125 0.3906250000000001 0.728125 0.3906250000000001 0.728125 0.4156250000000002 0.7453125 0.4156250000000002
4 0.7375 0.4062500000000001 0.721875 0.40625 0.721875 0.4250000000000001 0.7375 0.42500000000000016
2 0.725 0.3453125000000001 0.696875 0.3453125000000001 0.696875 0.3734375000000001 0.725 0.3734375000000001
4 0.6984375 0.35625000000000007 0.6828125 0.35625000000000007 0.6828125 0.3750000000000001 0.6984375 0.3750000000000001
4 0.709375 0.3625000000000001 0.6921875 0.3625000000000001 0.6921875 0.3859375000000001 0.709375 0.3859375000000001
4 0.7140625 0.3781250000000001 0.7 0.3781250000000001 0.7 0.4015625 0.7140625 0.4015625
4 0.7109375 0.4078125 0.69375 0.4078125 0.69375 0.428125 0.7109375 0.428125
2 0.721875 0.3906250000000001 0.6953125 0.3906250000000001 0.6953125 0.41875 0.721875 0.41875
4 0.71875 0.428125 0.7 0.428125 0.7 0.4578125 0.71875 0.4578125
4 0.696875 0.434375 0.678125 0.434375 0.678125 0.45625 0.696875 0.45625
4 0.6859375 0.434375 0.671875 0.434375 0.671875 0.45625 0.6859375 0.45625
4 0.69375 0.4078125 0.6796875 0.4078125 0.6796875 0.4234375 0.69375 0.4234375
4 0.6984375 0.3937500000000001 0.6796875 0.3937500000000001 0.6796875 0.415625 0.6984375 0.415625
4 0.6890625 0.3921875000000001 0.6734375 0.3921875000000001 0.6734375 0.4109375 0.6890625 0.4109375
4 0.68125 0.4078125 0.665625 0.4078125 0.665625 0.4265625 0.68125 0.4265625
2 0.6421875 0.428125 0.6203125 0.428125 0.6203125 0.459375 0.6421875 0.459375
2 0.678125 0.4203125 0.6484375 0.4203125 0.6484375 0.4484375 0.678125 0.4484375
0 0.6484375 0.4109375 0.621875 0.4109375 0.621875 0.4328125 0.6484375 0.4328125
0 0.6421875 0.3937500000000001 0.621875 0.3937500000000001 0.621875 0.415625 0.6421875 0.415625
2 0.6546875 0.3656250000000001 0.625 0.3656250000000001 0.625 0.3921875000000001 0.6546875 0.3921875000000001
2 0.6609375 0.3468750000000001 0.6359375 0.3468750000000001 0.6359375 0.3750000000000001 0.6609375 0.3750000000000001
4 0.634375 0.34843750000000007 0.61875 0.34843750000000007 0.61875 0.3656250000000001 0.634375 0.3656250000000001
4 0.6390625 0.3359375000000001 0.6234375 0.3359375000000001 0.6234375 0.3546875000000001 0.6390625 0.3546875000000001
4 0.65625 0.3921875000000001 0.640625 0.3921875000000001 0.640625 0.4125 0.65625 0.4125
4 0.6609375 0.3828125000000001 0.640625 0.3828125000000001 0.640625 0.4046875 0.6609375 0.4046875
4 0.6703125 0.3859375000000001 0.65625 0.3859375000000001 0.65625 0.40625 0.6703125 0.40625
4 0.659375 0.4078125 0.6453125 0.4078125 0.6453125 0.4296875 0.659375 0.4296875
4 0.66875 0.4125 0.6546875 0.4125 0.6546875 0.428125 0.66875 0.428125
4 0.6703125 0.4 0.653125 0.4 0.653125 0.415625 0.6703125 0.415625
2 0.68125 0.3703125000000001 0.6546875 0.3703125000000001 0.6546875 0.3937500000000001 0.68125 0.3937500000000001
2 0.690625 0.3500000000000001 0.6625 0.3500000000000001 0.6625 0.3765625000000001 0.690625 0.3765625000000001
2 0.70625 0.3734375000000001 0.68125 0.3734375000000001 0.68125 0.4 0.70625 0.4
4 0.553125 0.3421875000000001 0.5390625 0.3421875000000001 0.5390625 0.3687500000000001 0.553125 0.3687500000000001
4 0.5625 0.3125000000000001 0.5484375 0.3125000000000001 0.5484375 0.3359375000000001 0.5625 0.3359375000000001
4 0.5546875 0.2953125000000001 0.5390625 0.2953125000000001 0.5390625 0.3156250000000001 0.5546875 0.3156250000000001
4 0.5421875 0.2828125000000001 0.528125 0.2828125000000001 0.528125 0.30937500000000007 0.5421875 0.30937500000000007
4 0.5328125 0.2765625000000001 0.51875 0.2765625000000001 0.51875 0.30156250000000007 0.5328125 0.30156250000000007
4 0.50625 0.3375000000000001 0.4921875 0.3375000000000001 0.4921875 0.3593750000000001 0.50625 0.3593750000000001
2 0.5375 0.3375000000000001 0.51875 0.3375000000000001 0.51875 0.3765625000000001 0.5375 0.3765625000000001
2 0.51875 0.34062500000000007 0.4984375 0.34062500000000007 0.4984375 0.3906250000000001 0.51875 0.3906250000000001
4 0.496875 0.3843750000000001 0.4828125 0.3843750000000001 0.4828125 0.4125 0.496875 0.4125
4 0.4875 0.33281250000000007 0.475 0.33281250000000007 0.475 0.3546875000000001 0.4875 0.3546875000000001
2 0.53125 0.4125 0.5078125 0.4125 0.5078125 0.45625 0.53125 0.45625
2 0.49375 0.43125 0.475 0.43125 0.475 0.478125 0.49375 0.478125
2 0.50625 0.425 0.4875 0.425 0.4875 0.4734375 0.50625 0.4734375
4 0.5109375 0.4375 0.5015625 0.4375 0.5015625 0.4640625 0.5109375 0.4640625
4 0.5078125 0.4625 0.4984375 0.4625 0.4984375 0.484375 0.5078125 0.484375
4 0.465625 0.2000000000000001 0.453125 0.2000000000000001 0.453125 0.2312500000000001 0.465625 0.2312500000000001
3 0.428125 0.3281250000000001 0.4046875 0.3281250000000001 0.4046875 0.3593750000000001 0.428125 0.3593750000000001
2 0.4359375 0.37968750000000007 0.4125 0.37968750000000007 0.4125 0.4234375 0.4359375 0.4234375
2 0.45625 0.428125 0.4359375 0.428125 0.4359375 0.4734375 0.45625 0.4734375
2 0.46875 0.471875 0.45 0.471875 0.45 0.5203125 0.46875 0.5203125
4 0.471875 0.5453125 0.459375 0.5453125 0.459375 0.5703125 0.471875 0.5703125
4 0.4796875 0.5359375 0.4671875 0.5359375 0.4671875 0.5625 0.4796875 0.5625
4 0.509375 0.5421875 0.5 0.5421875 0.5 0.5671875 0.509375 0.5671875
2 0.49375 0.521875 0.475 0.521875 0.475 0.5765625 0.49375 0.5765625
2 0.5 0.4765625 0.48125 0.4765625 0.48125 0.5265625 0.5 0.5265625
2 0.5140625 0.484375 0.4984375 0.484375 0.4984375 0.5328125 0.5140625 0.5328125
0 0.490625 0.584375 0.4765625 0.584375 0.4765625 0.61875 0.490625 0.61875
2 0.4765625 0.6140625 0.4625 0.6140625 0.4625 0.6546875 0.4765625 0.6546875
2 0.4890625 0.6234375 0.4703125 0.6234375 0.4703125 0.665625 0.4890625 0.665625
2 0.503125 0.6109375 0.4875 0.6109375 0.4875 0.6609375 0.503125 0.6609375
4 0.503125 0.653125 0.4890625 0.653125 0.4890625 0.6765625 0.503125 0.6765625
2 0.4953125 0.6609375 0.478125 0.6609375 0.478125 0.7125 0.4953125 0.7125
2 0.45625 0.678125 0.4421875 0.678125 0.4421875 0.7234375 0.45625 0.7234375
2 0.4703125 0.671875 0.4546875 0.671875 0.4546875 0.7234375 0.4703125 0.7234375
2 0.4765625000000001 0.7015625 0.4625 0.7015625 0.4625000000000001 0.7453125 0.47656250000000017 0.7453125
2 0.4906250000000001 0.7203125 0.471875 0.7203125 0.4718750000000001 0.76875 0.4906250000000002 0.76875
3 0.4625000000000002 0.734375 0.4468750000000002 0.734375 0.4468750000000002 0.76875 0.4625000000000002 0.76875
3 0.4593750000000002 0.76875 0.4437500000000002 0.76875 0.4437500000000002 0.8078125 0.4593750000000002 0.8078125
2 0.47187500000000016 0.7484375 0.45625000000000016 0.7484375 0.45625000000000016 0.8 0.47187500000000016 0.8
4 0.4750000000000002 0.7734375 0.46406250000000016 0.7734375 0.46406250000000016 0.8 0.4750000000000002 0.8
2 0.4906250000000002 0.771875 0.47187500000000016 0.771875 0.47187500000000016 0.815625 0.4906250000000002 0.815625
0 0.47187500000000016 0.8078125 0.45625000000000016 0.8078125 0.45625000000000016 0.84375 0.47187500000000016 0.84375
2 0.47968750000000016 0.815625 0.46093750000000017 0.815625 0.46093750000000017 0.8609375 0.47968750000000016 0.8609375
2 0.46093750000000017 0.8375 0.44531250000000017 0.8375 0.44531250000000017 0.884375 0.46093750000000017 0.884375
2 0.46875000000000017 0.853125 0.4546875000000002 0.853125 0.4546875000000002 0.9046875 0.46875000000000017 0.9046875
2 0.4812500000000002 0.8546875 0.4671875000000002 0.8546875 0.4671875000000002 0.90625 0.4812500000000002 0.90625
3 0.45312500000000017 0.90625 0.4390625000000002 0.90625 0.4390625000000002 0.95625 0.45312500000000017 0.95625
2 0.46875000000000017 0.9015625 0.4500000000000002 0.9015625 0.4500000000000002 0.946875 0.46875000000000017 0.946875
2 0.47656250000000017 0.9296875 0.4578125000000002 0.9296875 0.4578125000000002 0.975 0.47656250000000017 0.975
0 0.40625 0.22031250000000008 0.3875 0.22031250000000008 0.3875 0.2468750000000001 0.40625 0.2468750000000001
0 0.425 0.2156250000000001 0.4 0.2156250000000001 0.4 0.24218750000000008 0.425 0.24218750000000008
2 0.4234375 0.19375000000000003 0.4 0.19375000000000003 0.4 0.21875000000000008 0.4234375 0.21875000000000008
4 0.340625 0.14531250000000004 0.3203125 0.14531250000000004 0.3203125 0.16718750000000004 0.340625 0.16718750000000004
0 0.278125 0.2015625 0.259375 0.2015625 0.259375 0.23125 0.278125 0.23125
2 0.2296875 0.15468750000000003 0.2046875 0.15468750000000003 0.2046875 0.18125000000000005 0.2296875 0.18125000000000005
2 0.12187500000000004 0.184375 0.09531250000000002 0.184375 0.09531250000000002 0.2125 0.12187500000000004 0.2125
0 0.04687500000000001 0.017187500000000005 0.0265625 0.017187500000000005 0.026562500000000006 0.05 0.046875000000000014 0.05
4 0.029687500000000012 0.0546875 0.014062500000000006 0.0546875 0.014062500000000009 0.0828125 0.029687500000000012 0.0828125
4 0.01562500000000001 0.071875 8.802148868871602e-18 0.071875 9.950255243072246e-18 0.090625 0.01562500000000001 0.090625
4 0.012500000000000011 0.078125 9.567553118338697e-18 0.078125 1.0907010554906114e-17 0.1 0.012500000000000011 0.1
2 0.10000000000000009 0.56875 0.07500000000000007 0.56875 0.07500000000000007 0.59375 0.10000000000000009 0.59375
2 0.056250000000000064 0.5640625 0.03125000000000007 0.5640625 0.03125000000000007 0.5921875 0.056250000000000064 0.5921875
2 0.050000000000000065 0.590625 0.023437500000000073 0.590625 0.023437500000000076 0.6171875 0.050000000000000065 0.6171875
2 0.04687500000000008 0.6796875 0.023437500000000083 0.6796875 0.023437500000000087 0.703125 0.04687500000000009 0.703125
2 0.628125 7.577502069724248e-17 0.609375 7.462691432304184e-17 0.609375 0.02656250000000008 0.628125 0.02656250000000008
2 0.54375 6.553773886062008e-17 0.5265625 6.448530801760282e-17 0.5265625 0.023437500000000066 0.54375 0.023437500000000066
2 0.7125 0.4203125 0.684375 0.4203125 0.684375 0.446875 0.7125 0.446875
4 0.6390625 0.4046875 0.621875 0.4046875 0.621875 0.4234375 0.6390625 0.4234375
4 0.6484375 0.3859375000000001 0.6328125 0.3859375000000001 0.6328125 0.4078125 0.6484375 0.4078125
4 0.5046875 0.48125 0.4921875 0.48125 0.4921875 0.5078125 0.5046875 0.5078125
6 0.3578125000000001 0.403125 0.3312500000000001 0.403125 0.3312500000000001 0.4328125 0.3578125000000001 0.4328125
4 0.3359375000000001 0.421875 0.3218750000000001 0.421875 0.3218750000000001 0.4359375 0.3359375000000001 0.4359375
4 0.3078125000000001 0.58125 0.29375000000000007 0.58125 0.29375000000000007 0.6015625 0.3078125000000001 0.6015625
4 0.3046875000000001 0.590625 0.2921875000000001 0.590625 0.2921875000000001 0.6078125 0.3046875000000001 0.6078125
4 0.30156250000000007 0.6 0.2906250000000001 0.6 0.2906250000000001 0.6234375 0.30156250000000007 0.6234375