4 0.89375 0.5125000000000002 0.8796875 0.5125000000000002 0.8796875 0.5296875000000002 0.89375 0.5296875000000002
4 0.64375 0.5234375 0.6296875 0.5234375 0.6296875 0.540625 0.64375 0.540625
4 0.4546875 0.403125 0.4375 0.403125 0.4375 0.41875 0.4546875 0.41875
4 0.409375 0.55625 0.39531250000000007 0.55625 0.39531250000000007 0.575 0.409375 0.575
4 0.3578125000000001 0.5640625 0.3390625000000001 0.5640625 0.3390625000000001 0.578125 0.3578125000000001 0.578125
4 0.22031250000000008 0.56875 0.20468750000000008 0.56875 0.20468750000000008 0.5828125 0.22031250000000008 0.5828125
4 0.19687500000000008 0.546875 0.1828125000000001 0.546875 0.1828125000000001 0.5609375 0.19687500000000008 0.5609375
4 0.26406250000000003 0.3609375 0.253125 0.3609375 0.25312500000000004 0.371875 0.2640625000000001 0.371875
4 0.039062500000000035 0.2734375 0.032812500000000036 0.2734375 0.032812500000000036 0.2953125 0.039062500000000035 0.2953125
4 0.009375000000000034 0.265625 0.003125000000000032 0.265625 0.003125000000000033 0.2875 0.009375000000000036 0.2875
4 0.046875000000000035 0.2765625 0.039062500000000035 0.2765625 0.039062500000000035 0.2953125 0.046875000000000035 0.2953125
4 0.025 2.4875638107680615e-18 0.015625 1.9135106236677394e-18 0.015625 0.018750000000000003 0.025 0.018750000000000006
4 0.0140625 1.1481063742006436e-18 0.0046875 5.740531871003218e-19 0.004687500000000001 0.010937500000000001 0.0140625 0.010937500000000003
2 0.021875000000000002 0.021875 0.006250000000000003 0.021875 0.0062500000000000056 0.065625 0.021875000000000006 0.065625
2 0.0765625 0.023437500000000007 0.0609375 0.023437500000000007 0.0609375 0.0703125 0.0765625 0.0703125
2 0.084375 0.059375 0.0734375 0.059375 0.07343750000000002 0.0984375 0.08437500000000002 0.0984375
2 0.07187500000000001 0.0765625 0.053125 0.0765625 0.05312500000000001 0.1109375 0.07187500000000002 0.1109375
2 0.05468750000000002 0.1125 0.039062500000000014 0.1125 0.039062500000000014 0.1578125 0.05468750000000002 0.1578125
2 0.06250000000000003 0.1328125 0.050000000000000024 0.1328125 0.050000000000000024 0.175 0.06250000000000003 0.175
2 0.03750000000000002 0.165625 0.025000000000000022 0.165625 0.025000000000000022 0.209375 0.03750000000000002 0.209375
2 0.051562500000000025 0.178125 0.03906250000000002 0.178125 0.03906250000000002 0.21875 0.051562500000000025 0.21875
2 0.02812500000000003 0.2140625 0.010937500000000025 0.2140625 0.010937500000000029 0.2625 0.028125000000000032 0.2625
2 0.045312500000000026 0.221875 0.02812500000000002 0.221875 0.02812500000000003 0.2609375 0.04531250000000003 0.2609375
2 0.007812500000000038 0.2890625 3.539994653785318e-17 0.2890625 3.788751034862124e-17 0.3296875 0.007812500000000042 0.3296875
2 0.16250000000000003 0.2421875 0.14218750000000005 0.2421875 0.14218750000000005 0.2796875 0.16250000000000003 0.2796875
2 0.14218750000000005 0.3578125 0.12031250000000004 0.3578125 0.12031250000000004 0.390625 0.14218750000000005 0.390625
2 0.5125 0.3531250000000001 0.4859375 0.3531250000000001 0.4859375 0.37968750000000007 0.5125 0.37968750000000007
2 0.790625 0.4859375000000002 0.7609375 0.4859375000000002 0.7609375 0.5125000000000002 0.790625 0.5125000000000002
2 0.99375 0.3234375000000001 0.9671875 0.3234375000000001 0.9671875 0.34843750000000007 0.99375 0.34843750000000007
2 0.78125 0.1593750000000001 0.7546875 0.1593750000000001 0.7546875 0.18906250000000008 0.78125 0.18906250000000008
2 0.790625 0.2390625000000001 0.7625 0.2390625000000001 0.7625 0.2687500000000001 0.790625 0.2687500000000001
0 1 0.4781250000000002 0.975 0.4781250000000002 0.975 0.5031250000000002 1 0.5031250000000002
0 0.7640625 0.3687500000000001 0.7453125 0.3687500000000001 0.7453125 0.3937500000000001 0.7640625 0.3937500000000001
0 0.20312500000000008 0.3640625 0.18281250000000004 0.3640625 0.18281250000000004 0.3859375 0.20312500000000008 0.3859375
0 0.032812500000000036 0.265625 0.018750000000000034 0.265625 0.018750000000000037 0.2953125 0.032812500000000036 0.2953125
0 0.090625 0.025000000000000012 0.0765625 0.025000000000000012 0.0765625 0.05625 0.090625 0.05625
6 0.08281250000000004 0.2921875 0.05468750000000004 0.2921875 0.05468750000000004 0.3640625 0.08281250000000004 0.3640625
6 0.4875 0.5734375 0.440625 0.5734375 0.440625 0.603125 0.4875 0.603125
0 0.3000000000000001 0.4515625 0.2750000000000001 0.4515625 0.2750000000000001 0.478125 0.3000000000000001 0.478125