6 0.4187500000000002 0.76875 0.3687500000000001 0.76875 0.3687500000000001 0.8125 0.4187500000000002 0.8125
3 0.2296875000000001 0.828125 0.18750000000000008 0.828125 0.18750000000000008 0.8640625 0.2296875000000001 0.8640625
2 0.1765625000000001 0.6828125 0.1468750000000001 0.6828125 0.1468750000000001 0.7109375 0.1765625000000001 0.7109375
2 0.3375000000000001 0.65625 0.3062500000000001 0.65625 0.3062500000000001 0.690625 0.3375000000000001 0.690625
0 0.22031250000000008 0.671875 0.19687500000000008 0.671875 0.19687500000000008 0.703125 0.22031250000000008 0.703125
4 0.1312500000000001 0.7578125 0.11093750000000009 0.7578125 0.11093750000000009 0.7859375 0.1312500000000001 0.7859375
4 0.09843750000000011 0.859375 0.07812500000000011 0.859375 0.07812500000000011 0.89375 0.09843750000000011 0.89375
4 0.03125000000000011 0.90625 0.012500000000000112 0.90625 0.012500000000000113 0.93125 0.03125000000000011 0.93125
4 0.5578125000000002 0.9 0.5390625000000002 0.9 0.5390625000000002 0.928125 0.5578125000000002 0.928125
4 0.1890625000000001 0.896875 0.17343750000000008 0.896875 0.1734375000000001 0.925 0.18906250000000013 0.925
2 0.540625 0.603125 0.5171875 0.603125 0.5171875 0.6546875 0.540625 0.6546875
4 0.7109375000000002 0.884375 0.6953125000000002 0.884375 0.6953125000000002 0.9078125 0.7109375000000002 0.9078125
2 0.7921875000000002 0.7921875000000002 0.7656250000000002 0.7921875000000002 0.7656250000000002 0.8203125 0.7921875000000002 0.8203125
4 0.7937500000000002 0.7437500000000001 0.7812500000000002 0.7437500000000001 0.7812500000000002 0.7640625000000002 0.7937500000000002 0.7640625000000002
2 0.803125 0.7625000000000002 0.7781250000000002 0.7625000000000002 0.7781250000000002 0.7828125000000001 0.803125 0.7828125000000001
2 0.95625 0.7921875000000002 0.9296875 0.7921875000000002 0.9296875 0.8203125 0.95625 0.8203125
4 0.903125 0.875 0.8859375 0.875 0.8859375 0.903125 0.903125 0.903125
4 0.8421875 0.8640625 0.821875 0.8640625 0.821875 0.8921875 0.8421875 0.8921875
4 0.8125 0.85 0.7953125000000002 0.85 0.7953125000000002 0.8796875 0.8125 0.8796875
4 0.846875 0.7796875000000002 0.83125 0.7796875000000002 0.83125 0.8 0.846875 0.8
4 0.5265625 0.2796875000000001 0.5171875 0.2796875000000001 0.5171875 0.30937500000000007 0.5265625 0.30937500000000007
4 0.4796875 0.05937500000000007 0.46875 0.05937500000000007 0.46875 0.08906250000000007 0.4796875 0.08906250000000007
4 0.465625 0.050000000000000065 0.459375 0.050000000000000065 0.459375 0.07500000000000007 0.465625 0.07500000000000007
4 0.475 0.004687500000000058 0.4671875 0.004687500000000057 0.4671875 0.029687500000000054 0.475 0.029687500000000054
4 0.025000000000000105 0.8484375 0.004687500000000104 0.8484375 0.004687500000000106 0.8734375 0.025000000000000112 0.8734375
6 0.023437500000000097 0.7890625 9.663228649522084e-17 0.7890625 9.84501215877052e-17 0.81875 0.0234375000000001 0.81875