4 0.08593750000000008 0.75 0.0671875000000001 0.75 0.0671875000000001 0.7640625 0.08593750000000008 0.7640625
0 0.06562500000000009 0.696875 0.04531250000000009 0.696875 0.04531250000000009 0.7140625 0.06562500000000009 0.7140625
0 0.07656250000000009 0.653125 0.06093750000000009 0.653125 0.06093750000000009 0.6703125 0.07656250000000009 0.6703125
0 0.07500000000000008 0.6328125 0.06406250000000006 0.6328125 0.06406250000000008 0.6484375 0.0750000000000001 0.6484375
0 0.27812500000000007 0.7421875 0.2593750000000001 0.7421875 0.2593750000000001 0.759375 0.27812500000000007 0.759375
0 0.23593750000000008 0.5890625 0.2171875000000001 0.5890625 0.2171875000000001 0.5984375 0.23593750000000008 0.5984375
0 0.24375000000000008 0.559375 0.2296875000000001 0.559375 0.2296875000000001 0.5765625 0.24375000000000008 0.5765625
0 0.27031250000000007 0.5734375 0.25468750000000007 0.5734375 0.25468750000000007 0.590625 0.27031250000000007 0.590625
0 0.31718750000000007 0.55 0.3031250000000001 0.55 0.3031250000000001 0.5671875 0.31718750000000007 0.5671875
0 0.3671875000000001 0.6046875 0.34843750000000007 0.6046875 0.34843750000000007 0.625 0.3671875000000001 0.625
4 0.3812500000000001 0.5328125 0.3656250000000001 0.5328125 0.3656250000000001 0.546875 0.3812500000000001 0.546875
0 0.3750000000000001 0.5140625 0.3593750000000001 0.5140625 0.3593750000000001 0.528125 0.3750000000000001 0.528125
0 0.48125 0.428125 0.4625 0.428125 0.4625 0.44375 0.48125 0.44375
0 0.4796875 0.446875 0.465625 0.446875 0.465625 0.4609375 0.4796875 0.4609375
2 0.40625 0.5140625 0.38750000000000007 0.5140625 0.38750000000000007 0.5328125 0.40625 0.5328125
0 0.4796875 0.4875 0.459375 0.4875 0.459375 0.503125 0.4796875 0.503125
0 0.4625 0.4578125 0.446875 0.4578125 0.446875 0.475 0.4625 0.475
3 0.4875 0.64375 0.471875 0.64375 0.471875 0.6671875 0.4875 0.6671875
0 0.4515625 0.6328125 0.4375 0.6328125 0.4375 0.6546875 0.4515625 0.6546875
4 0.4640625 0.421875 0.4546875 0.421875 0.4546875 0.4359375 0.4640625 0.4359375
4 0.6265625 0.5015625 0.615625 0.5015625 0.615625 0.525 0.6265625 0.525
0 0.5640625 0.60625 0.55 0.60625 0.55 0.621875 0.5640625 0.621875
0 0.525 0.6515625 0.5109375 0.6515625 0.5109375 0.6703125 0.525 0.6703125
0 0.6937500000000002 0.7625 0.6828125000000002 0.7625 0.6828125000000002 0.7890625 0.6937500000000002 0.7890625
0 0.7609375 0.6375000000000002 0.7453125 0.6375000000000002 0.7453125 0.6562500000000002 0.7609375 0.6562500000000002
3 0.7328125000000002 0.821875 0.7140625000000002 0.821875 0.7140625000000002 0.846875 0.7328125000000002 0.846875
2 0.878125 0.8265625 0.8578125 0.8265625 0.8578125 0.8546875 0.878125 0.8546875
0 0.9828125 0.9 0.965625 0.9 0.965625 0.91875 0.9828125 0.91875
0 0.7125 0.428125 0.7 0.428125 0.7 0.446875 0.7125 0.446875
4 0.7296875 0.3937500000000001 0.71875 0.3937500000000001 0.71875 0.4203125000000001 0.7296875 0.4203125000000002
0 0.725 0.453125 0.7140625 0.453125 0.7140625 0.4703125 0.725 0.4703125
0 0.7140625 0.46875 0.7015625 0.46875 0.7015625 0.4953125 0.7140625 0.4953125
0 0.7015625 0.4734375 0.6921875 0.4734375 0.6921875 0.490625 0.7015625 0.490625
0 0.7890625 0.3609375000000001 0.7765625 0.3609375000000001 0.7765625 0.3843750000000001 0.7890625 0.3843750000000001
0 0.765625 0.4125000000000002 0.7546875 0.4125000000000002 0.7546875 0.4312500000000002 0.765625 0.4312500000000002
0 0.7765625 0.40625000000000017 0.7640625 0.40625000000000017 0.7640625 0.43281250000000016 0.7765625 0.43281250000000016
0 0.759375 0.4828125000000002 0.7484375 0.4828125000000002 0.7484375 0.5109375000000002 0.759375 0.5109375000000002
0 0.6234375 0.26250000000000007 0.6125 0.26250000000000007 0.6125 0.2812500000000001 0.6234375 0.2812500000000001
0 0.575 0.34843750000000007 0.5640625 0.34843750000000007 0.5640625 0.3687500000000001 0.575 0.3687500000000001
0 0.7046875 0.1937500000000001 0.690625 0.1937500000000001 0.690625 0.2171875000000001 0.7046875 0.2171875000000001
2 0.7859375 0.050000000000000086 0.765625 0.050000000000000086 0.765625 0.08750000000000009 0.7859375 0.08750000000000009
0 0.74375 0.20312500000000008 0.7296875 0.20312500000000008 0.7296875 0.2250000000000001 0.74375 0.2250000000000001
0 0.7125 0.2609375000000001 0.6984375 0.2609375000000001 0.6984375 0.2843750000000001 0.7125 0.2843750000000001
0 0.8828125 0.10312500000000009 0.86875 0.10312500000000009 0.86875 0.1218750000000001 0.8828125 0.1218750000000001
0 0.3390625000000001 0.49375 0.3281250000000001 0.49375 0.3281250000000001 0.509375 0.3390625000000001 0.509375
0 0.29375000000000007 0.4640625 0.2750000000000001 0.4640625 0.2750000000000001 0.4875 0.29375000000000007 0.4875
0 0.50625 0.4390625 0.490625 0.4390625 0.490625 0.4578125 0.50625 0.4578125
2 0.11875 0.1125 0.09687500000000002 0.1125 0.09687500000000002 0.1421875 0.11875 0.1421875
3 0.17812500000000003 0.309375 0.15937500000000004 0.309375 0.15937500000000004 0.3328125 0.17812500000000003 0.3328125
0 0.15937500000000004 0.315625 0.14218750000000005 0.315625 0.14218750000000005 0.3375 0.15937500000000004 0.3375
4 0.21250000000000008 0.3703125 0.19843750000000004 0.3703125 0.19843750000000004 0.38125 0.21250000000000008 0.38125
3 0.3046875 0.2921875 0.2828125 0.2921875 0.2828125 0.31875 0.3046875 0.31875
3 0.490625 0.38750000000000007 0.4765625 0.38750000000000007 0.4765625 0.4015625 0.490625 0.4015625
4 0.48125 0.3703125000000001 0.4703125 0.3703125000000001 0.4703125 0.3828125000000001 0.48125 0.3828125000000001
4 0.45 0.415625 0.440625 0.415625 0.440625 0.43125 0.45 0.43125
4 0.34375 0.325 0.334375 0.325 0.334375 0.3359375 0.34375 0.3359375
0 0.4125 0.3625000000000001 0.4 0.3625000000000001 0.4 0.37968750000000007 0.4125 0.37968750000000007
4 0.4296875 0.3625000000000001 0.4203125 0.3625000000000001 0.4203125 0.3765625000000001 0.4296875 0.3765625000000001
4 0.3750000000000001 0.3765625000000001 0.3656250000000001 0.3765625000000001 0.3656250000000001 0.3906250000000001 0.3750000000000001 0.3906250000000001
4 0.4421875 0.3781250000000001 0.43125 0.3781250000000001 0.43125 0.3906250000000001 0.4421875 0.3906250000000001
4 0.5 0.43125 0.4859375 0.43125 0.4859375 0.4421875 0.5 0.4421875
3 0.4875 0.4609375 0.4734375 0.4609375 0.4734375 0.4765625 0.4875 0.4765625
4 0.4375 0.4421875 0.4265625 0.4421875 0.4265625 0.4578125 0.4375 0.4578125
4 0.4484375 0.453125 0.4390625 0.453125 0.4390625 0.465625 0.4484375 0.465625
4 0.515625 0.4578125 0.5046875 0.4578125 0.5046875 0.46875 0.515625 0.46875
0 0.521875 0.4375 0.5078125 0.4375 0.5078125 0.453125 0.521875 0.453125
4 0.5734375 0.3984375000000001 0.5625 0.3984375000000001 0.5625 0.4125 0.5734375 0.4125
4 0.5859375 0.45 0.5765625 0.45 0.5765625 0.4640625 0.5859375 0.4640625
0 0.6109375 0.4625 0.5984375 0.4625 0.5984375 0.4859375 0.6109375 0.4859375
4 0.55625 0.496875 0.5453125 0.496875 0.5453125 0.515625 0.55625 0.515625
0 0.615625 0.425 0.60625 0.425 0.60625 0.45 0.615625 0.45
2 0.6484375 0.5546875 0.6296875 0.5546875 0.6296875 0.584375 0.6484375 0.584375
4 0.6390625 0.5171875 0.6296875 0.5171875 0.6296875 0.5359375 0.6390625 0.5359375
4 0.5484375 0.6203125 0.5375 0.6203125 0.5375 0.6328125 0.5484375 0.6328125
0 0.5890625 0.6546875 0.578125 0.6546875 0.578125 0.678125 0.5890625 0.678125
4 0.5765625 0.634375 0.5671875 0.634375 0.5671875 0.6453125 0.5765625 0.6453125
4 0.55 0.65 0.54375 0.65 0.54375 0.66875 0.55 0.66875
4 0.5453125 0.6078125 0.5359375 0.6078125 0.5359375 0.621875 0.5453125 0.621875
4 0.503125 0.634375 0.49375 0.634375 0.49375 0.6515625 0.503125 0.6515625
4 0.5390625 0.659375 0.5296875 0.659375 0.5296875 0.6765625 0.5390625 0.6765625
3 0.425 0.6671875 0.409375 0.6671875 0.409375 0.6828125 0.425 0.6828125
4 0.3625000000000001 0.4859375 0.3500000000000001 0.4859375 0.3500000000000001 0.5015625 0.3625000000000001 0.5015625
4 0.3296875000000001 0.4671875 0.3203125000000001 0.4671875 0.3203125000000001 0.48125 0.3296875000000001 0.48125
2 0.22656250000000008 0.3953125 0.2062500000000001 0.3953125 0.2062500000000001 0.425 0.22656250000000008 0.425
3 0.11250000000000004 0.228125 0.08750000000000002 0.228125 0.08750000000000002 0.2625 0.11250000000000004 0.2625
3 0.2078125000000001 0.7609375 0.18906250000000008 0.7609375 0.18906250000000008 0.7765625 0.2078125000000001 0.7765625
4 0.2375000000000001 0.703125 0.2250000000000001 0.703125 0.2250000000000001 0.7203125 0.2375000000000001 0.7203125
4 0.21093750000000008 0.7203125 0.19687500000000008 0.7203125 0.19687500000000008 0.7359375 0.21093750000000008 0.7359375
0 0.2671875000000001 0.6265625 0.2531250000000001 0.6265625 0.2531250000000001 0.6421875 0.2671875000000001 0.6421875
0 0.2171875000000001 0.65 0.20468750000000008 0.65 0.20468750000000008 0.6640625 0.2171875000000001 0.6640625
2 0.540625 0.625 0.521875 0.625 0.521875 0.6484375 0.540625 0.6484375
4 0.4203125 0.4546875 0.4140625 0.4546875 0.4140625 0.4734375 0.4203125 0.4734375
2 0.584375 0.471875 0.5671875 0.471875 0.5671875 0.496875 0.584375 0.496875
2 0.5828125 0.496875 0.5609375 0.496875 0.5609375 0.5234375 0.5828125 0.5234375
2 0.615625 0.540625 0.5953125 0.540625 0.5953125 0.575 0.615625 0.575
2 0.6609375 0.60625 0.6421875 0.60625 0.6421875 0.6375 0.6609375 0.6375
4 0.628125 0.53125 0.61875 0.53125 0.61875 0.5515625 0.628125 0.5515625
2 0.7421875000000001 0.6953125000000001 0.7234375 0.6953125 0.7234375000000001 0.7265625000000001 0.7421875000000002 0.7265625000000002
2 0.7125 0.6015625 0.690625 0.6015625 0.690625 0.63125 0.7125 0.63125
2 0.7328125 0.6250000000000001 0.7109375 0.625 0.7109375 0.6546875000000001 0.7328125 0.6546875000000002
0 0.7671875 0.6781250000000002 0.753125 0.6781250000000002 0.753125 0.6984375000000002 0.7671875 0.6984375000000002
4 0.6593750000000002 0.7453125 0.6484375000000002 0.7453125 0.6484375000000002 0.759375 0.6593750000000002 0.759375
4 0.753125 0.5703125000000002 0.74375 0.5703125000000002 0.74375 0.5859375000000002 0.753125 0.5859375000000002
4 0.8375 0.7531250000000002 0.825 0.7531250000000002 0.825 0.7687500000000002 0.8375 0.7687500000000002
4 0.809375 0.7578125000000002 0.8015625 0.7578125000000002 0.8015625 0.7703125000000002 0.809375 0.7703125000000002
4 0.834375 0.7765625000000002 0.821875 0.7765625000000002 0.821875 0.7921875000000002 0.834375 0.7921875000000002
4 0.846875 0.7750000000000001 0.8359375 0.7750000000000001 0.8359375 0.7906250000000001 0.846875 0.7906250000000001
4 0.921875 0.8359375 0.9109375 0.8359375 0.9109375 0.8515625 0.921875 0.8515625
0 0.9703125 0.915625 0.9578125 0.915625 0.9578125 0.9421875 0.9703125 0.9421875
0 0.8921875 0.96875 0.871875 0.96875 0.871875 1 0.8921875 1
4 0.7984375000000001 0.86875 0.7875000000000002 0.86875 0.7875000000000002 0.8921875 0.7984375000000001 0.8921875
3 0.875 0.7593750000000001 0.8484375 0.7593750000000001 0.8484375 0.7984375000000001 0.875 0.7984375000000001
0 0.6656250000000001 0.7625 0.6500000000000001 0.7625 0.6500000000000001 0.7875 0.6656250000000001 0.7875
4 0.6828125000000002 0.778125 0.6703125000000002 0.778125 0.6703125000000002 0.7921875 0.6828125000000002 0.7921875
3 0.7031250000000002 0.81875 0.6843750000000002 0.81875 0.6843750000000002 0.8390625 0.7031250000000002 0.8390625
4 0.7421875000000002 0.85 0.7296875000000002 0.85 0.7296875000000002 0.871875 0.7421875000000002 0.871875
2 0.571875 0.68125 0.5515625 0.68125 0.5515625 0.7078125 0.571875 0.7078125
0 0.0578125 0.05625 0.04218750000000001 0.05625 0.04218750000000001 0.0828125 0.0578125 0.0828125
2 0.08281250000000002 0.096875 0.057812500000000024 0.096875 0.057812500000000024 0.1265625 0.08281250000000002 0.1265625
3 0.017187500000000005 0.0265625 3.2529680602351567e-18 0.0265625 5.070803152719509e-18 0.05625 0.017187500000000005 0.05625
4 0.5625 0.6234375 0.5546875 0.6234375 0.5546875 0.6375 0.5625 0.6375
4 0.60625 0.66875 0.596875 0.66875 0.596875 0.6875 0.60625 0.6875
4 0.6328125 0.66875 0.61875 0.66875 0.61875 0.684375 0.6328125 0.684375
0 0.6234375 0.684375 0.609375 0.684375 0.609375 0.6984375 0.6234375 0.6984375
2 0.64375 0.7125 0.621875 0.7125 0.6218750000000001 0.7484375 0.6437500000000002 0.7484375
4 0.5484375 0.4828125 0.5390625 0.4828125 0.5390625 0.496875 0.5484375 0.496875
4 0.546875 0.5 0.5375 0.5 0.5375 0.5109375 0.546875 0.5109375
4 0.5453125 0.5109375 0.5359375 0.5109375 0.5359375 0.5296875 0.5453125 0.5296875
0 0.553125 0.459375 0.5421875 0.459375 0.5421875 0.4796875 0.553125 0.4796875
3 0.5421875 0.3921875000000001 0.5234375 0.3921875000000001 0.5234375 0.409375 0.5421875 0.409375
4 0.5109375 0.3703125000000001 0.4984375 0.3703125000000001 0.4984375 0.3859375000000001 0.5109375 0.3859375000000001
4 0.775 0.3468750000000001 0.765625 0.3468750000000001 0.765625 0.3671875000000001 0.775 0.3671875000000001
4 0.6953125 0.4484375 0.684375 0.4484375 0.684375 0.4625 0.6953125 0.4625
4 0.6953125 0.465625 0.6859375 0.465625 0.6859375 0.4765625 0.6953125 0.4765625
3 0.6890625 0.4796875 0.675 0.4796875 0.675 0.5015625 0.6890625 0.5015625
0 0.7045054726522576 0.5021504424052137 0.6962010671875 0.49657452343750014 0.6850760429727423 0.5131433997822865 0.6933804484374999 0.5187193187500001
4 0.675 0.50625 0.6640625 0.50625 0.6640625 0.51875 0.675 0.51875
4 0.7671875 0.06250000000000008 0.7578125 0.06250000000000008 0.7578125 0.07968750000000009 0.7671875 0.07968750000000009
4 0.7328125 0.11093750000000009 0.715625 0.11093750000000009 0.715625 0.12656250000000008 0.7328125 0.12656250000000008
4 0.8390625 0.15625000000000008 0.8296875 0.15625000000000008 0.8296875 0.1750000000000001 0.8390625 0.1750000000000001
4 0.846875 0.17187500000000008 0.8296875 0.17187500000000008 0.8296875 0.1921875000000001 0.846875 0.1921875000000001
0 0.825 0.19531250000000008 0.8046875 0.19531250000000008 0.8046875 0.2312500000000001 0.825 0.2312500000000001
4 0.821875 0.22812500000000008 0.809375 0.22812500000000008 0.809375 0.2484375000000001 0.821875 0.2484375000000001
4 0.80625 0.2687500000000001 0.7921875 0.2687500000000001 0.7921875 0.2921875000000001 0.80625 0.2921875000000001
0 0.784375 0.2750000000000001 0.771875 0.2750000000000001 0.771875 0.2968750000000001 0.784375 0.2968750000000001
4 0.6828125 0.29375000000000007 0.6703125 0.29375000000000007 0.6703125 0.32500000000000007 0.6828125 0.32500000000000007
2 0.603125 0.3062500000000001 0.5875 0.3062500000000001 0.5875 0.3343750000000001 0.603125 0.3343750000000001
1 0.528125 0.5203125 0.490625 0.5203125 0.490625 0.61875 0.528125 0.61875
3 0.5359375 0.4859375 0.515625 0.4859375 0.515625 0.525 0.5359375 0.525
3 0.540625 0.403125 0.490625 0.403125 0.490625 0.434375 0.540625 0.434375
3 0.4859375 0.3968750000000001 0.45625 0.3968750000000001 0.45625 0.425 0.4859375 0.425
2 0.4171875 0.3968750000000001 0.39531250000000007 0.3968750000000001 0.39531250000000007 0.4265625 0.4171875 0.4265625
2 0.575 0.4421875 0.5546875 0.4421875 0.5546875 0.471875 0.575 0.471875
2 0.5453125 0.4390625 0.521875 0.4390625 0.521875 0.465625 0.5453125 0.465625
3 0.69375 0.49375 0.66875 0.49375 0.66875 0.5296875 0.69375 0.5296875
2 0.7812500000000001 0.7171875000000002 0.75625 0.7171875000000002 0.7562500000000001 0.7625000000000002 0.7812500000000002 0.7625000000000002
3 0.5953125 0.6265625 0.578125 0.6265625 0.578125 0.6515625 0.5953125 0.6515625
3 0.5921875 0.596875 0.571875 0.596875 0.571875 0.6171875 0.5921875 0.6171875
3 0.5765625 0.6109375 0.559375 0.6109375 0.559375 0.6296875 0.5765625 0.6296875
2 0.55625 0.6296875 0.5421875 0.6296875 0.5421875 0.6515625 0.55625 0.6515625
2 0.3031250000000001 0.521875 0.27812500000000007 0.521875 0.27812500000000007 0.5546875 0.3031250000000001 0.5546875
2 0.18125 0.1046875 0.1609375 0.1046875 0.1609375 0.1453125 0.18125 0.1453125