3 0.15312500000000004 0.5 0.12812500000000004 0.5 0.12812500000000004 0.5171875 0.15312500000000004 0.5171875
3 0.19687500000000005 0.4859375 0.17968750000000006 0.4859375 0.17968750000000006 0.5015625 0.19687500000000005 0.5015625
2 0.15625000000000008 0.5953125 0.1359375000000001 0.5953125 0.1359375000000001 0.6109375 0.15625000000000008 0.6109375
5 0.15000000000000008 0.665625 0.11250000000000009 0.665625 0.11250000000000009 0.6921875 0.15000000000000008 0.6921875
5 0.1750000000000001 0.6328125 0.1359375000000001 0.6328125 0.1359375000000001 0.653125 0.1750000000000001 0.653125
4 0.26250000000000007 0.6109375 0.2500000000000001 0.6109375 0.2500000000000001 0.6234375 0.26250000000000007 0.6234375
5 0.3046875000000001 0.628125 0.2687500000000001 0.628125 0.2687500000000001 0.6453125 0.3046875000000001 0.6453125
6 0.31718750000000007 0.4578125 0.2875000000000001 0.4578125 0.2875000000000001 0.478125 0.31718750000000007 0.478125
0 0.4109375 0.60625 0.3984375000000001 0.60625 0.3984375000000001 0.6171875 0.4109375 0.6171875
3 0.3984375000000001 0.4765625 0.3812500000000001 0.4765625 0.3812500000000001 0.496875 0.3984375000000001 0.496875
2 0.446875 0.453125 0.4296875 0.453125 0.4296875 0.4765625 0.446875 0.4765625
0 0.5046875 0.5578125 0.490625 0.5578125 0.490625 0.5671875 0.5046875 0.5671875
6 0.515625 0.6171875 0.4875 0.6171875 0.4875 0.6375 0.515625 0.6375
0 0.51875 0.5984375 0.5078125 0.5984375 0.5078125 0.6125 0.51875 0.6125
4 0.534375 0.60625 0.5265625 0.60625 0.5265625 0.615625 0.534375 0.615625
5 0.56875 0.5328125 0.5265625 0.5328125 0.5265625 0.55625 0.56875 0.55625
2 0.5203125 0.3156250000000001 0.5109375 0.3156250000000001 0.5109375 0.3421875000000001 0.5203125 0.3421875000000001
2 0.5296875 0.3140625000000001 0.5234375 0.3140625000000001 0.5234375 0.3437500000000001 0.5296875 0.3437500000000001
2 0.571875 0.3078125000000001 0.5609375 0.3078125000000001 0.5609375 0.33281250000000007 0.571875 0.33281250000000007
2 0.58125 0.30937500000000007 0.571875 0.30937500000000007 0.571875 0.3312500000000001 0.58125 0.3312500000000001
4 0.4828125 0.3109375000000001 0.4734375 0.3109375000000001 0.4734375 0.3281250000000001 0.4828125 0.3281250000000001
4 0.6109375 0.415625 0.5921875 0.415625 0.5921875 0.43125 0.6109375 0.43125
1 0.6953125 0.3750000000000001 0.64375 0.3750000000000001 0.64375 0.39531250000000007 0.6953125 0.39531250000000007
4 0.6703125 0.39531250000000007 0.6578125 0.39531250000000007 0.6578125 0.4140625 0.6703125 0.4140625
5 0.7546875 0.3734375000000001 0.7015625 0.3734375000000001 0.7015625 0.3968750000000001 0.7546875 0.3968750000000001
1 0.8015625 0.4593750000000002 0.7578125 0.4593750000000002 0.7578125 0.4906250000000002 0.8015625 0.4906250000000002
4 0.7125 0.5546875 0.69375 0.5546875 0.69375 0.5828125 0.7125 0.5828125
2 0.7875 0.5125000000000002 0.76875 0.5125000000000002 0.76875 0.5296875000000002 0.7875 0.5296875000000002
5 0.85625 0.5312500000000002 0.8109375 0.5312500000000002 0.8109375 0.5562500000000001 0.85625 0.5562500000000001
2 0.8484375 0.5125000000000002 0.8234375 0.5125000000000002 0.8234375 0.5265625000000002 0.8484375 0.5265625000000002
0 0.8421875 0.5984375000000002 0.8171875 0.5984375000000002 0.8171875 0.6187500000000001 0.8421875 0.6187500000000001
2 0.928125 0.5828125000000002 0.909375 0.5828125000000002 0.909375 0.6046875000000002 0.928125 0.6046875000000002
5 0.9203125 0.6250000000000002 0.871875 0.6250000000000002 0.871875 0.6562500000000002 0.9203125 0.6562500000000002
2 0.725 0.6078125 0.7046875 0.6078125 0.7046875 0.6265625 0.725 0.6265625
4 0.975 0.6015625000000002 0.953125 0.6015625000000002 0.953125 0.6203125000000002 0.975 0.6203125000000002
4 0.09843750000000008 0.6078125 0.08750000000000006 0.6078125 0.08750000000000008 0.6359375 0.0984375000000001 0.6359375