4 0.035937500000000046 0.35625 0.021875000000000044 0.35625 0.021875000000000044 0.36875 0.035937500000000046 0.36875
4 0.06562500000000004 0.346875 0.050000000000000044 0.346875 0.050000000000000044 0.359375 0.06562500000000004 0.359375
4 0.10000000000000005 0.3390625 0.08593750000000004 0.3390625 0.08593750000000004 0.353125 0.10000000000000005 0.353125
4 0.11093750000000005 0.3734375 0.09531250000000005 0.3734375 0.09531250000000005 0.3875 0.11093750000000005 0.3875
4 0.10312500000000005 0.3828125 0.08906250000000004 0.3828125 0.08906250000000004 0.3984375 0.10312500000000005 0.3984375
4 0.12031250000000004 0.3890625 0.10781250000000005 0.3890625 0.10781250000000005 0.40625 0.12031250000000004 0.40625
4 0.15468750000000003 0.3390625 0.13750000000000004 0.3390625 0.13750000000000004 0.3515625 0.15468750000000003 0.3515625
4 0.15625000000000006 0.365625 0.14062500000000006 0.365625 0.14062500000000006 0.38125 0.15625000000000006 0.38125
4 0.17968750000000006 0.346875 0.16406250000000006 0.346875 0.16406250000000006 0.3640625 0.17968750000000006 0.3640625
4 0.18281250000000004 0.3640625 0.16562500000000005 0.3640625 0.16562500000000005 0.375 0.18281250000000004 0.375
4 0.18125000000000005 0.3796875 0.16718750000000004 0.3796875 0.16718750000000004 0.3921875 0.18125000000000005 0.3921875
4 0.21250000000000005 0.353125 0.2 0.353125 0.20000000000000004 0.365625 0.21250000000000008 0.365625
4 0.19531250000000006 0.371875 0.18125000000000005 0.371875 0.18125000000000005 0.384375 0.19531250000000006 0.384375
4 0.24375 0.340625 0.2296875 0.340625 0.2296875 0.3515625 0.24375 0.3515625
4 0.2453125000000001 0.3703125 0.2312500000000001 0.3703125 0.2312500000000001 0.3828125 0.2453125000000001 0.3828125
4 0.2328125000000001 0.38125 0.22031250000000008 0.38125 0.22031250000000008 0.3921875 0.2328125000000001 0.3921875
4 0.2312500000000001 0.3953125 0.2156250000000001 0.3953125 0.2156250000000001 0.4078125 0.2312500000000001 0.4078125
4 0.20312500000000008 0.4671875 0.18906250000000005 0.4671875 0.18906250000000005 0.4828125 0.20312500000000008 0.4828125
4 0.25468750000000007 0.46875 0.24218750000000008 0.46875 0.24218750000000008 0.4828125 0.25468750000000007 0.4828125
4 0.02187500000000004 0.30625 0.007812500000000038 0.30625 0.007812500000000038 0.31875 0.02187500000000004 0.31875
4 0.032812500000000036 0.2984375 0.02031250000000004 0.2984375 0.02031250000000004 0.3109375 0.032812500000000036 0.3109375
4 0.051562500000000046 0.2796875 0.03750000000000003 0.2796875 0.03750000000000003 0.290625 0.051562500000000046 0.290625
4 0.046875000000000035 0.3046875 0.046875000000000035 0.3046875 0.046875000000000035 0.3046875 0.046875000000000035 0.3046875
4 0.040625000000000036 0.290625 0.026562500000000034 0.290625 0.026562500000000034 0.3015625 0.040625000000000036 0.3015625
4 0.057812500000000044 0.2921875 0.04375000000000003 0.2921875 0.04375000000000003 0.3015625 0.057812500000000044 0.3015625
4 0.12343750000000005 0.296875 0.11250000000000004 0.296875 0.11250000000000004 0.30625 0.12343750000000005 0.30625
4 0.13437500000000005 0.3109375 0.12187500000000004 0.3109375 0.12187500000000004 0.321875 0.13437500000000005 0.321875
4 0.17187500000000006 0.315625 0.16093750000000004 0.315625 0.16093750000000004 0.3296875 0.17187500000000006 0.3296875
4 0.20625 0.309375 0.19375000000000003 0.309375 0.19375000000000003 0.321875 0.20625 0.321875
4 0.18750000000000006 0.3 0.17656250000000004 0.3 0.17656250000000004 0.315625 0.18750000000000006 0.315625
4 0.18593750000000003 0.3140625 0.17500000000000004 0.3140625 0.17500000000000004 0.325 0.18593750000000003 0.325
4 0.15312500000000007 0.5359375 0.13750000000000004 0.5359375 0.13750000000000007 0.5484375 0.1531250000000001 0.5484375
2 0.06562500000000004 0.4234375 0.04062500000000006 0.4234375 0.04062500000000006 0.4453125 0.06562500000000004 0.4453125
0 0.10312500000000005 0.28125 0.08281250000000004 0.28125 0.08281250000000004 0.2984375 0.10312500000000005 0.2984375
0 0.10781250000000005 0.5125 0.09375000000000007 0.5125 0.09375000000000007 0.5265625 0.10781250000000005 0.5265625
0 0.2296875000000001 0.521875 0.21250000000000008 0.521875 0.21250000000000008 0.5390625 0.2296875000000001 0.5390625
4 0.19062500000000004 0.3890625 0.17656250000000004 0.3890625 0.17656250000000004 0.4015625 0.19062500000000004 0.4015625
4 0.2718750000000001 0.390625 0.2562500000000001 0.390625 0.2562500000000001 0.4 0.2718750000000001 0.4
4 0.2875000000000001 0.3796875 0.2750000000000001 0.3796875 0.2750000000000001 0.390625 0.2875000000000001 0.390625
4 0.28125000000000006 0.3546875 0.2671875 0.3546875 0.2671875 0.3671875 0.2812500000000001 0.3671875
4 0.2906250000000001 0.3703125 0.2765625000000001 0.3703125 0.2765625000000001 0.3796875 0.2906250000000001 0.3796875
4 0.30312500000000003 0.35625 0.29375 0.35625 0.29375000000000007 0.3671875 0.3031250000000001 0.3671875
4 0.3375 0.3421875 0.3234375 0.3421875 0.3234375 0.353125 0.3375 0.353125
4 0.33593750000000006 0.353125 0.3203125 0.353125 0.32031250000000006 0.3640625 0.3359375000000001 0.3640625
4 0.3265625000000001 0.365625 0.3140625000000001 0.365625 0.3140625000000001 0.3765625 0.3265625000000001 0.3765625
4 0.3187500000000001 0.3875 0.3031250000000001 0.3875 0.3031250000000001 0.3984375 0.3187500000000001 0.3984375
4 0.3140625000000001 0.4015625 0.30156250000000007 0.4015625 0.30156250000000007 0.4109375 0.3140625000000001 0.4109375
4 0.3000000000000001 0.446875 0.2890625000000001 0.446875 0.2890625000000001 0.4609375 0.3000000000000001 0.4609375
4 0.34062500000000007 0.375 0.3281250000000001 0.375 0.3281250000000001 0.3875 0.34062500000000007 0.3875
4 0.3437500000000001 0.3859375 0.3281250000000001 0.3859375 0.3281250000000001 0.3984375 0.3437500000000001 0.3984375
4 0.37343750000000003 0.35156250000000006 0.359375 0.3515625 0.35937500000000006 0.36406250000000007 0.3734375000000001 0.36406250000000007
4 0.39375000000000004 0.3593750000000001 0.3796875 0.3593750000000001 0.37968750000000007 0.37187500000000007 0.3937500000000001 0.37187500000000007
4 0.3781250000000001 0.36562500000000003 0.3625000000000001 0.365625 0.3625000000000001 0.38125000000000003 0.3781250000000001 0.3812500000000001
2 0.3984375000000001 0.3859375000000001 0.3703125000000001 0.3859375000000001 0.3703125000000001 0.4078125 0.3984375000000001 0.4078125
4 0.425 0.36406250000000007 0.4125 0.36406250000000007 0.4125 0.3765625000000001 0.425 0.3765625000000001
4 0.45 0.36406250000000007 0.434375 0.36406250000000007 0.434375 0.3750000000000001 0.45 0.3750000000000001
4 0.459375 0.3453125000000001 0.446875 0.3453125000000001 0.446875 0.3578125000000001 0.459375 0.3578125000000001
4 0.403125 0.3109375000000001 0.3890625 0.3109375000000001 0.3890625 0.32500000000000007 0.403125 0.32500000000000007
4 0.46875 0.3140625000000001 0.45625 0.3140625000000001 0.45625 0.32500000000000007 0.46875 0.32500000000000007
4 0.496875 0.31718750000000007 0.484375 0.31718750000000007 0.484375 0.3296875000000001 0.496875 0.3296875000000001
4 0.4890625 0.3625000000000001 0.478125 0.3625000000000001 0.478125 0.3750000000000001 0.4890625 0.3750000000000001
4 0.4609375 0.3765625000000001 0.4484375 0.3765625000000001 0.4484375 0.3906250000000001 0.4609375 0.3906250000000001
4 0.5171875 0.3906250000000001 0.50625 0.3906250000000001 0.50625 0.4015625 0.5171875 0.4015625
4 0.540625 0.37968750000000007 0.528125 0.37968750000000007 0.528125 0.3937500000000001 0.540625 0.3937500000000001
4 0.5546875 0.36406250000000007 0.5421875 0.36406250000000007 0.5421875 0.3781250000000001 0.5546875 0.3781250000000001
4 0.5859375 0.3812500000000001 0.571875 0.3812500000000001 0.571875 0.3968750000000001 0.5859375 0.3968750000000001
4 0.61875 0.35625000000000007 0.60625 0.35625000000000007 0.60625 0.3687500000000001 0.61875 0.3687500000000001
4 0.6234375 0.3687500000000001 0.6109375 0.3687500000000001 0.6109375 0.3781250000000001 0.6234375 0.3781250000000001
4 0.6421875 0.3843750000000001 0.6296875 0.3843750000000001 0.6296875 0.39531250000000007 0.6421875 0.39531250000000007
4 0.675 0.3468750000000001 0.6609375 0.3468750000000001 0.6609375 0.35625000000000007 0.675 0.35625000000000007
4 0.6828125 0.35625000000000007 0.6703125 0.35625000000000007 0.6703125 0.3687500000000001 0.6828125 0.3687500000000001
4 0.6828125 0.3703125000000001 0.66875 0.3703125000000001 0.66875 0.3843750000000001 0.6828125 0.3843750000000001
4 0.7171875 0.3531250000000001 0.703125 0.3531250000000001 0.703125 0.3656250000000001 0.7171875 0.3656250000000001
4 0.7203125 0.3687500000000001 0.703125 0.3687500000000001 0.703125 0.3812500000000001 0.7203125 0.3812500000000001
4 0.7296875 0.3812500000000001 0.7171875 0.3812500000000001 0.7171875 0.39531250000000007 0.7296875 0.39531250000000007
4 0.7421875 0.3968750000000001 0.7328125 0.3968750000000001 0.7328125 0.40937500000000016 0.7421875 0.40937500000000016
4 0.5984375 0.459375 0.5875 0.459375 0.5875 0.46875 0.5984375 0.46875
4 0.64375 0.4703125 0.6328125 0.4703125 0.6328125 0.4828125 0.64375 0.4828125
2 0.71875 0.4296875 0.69375 0.4296875 0.69375 0.45 0.71875 0.45
4 0.728125 0.4609375000000001 0.715625 0.4609375 0.715625 0.4718750000000001 0.728125 0.47187500000000016
3 0.7515625 0.4750000000000002 0.73125 0.4750000000000002 0.73125 0.4937500000000002 0.7515625 0.4937500000000002
4 0.809375 0.4515625000000002 0.79375 0.4515625000000002 0.79375 0.46093750000000017 0.809375 0.46093750000000017
4 0.809375 0.46406250000000016 0.7921875 0.46406250000000016 0.7921875 0.47656250000000017 0.809375 0.47656250000000017
4 0.846875 0.4703125000000002 0.834375 0.4703125000000002 0.834375 0.48437500000000017 0.846875 0.48437500000000017
4 0.7859375 0.3500000000000001 0.7734375 0.3500000000000001 0.7734375 0.36406250000000007 0.7859375 0.36406250000000007
4 0.8296875 0.3421875000000001 0.815625 0.3421875000000001 0.815625 0.3531250000000001 0.8296875 0.3531250000000001
4 0.81875 0.36406250000000007 0.803125 0.36406250000000007 0.803125 0.3765625000000001 0.81875 0.3765625000000001
4 0.8125 0.3906250000000001 0.7984375 0.3906250000000001 0.7984375 0.40156250000000016 0.8125 0.40156250000000016
4 0.8484375 0.3578125000000001 0.8375 0.3578125000000001 0.8375 0.3687500000000001 0.8484375 0.3687500000000001
4 0.8359375 0.3687500000000001 0.8234375 0.3687500000000001 0.8234375 0.3812500000000001 0.8359375 0.3812500000000001
4 0.878125 0.3453125000000001 0.8640625 0.3453125000000001 0.8640625 0.3593750000000001 0.878125 0.3593750000000001
4 0.8453125 0.3765625000000001 0.8328125 0.3765625000000001 0.8328125 0.3906250000000001 0.8453125 0.3906250000000001
4 0.8703125 0.3984375000000001 0.859375 0.3984375000000001 0.859375 0.4109375000000002 0.8703125 0.4109375000000002
4 0.8515625 0.38750000000000007 0.8359375 0.38750000000000007 0.8359375 0.40156250000000016 0.8515625 0.40156250000000016
4 0.90625 0.3500000000000001 0.8921875 0.3500000000000001 0.8921875 0.3656250000000001 0.90625 0.3656250000000001
4 0.909375 0.37968750000000007 0.8953125 0.37968750000000007 0.8953125 0.3937500000000001 0.909375 0.3937500000000001
4 0.8796875 0.3593750000000001 0.865625 0.3593750000000001 0.865625 0.3750000000000001 0.8796875 0.3750000000000001
4 0.925 0.34062500000000007 0.9125 0.34062500000000007 0.9125 0.3546875000000001 0.925 0.3546875000000001
4 0.9296875 0.3625000000000001 0.915625 0.3625000000000001 0.915625 0.3734375000000001 0.9296875 0.3734375000000001
4 0.9390625 0.3843750000000001 0.9234375 0.3843750000000001 0.9234375 0.4000000000000002 0.9390625 0.4000000000000002
4 0.96875 0.3765625000000001 0.95625 0.3765625000000001 0.95625 0.3906250000000001 0.96875 0.3906250000000001
4 0.9640625 0.3859375000000001 0.95 0.3859375000000001 0.95 0.4000000000000002 0.9640625 0.4000000000000002
4 0.94375 0.3968750000000001 0.93125 0.3968750000000001 0.93125 0.4109375000000002 0.94375 0.4109375000000002
4 0.9609375 0.4703125000000002 0.946875 0.4703125000000002 0.946875 0.4812500000000002 0.9609375 0.4812500000000002
4 0.996875 0.3703125000000001 0.9828125 0.3703125000000001 0.9828125 0.37968750000000007 0.996875 0.37968750000000007
4 0.9875 0.3906250000000001 0.971875 0.3906250000000001 0.971875 0.4000000000000002 0.9875 0.4000000000000002
4 0.8328125 0.2250000000000001 0.8203125 0.2250000000000001 0.8203125 0.24218750000000008 0.8328125 0.24218750000000008
4 0.809375 0.2453125000000001 0.7984375 0.2453125000000001 0.7984375 0.2578125000000001 0.809375 0.2578125000000001
4 0.7875 0.2578125000000001 0.7734375 0.2578125000000001 0.7734375 0.2687500000000001 0.7875 0.2687500000000001
4 0.7625 0.2609375000000001 0.7515625 0.2609375000000001 0.7515625 0.2734375000000001 0.7625 0.2734375000000001
4 0.7375 0.2671875000000001 0.725 0.2671875000000001 0.725 0.27812500000000007 0.7375 0.27812500000000007
0 0.8671875 0.3062500000000001 0.8515625 0.3062500000000001 0.8515625 0.3218750000000001 0.8671875 0.3218750000000001
0 0.915625 0.29375000000000007 0.9 0.29375000000000007 0.9 0.3078125000000001 0.915625 0.3078125000000001
4 0.5390625 0.3109375000000001 0.528125 0.3109375000000001 0.528125 0.3234375000000001 0.5390625 0.3234375000000001
3 0.4171875 0.4765625 0.3968750000000001 0.4765625 0.3968750000000001 0.4921875 0.4171875 0.4921875
3 0.4546875 0.475 0.43125 0.475 0.43125 0.496875 0.4546875 0.496875
0 0.721875 0.5359375 0.70625 0.5359375 0.70625 0.55 0.721875 0.55
0 0.653125 0.5140625 0.6375 0.5140625 0.6375 0.5296875 0.653125 0.5296875
0 0.5859375 0.515625 0.5734375 0.515625 0.5734375 0.53125 0.5859375 0.53125
0 0.684375 0.546875 0.66875 0.546875 0.66875 0.5625 0.684375 0.5625
0 0.4953125 0.53125 0.4796875 0.53125 0.4796875 0.5453125 0.4953125 0.5453125
0 0.4609375 0.5296875 0.4453125 0.5296875 0.4453125 0.54375 0.4609375 0.54375
0 0.3703125000000001 0.5453125 0.35625000000000007 0.5453125 0.35625000000000007 0.5671875 0.3703125000000001 0.5671875
0 0.3578125000000001 0.565625 0.3468750000000001 0.565625 0.3468750000000001 0.5875 0.3578125000000001 0.5875
0 0.3546875000000001 0.55 0.3359375000000001 0.55 0.3359375000000001 0.5625 0.3546875000000001 0.5625
0 0.3468750000000001 0.5703125 0.3312500000000001 0.5703125 0.3312500000000001 0.5875 0.3468750000000001 0.5875
0 0.4421875 0.5328125 0.4328125 0.5328125 0.4328125 0.5578125 0.4421875 0.5578125
0 0.471875 0.5390625 0.4578125 0.5390625 0.4578125 0.559375 0.471875 0.559375
4 0.521875 0.5609375 0.5140625 0.5609375 0.5140625 0.578125 0.521875 0.578125
4 0.4953125 0.575 0.4890625 0.575 0.4890625 0.59375 0.4953125 0.59375
4 0.5375 0.509375 0.5234375 0.509375 0.5234375 0.5203125 0.5375 0.5203125
4 0.54375 0.521875 0.53125 0.521875 0.53125 0.534375 0.54375 0.534375
4 0.525 0.6046875 0.51875 0.6046875 0.51875 0.625 0.525 0.625
4 0.42968750000000017 0.828125 0.4234375000000002 0.828125 0.4234375000000002 0.8484375 0.42968750000000017 0.8484375
4 0.4578125000000002 0.83125 0.44843750000000016 0.83125 0.44843750000000016 0.8515625 0.4578125000000002 0.8515625
4 0.45625000000000016 0.8671875 0.4468750000000002 0.8671875 0.4468750000000002 0.8859375 0.45625000000000016 0.8859375
0 0.47968750000000016 0.896875 0.46875000000000017 0.896875 0.46875000000000017 0.9265625 0.47968750000000016 0.9265625
0 0.5328125000000001 0.715625 0.5203125 0.715625 0.5203125000000001 0.734375 0.5328125000000001 0.734375
0 0.5187500000000002 0.7515625 0.5093750000000001 0.7515625 0.5093750000000001 0.775 0.5187500000000002 0.775
0 0.5140625000000002 0.7890625 0.5046875000000002 0.7890625 0.5046875000000002 0.8125 0.5140625000000002 0.8125
0 0.5015625000000001 0.8078125 0.49218750000000017 0.8078125 0.49218750000000017 0.83125 0.5015625000000001 0.83125
4 0.48750000000000016 0.8078125 0.4812500000000002 0.8078125 0.4812500000000002 0.8265625 0.48750000000000016 0.8265625
4 0.5375 0.6375 0.528125 0.6375 0.528125 0.65 0.5375 0.65
4 0.5078125 0.7 0.5015625 0.7 0.5015625 0.7203125 0.5078125 0.7203125
4 0.5015625000000001 0.765625 0.4937500000000002 0.765625 0.4937500000000002 0.78125 0.5015625000000001 0.78125
4 0.5093750000000001 0.73125 0.5031250000000002 0.73125 0.5031250000000002 0.7515625 0.5093750000000001 0.7515625
4 0.4984375000000002 0.74375 0.49218750000000017 0.74375 0.49218750000000017 0.7671875 0.4984375000000002 0.7671875
4 0.49218750000000017 0.778125 0.48437500000000017 0.778125 0.48437500000000017 0.8 0.49218750000000017 0.8
4 0.51875 0.709375 0.5109375 0.709375 0.5109375 0.725 0.51875 0.725
4 0.5046875000000001 0.721875 0.496875 0.721875 0.49687500000000007 0.7390625 0.5046875000000002 0.7390625
4 0.4906250000000002 0.7640625 0.4859375000000002 0.7640625 0.4859375000000002 0.78125 0.4906250000000002 0.78125
4 0.03750000000000003 0.26875 0.015625000000000035 0.26875 0.015625000000000035 0.2859375 0.03750000000000003 0.2859375
3 0.80625 0.2656250000000001 0.790625 0.2656250000000001 0.790625 0.2828125000000001 0.80625 0.2828125000000001