2 0.03750000000000007 0.5265625 0.021875000000000068 0.5265625 0.021875000000000068 0.5703125 0.03750000000000007 0.5703125
2 0.021875000000000082 0.6578125 8.055879725641184e-17 0.6578125 8.199393022416264e-17 0.68125 0.021875000000000082 0.68125
2 0.06406250000000008 0.6265625 0.039062500000000076 0.6265625 0.039062500000000076 0.646875 0.06406250000000009 0.646875
2 0.08125000000000009 0.675 0.05468750000000009 0.675 0.05468750000000009 0.696875 0.08125000000000009 0.696875
2 0.215625 0.278125 0.2015625 0.278125 0.2015625 0.3171875 0.215625 0.3171875
2 0.2156250000000001 0.36875 0.20312500000000008 0.36875 0.20312500000000008 0.4046875 0.2156250000000001 0.4046875
2 0.2234375000000001 0.4609375 0.2156250000000001 0.4609375 0.2156250000000001 0.5 0.2234375000000001 0.5
2 0.2250000000000001 0.4984375 0.2140625000000001 0.4984375 0.2140625000000001 0.5296875 0.2250000000000001 0.5296875
2 0.2000000000000001 0.7046875 0.18750000000000008 0.7046875 0.18750000000000008 0.7296875 0.2000000000000001 0.7296875
2 0.46875 0.2968750000000001 0.4546875 0.2968750000000001 0.4546875 0.34062500000000007 0.46875 0.34062500000000007
2 0.4234375 0.4515625 0.4140625 0.4515625 0.4140625 0.4828125 0.4234375 0.4828125
2 0.421875 0.490625 0.4125 0.490625 0.4125 0.528125 0.421875 0.528125
2 0.4328125 0.5578125 0.4234375 0.5578125 0.4234375 0.59375 0.4328125 0.59375
2 0.4625 0.584375 0.45 0.584375 0.45 0.634375 0.4625 0.634375
2 0.528125 0.428125 0.51875 0.428125 0.51875 0.4671875 0.528125 0.4671875
2 0.6015625 0.46875 0.5828125 0.46875 0.5828125 0.4875 0.6015625 0.4875
2 0.584375 0.440625 0.5671875 0.440625 0.5671875 0.4671875 0.584375 0.4671875
2 0.653125 0.4703125 0.63125 0.4703125 0.63125 0.49375 0.653125 0.49375
2 0.6515625 0.49375 0.628125 0.49375 0.628125 0.51875 0.6515625 0.51875
2 0.690625 0.4984375 0.6765625 0.4984375 0.6765625 0.5234375 0.690625 0.5234375
2 0.69375 0.525 0.678125 0.525 0.678125 0.559375 0.69375 0.559375
3 0.5859375 0.23437500000000008 0.565625 0.23437500000000008 0.565625 0.2828125000000001 0.5859375 0.2828125000000001
2 0.55 0.7171875 0.53125 0.7171875 0.5312500000000001 0.746875 0.5500000000000002 0.746875
2 0.40156250000000016 0.75 0.3843750000000001 0.75 0.3843750000000001 0.8 0.40156250000000016 0.8
2 0.3968750000000001 0.8359375 0.3812500000000001 0.8359375 0.3812500000000001 0.85625 0.3968750000000001 0.85625
2 0.4000000000000002 0.85 0.3812500000000001 0.85 0.3812500000000001 0.8703125 0.4000000000000002 0.8703125
2 0.3984375000000001 0.8671875 0.37968750000000007 0.8671875 0.37968750000000007 0.9015625 0.3984375000000001 0.9015625
2 0.3937500000000001 0.9234375 0.37968750000000007 0.9234375 0.37968750000000007 0.9625 0.3937500000000001 0.9625
2 0.5359375000000001 0.7234375 0.521875 0.7234375 0.5218750000000001 0.7671875 0.5359375000000002 0.7671875
2 0.5484375000000001 0.7515625 0.5328125000000001 0.7515625 0.5328125000000001 0.778125 0.5484375000000001 0.778125
2 0.5343750000000002 0.825 0.5203125000000002 0.825 0.5203125000000002 0.8640625 0.5343750000000002 0.8640625
2 0.5718750000000001 0.95625 0.5562500000000001 0.95625 0.5562500000000001 0.971875 0.5718750000000001 0.971875
2 0.5734375000000002 0.96875 0.5531250000000002 0.96875 0.5531250000000002 0.99375 0.5734375000000002 0.99375
2 0.5765625000000002 0.9921875 0.5531250000000002 0.9921875 0.5531250000000002 1 0.5765625000000002 1
0 0.014062500000000085 0.6921875 8.476852062848085e-17 0.6921875 8.620365359623165e-17 0.715625 0.014062500000000089 0.715625
0 0.11875000000000009 0.64375 0.0984375000000001 0.64375 0.0984375000000001 0.6703125 0.11875000000000009 0.6703125
0 0.3984375000000001 0.590625 0.3890625000000001 0.590625 0.3890625000000001 0.6171875 0.3984375000000001 0.6171875
0 0.2062500000000001 0.678125 0.1921875000000001 0.678125 0.1921875000000001 0.6984375 0.2062500000000001 0.6984375
0 0.2906250000000001 0.690625 0.27812500000000007 0.690625 0.27812500000000007 0.7109375 0.2906250000000001 0.7109375
0 0.39531250000000007 0.6921875 0.3859375000000001 0.6921875 0.3859375000000001 0.7171875 0.39531250000000007 0.7171875
0 0.39531250000000007 0.9109375 0.3812500000000001 0.9109375 0.3812500000000001 0.93125 0.39531250000000007 0.93125
0 0.5281250000000002 0.871875 0.5171875000000001 0.871875 0.5171875000000001 0.890625 0.5281250000000002 0.890625
0 0.5156250000000002 0.9046875 0.5031250000000002 0.9046875 0.5031250000000002 0.94375 0.5156250000000002 0.94375
0 0.5281250000000002 0.9421875 0.5203125000000002 0.9421875 0.5203125000000002 0.9625 0.5281250000000002 0.9625
0 0.5312500000000002 0.959375 0.5203125000000002 0.959375 0.5203125000000002 0.9859375 0.5312500000000002 0.9859375
0 0.5406250000000001 0.9390625 0.5296875000000002 0.9390625 0.5296875000000002 0.9703125 0.5406250000000001 0.9703125
0 0.4546875 0.33281250000000007 0.4390625 0.33281250000000007 0.4390625 0.3625000000000001 0.4546875 0.3625000000000001
0 0.4546875 0.37968750000000007 0.4453125 0.37968750000000007 0.4453125 0.4140625 0.4546875 0.4140625
0 0.5265625 0.36406250000000007 0.5171875 0.36406250000000007 0.5171875 0.3890625000000001 0.5265625 0.3890625000000001
0 0.525 0.5359375 0.5109375 0.5359375 0.5109375 0.5515625 0.525 0.5515625
0 0.53125 0.5015625 0.515625 0.5015625 0.515625 0.5359375 0.53125 0.5359375
0 0.65 0.3000000000000001 0.6359375 0.3000000000000001 0.6359375 0.3234375000000001 0.65 0.3234375000000001
0 0.6953125 0.3000000000000001 0.678125 0.3000000000000001 0.678125 0.3218750000000001 0.6953125 0.3218750000000001
0 0.7390625 0.32500000000000007 0.71875 0.32500000000000007 0.71875 0.3500000000000001 0.7390625 0.3500000000000001
0 0.7171875 0.46875 0.696875 0.46875 0.696875 0.5 0.7171875 0.5
0 0.5359375000000002 0.7734375 0.5265625000000002 0.7734375 0.5265625000000002 0.8046875 0.5359375000000002 0.8046875
0 0.5437500000000002 0.7890625 0.5328125000000001 0.7890625 0.5328125000000001 0.8234375 0.5437500000000002 0.8234375
0 0.5453125000000002 0.8171875 0.5359375000000002 0.8171875 0.5359375000000002 0.84375 0.5453125000000002 0.84375
0 0.5484375000000001 0.8390625 0.5343750000000002 0.8390625 0.5343750000000002 0.8640625 0.5484375000000001 0.8640625
0 0.5468750000000002 0.8578125 0.5375000000000002 0.8578125 0.5375000000000002 0.8859375 0.5468750000000002 0.8859375
0 0.5468750000000002 0.88125 0.5343750000000002 0.88125 0.5343750000000002 0.9109375 0.5468750000000002 0.9109375
2 0.6203125 0.50625 0.603125 0.50625 0.603125 0.525 0.6203125 0.525
0 0.540625 0.628125 0.5296875 0.628125 0.5296875 0.6609375 0.540625 0.6609375
3 0.03906250000000009 0.696875 0.020312500000000084 0.696875 0.020312500000000087 0.7125 0.03906250000000009 0.7125
4 0.04687500000000008 0.6640625 0.03281250000000008 0.6640625 0.032812500000000085 0.6890625 0.04687500000000009 0.6890625
4 0.057812500000000086 0.6609375 0.04375000000000008 0.6609375 0.04375000000000008 0.6828125 0.057812500000000086 0.6828125
4 0.08906250000000009 0.6734375 0.0750000000000001 0.6734375 0.0750000000000001 0.6890625 0.08906250000000009 0.6890625
4 0.10156250000000008 0.6796875 0.09218750000000009 0.6796875 0.09218750000000009 0.6921875 0.10156250000000008 0.6921875
4 0.11093750000000009 0.6875 0.09687500000000009 0.6875 0.09687500000000009 0.7 0.11093750000000009 0.7
4 0.1468750000000001 0.678125 0.1296875000000001 0.678125 0.1296875000000001 0.6921875 0.1468750000000001 0.6921875
4 0.2078125000000001 0.640625 0.19687500000000008 0.640625 0.19687500000000008 0.6640625 0.2078125000000001 0.6640625
4 0.3359375000000001 0.6609375 0.3203125000000001 0.6609375 0.3203125000000001 0.68125 0.3359375000000001 0.68125
4 0.3203125000000001 0.6703125 0.3046875000000001 0.6703125 0.3046875000000001 0.6921875 0.3203125000000001 0.6921875
4 0.3937500000000001 0.6125 0.3812500000000001 0.6125 0.3812500000000001 0.6359375 0.3937500000000001 0.6359375
4 0.3890625000000001 0.659375 0.3750000000000001 0.659375 0.3750000000000001 0.6828125 0.3890625000000001 0.6828125
4 0.3812500000000001 0.6875 0.3656250000000001 0.6875 0.3656250000000001 0.709375 0.3812500000000001 0.709375
4 0.41875 0.646875 0.4078125 0.646875 0.4078125 0.6734375 0.41875 0.6734375
4 0.4078125 0.6671875 0.3968750000000001 0.6671875 0.3968750000000001 0.6890625 0.4078125 0.6890625
4 0.4328125 0.634375 0.421875 0.634375 0.421875 0.65 0.4328125 0.65
4 0.44375 0.6515625 0.428125 0.6515625 0.428125 0.6765625 0.44375 0.6765625
4 0.44843750000000016 0.825 0.43281250000000016 0.825 0.43281250000000016 0.8546875 0.44843750000000016 0.8546875
4 0.4515625 0.475 0.440625 0.475 0.440625 0.5046875 0.4515625 0.5046875
4 0.453125 0.50625 0.4421875 0.50625 0.4421875 0.53125 0.453125 0.53125
4 0.453125 0.5265625 0.44375 0.5265625 0.44375 0.553125 0.453125 0.553125
4 0.37968750000000007 0.5921875 0.3671875000000001 0.5921875 0.3671875000000001 0.6078125 0.37968750000000007 0.6078125
4 0.3593750000000001 0.5890625 0.3437500000000001 0.5890625 0.3437500000000001 0.6171875 0.3593750000000001 0.6171875
4 0.5296875000000002 0.778125 0.5187500000000002 0.778125 0.5187500000000002 0.8078125 0.5296875000000002 0.8078125
4 0.5140625000000002 0.9609375 0.5078125000000002 0.9609375 0.5078125000000002 0.9828125 0.5140625000000002 0.9828125
4 0.5265625 0.596875 0.515625 0.596875 0.515625 0.6265625 0.5265625 0.6265625
4 0.5390625 0.5640625 0.5296875 0.5640625 0.5296875 0.5953125 0.5390625 0.5953125
4 0.55 0.496875 0.5375 0.496875 0.5375 0.53125 0.55 0.53125
4 0.553125 0.5203125 0.54375 0.5203125 0.54375 0.5484375 0.553125 0.5484375
4 0.628125 0.459375 0.61875 0.459375 0.61875 0.471875 0.628125 0.471875
4 0.615625 0.459375 0.6015625 0.459375 0.6015625 0.4765625 0.615625 0.4765625
4 0.690625 0.4609375 0.6796875 0.4609375 0.6796875 0.4859375 0.690625 0.4859375
4 0.7109375 0.45 0.69375 0.45 0.69375 0.4765625 0.7109375 0.4765625
4 0.70625 0.3578125000000001 0.696875 0.3578125000000001 0.696875 0.3765625000000001 0.70625 0.3765625000000001
4 0.63125 0.3265625000000001 0.621875 0.3265625000000001 0.621875 0.3421875000000001 0.63125 0.3421875000000001
4 0.546875 0.3046875000000001 0.5296875 0.3046875000000001 0.5296875 0.3312500000000001 0.546875 0.3312500000000001
4 0.5453125 0.2750000000000001 0.5328125 0.2750000000000001 0.5328125 0.3078125000000001 0.5453125 0.3078125000000001
4 0.4640625 0.4234375 0.453125 0.4234375 0.453125 0.44375 0.4640625 0.44375
4 0.4625 0.3890625000000001 0.453125 0.3890625000000001 0.453125 0.4234375 0.4625 0.4234375
2 0.43125 0.3890625000000001 0.4203125 0.3890625000000001 0.4203125 0.4234375 0.43125 0.4234375
2 0.234375 0.2328125 0.215625 0.2328125 0.215625 0.271875 0.234375 0.271875
2 0.1 0.02343750000000001 0.075 0.02343750000000001 0.075 0.046875000000000014 0.1 0.046875000000000014
2 0.046875000000000014 0.0609375 0.03593750000000001 0.0609375 0.03593750000000001 0.1 0.046875000000000014 0.1
2 0.04375000000000002 0.103125 0.03437500000000001 0.103125 0.03437500000000002 0.1390625 0.043750000000000025 0.1390625
2 0.04218750000000003 0.196875 0.034375000000000024 0.196875 0.03437500000000003 0.2375 0.04218750000000003 0.2375
2 0.2 0.05312500000000002 0.175 0.05312500000000002 0.175 0.06718750000000002 0.2 0.06718750000000002
2 0.2328125 0.059375000000000025 0.215625 0.059375000000000025 0.215625 0.08437500000000002 0.2328125 0.08437500000000002
2 0.2984375 0.07812500000000004 0.278125 0.07812500000000004 0.278125 0.09843750000000004 0.2984375 0.09843750000000004
2 0.35625 0.08906250000000004 0.31875 0.08906250000000004 0.31875 0.12343750000000005 0.35625 0.12343750000000005
2 0.3375 0.02187500000000004 0.3265625 0.02187500000000004 0.3265625 0.06875000000000005 0.3375 0.06875000000000005
2 0.359375 0.03125000000000004 0.35 0.03125000000000004 0.35 0.07968750000000005 0.359375 0.07968750000000005
2 0.40625 0.13906250000000003 0.4 0.13906250000000003 0.4 0.18593750000000003 0.40625 0.18593750000000003
2 0.415625 0.14843750000000006 0.403125 0.14843750000000006 0.403125 0.19843750000000004 0.415625 0.19843750000000004
2 0.434375 0.15937500000000004 0.4140625 0.15937500000000004 0.4140625 0.18437500000000004 0.434375 0.18437500000000004
2 0.4578125 0.17500000000000004 0.4515625 0.17500000000000004 0.4515625 0.2234375000000001 0.4578125 0.2234375000000001
2 0.590625 0.037500000000000075 0.571875 0.03750000000000007 0.571875 0.057812500000000065 0.590625 0.057812500000000065
2 0.61875 0.03281250000000008 0.5984375 0.03281250000000008 0.5984375 0.057812500000000065 0.61875 0.057812500000000065
2 0.6234375 0.009375000000000076 0.603125 0.009375000000000074 0.603125 0.03437500000000008 0.6234375 0.03437500000000008
2 0.621875 7.4913940916592e-17 0.6015625 7.367015901120797e-17 0.6015625 0.015625000000000076 0.621875 0.015625000000000076
2 0.5828125 0.08593750000000007 0.565625 0.08593750000000007 0.565625 0.1062500000000001 0.5828125 0.1062500000000001
2 0.5703125 0.09843750000000007 0.5515625 0.09843750000000007 0.5515625 0.12031250000000009 0.5703125 0.12031250000000009
2 0.5671875 0.11250000000000009 0.5515625 0.11250000000000009 0.5515625 0.1359375000000001 0.5671875 0.1359375000000001
2 0.56875 0.1312500000000001 0.5515625 0.1312500000000001 0.5515625 0.15000000000000008 0.56875 0.15000000000000008
2 0.5734375 0.1437500000000001 0.5515625 0.1437500000000001 0.5515625 0.16562500000000008 0.5734375 0.16562500000000008
2 0.5703125 0.1687500000000001 0.5515625 0.1687500000000001 0.5515625 0.1937500000000001 0.5703125 0.1937500000000001
2 0.5671875 0.17968750000000008 0.5515625 0.17968750000000008 0.5515625 0.21093750000000008 0.5671875 0.21093750000000008
2 0.7140625 0.2609375000000001 0.7 0.2609375000000001 0.7 0.29375000000000007 0.7140625 0.29375000000000007
4 0.41875 0.5859375 0.4046875 0.5859375 0.4046875 0.609375 0.41875 0.609375
4 0.4078125 0.6140625 0.3937500000000001 0.6140625 0.3937500000000001 0.6359375 0.4078125 0.6359375
4 0.4140625 0.6015625 0.4046875 0.6015625 0.4046875 0.6203125 0.4140625 0.6203125
4 0.4546875 0.23593750000000008 0.4421875 0.23593750000000008 0.4421875 0.2656250000000001 0.4546875 0.2656250000000001
4 0.453125 0.18437500000000004 0.4453125 0.18437500000000004 0.4453125 0.2140625000000001 0.453125 0.2140625000000001
4 0.4578125 0.15156250000000004 0.44375 0.15156250000000004 0.44375 0.17187500000000006 0.4578125 0.17187500000000006
2 0.465625 0.08281250000000005 0.453125 0.08281250000000004 0.453125 0.14687500000000003 0.465625 0.14687500000000003
0 0.5359375 0.17500000000000004 0.525 0.17500000000000004 0.525 0.2062500000000001 0.5359375 0.2062500000000001
0 0.5296875 0.23437500000000008 0.5171875 0.23437500000000008 0.5171875 0.2734375000000001 0.5296875 0.2734375000000001
4 0.525 0.07187500000000006 0.5140625 0.07187500000000006 0.5140625 0.10312500000000005 0.525 0.10312500000000005
4 0.5328125 0.12968750000000004 0.51875 0.12968750000000004 0.51875 0.15000000000000005 0.5328125 0.15000000000000005
4 0.5421875 0.14531250000000004 0.5375 0.14531250000000004 0.5375 0.16250000000000003 0.5421875 0.16250000000000003
4 0.546875 0.17031250000000006 0.5375 0.17031250000000003 0.5375 0.19843750000000007 0.546875 0.1984375000000001
4 0.4359375 0.26250000000000007 0.425 0.26250000000000007 0.425 0.2906250000000001 0.4359375 0.2906250000000001
2 0.81875 0.859375 0.8046875 0.859375 0.8046875 0.896875 0.81875 0.896875
2 0.8421875 0.8703125 0.8296875 0.8703125 0.8296875 0.9140625 0.8421875 0.9140625
2 0.85625 0.8734375 0.840625 0.8734375 0.840625 0.9171875 0.85625 0.9171875
2 0.8125 0.9296875 0.7875000000000002 0.9296875 0.7875000000000002 0.953125 0.8125 0.953125
2 0.8140625 0.9453125 0.7890625000000002 0.9453125 0.7890625000000002 0.9734375 0.8140625 0.9734375
2 0.80625 0.96875 0.7875000000000002 0.96875 0.7875000000000002 0.99375 0.80625 0.99375
2 0.9390625 0.4656250000000002 0.9140625 0.4656250000000002 0.9140625 0.4937500000000002 0.9390625 0.4937500000000002
2 0.903125 0.5093750000000001 0.8796875 0.5093750000000001 0.8796875 0.5312500000000002 0.903125 0.5312500000000002
2 0.8390625 0.49531250000000016 0.8140625 0.49531250000000016 0.8140625 0.5312500000000002 0.8390625 0.5312500000000002
2 0.86875 0.08281250000000011 0.853125 0.08281250000000011 0.853125 0.11718750000000008 0.86875 0.11718750000000008
2 0.8671875 0.15000000000000008 0.8546875 0.15000000000000008 0.8546875 0.1859375000000001 0.8671875 0.1859375000000001
2 0.8671875 0.1843750000000001 0.8515625 0.1843750000000001 0.8515625 0.2296875000000001 0.8671875 0.2296875000000001
0 0.85 0.2171875000000001 0.8359375 0.2171875000000001 0.8359375 0.24218750000000008 0.85 0.24218750000000008
0 0.8640625 0.2656250000000001 0.846875 0.2656250000000001 0.846875 0.2968750000000001 0.8640625 0.2968750000000001
0 0.9203125 0.3234375000000001 0.90625 0.3234375000000001 0.90625 0.3500000000000001 0.9203125 0.3500000000000001
2 0.7734375 0.23437500000000008 0.7546875 0.23437500000000008 0.7546875 0.2750000000000001 0.7734375 0.2750000000000001
2 0.79375 0.1625000000000001 0.775 0.1625000000000001 0.775 0.19531250000000008 0.79375 0.19531250000000008
2 0.80625 0.19531250000000008 0.7953125 0.19531250000000008 0.7953125 0.22656250000000008 0.80625 0.22656250000000008
1 0.9125 0.3750000000000001 0.85625 0.3750000000000001 0.85625 0.4046875000000002 0.9125 0.4046875000000002
1 0.8171875 0.32500000000000007 0.803125 0.32500000000000007 0.803125 0.3593750000000001 0.8171875 0.3593750000000001
1 0.8890625 0.3437500000000001 0.8671875 0.3437500000000001 0.8671875 0.3750000000000001 0.8890625 0.3750000000000001
1 0.765625 0.3046875000000001 0.7484375 0.3046875000000001 0.7484375 0.3218750000000001 0.765625 0.3218750000000001
2 0.9625 0.2484375000000001 0.9515625 0.2484375000000001 0.9515625 0.27812500000000007 0.9625 0.27812500000000007
4 0.784375 0.4828125000000002 0.765625 0.4828125000000002 0.765625 0.5046875000000002 0.784375 0.5046875000000002
4 0.79375 0.47656250000000017 0.784375 0.47656250000000017 0.784375 0.5000000000000002 0.79375 0.5000000000000002