2 0.04375000000000007 0.5203125 0.034375000000000065 0.5203125 0.034375000000000065 0.55625 0.04375000000000007 0.55625
2 0.06875000000000007 0.625 0.045312500000000075 0.625 0.045312500000000075 0.6390625 0.06875000000000009 0.6390625
2 0.2328125000000001 0.4640625 0.21875000000000008 0.4640625 0.21875000000000008 0.5015625 0.2328125000000001 0.5015625
2 0.22812500000000008 0.5046875 0.21875000000000008 0.5046875 0.21875000000000008 0.53125 0.22812500000000008 0.53125
2 0.2218750000000001 0.3671875 0.2093750000000001 0.3671875 0.2093750000000001 0.4140625 0.2218750000000001 0.4140625
2 0.32500000000000007 0.690625 0.30156250000000007 0.690625 0.30156250000000007 0.7125 0.32500000000000007 0.7125
2 0.2062500000000001 0.7125 0.1906250000000001 0.7125 0.1906250000000001 0.728125 0.2062500000000001 0.728125
2 0.4625000000000001 0.68125 0.4484375 0.68125 0.4484375000000001 0.7265625 0.4625000000000002 0.7265625
2 0.45625 0.6375 0.446875 0.6375 0.446875 0.6734375 0.45625 0.6734375
2 0.471875 0.6140625 0.4625 0.6140625 0.4625 0.6484375 0.471875 0.6484375
2 0.4640625 0.5734375 0.4546875 0.5734375 0.4546875 0.6125 0.4640625 0.6125
2 0.46875 0.490625 0.4578125 0.490625 0.4578125 0.5359375 0.46875 0.5359375
2 0.465625 0.4390625 0.45625 0.4390625 0.45625 0.475 0.465625 0.475
2 0.471875 0.4 0.4625 0.4 0.4625 0.4359375 0.471875 0.4359375
2 0.428125 0.4546875 0.4203125 0.4546875 0.4203125 0.4859375 0.428125 0.4859375
2 0.428125 0.4953125 0.415625 0.4953125 0.415625 0.53125 0.428125 0.53125
2 0.4390625 0.4 0.4296875 0.4 0.4296875 0.425 0.4390625 0.425
2 0.415625 0.615625 0.3968750000000001 0.615625 0.3968750000000001 0.6421875 0.415625 0.6421875
2 0.4546875000000002 0.7828125 0.4437500000000002 0.7828125 0.4437500000000002 0.825 0.4546875000000002 0.825
2 0.4625000000000002 0.8171875 0.45312500000000017 0.8171875 0.45312500000000017 0.859375 0.4625000000000002 0.859375
2 0.40625000000000017 0.7609375 0.3906250000000001 0.7609375 0.3906250000000001 0.7921875 0.40625000000000017 0.7921875
2 0.3968750000000001 0.825 0.3859375000000001 0.825 0.3859375000000001 0.8578125 0.3968750000000001 0.8578125
2 0.4000000000000002 0.85 0.3859375000000001 0.85 0.3859375000000001 0.875 0.4000000000000002 0.875
2 0.4000000000000002 0.8671875 0.3843750000000001 0.8671875 0.3843750000000001 0.896875 0.4000000000000002 0.896875
2 0.3984375000000001 0.9390625 0.3812500000000001 0.9390625 0.3812500000000001 0.959375 0.3984375000000001 0.959375
2 0.54375 0.2875000000000001 0.5265625 0.2875000000000001 0.5265625 0.3281250000000001 0.54375 0.3281250000000001
2 0.534375 0.3421875000000001 0.51875 0.3421875000000001 0.51875 0.3734375000000001 0.534375 0.3734375000000001
2 0.540625 0.3609375000000001 0.5296875 0.3609375000000001 0.5296875 0.3968750000000001 0.540625 0.3968750000000001
2 0.56875 0.3687500000000001 0.553125 0.3687500000000001 0.553125 0.3968750000000001 0.56875 0.3968750000000001
2 0.53125 0.4234375 0.515625 0.4234375 0.515625 0.45625 0.53125 0.45625
2 0.5484375 0.4453125 0.528125 0.4453125 0.528125 0.471875 0.5484375 0.471875
2 0.56875 0.4890625 0.553125 0.4890625 0.553125 0.5109375 0.56875 0.5109375
2 0.5375 0.509375 0.5234375 0.509375 0.5234375 0.5390625 0.5375 0.5390625
2 0.5421875 0.5578125 0.528125 0.5578125 0.528125 0.584375 0.5421875 0.584375
2 0.5203125 0.625 0.509375 0.625 0.509375 0.6625 0.5203125 0.6625
2 0.5343750000000002 0.73125 0.5265625000000002 0.73125 0.5265625000000002 0.7625 0.5343750000000002 0.7625
2 0.55 0.7234375 0.5359375 0.7234375 0.5359375000000001 0.7546875 0.5500000000000002 0.7546875
2 0.5484375000000001 0.753125 0.5359375000000002 0.753125 0.5359375000000002 0.7875 0.5484375000000001 0.7875
2 0.5343750000000002 0.8390625 0.5250000000000001 0.8390625 0.5250000000000001 0.875 0.5343750000000002 0.875
2 0.5265625000000002 0.9140625 0.5156250000000002 0.9140625 0.5156250000000002 0.95 0.5265625000000002 0.95
2 0.5734375000000002 0.959375 0.5531250000000002 0.959375 0.5531250000000002 0.984375 0.5734375000000002 0.984375
2 0.5750000000000002 0.9796875 0.5562500000000001 0.9796875 0.5562500000000001 1 0.5750000000000002 1
2 0.8234375 0.878125 0.8140625 0.878125 0.8140625 0.9140625 0.8234375 0.9140625
2 0.846875 0.8953125 0.834375 0.8953125 0.834375 0.9328125 0.846875 0.9328125
2 0.859375 0.8953125 0.846875 0.8953125 0.846875 0.940625 0.859375 0.940625
2 0.8140625 0.9453125 0.8 0.9453125 0.8 0.965625 0.8140625 0.965625
2 0.8140625 0.9609375 0.7968750000000002 0.9609375 0.7968750000000002 0.9828125 0.8140625 0.9828125
2 0.8078125 0.978125 0.7937500000000002 0.978125 0.7937500000000002 1 0.8078125 1
2 0.684375 0.4953125 0.6671875 0.4953125 0.6671875 0.521875 0.684375 0.521875
2 0.696875 0.5125 0.684375 0.5125 0.684375 0.53125 0.696875 0.53125
2 0.696875 0.5296875 0.684375 0.5296875 0.684375 0.5703125 0.696875 0.5703125
2 0.8609375 0.4703125000000002 0.8359375 0.4703125000000002 0.8359375 0.4968750000000002 0.8609375 0.4968750000000002
2 0.84375 0.5156250000000002 0.821875 0.5156250000000002 0.821875 0.5390625000000002 0.84375 0.5390625000000002
2 0.909375 0.47656250000000017 0.8875 0.47656250000000017 0.8875 0.4984375000000002 0.909375 0.4984375000000002
2 0.7203125 0.2687500000000001 0.70625 0.2687500000000001 0.70625 0.3062500000000001 0.7203125 0.3062500000000001
2 0.8375 0.2640625000000001 0.8296875 0.2640625000000001 0.8296875 0.2906250000000001 0.8375 0.2906250000000001
2 0.90625 0.5265625000000002 0.890625 0.5265625000000002 0.890625 0.5468750000000002 0.90625 0.5468750000000002
2 0.9296875 0.32500000000000007 0.9125 0.32500000000000007 0.9125 0.34843750000000007 0.9296875 0.34843750000000007
2 0.8015625 0.2156250000000001 0.7921875 0.2156250000000001 0.7921875 0.24375000000000008 0.8015625 0.24375000000000008
2 0.81875 0.21093750000000008 0.8046875 0.21093750000000008 0.8046875 0.2390625000000001 0.81875 0.2390625000000001
2 0.5453125 0.12812500000000007 0.53125 0.12812500000000004 0.53125 0.16406250000000006 0.5453125 0.16406250000000008
2 0.5484375 0.17500000000000007 0.5375 0.17500000000000004 0.5375 0.2140625000000001 0.5484375 0.2140625000000001
2 0.5765625 0.17343750000000008 0.5625 0.17343750000000008 0.5625 0.2000000000000001 0.5765625 0.2000000000000001
2 0.5765625 0.19531250000000008 0.55625 0.19531250000000008 0.55625 0.2250000000000001 0.5765625 0.2250000000000001
2 0.5828125 0.1390625000000001 0.559375 0.1390625000000001 0.559375 0.1593750000000001 0.5828125 0.1593750000000001
2 0.575 0.12500000000000008 0.5578125 0.12500000000000008 0.5578125 0.1390625000000001 0.575 0.1390625000000001
2 0.5796875 0.10156250000000008 0.5609375 0.10156250000000008 0.5609375 0.1296875000000001 0.5796875 0.1296875000000001
2 0.590625 0.09375000000000007 0.5703125 0.09375000000000007 0.5703125 0.11562500000000009 0.590625 0.11562500000000009
2 0.6046875 0.06875000000000006 0.5859375 0.06875000000000006 0.5859375 0.08906250000000007 0.6046875 0.08906250000000007
2 0.6 0.04218750000000007 0.5765625 0.042187500000000065 0.5765625 0.06406250000000006 0.6 0.06406250000000006
2 0.628125 0.045312500000000075 0.603125 0.045312500000000075 0.603125 0.06718750000000007 0.628125 0.06718750000000007
2 0.63125 0.023437500000000076 0.6125 0.023437500000000076 0.6125 0.039062500000000076 0.63125 0.039062500000000076
2 0.628125 0.0031250000000000756 0.6109375 0.0031250000000000748 0.6109375 0.020312500000000074 0.628125 0.020312500000000077
2 0.53125 0.025000000000000067 0.5171875 0.025000000000000067 0.5171875 0.07500000000000007 0.53125 0.07500000000000007
2 0.46875 0.09218750000000006 0.459375 0.09218750000000006 0.459375 0.14218750000000005 0.46875 0.14218750000000005
2 0.4671875 0.16250000000000003 0.45625 0.16250000000000003 0.45625 0.2093750000000001 0.4671875 0.2093750000000001
2 0.4734375 0.2140625000000001 0.4640625 0.2140625000000001 0.4640625 0.2484375000000001 0.4734375 0.2484375000000001
2 0.440625 0.16875000000000004 0.421875 0.16875000000000004 0.421875 0.18906250000000005 0.440625 0.18906250000000005
2 0.4234375 0.16718750000000004 0.4140625 0.16718750000000004 0.4140625 0.2000000000000001 0.4234375 0.2000000000000001
2 0.4125 0.14843750000000006 0.403125 0.14843750000000006 0.403125 0.17968750000000006 0.4125 0.17968750000000006
2 0.3703125 0.03750000000000005 0.359375 0.03750000000000005 0.359375 0.08750000000000005 0.3703125 0.08750000000000005
2 0.3515625 0.10000000000000005 0.33125 0.10000000000000005 0.33125 0.11093750000000005 0.3515625 0.11093750000000005
2 0.3484375 0.029687500000000044 0.334375 0.029687500000000044 0.334375 0.08906250000000004 0.3484375 0.08906250000000004
2 0.30625 0.08593750000000004 0.2875 0.08593750000000004 0.2875 0.10468750000000004 0.30625 0.10468750000000004
2 0.3203125 0.09218750000000005 0.30625 0.09218750000000005 0.30625 0.10625000000000004 0.3203125 0.10625000000000004
2 0.2390625 0.057812500000000024 0.2203125 0.057812500000000024 0.2203125 0.07968750000000002 0.2390625 0.07968750000000002
2 0.2421875 0.2359375 0.2265625 0.2359375 0.2265625 0.2671875 0.2421875 0.2671875
2 0.2234375 0.284375 0.2109375 0.284375 0.2109375 0.315625 0.2234375 0.315625
2 0.2046875 0.050000000000000024 0.1890625 0.050000000000000024 0.1890625 0.06718750000000002 0.2046875 0.06718750000000002
2 0.21875 0.05312500000000002 0.1984375 0.05312500000000002 0.1984375 0.07187500000000002 0.21875 0.07187500000000002
2 0.109375 0.021875000000000012 0.0890625 0.021875000000000012 0.0890625 0.04375000000000001 0.109375 0.04375000000000001
2 0.05625000000000001 0.059375 0.04531250000000001 0.059375 0.04531250000000001 0.1 0.05625000000000002 0.1
2 0.05468750000000002 0.103125 0.04531250000000001 0.103125 0.04531250000000002 0.140625 0.05468750000000002 0.140625
2 0.05625000000000002 0.19375 0.042187500000000024 0.19375 0.04218750000000003 0.2359375 0.05625000000000002 0.2359375
0 0.5609375 0.03125000000000007 0.5515625 0.03125000000000007 0.5515625 0.06562500000000007 0.5609375 0.06562500000000007
0 0.58125 0.02187500000000007 0.5703125 0.02187500000000007 0.5703125 0.042187500000000065 0.58125 0.042187500000000065
0 0.559375 0.10937500000000008 0.55 0.10937500000000008 0.55 0.14062500000000008 0.559375 0.14062500000000008
0 0.525 0.22656250000000008 0.5140625 0.22656250000000008 0.5140625 0.2500000000000001 0.525 0.2500000000000001
0 0.465625 0.2609375000000001 0.453125 0.2609375000000001 0.453125 0.2843750000000001 0.465625 0.2843750000000001
0 0.7015625 0.3125000000000001 0.684375 0.3125000000000001 0.684375 0.34062500000000007 0.7015625 0.34062500000000007
0 0.828125 0.3062500000000001 0.8109375 0.3062500000000001 0.8109375 0.3296875000000001 0.828125 0.3296875000000001
0 0.878125 0.1750000000000001 0.865625 0.1750000000000001 0.865625 0.1984375000000001 0.878125 0.1984375000000001
0 0.7796875 0.2609375000000001 0.76875 0.2609375000000001 0.76875 0.2828125000000001 0.7796875 0.2828125000000001
0 0.7328125 0.5125000000000001 0.715625 0.5125 0.715625 0.5296875000000001 0.7328125 0.5296875000000002
0 0.58125 0.3890625000000001 0.565625 0.3890625000000001 0.565625 0.4140625 0.58125 0.4140625
0 0.55 0.6375 0.534375 0.6375 0.534375 0.6625 0.55 0.6625
0 0.5390625000000002 0.784375 0.5312500000000002 0.784375 0.5312500000000002 0.8078125 0.5390625000000002 0.8078125
0 0.5453125000000002 0.80625 0.5375000000000002 0.80625 0.5375000000000002 0.83125 0.5453125000000002 0.83125
0 0.5484375000000001 0.828125 0.5375000000000002 0.828125 0.5375000000000002 0.853125 0.5484375000000001 0.853125
0 0.5484375000000001 0.8453125 0.5375000000000002 0.8453125 0.5375000000000002 0.88125 0.5484375000000001 0.88125
0 0.5484375000000001 0.8734375 0.5390625000000002 0.8734375 0.5390625000000002 0.9 0.5484375000000001 0.9
0 0.5500000000000002 0.89375 0.5406250000000001 0.89375 0.5406250000000001 0.9234375 0.5500000000000002 0.9234375
0 0.5265625000000002 0.890625 0.5140625000000002 0.890625 0.5140625000000002 0.9171875 0.5265625000000002 0.9171875
0 0.5359375000000002 0.95 0.5250000000000001 0.95 0.5250000000000001 0.971875 0.5359375000000002 0.971875
0 0.5437500000000002 0.9546875 0.5328125000000001 0.9546875 0.5328125000000001 0.978125 0.5437500000000002 0.978125
0 0.5343750000000002 0.971875 0.5250000000000001 0.971875 0.5250000000000001 0.9984375 0.5343750000000002 0.9984375
0 0.403125 0.6984375 0.3890625000000001 0.6984375 0.3890625000000001 0.7171875 0.403125 0.7171875
0 0.3781250000000001 0.6921875 0.3625000000000001 0.6921875 0.3625000000000001 0.709375 0.3781250000000001 0.709375
0 0.428125 0.578125 0.4171875 0.578125 0.4171875 0.5921875 0.428125 0.5921875
0 0.4328125 0.6125 0.4234375 0.6125 0.4234375 0.63125 0.4328125 0.63125
4 0.04375000000000008 0.675 0.025000000000000078 0.675 0.025000000000000085 0.6890625 0.04375000000000009 0.6890625
4 0.03281250000000009 0.6859375 0.023437500000000083 0.6859375 0.023437500000000087 0.7046875 0.03281250000000009 0.7046875
4 0.025000000000000088 0.6890625 0.010937500000000083 0.6890625 0.010937500000000084 0.7078125 0.025000000000000088 0.7078125
4 0.021875000000000082 0.64375 0.0062500000000000775 0.64375 0.006250000000000079 0.6625 0.021875000000000082 0.6625
4 0.010937500000000084 0.678125 8.304636106717989e-17 0.678125 8.495987169084762e-17 0.709375 0.010937500000000086 0.709375
4 0.13437500000000008 0.6828125 0.11875000000000009 0.6828125 0.11875000000000009 0.7 0.13437500000000008 0.7
4 0.1750000000000001 0.6671875 0.15781250000000008 0.6671875 0.15781250000000008 0.69375 0.1750000000000001 0.69375
4 0.2015625000000001 0.6765625 0.18750000000000008 0.6765625 0.18750000000000008 0.6859375 0.2015625000000001 0.6859375
4 0.2375000000000001 0.634375 0.22656250000000008 0.634375 0.22656250000000008 0.6484375 0.2375000000000001 0.6484375
4 0.2718750000000001 0.675 0.2593750000000001 0.675 0.2593750000000001 0.6953125 0.2718750000000001 0.6953125
4 0.30937500000000007 0.6375 0.2984375000000001 0.6375 0.2984375000000001 0.6515625 0.30937500000000007 0.6515625
4 0.3218750000000001 0.6640625 0.3031250000000001 0.6640625 0.3031250000000001 0.6828125 0.3218750000000001 0.6828125
4 0.36406250000000007 0.61875 0.3500000000000001 0.61875 0.3500000000000001 0.64375 0.36406250000000007 0.64375
4 0.3812500000000001 0.6203125 0.3703125000000001 0.6203125 0.3703125000000001 0.6390625 0.3812500000000001 0.6390625
4 0.45 0.4984375 0.4421875 0.4984375 0.4421875 0.5234375 0.45 0.5234375
4 0.4546875 0.50625 0.4484375 0.50625 0.4484375 0.5359375 0.4546875 0.5359375
4 0.446875 0.6203125 0.434375 0.6203125 0.434375 0.640625 0.446875 0.640625
4 0.4484375000000001 0.71875 0.440625 0.71875 0.4406250000000001 0.7390625 0.44843750000000016 0.7390625
4 0.4390625000000002 0.821875 0.4281250000000002 0.821875 0.4281250000000002 0.8390625 0.4390625000000002 0.8390625
4 0.4468750000000002 0.83125 0.4390625000000002 0.83125 0.4390625000000002 0.859375 0.4468750000000002 0.859375
4 0.44843750000000016 0.85 0.4359375000000002 0.85 0.4359375000000002 0.8890625 0.44843750000000016 0.8890625
4 0.4500000000000002 0.8921875 0.43750000000000017 0.8921875 0.43750000000000017 0.928125 0.4500000000000002 0.928125
4 0.44843750000000016 0.928125 0.44062500000000016 0.928125 0.44062500000000016 0.978125 0.44843750000000016 0.978125
4 0.44062500000000016 0.934375 0.4359375000000002 0.934375 0.4359375000000002 0.959375 0.44062500000000016 0.959375
4 0.534375 0.675 0.5234375 0.675 0.5234375 0.703125 0.534375 0.703125
4 0.534375 0.709375 0.5265625 0.709375 0.5265625 0.7296875 0.5343750000000002 0.7296875
4 0.5171875000000001 0.7546875 0.5093750000000001 0.7546875 0.5093750000000001 0.7859375 0.5171875000000001 0.7859375
4 0.5187500000000002 0.8171875 0.5078125000000002 0.8171875 0.5078125000000002 0.8359375 0.5187500000000002 0.8359375
4 0.5109375000000002 0.840625 0.5031250000000002 0.840625 0.5031250000000002 0.8671875 0.5109375000000002 0.8671875
4 0.5109375000000002 0.9453125 0.5015625000000001 0.9453125 0.5015625000000001 0.965625 0.5109375000000002 0.965625
4 0.5296875 0.5859375 0.51875 0.5859375 0.51875 0.6078125 0.5296875 0.6078125
4 0.540625 0.603125 0.5328125 0.603125 0.5328125 0.6171875 0.540625 0.6171875
4 0.559375 0.515625 0.55 0.515625 0.55 0.5421875 0.559375 0.5421875
4 0.546875 0.4875 0.540625 0.4875 0.540625 0.5109375 0.546875 0.5109375
4 0.5515625 0.4953125 0.5453125 0.4953125 0.5453125 0.5140625 0.5515625 0.5140625
4 0.55625 0.4578125 0.546875 0.4578125 0.546875 0.4765625 0.55625 0.4765625
4 0.5609375 0.4640625 0.553125 0.4640625 0.553125 0.4859375 0.5609375 0.4859375
4 0.5703125 0.4375 0.5546875 0.4375 0.5546875 0.45625 0.5703125 0.45625
4 0.5515625 0.4171875 0.540625 0.4171875 0.540625 0.4359375 0.5515625 0.4359375
4 0.5578125 0.409375 0.55 0.409375 0.55 0.428125 0.5578125 0.428125
4 0.55625 0.3890625000000001 0.546875 0.3890625000000001 0.546875 0.4078125 0.55625 0.4078125
4 0.603125 0.35625000000000007 0.5953125 0.35625000000000007 0.5953125 0.3781250000000001 0.603125 0.3781250000000001
4 0.5859375 0.3687500000000001 0.5734375 0.3687500000000001 0.5734375 0.3843750000000001 0.5859375 0.3843750000000001
4 0.6171875 0.4625 0.60625 0.4625 0.60625 0.48125 0.6171875 0.48125
4 0.60625 0.4796875 0.596875 0.4796875 0.596875 0.49375 0.60625 0.49375
4 0.6125 0.49375 0.603125 0.49375 0.603125 0.503125 0.6125 0.503125
4 0.628125 0.4859375 0.615625 0.4859375 0.615625 0.5046875 0.628125 0.5046875
4 0.6546875 0.4765625 0.64375 0.4765625 0.64375 0.490625 0.6546875 0.490625
4 0.69375 0.4828125 0.675 0.4828125 0.675 0.4984375 0.69375 0.4984375
4 0.73125 0.4718750000000001 0.7171875 0.471875 0.7171875 0.4906250000000001 0.73125 0.4906250000000002
4 0.784375 0.49531250000000016 0.759375 0.49531250000000016 0.759375 0.5234375000000002 0.784375 0.5234375000000002
4 0.83125 0.3421875000000001 0.8171875 0.3421875000000001 0.8171875 0.3625000000000001 0.83125 0.3625000000000001
4 0.9046875 0.3515625000000001 0.896875 0.3515625000000001 0.896875 0.3703125000000001 0.9046875 0.3703125000000001
4 0.84375 0.3671875000000001 0.8296875 0.3671875000000001 0.8296875 0.37968750000000007 0.84375 0.37968750000000007
4 0.90625 0.4984375000000002 0.890625 0.4984375000000002 0.890625 0.5109375000000002 0.90625 0.5109375000000002
4 0.953125 0.4812500000000002 0.9328125 0.4812500000000002 0.9328125 0.5078125000000002 0.953125 0.5078125000000002
4 1 0.5031250000000002 0.9765625 0.5031250000000002 0.9765625 0.5250000000000001 1 0.5250000000000001
3 0.5921875 0.2390625000000001 0.56875 0.2390625000000001 0.56875 0.2890625000000001 0.5921875 0.2890625000000001
3 0.7140625 0.2984375000000001 0.6984375 0.2984375000000001 0.6984375 0.3187500000000001 0.7140625 0.3187500000000001
4 0.4625 0.3671875000000001 0.4515625 0.3671875000000001 0.4515625 0.3859375000000001 0.4625 0.3859375000000001
4 0.440625 0.3296875000000001 0.43125 0.3296875000000001 0.43125 0.3421875000000001 0.440625 0.3421875000000001
4 0.44375 0.2734375000000001 0.4296875 0.2734375000000001 0.4296875 0.2968750000000001 0.44375 0.2968750000000001
3 0.4578125 0.22812500000000008 0.4453125 0.22812500000000008 0.4453125 0.25468750000000007 0.4578125 0.25468750000000007
4 0.534375 0.17187500000000006 0.5234375 0.17187500000000006 0.5234375 0.19843750000000004 0.534375 0.19843750000000004
4 0.5359375 0.19687500000000005 0.528125 0.19687500000000005 0.528125 0.2171875000000001 0.5359375 0.2171875000000001
3 0.540625 0.2156250000000001 0.5234375 0.2156250000000001 0.5234375 0.2671875000000001 0.540625 0.2671875000000001
4 0.5265625 0.19218750000000004 0.5171875 0.19218750000000004 0.5171875 0.2156250000000001 0.5265625 0.2156250000000001
4 0.55 0.06718750000000007 0.5390625 0.06718750000000007 0.5390625 0.08593750000000007 0.55 0.08593750000000007
4 0.5390625 0.014062500000000066 0.528125 0.014062500000000066 0.528125 0.025000000000000067 0.5390625 0.025000000000000067
4 0.4546875 0.09218750000000006 0.4421875 0.09218750000000005 0.4421875 0.11406250000000004 0.4546875 0.11406250000000004
4 0.46875 0.056250000000000064 0.4609375 0.056250000000000064 0.4609375 0.07500000000000007 0.46875 0.07500000000000007
4 0.4625 0.10781250000000005 0.453125 0.10781250000000005 0.453125 0.12812500000000004 0.4625 0.12812500000000004
4 0.4671875 0.2875000000000001 0.4578125 0.2875000000000001 0.4578125 0.30156250000000007 0.4671875 0.30156250000000007
4 0.459375 0.3843750000000001 0.453125 0.3843750000000001 0.453125 0.4046875 0.459375 0.4046875
4 0.453125 0.453125 0.44375 0.453125 0.44375 0.478125 0.453125 0.478125
0 0.45 0.4203125 0.4390625 0.4203125 0.4390625 0.4421875 0.45 0.4421875
0 0.4578125 0.4234375 0.4453125 0.4234375 0.4453125 0.4546875 0.4578125 0.4546875
4 0.7015625 0.3421875000000001 0.6859375 0.3421875000000001 0.6859375 0.3578125000000001 0.7015625 0.3578125000000001