1 0.15625 0.1609375 0.1125 0.1609375 0.1125 0.1796875 0.15625 0.1796875
1 0.16250000000000003 0.18125 0.1140625 0.18125 0.11406250000000002 0.20625 0.16250000000000003 0.20625
1 0.15937500000000004 0.2078125 0.11250000000000004 0.2078125 0.11250000000000004 0.228125 0.15937500000000004 0.228125
1 0.15781250000000005 0.23125 0.11250000000000004 0.23125 0.11250000000000004 0.246875 0.15781250000000005 0.246875
1 0.16093750000000004 0.2484375 0.11093750000000005 0.2484375 0.11093750000000005 0.275 0.16093750000000004 0.275
1 0.15781250000000005 0.2765625 0.11093750000000005 0.2765625 0.11093750000000005 0.2953125 0.15781250000000005 0.2953125
1 0.14531250000000004 0.29375 0.11093750000000005 0.29375 0.11093750000000005 0.328125 0.14531250000000004 0.328125
1 0.14843750000000006 0.3234375 0.11875000000000005 0.3234375 0.11875000000000005 0.3484375 0.14843750000000006 0.3484375
1 0.14687500000000003 0.3390625 0.10781250000000005 0.3390625 0.10781250000000005 0.3671875 0.14687500000000003 0.3671875
1 0.2609375 0.16875000000000004 0.2109375 0.16875000000000004 0.2109375 0.19687500000000005 0.2609375 0.19687500000000005
1 0.2625 0.18906250000000005 0.2109375 0.18906250000000005 0.2109375 0.2203125 0.2625 0.2203125
1 0.2609375 0.2125 0.215625 0.2125 0.215625 0.2375 0.2609375 0.2375
1 0.2625 0.23125 0.2140625 0.23125 0.2140625 0.2609375 0.2625 0.2609375
1 0.259375 0.2578125 0.2125 0.2578125 0.2125 0.278125 0.259375 0.278125
1 0.2578125 0.2796875 0.2140625 0.2796875 0.2140625 0.3015625 0.2578125 0.3015625
1 0.2609375 0.3046875 0.215625 0.3046875 0.215625 0.325 0.2609375 0.325
1 0.2609375 0.321875 0.215625 0.321875 0.215625 0.3515625 0.2609375 0.3515625
1 0.259375 0.34375 0.2140625 0.34375 0.21406250000000004 0.3765625 0.2593750000000001 0.3765625
2 0.2921875 0.06875000000000005 0.2828125 0.06875000000000005 0.2828125 0.10000000000000005 0.2921875 0.10000000000000005
2 0.290625 0.12031250000000004 0.28125 0.12031250000000004 0.28125 0.14843750000000006 0.290625 0.14843750000000006
2 0.2828125 0.20625 0.278125 0.20625 0.278125 0.23125 0.2828125 0.23125
0 0.290625 0.16093750000000004 0.2734375 0.16093750000000004 0.2734375 0.17968750000000006 0.290625 0.17968750000000006
2 0.045312500000000054 0.446875 0.023437500000000056 0.446875 0.023437500000000056 0.4671875 0.045312500000000054 0.4671875
2 0.04687500000000006 0.4859375 0.023437500000000062 0.4859375 0.023437500000000062 0.503125 0.04687500000000007 0.503125
2 0.021875000000000068 0.528125 6.467665907996959e-17 0.528125 6.592044098535362e-17 0.5484375 0.021875000000000068 0.5484375
2 0.13281250000000006 0.4984375 0.10781250000000005 0.4984375 0.10781250000000005 0.5125 0.13281250000000006 0.5125
2 0.19687500000000005 0.4921875 0.16718750000000004 0.4921875 0.16718750000000004 0.50625 0.19687500000000005 0.50625
2 0.17343750000000005 0.503125 0.15468750000000003 0.503125 0.15468750000000003 0.51875 0.17343750000000005 0.51875
2 0.2093750000000001 0.4375 0.19375000000000003 0.4375 0.19375000000000003 0.4609375 0.2093750000000001 0.4609375
2 0.24375000000000008 0.478125 0.2250000000000001 0.478125 0.2250000000000001 0.4953125 0.24375000000000008 0.4953125
2 0.3046875000000001 0.478125 0.28593750000000007 0.478125 0.28593750000000007 0.4859375 0.3046875000000001 0.4859375
2 0.2828125000000001 0.4984375 0.2609375000000001 0.4984375 0.2609375000000001 0.5125 0.2828125000000001 0.5125
3 0.3359375000000001 0.4890625 0.31718750000000007 0.4890625 0.31718750000000007 0.5109375 0.3359375000000001 0.5109375
2 0.3937500000000001 0.496875 0.3734375000000001 0.496875 0.3734375000000001 0.5140625 0.3937500000000001 0.5140625
4 0.2750000000000001 0.46875 0.2609375000000001 0.46875 0.2609375000000001 0.484375 0.2750000000000001 0.484375
4 0.2218750000000001 0.4625 0.2062500000000001 0.4625 0.2062500000000001 0.48125 0.2218750000000001 0.48125
4 0.08281250000000007 0.5015625 0.06875000000000006 0.5015625 0.06875000000000006 0.5234375 0.08281250000000007 0.5234375
4 0.05937500000000007 0.56875 0.04687500000000007 0.56875 0.04687500000000007 0.5890625 0.05937500000000007 0.5890625
4 0.014062500000000061 0.48125 5.893612720896637e-17 0.48125 6.037126017671717e-17 0.5046875 0.014062500000000061 0.5046875
4 0.14843750000000008 0.56875 0.1296875000000001 0.56875 0.1296875000000001 0.590625 0.14843750000000008 0.590625
2 0.2953125000000001 0.5140625 0.2765625000000001 0.5140625 0.2765625000000001 0.553125 0.2953125000000001 0.553125
2 0.3500000000000001 0.5484375 0.32500000000000007 0.5484375 0.32500000000000007 0.56875 0.3500000000000001 0.56875
2 0.4859375 0.54375 0.4609375 0.54375 0.4609375 0.565625 0.4859375 0.565625
2 0.475 0.496875 0.453125 0.496875 0.453125 0.5125 0.475 0.5125
2 0.5359375 0.490625 0.515625 0.490625 0.515625 0.5171875 0.5359375 0.5171875
2 0.553125 0.5265625 0.53125 0.5265625 0.53125 0.55 0.553125 0.55
0 0.540625 0.4734375 0.5234375 0.4734375 0.5234375 0.4890625 0.540625 0.4890625
0 0.478125 0.421875 0.4609375 0.421875 0.4609375 0.434375 0.478125 0.434375
2 0.453125 0.3921875000000001 0.4390625 0.3921875000000001 0.4390625 0.4234375 0.453125 0.4234375
2 0.38750000000000007 0.4 0.3734375000000001 0.4 0.3734375000000001 0.425 0.38750000000000007 0.425
5 0.4734375 0.3828125000000001 0.459375 0.3828125000000001 0.459375 0.415625 0.4734375 0.415625
2 0.4859375 0.3906250000000001 0.4703125 0.3906250000000001 0.4703125 0.4296875 0.4859375 0.4296875
2 0.528125 0.3859375000000001 0.5203125 0.3859375000000001 0.5203125 0.421875 0.528125 0.421875
2 0.5125 0.3937500000000001 0.5046875 0.3937500000000001 0.5046875 0.4296875 0.5125 0.4296875
2 0.5015625 0.3859375000000001 0.490625 0.3859375000000001 0.490625 0.425 0.5015625 0.425
2 0.4390625 0.37968750000000007 0.4296875 0.37968750000000007 0.4296875 0.4234375 0.4390625 0.4234375
2 0.4296875 0.3843750000000001 0.421875 0.3843750000000001 0.421875 0.421875 0.4296875 0.421875
2 0.4234375 0.3890625000000001 0.4140625 0.3890625000000001 0.4140625 0.4203125 0.4234375 0.4203125
2 0.3765625000000001 0.4 0.3671875000000001 0.4 0.3671875000000001 0.425 0.3765625000000001 0.425
2 0.3687500000000001 0.4015625 0.3546875000000001 0.4015625 0.3546875000000001 0.4328125 0.3687500000000001 0.4328125
2 0.665625 0.58125 0.6453125 0.58125 0.6453125 0.6015625 0.665625 0.6015625
0 0.759375 0.5859375000000002 0.7484375 0.5859375000000002 0.7484375 0.6125000000000002 0.759375 0.6125000000000002
2 0.7953125000000002 0.803125 0.7765625000000002 0.803125 0.7765625000000002 0.834375 0.7953125000000002 0.834375
2 0.7984375000000001 0.896875 0.7765625000000002 0.896875 0.7765625000000002 0.921875 0.7984375000000001 0.921875
2 0.7968750000000002 0.884375 0.7734375000000002 0.884375 0.7734375000000002 0.903125 0.7968750000000002 0.903125
2 0.7953125000000002 0.8703125 0.7750000000000001 0.8703125 0.7750000000000001 0.8828125 0.7953125000000002 0.8828125
2 0.7968750000000002 0.8390625 0.7765625000000002 0.8390625 0.7765625000000002 0.8640625 0.7968750000000002 0.8640625
2 0.7640625000000002 0.940625 0.7515625000000001 0.940625 0.7515625000000001 0.9796875 0.7640625000000002 0.9796875
2 0.771875 0.47656250000000017 0.7515625 0.47656250000000017 0.7515625 0.5031250000000002 0.771875 0.5031250000000002
0 0.725 0.4484375 0.709375 0.4484375 0.709375 0.4625 0.725 0.4625
2 0.8078125 0.48437500000000017 0.7875 0.48437500000000017 0.7875 0.5046875000000002 0.8078125 0.5046875000000002
2 0.859375 0.4625000000000002 0.8375 0.4625000000000002 0.8375 0.4812500000000002 0.859375 0.4812500000000002
2 0.86875 0.4828125000000002 0.85 0.4828125000000002 0.85 0.5109375000000002 0.86875 0.5109375000000002
2 0.9078125 0.4750000000000002 0.890625 0.4750000000000002 0.890625 0.4859375000000002 0.9078125 0.4859375000000002
2 0.940625 0.46875000000000017 0.9109375 0.46875000000000017 0.9109375 0.4890625000000002 0.940625 0.4890625000000002
2 0.9796875 0.46875000000000017 0.95625 0.46875000000000017 0.95625 0.4890625000000002 0.9796875 0.4890625000000002
2 0.9953125 0.48750000000000016 0.9734375 0.48750000000000016 0.9734375 0.5109375000000002 0.9953125 0.5109375000000002
2 0.953125 0.4890625000000002 0.928125 0.4890625000000002 0.928125 0.5093750000000001 0.953125 0.5093750000000001
0 0.909375 0.4859375000000002 0.890625 0.4859375000000002 0.890625 0.5062500000000002 0.909375 0.5062500000000002
0 0.840625 0.5171875000000001 0.8234375 0.5171875000000001 0.8234375 0.5421875000000002 0.840625 0.5421875000000002
4 0.821875 0.5609375000000002 0.8046875 0.5609375000000002 0.8046875 0.5765625000000002 0.821875 0.5765625000000002
4 0.790625 0.5140625000000002 0.78125 0.5140625000000002 0.78125 0.5250000000000001 0.790625 0.5250000000000001
2 0.9640625 0.5375000000000002 0.934375 0.5375000000000002 0.934375 0.5593750000000002 0.9640625 0.5593750000000002
4 0.6125 0.553125 0.5953125 0.553125 0.5953125 0.5765625 0.6125 0.5765625
4 0.6390625 0.475 0.6296875 0.475 0.6296875 0.4859375 0.6390625 0.4859375
4 0.63125 0.4625 0.621875 0.4625 0.621875 0.4734375 0.63125 0.4734375
2 0.56875 0.578125 0.5578125 0.578125 0.5578125 0.6140625 0.56875 0.6140625
4 0.7953125 0.4703125000000002 0.78125 0.4703125000000002 0.78125 0.4812500000000002 0.7953125 0.4812500000000002
4 0.8859375 0.45312500000000017 0.878125 0.45312500000000017 0.878125 0.4625000000000002 0.8859375 0.4625000000000002
4 0.896875 0.4656250000000002 0.8890625 0.4656250000000002 0.8890625 0.47187500000000016 0.896875 0.47187500000000016
0 0.16250000000000003 0.475 0.14531250000000004 0.475 0.14531250000000004 0.49375 0.16250000000000003 0.49375