2 0.0750000000000001 0.7953125 0.057812500000000086 0.7953125 0.0578125000000001 0.8234375 0.07500000000000011 0.8234375
2 0.039062500000000125 0.96875 0.023437500000000118 0.96875 0.023437500000000118 0.99375 0.039062500000000125 0.99375
2 0.02656250000000012 0.971875 0.00937500000000012 0.971875 0.009375000000000121 0.9984375 0.02656250000000012 0.9984375
2 0.15625000000000014 0.925 0.14062500000000014 0.925 0.14062500000000014 0.95 0.15625000000000014 0.95
2 0.3062500000000001 0.8828125 0.2906250000000001 0.8828125 0.2906250000000001 0.909375 0.3062500000000001 0.909375
2 0.2296875000000001 0.6265625 0.2234375000000001 0.6265625 0.2234375000000001 0.6578125 0.2296875000000001 0.6578125
2 0.2671875000000001 0.621875 0.2531250000000001 0.621875 0.2531250000000001 0.6484375 0.2671875000000001 0.6484375
2 0.2484375000000001 0.503125 0.2328125000000001 0.503125 0.2328125000000001 0.528125 0.2484375000000001 0.528125
3 0.06250000000000011 0.875 0.04375000000000011 0.875 0.04375000000000011 0.90625 0.06250000000000011 0.90625
4 0.2953125000000001 0.640625 0.2890625000000001 0.640625 0.2890625000000001 0.6515625 0.2953125000000001 0.6515625
4 0.3109375000000001 0.725 0.30156250000000007 0.725 0.30156250000000007 0.7359375 0.3109375000000001 0.7359375
2 0.3687500000000001 0.559375 0.3531250000000001 0.559375 0.3531250000000001 0.5859375 0.3687500000000001 0.5859375
2 0.3890625000000001 0.496875 0.3750000000000001 0.496875 0.3750000000000001 0.5234375 0.3890625000000001 0.5234375
2 0.3921875000000001 0.5140625 0.3812500000000001 0.5140625 0.3812500000000001 0.5375 0.3921875000000001 0.5375
2 0.4015625 0.5234375 0.38750000000000007 0.5234375 0.38750000000000007 0.55 0.4015625 0.55
2 0.38750000000000007 0.546875 0.3734375000000001 0.546875 0.3734375000000001 0.571875 0.38750000000000007 0.571875
2 0.3687500000000001 0.36718750000000006 0.3546875000000001 0.3671875 0.3546875000000001 0.38750000000000007 0.3687500000000001 0.38750000000000007
2 0.346875 0.253125 0.33125 0.253125 0.33125 0.284375 0.346875 0.284375
2 0.3734375 0.29218750000000004 0.3609375 0.2921875 0.3609375 0.31875000000000003 0.3734375 0.3187500000000001
2 0.2875 0.15156250000000004 0.2734375 0.15156250000000004 0.2734375 0.17500000000000004 0.2875 0.17500000000000004
2 0.203125 2.4205909389396902e-17 0.1921875 2.3536180671113197e-17 0.1921875 0.010937500000000024 0.203125 0.010937500000000025
2 0.2328125 0.03281250000000003 0.21875 0.03281250000000002 0.21875 0.059375000000000025 0.2328125 0.059375000000000025
2 0.25625 3.052049444750044e-17 0.2421875 2.9659414666849956e-17 0.2421875 0.02187500000000003 0.25625 0.021875000000000033
2 0.2765625 0.039062500000000035 0.2625 0.039062500000000035 0.2625 0.06406250000000004 0.2765625 0.06406250000000005
2 0.3296875 0.12656250000000005 0.3140625 0.12656250000000005 0.3140625 0.15156250000000004 0.3296875 0.15156250000000004
2 0.378125 0.14843750000000006 0.365625 0.14843750000000006 0.365625 0.17031250000000003 0.378125 0.17031250000000003
2 0.36875 0.17968750000000006 0.353125 0.17968750000000006 0.353125 0.20468750000000005 0.36875 0.20468750000000008
2 0.325 0.14218750000000005 0.3109375 0.14218750000000005 0.3109375 0.16875000000000004 0.325 0.16875000000000004
2 0.3453125 0.18593750000000003 0.33125 0.18593750000000003 0.33125 0.2078125 0.3453125 0.2078125
2 0.371875 0.23281250000000003 0.3609375 0.2328125 0.3609375 0.25468750000000007 0.371875 0.25468750000000007
2 0.4015625 0.2218750000000001 0.3875 0.2218750000000001 0.3875 0.2453125000000001 0.4015625 0.2453125000000001
5 0.359375 0.10312500000000005 0.334375 0.10312500000000005 0.334375 0.15000000000000005 0.359375 0.15000000000000005
5 0.415625 0.12968750000000004 0.3953125 0.12968750000000004 0.3953125 0.17187500000000006 0.415625 0.17187500000000006
2 0.4546875 0.12656250000000005 0.440625 0.12656250000000005 0.440625 0.15156250000000004 0.4546875 0.15156250000000004
6 0.4984375 0.09531250000000006 0.4734375 0.09531250000000006 0.4734375 0.13750000000000004 0.4984375 0.13750000000000004
2 0.440625 0.2921875000000001 0.428125 0.2921875000000001 0.428125 0.3203125000000001 0.440625 0.3203125000000001
2 0.4390625 0.2656250000000001 0.4296875 0.2656250000000001 0.4296875 0.28593750000000007 0.4390625 0.28593750000000007
2 0.403125 0.2906250000000001 0.3921875 0.2906250000000001 0.3921875 0.3125000000000001 0.403125 0.3125000000000001
2 0.3875 0.2671875000000001 0.3734375 0.2671875000000001 0.3734375 0.2921875000000001 0.3875 0.2921875000000001
0 0.2703125 0.17500000000000004 0.2625 0.17500000000000004 0.2625 0.19062500000000004 0.2703125 0.19062500000000004
0 0.2984375 0.234375 0.2890625 0.234375 0.2890625 0.25 0.2984375 0.25
0 0.35625 0.2140625 0.35 0.2140625 0.35 0.2296875 0.35625 0.2296875
0 0.3828125 0.22031250000000008 0.3734375 0.22031250000000008 0.3734375 0.23437500000000008 0.3828125 0.23437500000000008
0 0.43125 0.2312500000000001 0.425 0.2312500000000001 0.425 0.2468750000000001 0.43125 0.2468750000000001
4 0.2859375 0.05312500000000005 0.28125 0.05312500000000005 0.28125 0.06406250000000005 0.2859375 0.06406250000000005
4 0.25 0.026562500000000034 0.2453125 0.026562500000000034 0.2453125 0.03593750000000003 0.25 0.03593750000000003
4 0.2203125 0.006250000000000028 0.215625 0.006250000000000028 0.215625 0.01718750000000003 0.2203125 0.01718750000000003
4 0.2625 0.0015625000000000315 0.25625 0.0015625000000000313 0.25625 0.012500000000000034 0.2625 0.012500000000000034
4 0.303125 0.11250000000000004 0.2984375 0.11250000000000004 0.2984375 0.12343750000000005 0.303125 0.12343750000000005
4 0.3234375 0.10625000000000004 0.3171875 0.10625000000000004 0.3171875 0.12031250000000004 0.3234375 0.12031250000000004
4 0.346875 0.17187500000000006 0.340625 0.17187500000000006 0.340625 0.18125000000000005 0.346875 0.18125000000000005
4 0.3703125 0.2250000000000001 0.365625 0.2250000000000001 0.365625 0.2328125000000001 0.3703125 0.2328125000000001
0 0.38125 0.2328125000000001 0.371875 0.2328125000000001 0.371875 0.2484375000000001 0.38125 0.2484375000000001
4 0.3875 0.2296875000000001 0.3828125 0.2296875000000001 0.3828125 0.23593750000000008 0.3875 0.23593750000000008
4 0.39375 0.2390625000000001 0.3875 0.2390625000000001 0.3875 0.2484375000000001 0.39375 0.2484375000000001
4 0.40625 0.2484375000000001 0.4 0.2484375000000001 0.4 0.2593750000000001 0.40625 0.2593750000000001
4 0.4 0.2468750000000001 0.39375 0.2468750000000001 0.39375 0.2562500000000001 0.4 0.2562500000000001
4 0.4125 0.2515625000000001 0.4078125 0.2515625000000001 0.4078125 0.2593750000000001 0.4125 0.2593750000000001
4 0.4078125 0.2609375000000001 0.403125 0.2609375000000001 0.403125 0.2718750000000001 0.4078125 0.2718750000000001
4 0.40625 0.2687500000000001 0.4 0.2687500000000001 0.4 0.2796875000000001 0.40625 0.2796875000000001
4 0.38125 0.2531250000000001 0.3765625 0.2531250000000001 0.3765625 0.26250000000000007 0.38125 0.26250000000000007
4 0.3875 0.2640625000000001 0.3828125 0.2640625000000001 0.3828125 0.2734375000000001 0.3875 0.2734375000000001
4 0.39375 0.2750000000000001 0.3875 0.2750000000000001 0.3875 0.2843750000000001 0.39375 0.2843750000000001
4 0.4359375 0.17187500000000006 0.43125 0.17187500000000006 0.43125 0.18281250000000004 0.4359375 0.18281250000000004
4 0.434375 0.2078125000000001 0.4296875 0.2078125000000001 0.4296875 0.2171875000000001 0.434375 0.2171875000000001
2 0.5046875 0.11875000000000005 0.4921875 0.11875000000000005 0.4921875 0.13906250000000003 0.5046875 0.13906250000000003
4 0.5484375 0.007812500000000066 0.54375 0.007812500000000066 0.54375 0.017187500000000067 0.5484375 0.017187500000000067
4 0.896875 0.01093750000000011 0.8890625 0.010937500000000109 0.8890625 0.025000000000000112 0.896875 0.025000000000000112
5 0.85 0.05312500000000011 0.8171875 0.05312500000000011 0.8171875 0.10781250000000009 0.85 0.10781250000000009
2 0.834375 0.11093750000000009 0.815625 0.11093750000000009 0.815625 0.14218750000000008 0.834375 0.14218750000000008
4 0.909375 0.07656250000000012 0.9046875 0.07656250000000012 0.9046875 0.0875000000000001 0.909375 0.0875000000000001
0 0.9328125 0.04687500000000011 0.921875 0.04687500000000011 0.921875 0.06562500000000011 0.9328125 0.06562500000000011
4 0.875 0.13437500000000008 0.8671875 0.13437500000000008 0.8671875 0.1468750000000001 0.875 0.1468750000000001
4 0.7765625 0.11718750000000008 0.7703125 0.11718750000000008 0.7703125 0.12656250000000008 0.7765625 0.12656250000000008
2 0.765625 0.2062500000000001 0.75 0.2062500000000001 0.75 0.2312500000000001 0.765625 0.2312500000000001
2 0.6359375 0.22656250000000008 0.621875 0.22656250000000008 0.621875 0.2515625000000001 0.6359375 0.2515625000000001
4 0.5671875 0.2796875000000001 0.5625 0.2796875000000001 0.5625 0.2890625000000001 0.5671875 0.2890625000000001
2 0.5921875 0.35625000000000007 0.5765625 0.35625000000000007 0.5765625 0.3828125000000001 0.5921875 0.3828125000000001
4 0.43125 0.51875 0.425 0.51875 0.425 0.5265625 0.43125 0.5265625
4 0.34062500000000007 0.6234375 0.3343750000000001 0.6234375 0.3343750000000001 0.634375 0.34062500000000007 0.634375
4 0.24218750000000008 0.8328125 0.23593750000000008 0.8328125 0.23593750000000008 0.8453125 0.24218750000000008 0.8453125
4 0.0843750000000001 0.809375 0.07812500000000008 0.809375 0.0781250000000001 0.8203125 0.08437500000000012 0.8203125
4 0.2234375000000001 0.8328125 0.2171875000000001 0.8328125 0.2171875000000001 0.8421875 0.2234375000000001 0.8421875
4 0.3671875000000001 0.5890625 0.3625000000000001 0.5890625 0.3625000000000001 0.5984375 0.3671875000000001 0.5984375
0 0.3750000000000001 0.5734375 0.3656250000000001 0.5734375 0.3656250000000001 0.584375 0.3750000000000001 0.584375
0 0.36406250000000007 0.5203125 0.3546875000000001 0.5203125 0.3546875000000001 0.5359375 0.36406250000000007 0.5359375
0 0.3765625000000001 0.5015625 0.3671875000000001 0.5015625 0.3671875000000001 0.5171875 0.3765625000000001 0.5171875
4 0.4046875 0.5109375 0.3984375000000001 0.5109375 0.3984375000000001 0.5203125 0.4046875 0.5203125
4 0.3765625000000001 0.528125 0.3703125000000001 0.528125 0.3703125000000001 0.5375 0.3765625000000001 0.5375
4 0.3656250000000001 0.5359375 0.3609375000000001 0.5359375 0.3609375000000001 0.5453125 0.3656250000000001 0.5453125
4 0.37968750000000007 0.534375 0.3734375000000001 0.534375 0.3734375000000001 0.54375 0.37968750000000007 0.54375
4 0.3828125000000001 0.5375 0.3781250000000001 0.5375 0.3781250000000001 0.5484375 0.3828125000000001 0.5484375
4 0.3765625000000001 0.55 0.3703125000000001 0.55 0.3703125000000001 0.5609375 0.3765625000000001 0.5609375
4 0.3187500000000001 0.8953125 0.3140625000000001 0.8953125 0.3140625000000001 0.9046875 0.3187500000000001 0.9046875
4 0.3812500000000001 0.8 0.3750000000000001 0.8 0.3750000000000001 0.8109375 0.3812500000000001 0.8109375
4 0.4750000000000002 0.740625 0.4671875000000002 0.740625 0.4671875000000002 0.75 0.4750000000000002 0.75
4 0.48437500000000017 0.7328125 0.47656250000000017 0.7328125 0.47656250000000017 0.7421875 0.48437500000000017 0.7421875
4 0.5015625000000001 0.7203125 0.496875 0.7203125 0.49687500000000007 0.7265625 0.5015625000000001 0.7265625
4 0.5296875 0.7125 0.5234375 0.7125 0.5234375 0.721875 0.5296875 0.721875
4 0.5296875000000001 0.725 0.5234375 0.725 0.5234375000000001 0.73125 0.5296875000000002 0.73125
4 0.484375 0.6578125 0.4796875 0.6578125 0.4796875 0.6671875 0.484375 0.6671875
0 0.490625 0.66875 0.48125 0.66875 0.48125 0.684375 0.490625 0.684375
0 0.46093750000000017 0.75 0.4515625000000002 0.75 0.4515625000000002 0.765625 0.46093750000000017 0.765625
0 0.4515625000000002 0.78125 0.4421875000000002 0.78125 0.4421875000000002 0.796875 0.4515625000000002 0.796875
0 0.55 0.578125 0.540625 0.578125 0.540625 0.59375 0.55 0.59375
0 0.621875 0.58125 0.6140625 0.58125 0.6140625 0.59375 0.621875 0.59375
0 0.671875 0.6984375 0.665625 0.6984375 0.665625 0.715625 0.671875 0.715625
0 0.7281250000000001 0.815625 0.7187500000000002 0.815625 0.7187500000000002 0.83125 0.7281250000000001 0.83125
0 0.7078125000000002 0.8 0.6984375000000002 0.8 0.6984375000000002 0.8171875 0.7078125000000002 0.8171875
4 0.7093750000000002 0.821875 0.7046875000000001 0.821875 0.7046875000000001 0.83125 0.7093750000000002 0.83125
4 0.6843750000000002 0.7796875 0.6781250000000002 0.7796875 0.6781250000000002 0.790625 0.6843750000000002 0.790625
0 0.6203125000000002 0.7421875 0.6109375000000001 0.7421875 0.6109375000000001 0.7578125 0.6203125000000002 0.7578125
2 0.596875 0.715625 0.58125 0.715625 0.58125 0.7421875 0.5968750000000002 0.7421875
4 0.571875 0.7109375 0.5671875 0.7109375 0.5671875 0.7203125 0.571875 0.7203125
2 0.6265625 0.5953125 0.609375 0.5953125 0.609375 0.621875 0.6265625 0.621875
4 0.6453125 0.553125 0.6390625 0.553125 0.6390625 0.5640625 0.6453125 0.5640625
4 0.5984375 0.6515625 0.59375 0.6515625 0.59375 0.659375 0.5984375 0.659375
4 0.5203125 0.6203125 0.5140625 0.6203125 0.5140625 0.63125 0.5203125 0.63125
4 0.53125 0.5265625 0.5265625 0.5265625 0.5265625 0.5375 0.53125 0.5375
4 0.540625 0.5734375 0.5359375 0.5734375 0.5359375 0.5828125 0.540625 0.5828125
4 0.5515625 0.5640625 0.5453125 0.5640625 0.5453125 0.5734375 0.5515625 0.5734375
4 0.559375 0.546875 0.5546875 0.546875 0.5546875 0.55625 0.559375 0.55625
4 0.5859375 0.5265625 0.58125 0.5265625 0.58125 0.5359375 0.5859375 0.5359375
4 0.6015625 0.503125 0.596875 0.503125 0.596875 0.5125 0.6015625 0.5125
4 0.60625 0.490625 0.6015625 0.490625 0.6015625 0.5015625 0.60625 0.5015625
4 0.603125 0.484375 0.596875 0.484375 0.596875 0.4953125 0.603125 0.4953125
4 0.609375 0.4671875 0.603125 0.4671875 0.603125 0.475 0.609375 0.475
4 0.6203125 0.4578125 0.615625 0.4578125 0.615625 0.4671875 0.6203125 0.4671875
4 0.6296875 0.446875 0.6234375 0.446875 0.6234375 0.45625 0.6296875 0.45625
4 0.6875 0.3125000000000001 0.68125 0.3125000000000001 0.68125 0.3218750000000001 0.6875 0.3218750000000001
4 0.6671875 0.3500000000000001 0.6609375 0.3500000000000001 0.6609375 0.3593750000000001 0.6671875 0.3593750000000001
4 0.678125 0.2812500000000001 0.671875 0.2812500000000001 0.671875 0.2921875000000001 0.678125 0.2921875000000001
4 0.73125 0.2843750000000001 0.725 0.2843750000000001 0.725 0.2968750000000001 0.73125 0.2968750000000001
0 0.7109375 0.2671875000000001 0.703125 0.2671875000000001 0.703125 0.2828125000000001 0.7109375 0.2828125000000001
0 0.6984375 0.3078125000000001 0.6890625 0.3078125000000001 0.6890625 0.3265625000000001 0.6984375 0.3265625000000001
0 0.6625 0.3421875000000001 0.6546875 0.3421875000000001 0.6546875 0.35625000000000007 0.6625 0.35625000000000007
0 0.675 0.36406250000000007 0.6671875 0.36406250000000007 0.6671875 0.3812500000000001 0.675 0.3812500000000001
0 0.6546875 0.425 0.646875 0.425 0.646875 0.4421875 0.6546875 0.4421875
0 0.61875 0.46875 0.609375 0.46875 0.609375 0.484375 0.61875 0.484375
2 0.7015625 0.2843750000000001 0.6890625 0.2843750000000001 0.6890625 0.3046875000000001 0.7015625 0.3046875000000001
2 0.7140625 0.2828125000000001 0.7 0.2828125000000001 0.7 0.3109375000000001 0.7140625 0.3109375000000001
2 0.6875 0.3281250000000001 0.671875 0.3281250000000001 0.671875 0.3546875000000001 0.6875 0.3546875000000001
2 0.678125 0.3187500000000001 0.6640625 0.3187500000000001 0.6640625 0.3437500000000001 0.678125 0.3437500000000001
2 0.6671875 0.3593750000000001 0.6546875 0.3593750000000001 0.6546875 0.3812500000000001 0.6671875 0.3812500000000001
2 0.6546875 0.3593750000000001 0.6421875 0.3593750000000001 0.6421875 0.3812500000000001 0.6546875 0.3812500000000001
2 0.6671875 0.3828125000000001 0.6515625 0.3828125000000001 0.6515625 0.40625 0.6671875 0.40625
2 0.653125 0.3828125000000001 0.640625 0.3828125000000001 0.640625 0.403125 0.653125 0.403125
2 0.6421875 0.3828125000000001 0.628125 0.3828125000000001 0.628125 0.40625 0.6421875 0.40625
2 0.646875 0.4109375 0.63125 0.4109375 0.63125 0.4359375 0.646875 0.4359375
2 0.6296875 0.40625 0.6140625 0.40625 0.6140625 0.43125 0.6296875 0.43125
2 0.6421875 0.440625 0.628125 0.440625 0.628125 0.4640625 0.6421875 0.4640625
2 0.628125 0.4328125 0.6125 0.4328125 0.6125 0.4578125 0.628125 0.4578125
2 0.6078125 0.440625 0.5953125 0.440625 0.5953125 0.4625 0.6078125 0.4625
2 0.6 0.475 0.584375 0.475 0.584375 0.4984375 0.6 0.4984375
2 0.5859375 0.478125 0.5734375 0.478125 0.5734375 0.4984375 0.5859375 0.4984375
2 0.5765625 0.5125 0.5609375 0.5125 0.5609375 0.5359375 0.5765625 0.5359375
2 0.5984375 0.5 0.584375 0.5 0.584375 0.5234375 0.5984375 0.5234375