2 0.3218750000000001 0.5609375 0.3062500000000001 0.5609375 0.3062500000000001 0.575 0.3218750000000001 0.575
2 0.3703125 0.28437500000000004 0.353125 0.284375 0.353125 0.2984375 0.3703125 0.2984375000000001
2 0.4265625 0.2453125000000001 0.415625 0.2453125000000001 0.415625 0.2656250000000001 0.4265625 0.2656250000000001
2 0.41875 0.21093750000000008 0.403125 0.21093750000000008 0.403125 0.2296875000000001 0.41875 0.2296875000000001
2 0.53125 0.3125000000000001 0.5203125 0.3125000000000001 0.5203125 0.3437500000000001 0.53125 0.3437500000000001
2 0.540625 0.30937500000000007 0.5328125 0.30937500000000007 0.5328125 0.3437500000000001 0.540625 0.3437500000000001
2 0.58125 0.3031250000000001 0.5734375 0.3031250000000001 0.5734375 0.33281250000000007 0.58125 0.33281250000000007
2 0.590625 0.3062500000000001 0.5828125 0.3062500000000001 0.5828125 0.3312500000000001 0.590625 0.3312500000000001
2 0.9921875 0.8625 0.98125 0.8625 0.98125 0.8890625 0.9921875 0.8890625
2 0.975 0.896875 0.965625 0.896875 0.965625 0.925 0.975 0.925
2 0.7421875 0.6437500000000002 0.734375 0.6437500000000002 0.734375 0.6671875000000002 0.7421875 0.6671875000000002
6 0.928125 0.6312500000000002 0.8890625 0.6312500000000002 0.8890625 0.6515625000000002 0.928125 0.6515625000000002
5 0.7609375 0.3734375000000001 0.715625 0.3734375000000001 0.715625 0.3937500000000001 0.7609375 0.3937500000000001
6 0.7015625 0.3750000000000001 0.6609375 0.3750000000000001 0.6609375 0.39531250000000007 0.7015625 0.39531250000000007
6 0.3140625000000001 0.628125 0.2828125000000001 0.628125 0.2828125000000001 0.6484375 0.3140625000000001 0.6484375
6 0.18750000000000008 0.634375 0.14843750000000008 0.634375 0.14843750000000008 0.653125 0.18750000000000008 0.653125
6 0.1625000000000001 0.6640625 0.12343750000000009 0.6640625 0.12343750000000009 0.6890625 0.1625000000000001 0.6890625
4 0.56875 0.2734375000000001 0.5640625 0.2734375000000001 0.5640625 0.2875000000000001 0.56875 0.2875000000000001
3 0.7890625000000002 0.846875 0.7671875000000001 0.846875 0.7671875000000001 0.8640625 0.7890625000000002 0.8640625
3 0.7406250000000002 0.8828125 0.7312500000000002 0.8828125 0.7312500000000002 0.9171875 0.7406250000000002 0.9171875
4 0.546875 0.2718750000000001 0.54375 0.2718750000000001 0.54375 0.28593750000000007 0.546875 0.28593750000000007
4 0.5640625 0.28593750000000007 0.5609375 0.28593750000000007 0.5609375 0.3000000000000001 0.5640625 0.3000000000000001
4 0.590625 0.2765625000000001 0.5859375 0.2765625000000001 0.5859375 0.2906250000000001 0.590625 0.2906250000000001
4 0.6 0.2984375000000001 0.596875 0.2984375000000001 0.596875 0.3140625000000001 0.6 0.3140625000000001
4 0.590625 0.2328125000000001 0.5875 0.2328125000000001 0.5875 0.2484375000000001 0.590625 0.2484375000000001
4 0.553125 0.2234375000000001 0.55 0.2234375000000001 0.55 0.2328125000000001 0.553125 0.2328125000000001
4 0.5640625 0.2234375000000001 0.559375 0.2234375000000001 0.559375 0.23437500000000008 0.5640625 0.23437500000000008
4 0.603125 0.23437500000000008 0.6 0.23437500000000008 0.6 0.2468750000000001 0.603125 0.2468750000000001
4 0.5390625 0.2718750000000001 0.5359375 0.2718750000000001 0.5359375 0.28593750000000007 0.5390625 0.28593750000000007
4 0.4328125 0.2687500000000001 0.428125 0.2687500000000001 0.428125 0.2828125000000001 0.4328125 0.2828125000000001
4 0.5984375 0.23593750000000008 0.59375 0.23593750000000008 0.59375 0.2500000000000001 0.5984375 0.2500000000000001
4 0.553125 0.2734375000000001 0.55 0.2734375000000001 0.55 0.2875000000000001 0.553125 0.2875000000000001
4 0.559375 0.2890625000000001 0.55625 0.2890625000000001 0.55625 0.30156250000000007 0.559375 0.30156250000000007
4 0.5671875 0.2890625000000001 0.5640625 0.2890625000000001 0.5640625 0.30156250000000007 0.5671875 0.30156250000000007
2 0.4734375 0.4921875 0.459375 0.4921875 0.459375 0.503125 0.4734375 0.503125
0 0.8515625 0.6390625000000002 0.8359375 0.6390625000000002 0.8359375 0.6546875000000002 0.8515625 0.6546875000000002
6 0.528125 0.6140625 0.5 0.6140625 0.5 0.634375 0.528125 0.634375
2 0.703125 0.6359375 0.6984375 0.6359375 0.6984375 0.6609375 0.703125 0.6609375
2 0.696875 0.621875 0.690625 0.621875 0.690625 0.646875 0.696875 0.646875
2 0.6890625 0.628125 0.6828125 0.628125 0.6828125 0.65 0.6890625 0.65
2 0.696875 0.6484375 0.690625 0.6484375 0.690625 0.66875 0.696875 0.66875
4 0.15000000000000005 0.45625 0.14062500000000006 0.45625 0.14062500000000006 0.4671875 0.15000000000000005 0.4671875
4 0.8265625 0.5718750000000001 0.8171875 0.5718750000000001 0.8171875 0.5812500000000002 0.8265625 0.5812500000000002
2 0.5171875 0.2578125000000001 0.503125 0.2578125000000001 0.503125 0.2812500000000001 0.5171875 0.2812500000000001
4 0.9 0.5750000000000002 0.89375 0.5750000000000002 0.89375 0.5859375000000002 0.9 0.5859375000000002
2 0.925 0.5109375000000002 0.909375 0.5109375000000002 0.909375 0.5250000000000001 0.925 0.5250000000000001
2 0.66875 0.5171875 0.653125 0.5171875 0.653125 0.5296875 0.66875 0.5296875
3 0.71875 0.4765625 0.7046875 0.4765625 0.7046875 0.4875 0.71875 0.4875
6 0.43125 0.4734375 0.4 0.4734375 0.4 0.49375 0.43125 0.49375
0 0.8484375 0.6015625000000002 0.8375 0.6015625000000002 0.8375 0.6093750000000002 0.8484375 0.6093750000000002
1 0.903125 0.3812500000000001 0.871875 0.3812500000000001 0.871875 0.4031250000000002 0.903125 0.4031250000000002
5 0.440625 0.5390625 0.3765625000000001 0.5390625 0.3765625000000001 0.5609375 0.440625 0.5609375
2 0.634375 0.4875 0.61875 0.4875 0.61875 0.5015625 0.634375 0.5015625
5 0.95625 0.5265625000000002 0.90625 0.5265625000000002 0.90625 0.5515625000000002 0.95625 0.5515625000000002
4 0.765625 0.4046875000000002 0.7578125 0.4046875000000002 0.7578125 0.41406250000000017 0.765625 0.41406250000000017
0 0.8453125 0.37968750000000007 0.8359375 0.37968750000000007 0.8359375 0.3921875000000001 0.8453125 0.3921875000000001
3 0.048437500000000064 0.503125 0.032812500000000064 0.503125 0.032812500000000064 0.51875 0.048437500000000064 0.51875
0 0.17812500000000003 0.48125 0.15937500000000004 0.48125 0.15937500000000004 0.4984375 0.17812500000000003 0.4984375
0 0.2593750000000001 0.6078125 0.2500000000000001 0.6078125 0.2500000000000001 0.61875 0.2593750000000001 0.61875
2 1 0.915625 0.9921875 0.915625 0.9921875 0.9390625 1 0.9390625
0 0.7203125 0.4 0.7109375 0.4 0.7109375 0.4078125 0.7203125 0.4078125
3 0.7328125 0.41093750000000007 0.7125 0.4109375 0.7125 0.42656250000000007 0.7328125 0.4265625000000002
3 0.971875 0.5953125000000001 0.95 0.5953125000000001 0.95 0.6109375000000001 0.971875 0.6109375000000001
4 0.9640625 0.5781250000000002 0.9546875 0.5781250000000002 0.9546875 0.5906250000000002 0.9640625 0.5906250000000002
4 0.940625 0.5812500000000002 0.9296875 0.5812500000000002 0.9296875 0.5921875000000002 0.940625 0.5921875000000002
2 0.890625 0.5875000000000001 0.8734375 0.5875000000000001 0.8734375 0.6031250000000001 0.890625 0.6031250000000001
4 0.8828125 0.5500000000000002 0.8734375 0.5500000000000002 0.8734375 0.5609375000000002 0.8828125 0.5609375000000002
6 0.6703125 0.4671875 0.6421875 0.4671875 0.6421875 0.484375 0.6703125 0.484375
2 0.6234375 0.5171875 0.609375 0.5171875 0.609375 0.5296875 0.6234375 0.5296875
3 0.55 0.55 0.5328125 0.55 0.5328125 0.5640625 0.55 0.5640625
0 0.6140625 0.603125 0.6 0.603125 0.6 0.6171875 0.6140625 0.6171875
4 0.6203125 0.59375 0.6125 0.59375 0.6125 0.603125 0.6203125 0.603125
0 0.1359375000000001 0.609375 0.12656250000000008 0.609375 0.12656250000000008 0.6203125 0.1359375000000001 0.6203125