2 0.22656250000000008 0.4578125 0.2000000000000001 0.4578125 0.2000000000000001 0.49375 0.22656250000000008 0.49375
2 0.056250000000000064 0.4578125 0.026562500000000055 0.4578125 0.026562500000000055 0.4875 0.056250000000000064 0.4875
2 0.19218750000000004 0.4875 0.15625000000000006 0.4875 0.15625000000000006 0.509375 0.19218750000000004 0.509375
2 0.2093750000000001 0.5203125 0.18750000000000006 0.5203125 0.18750000000000006 0.5515625 0.2093750000000001 0.5515625
2 0.3781250000000001 0.4640625 0.34843750000000007 0.4640625 0.34843750000000007 0.4890625 0.3781250000000001 0.4890625
2 0.39375 0.2875000000000001 0.3703125 0.2875000000000001 0.3703125 0.33281250000000007 0.39375 0.33281250000000007
2 0.4125 0.2953125000000001 0.403125 0.2953125000000001 0.403125 0.3312500000000001 0.4125 0.3312500000000001
2 0.4234375 0.2984375000000001 0.4078125 0.2984375000000001 0.4078125 0.3390625000000001 0.4234375 0.3390625000000001
2 0.5296875 0.4734375 0.50625 0.4734375 0.50625 0.4984375 0.5296875 0.4984375
2 0.415625 0.48125 0.3921875000000001 0.48125 0.3921875000000001 0.5125 0.415625 0.5125
2 0.3828125000000001 0.51875 0.36406250000000007 0.51875 0.36406250000000007 0.5546875 0.3828125000000001 0.5546875
2 0.2796875000000001 0.43125 0.2578125000000001 0.43125 0.2578125000000001 0.45 0.2796875000000001 0.45
2 0.521875 0.5078125 0.5015625 0.5078125 0.5015625 0.5390625 0.521875 0.5390625
2 0.4625 0.525 0.4265625 0.525 0.4265625 0.565625 0.4625 0.565625
2 0.621875 0.5390625 0.5953125 0.5390625 0.5953125 0.5671875 0.621875 0.5671875
2 0.559375 0.5484375 0.534375 0.5484375 0.534375 0.5765625 0.559375 0.5765625
2 0.7265625 0.4796875000000001 0.7140625 0.4796875 0.7140625 0.5390625000000001 0.7265625 0.5390625000000002
2 0.6828125 0.509375 0.6671875 0.509375 0.6671875 0.54375 0.6828125 0.54375
2 0.6953125 0.475 0.6734375 0.475 0.6734375 0.5 0.6953125 0.5
2 0.69375 0.446875 0.66875 0.446875 0.66875 0.48125 0.69375 0.48125
2 0.6671875 0.459375 0.653125 0.459375 0.653125 0.496875 0.6671875 0.496875
2 0.6421875 0.4578125 0.6140625 0.4578125 0.6140625 0.490625 0.6421875 0.490625
2 0.653125 0.06250000000000008 0.634375 0.06250000000000007 0.634375 0.09843750000000008 0.653125 0.0984375000000001
2 0.70625 0.07812500000000008 0.696875 0.07812500000000008 0.696875 0.1375000000000001 0.70625 0.1375000000000001
2 0.75 0.03593750000000009 0.734375 0.03593750000000009 0.734375 0.07656250000000009 0.75 0.07656250000000009
2 0.6609375 0.6015625 0.6453125 0.6015625 0.6453125 0.6359375 0.6609375 0.6359375
2 0.6640625000000002 0.8109375 0.6453125000000002 0.8109375 0.6453125000000002 0.8421875 0.6640625000000002 0.8421875
2 0.8890625 0.43750000000000017 0.8671875 0.43750000000000017 0.8671875 0.4671875000000002 0.8890625 0.4671875000000002
2 0.8828125 0.3671875000000001 0.8703125 0.3671875000000001 0.8703125 0.39531250000000007 0.8828125 0.39531250000000007
2 0.971875 0.5328125000000001 0.946875 0.5328125000000001 0.946875 0.5531250000000002 0.971875 0.5531250000000002
2 0.890625 0.4781250000000002 0.8671875 0.4781250000000002 0.8671875 0.5031250000000002 0.890625 0.5031250000000002
2 0.690625 0.1765625000000001 0.6734375 0.1765625000000001 0.6734375 0.2453125000000001 0.690625 0.2453125000000001
2 0.5625 0.5140625 0.5375 0.5140625 0.5375 0.54375 0.5625 0.54375
2 0.5859375 0.4671875 0.5625 0.4671875 0.5625 0.4984375 0.5859375 0.4984375
2 0.6671875000000002 0.7265625 0.6562500000000002 0.7265625 0.6562500000000002 0.771875 0.6671875000000002 0.771875
2 0.6921875000000002 0.7625 0.6718750000000002 0.7625 0.6718750000000002 0.7890625 0.6921875000000002 0.7890625
2 0.6921875000000002 0.75 0.6765625000000002 0.75 0.6765625000000002 0.778125 0.6921875000000002 0.778125
2 0.6937500000000002 0.7265625 0.6796875000000002 0.7265625 0.6796875000000002 0.7625 0.6937500000000002 0.7625
2 0.7031250000000001 0.7140625 0.6828125 0.7140625 0.6828125 0.7421875 0.7031250000000002 0.7421875
2 0.6984375 0.684375 0.678125 0.684375 0.678125 0.721875 0.6984375 0.721875
2 0.70625 0.671875 0.6875 0.671875 0.6875 0.70625 0.70625 0.70625
2 0.725 0.659375 0.703125 0.659375 0.703125 0.6890625 0.725 0.6890625
2 0.715625 0.6109375 0.703125 0.6109375 0.703125 0.63125 0.715625 0.63125
2 0.7453125 0.5468750000000001 0.725 0.546875 0.725 0.5593750000000001 0.7453125 0.5593750000000002
2 0.7984375 0.4578125000000002 0.7796875 0.4578125000000002 0.7796875 0.4750000000000002 0.7984375 0.4750000000000002
2 0.7484375 0.47656250000000017 0.7265625 0.47656250000000017 0.7265625 0.49531250000000016 0.7484375 0.49531250000000016
0 0.684375 0.63125 0.6671875 0.63125 0.6671875 0.665625 0.684375 0.665625
0 0.5125 0.4890625 0.4859375 0.4890625 0.4859375 0.521875 0.5125 0.521875
0 0.46875 0.4671875 0.453125 0.4671875 0.453125 0.4875 0.46875 0.4875
0 0.55625 0.465625 0.5359375 0.465625 0.5359375 0.48125 0.55625 0.48125
0 0.18906250000000005 0.4609375 0.16718750000000004 0.4609375 0.16718750000000004 0.4765625 0.18906250000000005 0.4765625
0 0.22812500000000008 0.571875 0.21093750000000008 0.571875 0.21093750000000008 0.590625 0.22812500000000008 0.590625
0 0.44375 0.3218750000000001 0.425 0.3218750000000001 0.425 0.3390625000000001 0.44375 0.3390625000000001
2 0.9421875 0.3625000000000001 0.9296875 0.3625000000000001 0.9296875 0.4000000000000002 0.9421875 0.4000000000000002
2 0.9796875 0.4203125000000002 0.95625 0.4203125000000002 0.95625 0.4421875000000002 0.9796875 0.4421875000000002
0 0.2734375000000001 0.4671875 0.2562500000000001 0.4671875 0.2562500000000001 0.4875 0.2734375000000001 0.4875
4 0.13281250000000006 0.46875 0.11718750000000004 0.46875 0.11718750000000004 0.4828125 0.13281250000000006 0.4828125
4 0.08593750000000007 0.5421875 0.06875000000000006 0.5421875 0.06875000000000006 0.55625 0.08593750000000007 0.55625
4 0.021875000000000068 0.54375 6.659016970363734e-17 0.54375 6.745124948428782e-17 0.5578125 0.021875000000000068 0.5578125
4 0.38750000000000007 0.4578125 0.3781250000000001 0.4578125 0.3781250000000001 0.465625 0.38750000000000007 0.465625
4 0.946875 0.4656250000000002 0.9296875 0.4656250000000002 0.9296875 0.4828125000000002 0.946875 0.4828125000000002
4 0.9953125 0.4500000000000002 0.98125 0.4500000000000002 0.98125 0.4906250000000002 0.9953125 0.4906250000000002
4 0.7984375 0.3921875000000001 0.7875 0.3921875000000001 0.7875 0.4125000000000002 0.7984375 0.4125000000000002
2 0.6406250000000002 0.9546875 0.6203125000000002 0.9546875 0.6203125000000002 1 0.6406250000000002 1
2 0.8171875 0.0625000000000001 0.7984375 0.06250000000000008 0.7984375 0.0796875000000001 0.8171875 0.0796875000000001
4 0.6671875 0.528125 0.6578125 0.528125 0.6578125 0.54375 0.6671875 0.54375
4 0.6609375 0.6515625 0.65625 0.6515625 0.65625 0.6703125 0.6609375 0.6703125
2 0.6515625 0.65625 0.6421875 0.65625 0.6421875 0.68125 0.6515625 0.68125
4 0.3281250000000001 0.5515625 0.30937500000000007 0.5515625 0.30937500000000007 0.5671875 0.3281250000000001 0.5671875
4 0.4921875 0.5390625 0.4765625 0.5390625 0.4765625 0.5625 0.4921875 0.5625
5 0.2734375000000001 0.446875 0.2578125000000001 0.446875 0.2578125000000001 0.4609375 0.2734375000000001 0.4609375
4 0.5375 0.4484375 0.5234375 0.4484375 0.5234375 0.4625 0.5375 0.4625