0 0.19375 0.02031250000000002 0.1796875 0.02031250000000002 0.1796875 0.04687500000000002 0.19375 0.04687500000000002
2 0.246875 0.03437500000000003 0.221875 0.034375000000000024 0.221875 0.07968750000000002 0.246875 0.07968750000000002
2 0.215625 0.13437500000000005 0.1921875 0.13437500000000005 0.1921875 0.17812500000000003 0.215625 0.17812500000000003
4 0.1859375 0.10156250000000003 0.178125 0.1015625 0.178125 0.11562500000000002 0.1859375 0.11562500000000005
2 0.275 0.09843750000000004 0.2546875 0.09843750000000002 0.2546875 0.13125000000000003 0.275 0.13125000000000003
0 0.325 0.11562500000000005 0.30625 0.11562500000000005 0.30625 0.13906250000000003 0.325 0.13906250000000003
0 0.33125 0.14375000000000004 0.3140625 0.14375000000000004 0.3140625 0.16718750000000004 0.33125 0.16718750000000004
0 0.378125 0.12968750000000004 0.3609375 0.12968750000000004 0.3609375 0.14843750000000006 0.378125 0.14843750000000006
2 0.3328125 0.048437500000000036 0.315625 0.048437500000000036 0.315625 0.09062500000000004 0.3328125 0.09062500000000004
2 0.4140625 0.04687500000000005 0.3921875 0.04687500000000004 0.3921875 0.08437500000000005 0.4140625 0.08437500000000005
0 0.44375 0.04375000000000005 0.434375 0.04375000000000005 0.434375 0.06875000000000005 0.44375 0.06875000000000005
0 0.35 0.19843750000000004 0.3328125 0.19843750000000004 0.3328125 0.2203125 0.35 0.2203125
2 0.378125 0.07031250000000004 0.3578125 0.07031250000000004 0.3578125 0.11718750000000004 0.378125 0.11718750000000004
0 0.253125 0.2390625 0.2375 0.2390625 0.2375 0.2640625 0.253125 0.2640625
2 0.3 0.240625 0.28125 0.240625 0.28125 0.2828125 0.3 0.2828125
4 0.271875 0.2640625 0.2625 0.2640625 0.2625 0.284375 0.271875 0.284375
4 0.371875 0.23593750000000005 0.359375 0.2359375 0.359375 0.24687500000000004 0.371875 0.2468750000000001
2 0.43125 5.1569111307845585e-17 0.4109375 5.032532940246154e-17 0.4109375 0.031250000000000056 0.43125 0.031250000000000056
4 0.5296875 0.004687500000000065 0.5234375 0.004687500000000064 0.5234375 0.026562500000000065 0.5296875 0.026562500000000065
4 0.521875 0.0015625000000000634 0.515625 0.0015625000000000632 0.515625 0.017187500000000064 0.521875 0.017187500000000067
4 0.4109375 0.15781250000000005 0.403125 0.15781250000000005 0.403125 0.17343750000000005 0.4109375 0.17343750000000005
4 0.4359375 0.17968750000000006 0.4234375 0.17968750000000006 0.4234375 0.19375000000000003 0.4359375 0.19375000000000003
4 0.4515625 0.18593750000000003 0.4390625 0.18593750000000003 0.4390625 0.19687500000000005 0.4515625 0.19687500000000005
4 0.425 0.2093750000000001 0.4140625 0.2093750000000001 0.4140625 0.2234375000000001 0.425 0.2234375000000001
4 0.4984375 0.23437500000000008 0.4875 0.23437500000000008 0.4875 0.2484375000000001 0.4984375 0.2484375000000001
4 0.503125 0.26250000000000007 0.4921875 0.26250000000000007 0.4921875 0.2765625000000001 0.503125 0.2765625000000001
4 0.4671875 0.2734375000000001 0.45625 0.2734375000000001 0.45625 0.2843750000000001 0.4671875 0.2843750000000001
4 0.4609375 0.30937500000000007 0.4484375 0.30937500000000007 0.4484375 0.3234375000000001 0.4609375 0.3234375000000001
4 0.375 0.3296875000000001 0.3671875 0.3296875000000001 0.3671875 0.3500000000000001 0.375 0.3500000000000001
4 0.3921875 0.3281250000000001 0.384375 0.3281250000000001 0.384375 0.3468750000000001 0.3921875 0.3468750000000001
4 0.41875 0.3421875000000001 0.409375 0.3421875000000001 0.409375 0.3609375000000001 0.41875 0.3609375000000001
4 0.4046875 0.2953125000000001 0.3953125 0.2953125000000001 0.3953125 0.3109375000000001 0.4046875 0.3109375000000001
0 0.3953125 0.2875000000000001 0.38125 0.2875000000000001 0.38125 0.3125000000000001 0.3953125 0.3125000000000001
0 0.4078125 0.3140625000000001 0.39375 0.3140625000000001 0.39375 0.3437500000000001 0.4078125 0.3437500000000001
2 0.425 0.2984375000000001 0.40625 0.2984375000000001 0.40625 0.3375000000000001 0.425 0.3375000000000001
4 0.36718750000000006 0.3609375 0.3578125 0.3609375 0.35781250000000003 0.3765625 0.3671875000000001 0.3765625000000001
2 0.4015625 0.37968750000000007 0.3828125000000001 0.37968750000000007 0.3828125000000001 0.41875 0.4015625 0.41875
2 0.4 0.2156250000000001 0.378125 0.2156250000000001 0.378125 0.24218750000000008 0.4 0.24218750000000008
2 0.4015625 0.24218750000000008 0.38125 0.24218750000000008 0.38125 0.2671875000000001 0.4015625 0.2671875000000001
2 0.4640625 0.2296875000000001 0.44375 0.2296875000000001 0.44375 0.2531250000000001 0.4640625 0.2531250000000001
2 0.446875 0.2468750000000001 0.4265625 0.2468750000000001 0.4265625 0.27031250000000007 0.446875 0.27031250000000007
2 0.440625 0.2671875000000001 0.41875 0.2671875000000001 0.41875 0.2906250000000001 0.440625 0.2906250000000001
0 0.48125 0.2562500000000001 0.465625 0.2562500000000001 0.465625 0.2750000000000001 0.48125 0.2750000000000001
2 0.49375 0.2843750000000001 0.465625 0.2843750000000001 0.465625 0.3078125000000001 0.49375 0.3078125000000001
2 0.534375 0.2796875000000001 0.509375 0.2796875000000001 0.509375 0.3000000000000001 0.534375 0.3000000000000001
2 0.5703125 0.3046875000000001 0.5453125 0.3046875000000001 0.5453125 0.3359375000000001 0.5703125 0.3359375000000001
0 0.5484375 0.3156250000000001 0.5328125 0.3156250000000001 0.5328125 0.3343750000000001 0.5484375 0.3343750000000001
4 0.60625 0.2828125000000001 0.6 0.2828125000000001 0.6 0.3031250000000001 0.60625 0.3031250000000001
2 0.6375 0.2687500000000001 0.625 0.2687500000000001 0.625 0.3078125000000001 0.6375 0.3078125000000001
4 0.646875 0.2875000000000001 0.6421875 0.2875000000000001 0.6421875 0.3078125000000001 0.646875 0.3078125000000001
4 0.61875 0.16406250000000008 0.6125 0.16406250000000008 0.6125 0.1843750000000001 0.61875 0.1843750000000001
4 0.6234375 0.10781250000000009 0.61875 0.10781250000000009 0.61875 0.1312500000000001 0.6234375 0.1312500000000001
4 0.6234375 0.045312500000000075 0.6171875 0.045312500000000075 0.6171875 0.06718750000000007 0.6234375 0.06718750000000007
4 0.6640625 0.07187500000000009 0.6546875 0.07187500000000009 0.6546875 0.08125000000000009 0.6640625 0.08125000000000009
4 0.66875 0.06093750000000009 0.6578125 0.06093750000000009 0.6578125 0.07343750000000009 0.66875 0.07343750000000009
4 0.6734375 0.028125000000000077 0.6640625 0.028125000000000077 0.6640625 0.039062500000000076 0.6734375 0.039062500000000076
4 0.6703125 0.045312500000000075 0.6609375 0.045312500000000075 0.6609375 0.05468750000000009 0.6703125 0.05468750000000009
4 0.6640625 0.021875000000000082 0.653125 0.02187500000000008 0.653125 0.03437500000000008 0.6640625 0.03437500000000008
4 0.7140625 0.14062500000000008 0.703125 0.14062500000000008 0.703125 0.1515625000000001 0.7140625 0.1515625000000001
4 0.7109375 0.1671875000000001 0.6984375 0.1671875000000001 0.6984375 0.1781250000000001 0.7109375 0.1781250000000001
4 0.709375 0.1859375000000001 0.6984375 0.1859375000000001 0.6984375 0.19687500000000008 0.709375 0.19687500000000008
4 0.709375 0.1984375000000001 0.696875 0.1984375000000001 0.696875 0.2078125000000001 0.709375 0.2078125000000001
4 0.7078125 0.2171875000000001 0.6953125 0.2171875000000001 0.6953125 0.22656250000000008 0.7078125 0.22656250000000008
4 0.7046875 0.2453125000000001 0.69375 0.2453125000000001 0.69375 0.2578125000000001 0.7046875 0.2578125000000001
4 0.7046875 0.2671875000000001 0.6921875 0.2671875000000001 0.6921875 0.2734375000000001 0.7046875 0.2734375000000001
4 0.7015625 0.2734375000000001 0.6921875 0.2734375000000001 0.6921875 0.2828125000000001 0.7015625 0.2828125000000001
4 0.6859375 0.2453125000000001 0.671875 0.2453125000000001 0.671875 0.25468750000000007 0.6859375 0.25468750000000007
4 0.6875 0.2578125000000001 0.675 0.2578125000000001 0.675 0.2640625000000001 0.6875 0.2640625000000001
4 0.684375 0.2640625000000001 0.671875 0.2640625000000001 0.671875 0.2718750000000001 0.684375 0.2718750000000001
2 0.778125 0.2968750000000001 0.7546875 0.2968750000000001 0.7546875 0.3375000000000001 0.778125 0.3375000000000001
2 0.8296875 0.15625000000000008 0.815625 0.15625000000000008 0.815625 0.20468750000000008 0.8296875 0.20468750000000008
4 0.3468750000000001 0.3921875 0.3375000000000001 0.3921875 0.3375000000000001 0.409375 0.3468750000000001 0.409375
4 0.3593750000000001 0.396875 0.3515625000000001 0.396875 0.3515625000000001 0.4140625 0.3593750000000001 0.4140625
4 0.3968750000000001 0.4203125 0.38750000000000007 0.4203125 0.38750000000000007 0.4375 0.3968750000000001 0.4375
4 0.3890625000000001 0.4578125 0.37968750000000007 0.4578125 0.37968750000000007 0.478125 0.3890625000000001 0.478125
4 0.38750000000000007 0.48125 0.37968750000000007 0.48125 0.37968750000000007 0.5015625 0.38750000000000007 0.5015625
4 0.3421875000000001 0.4671875 0.3343750000000001 0.4671875 0.3343750000000001 0.4859375 0.3421875000000001 0.4859375
4 0.2953125000000001 0.4359375 0.28593750000000007 0.4359375 0.28593750000000007 0.4546875 0.2953125000000001 0.4546875
4 0.3156250000000001 0.4890625 0.3078125000000001 0.4890625 0.3078125000000001 0.5078125 0.3156250000000001 0.5078125
4 0.3265625000000001 0.4859375 0.31718750000000007 0.4859375 0.31718750000000007 0.5046875 0.3265625000000001 0.5046875
4 0.32500000000000007 0.515625 0.3140625000000001 0.515625 0.3140625000000001 0.5375 0.32500000000000007 0.5375
4 0.3187500000000001 0.5546875 0.30937500000000007 0.5546875 0.30937500000000007 0.571875 0.3187500000000001 0.571875
4 0.2656250000000001 0.5453125 0.25468750000000007 0.5453125 0.25468750000000007 0.5609375 0.2656250000000001 0.5609375
4 0.2765625000000001 0.5484375 0.2671875000000001 0.5484375 0.2671875000000001 0.56875 0.2765625000000001 0.56875
2 0.2750000000000001 0.4984375 0.2562500000000001 0.4984375 0.2562500000000001 0.54375 0.2750000000000001 0.54375
4 0.2484375000000001 0.6359375 0.2390625000000001 0.6359375 0.2390625000000001 0.6515625 0.2484375000000001 0.6515625
4 0.2812500000000001 0.6296875 0.2718750000000001 0.6296875 0.2718750000000001 0.6484375 0.2812500000000001 0.6484375
2 0.2312500000000001 0.7046875 0.21250000000000008 0.7046875 0.21250000000000008 0.740625 0.2312500000000001 0.740625
4 0.21875000000000008 0.7671875 0.2078125000000001 0.7671875 0.2078125000000001 0.7859375 0.21875000000000008 0.7859375
4 0.15312500000000012 0.903125 0.1437500000000001 0.903125 0.1437500000000001 0.9234375 0.15312500000000012 0.9234375
4 0.1828125000000001 0.8828125 0.17343750000000008 0.8828125 0.17343750000000008 0.9015625 0.1828125000000001 0.9015625
4 0.3234375000000001 0.915625 0.3140625000000001 0.915625 0.3140625000000001 0.93125 0.3234375000000001 0.93125
2 0.3890625000000001 0.825 0.36406250000000007 0.825 0.36406250000000007 0.8578125 0.3890625000000001 0.8578125
4 0.4515625000000002 0.8234375 0.4421875000000002 0.8234375 0.4421875000000002 0.8390625 0.4515625000000002 0.8390625
4 0.4671875000000002 0.8015625 0.4578125000000002 0.8015625 0.4578125000000002 0.8125 0.4671875000000002 0.8125
2 0.3546875000000001 0.4984375 0.3359375000000001 0.4984375 0.3359375000000001 0.5390625 0.3546875000000001 0.5390625
2 0.3468750000000001 0.5484375 0.32500000000000007 0.5484375 0.32500000000000007 0.59375 0.3468750000000001 0.59375
4 0.3828125000000001 0.5453125 0.3765625000000001 0.5453125 0.3765625000000001 0.5640625 0.3828125000000001 0.5640625
4 0.4078125 0.621875 0.3984375000000001 0.621875 0.3984375000000001 0.6421875 0.4078125 0.6421875
4 0.4015625 0.6375 0.3921875000000001 0.6375 0.3921875000000001 0.6515625 0.4015625 0.6515625
2 0.47343750000000007 0.7203125 0.45 0.7203125 0.45000000000000007 0.75 0.4734375000000002 0.75
4 0.49531250000000016 0.740625 0.4859375000000002 0.740625 0.4859375000000002 0.7484375 0.49531250000000016 0.7484375
0 0.5015625000000001 0.753125 0.48437500000000017 0.753125 0.48437500000000017 0.775 0.5015625000000001 0.775
4 0.5078125000000002 0.78125 0.4968750000000002 0.78125 0.4968750000000002 0.7921875 0.5078125000000002 0.7921875
0 0.5046875000000002 0.7984375 0.48750000000000016 0.7984375 0.48750000000000016 0.81875 0.5046875000000002 0.81875
4 0.5468750000000002 0.7734375 0.5375000000000002 0.7734375 0.5375000000000002 0.784375 0.5468750000000002 0.784375
4 0.5718750000000001 0.7703125 0.5609375000000002 0.7703125 0.5609375000000002 0.784375 0.5718750000000001 0.784375
4 0.5828125000000002 0.7390625 0.5734375000000002 0.7390625 0.5734375000000002 0.7546875 0.5828125000000002 0.7546875
4 0.565625 0.7171875 0.5546875 0.7171875 0.5546875000000001 0.7296875 0.5656250000000002 0.7296875
4 0.55625 0.703125 0.546875 0.703125 0.546875 0.7140625 0.55625 0.7140625
4 0.565625 0.6734375 0.55625 0.6734375 0.55625 0.6875 0.565625 0.6875
4 0.58125 0.6859375 0.571875 0.6859375 0.571875 0.7 0.58125 0.7
2 0.540625 0.6921875 0.515625 0.6921875 0.515625 0.7203125 0.540625 0.7203125
2 0.5375000000000002 0.7265625 0.5156250000000002 0.7265625 0.5156250000000002 0.75625 0.5375000000000002 0.75625
4 0.6218750000000002 0.78125 0.6125000000000002 0.78125 0.6125000000000002 0.790625 0.6218750000000002 0.790625
4 0.6843750000000002 0.8125 0.6718750000000002 0.8125 0.6718750000000002 0.8234375 0.6843750000000002 0.8234375
4 0.8140625 0.9140625 0.8015625 0.9140625 0.8015625 0.9328125 0.8140625 0.9328125
4 0.821875 0.9703125 0.809375 0.9703125 0.809375 0.9859375 0.821875 0.9859375
4 0.9109375 0.9234375 0.9015625 0.9234375 0.9015625 0.9390625 0.9109375 0.9390625
4 0.8390625 0.840625 0.8296875 0.840625 0.8296875 0.8546875 0.8390625 0.8546875
2 0.815625 0.7593750000000001 0.7953125000000002 0.7593750000000001 0.7953125000000002 0.7937500000000002 0.815625 0.7937500000000002
2 0.7750000000000001 0.7187500000000002 0.75625 0.7187500000000002 0.7562500000000001 0.7531250000000002 0.7750000000000001 0.7531250000000002
2 0.9265625 0.825 0.9046875 0.825 0.9046875 0.8609375 0.9265625 0.8609375
2 0.9953125 0.9359375 0.975 0.9359375 0.975 0.9703125 0.9953125 0.9703125
2 0.9859375 0.9125 0.9625 0.9125 0.9625 0.95625 0.9859375 0.95625
4 0.9 0.828125 0.890625 0.828125 0.890625 0.84375 0.9 0.84375
4 0.903125 0.8109375 0.8984375 0.8109375 0.8984375 0.828125 0.903125 0.828125
2 0.8765625 0.7453125000000002 0.85625 0.7453125000000002 0.85625 0.7781250000000002 0.8765625 0.7781250000000002
2 0.8859375 0.7109375000000002 0.8640625 0.7109375000000002 0.8640625 0.7484375000000002 0.8859375 0.7484375000000002
2 0.8375 0.7000000000000002 0.815625 0.7000000000000002 0.815625 0.7250000000000002 0.8375 0.7250000000000002
2 0.8140625 0.6656250000000001 0.79375 0.6656250000000001 0.79375 0.6968750000000001 0.8140625 0.6968750000000001
4 0.828125 0.6796875000000002 0.8203125 0.6796875000000002 0.8203125 0.6937500000000002 0.828125 0.6937500000000002
4 0.8234375 0.6500000000000001 0.8140625 0.6500000000000001 0.8140625 0.6640625000000002 0.8234375 0.6640625000000002
4 0.740625 0.6687500000000002 0.73125 0.6687500000000002 0.73125 0.6875000000000002 0.740625 0.6875000000000002
2 0.7171875 0.621875 0.6984375 0.621875 0.6984375 0.6578125 0.7171875 0.6578125
2 0.74375 0.5906250000000002 0.7265625 0.5906250000000002 0.7265625 0.6218750000000002 0.74375 0.6218750000000002
4 0.728125 0.6156250000000001 0.71875 0.615625 0.71875 0.6312500000000001 0.728125 0.6312500000000002
4 0.809375 0.5515625000000002 0.8015625 0.5515625000000002 0.8015625 0.5703125000000002 0.809375 0.5703125000000002
4 0.76875 0.5484375000000001 0.7625 0.5484375000000001 0.7625 0.5578125000000002 0.76875 0.5578125000000002
2 0.734375 0.5390625000000001 0.71875 0.5390625 0.71875 0.5734375 0.734375 0.5734375000000002
4 0.675 0.5390625 0.665625 0.5390625 0.665625 0.5546875 0.675 0.5546875
4 0.6640625 0.415625 0.65625 0.415625 0.65625 0.434375 0.6640625 0.434375
4 0.6375 0.3984375000000001 0.628125 0.3984375000000001 0.628125 0.41875 0.6375 0.41875
4 0.625 0.4140625 0.6140625 0.4140625 0.6140625 0.4328125 0.625 0.4328125
4 0.609375 0.45 0.6015625 0.45 0.6015625 0.471875 0.609375 0.471875
3 0.378125 0.17656250000000004 0.3578125 0.17656250000000004 0.3578125 0.20156250000000003 0.378125 0.2015625000000001
3 0.421875 0.11562500000000005 0.4015625 0.11562500000000005 0.4015625 0.14218750000000005 0.421875 0.14218750000000005
3 0.4421875 0.19375000000000003 0.4234375 0.19375000000000003 0.4234375 0.2156250000000001 0.4421875 0.2156250000000001
3 0.625 0.471875 0.6109375 0.471875 0.6109375 0.528125 0.625 0.528125
0 0.7859375 0.6562500000000002 0.7703125 0.6562500000000002 0.7703125 0.6812500000000001 0.7859375 0.6812500000000001
2 0.9515625 0.865625 0.9296875 0.865625 0.9296875 0.9046875 0.9515625 0.9046875
3 0.3828125000000001 0.38281250000000006 0.3578125000000001 0.3828125 0.3578125000000001 0.4328125 0.3828125000000001 0.4328125