5 0.2515625000000001 0.66875 0.1906250000000001 0.66875 0.1906250000000001 0.709375 0.2515625000000001 0.709375
5 0.3125000000000001 0.6546875 0.2531250000000001 0.6546875 0.2531250000000001 0.7015625 0.3125000000000001 0.7015625
5 0.6109375000000001 0.8078125 0.5703125000000002 0.8078125 0.5703125000000002 0.8484375 0.6109375000000001 0.8484375
5 0.4265625000000002 0.809375 0.37187500000000007 0.809375 0.37187500000000007 0.8421875 0.4265625000000002 0.8421875
2 0.15781250000000008 0.7390625 0.1281250000000001 0.7390625 0.1281250000000001 0.7625 0.15781250000000008 0.7625
2 0.15000000000000008 0.8234375 0.12031250000000009 0.8234375 0.12031250000000009 0.8453125 0.15000000000000008 0.8453125
2 0.38750000000000007 0.9171875 0.3578125000000001 0.9171875 0.3578125000000001 0.9578125 0.38750000000000007 0.9578125
2 0.4875 0.534375 0.4703125 0.534375 0.4703125 0.6046875 0.4875 0.6046875
2 0.49375 0.68125 0.471875 0.68125 0.471875 0.725 0.49375 0.725
2 0.5421875000000002 0.784375 0.5156250000000002 0.784375 0.5156250000000002 0.8078125 0.5421875000000002 0.8078125
2 0.5218750000000002 0.8078125 0.4937500000000002 0.8078125 0.4937500000000002 0.8359375 0.5218750000000002 0.8359375
2 0.5703125000000002 0.83125 0.5484375000000001 0.83125 0.5484375000000001 0.8796875 0.5703125000000002 0.8796875
2 0.7046875000000001 0.8078125 0.6687500000000002 0.8078125 0.6687500000000002 0.8328125 0.7046875000000001 0.8328125
2 0.765625 0.7000000000000002 0.7390625 0.7000000000000002 0.7390625 0.7187500000000002 0.765625 0.7187500000000002
5 0.946875 0.6968750000000001 0.8859375 0.6968750000000001 0.8859375 0.7343750000000002 0.946875 0.7343750000000002
2 0.859375 0.6843750000000002 0.8296875 0.6843750000000002 0.8296875 0.7140625000000002 0.859375 0.7140625000000002
4 0.0875000000000001 0.9515625 0.07656250000000012 0.9515625 0.07656250000000012 0.9671875 0.0875000000000001 0.9671875
4 0.10156250000000014 0.93125 0.08593750000000011 0.93125 0.08593750000000011 0.946875 0.10156250000000014 0.946875
4 0.11406250000000014 0.9546875 0.10000000000000013 0.9546875 0.10000000000000013 0.9703125 0.11406250000000014 0.9703125
4 0.5828125000000002 0.75625 0.5718750000000001 0.75625 0.5718750000000001 0.775 0.5828125000000002 0.775
4 0.5906250000000002 0.78125 0.5796875000000001 0.78125 0.5796875000000001 0.796875 0.5906250000000002 0.796875
4 0.5609375000000002 0.759375 0.5515625000000002 0.759375 0.5515625000000002 0.7765625 0.5609375000000002 0.7765625
4 0.5625000000000002 0.7765625 0.5468750000000002 0.7765625 0.5468750000000002 0.7921875 0.5625000000000002 0.7921875
4 0.6281250000000002 0.7578125 0.6125000000000002 0.7578125 0.6125000000000002 0.78125 0.6281250000000002 0.78125
4 0.6484375000000002 0.78125 0.6359375000000002 0.78125 0.6359375000000002 0.80625 0.6484375000000002 0.80625
4 0.6875000000000002 0.7671875 0.6734375000000001 0.7671875 0.6734375000000001 0.7828125 0.6875000000000002 0.7828125
4 0.7125000000000001 0.7703125 0.7015625000000002 0.7703125 0.7015625000000002 0.7921875 0.7125000000000001 0.7921875
4 0.8640625 0.871875 0.8421875 0.871875 0.8421875 0.890625 0.8640625 0.890625
4 0.86875 0.8515625 0.8546875 0.8515625 0.8546875 0.8671875 0.86875 0.8671875
4 0.9515625 0.8703125 0.9390625 0.8703125 0.9390625 0.8890625 0.9515625 0.8890625
4 0.8921875 0.7656250000000002 0.875 0.7656250000000002 0.875 0.7953125000000002 0.8921875 0.7953125000000002
4 0.3828125000000001 0.6734375 0.3609375000000001 0.6734375 0.3609375000000001 0.7125 0.3828125000000001 0.7125
4 0.7 0.6953125 0.6796875 0.6953125 0.6796875 0.71875 0.7 0.71875
2 0.4875 0.15781250000000005 0.46875 0.15781250000000005 0.46875 0.21875000000000008 0.4875 0.21875000000000008
2 0.5296875 0.2890625000000001 0.5109375 0.2890625000000001 0.5109375 0.3687500000000001 0.5296875 0.3687500000000001
2 0.4890625 0.006250000000000059 0.4671875 0.0062500000000000585 0.4671875 0.07812500000000007 0.4890625 0.07812500000000007