2 0.5109375 0.4453125 0.48125 0.4453125 0.48125 0.475 0.5109375 0.475
2 0.5125 0.3546875000000001 0.48125 0.3546875000000001 0.48125 0.3828125000000001 0.5125 0.3828125000000001
2 0.6375 0.503125 0.6125 0.503125 0.6125 0.5328125 0.6375 0.5328125
2 0.15937500000000004 0.259375 0.13281250000000006 0.259375 0.13281250000000006 0.309375 0.15937500000000004 0.309375
2 0.0546875 0.020312500000000004 0.028125 0.020312500000000004 0.028125000000000004 0.0734375 0.0546875 0.0734375
2 0.043750000000000025 0.1765625 0.02031250000000002 0.1765625 0.020312500000000025 0.225 0.043750000000000025 0.225
2 0.05625000000000002 0.2078125 0.03281250000000002 0.2078125 0.03281250000000003 0.253125 0.05625000000000002 0.253125
2 0.032812500000000036 0.2328125 0.014062500000000028 0.2328125 0.01406250000000003 0.278125 0.032812500000000036 0.278125
4 0.04218750000000003 0.2578125 0.029687500000000033 0.2578125 0.029687500000000033 0.2796875 0.04218750000000003 0.2796875
0 0.2015625000000001 0.3828125 0.17968750000000006 0.3828125 0.17968750000000006 0.409375 0.2015625000000001 0.409375
2 0.18593750000000006 0.51875 0.15312500000000004 0.51875 0.15312500000000007 0.546875 0.1859375000000001 0.546875
2 0.13906250000000006 0.53125 0.10937500000000004 0.53125 0.10937500000000007 0.5578125 0.1390625000000001 0.5578125
2 0.08437500000000006 0.54375 0.05468750000000007 0.54375 0.05468750000000007 0.56875 0.08437500000000006 0.56875
4 0.042187500000000065 0.5359375 0.023437500000000066 0.5359375 0.023437500000000066 0.5578125 0.042187500000000065 0.5578125
4 0.03281250000000008 0.6125 0.014062500000000078 0.6125 0.014062500000000078 0.6375 0.03281250000000008 0.6375
4 0.08125000000000007 0.6171875 0.06562500000000007 0.6171875 0.06562500000000007 0.6359375 0.08125000000000009 0.6359375
4 0.07500000000000007 0.609375 0.06093750000000007 0.609375 0.06093750000000007 0.625 0.07500000000000007 0.625
4 0.08437500000000006 0.59375 0.06562500000000007 0.59375 0.06562500000000007 0.6140625 0.08437500000000006 0.6140625
4 0.09843750000000007 0.5828125 0.08281250000000007 0.5828125 0.08281250000000007 0.6078125 0.09843750000000007 0.6078125
2 0.12500000000000008 0.6125 0.09687500000000007 0.6125 0.09687500000000007 0.64375 0.12500000000000008 0.64375
0 0.11093750000000009 0.6 0.09062500000000007 0.6 0.09062500000000007 0.6203125 0.11093750000000009 0.6203125
2 0.1281250000000001 0.553125 0.09843750000000007 0.553125 0.09843750000000007 0.5859375 0.1281250000000001 0.5859375
2 0.1687500000000001 0.5453125 0.14218750000000008 0.5453125 0.14218750000000008 0.58125 0.1687500000000001 0.58125
2 0.032812500000000064 0.559375 0.004687500000000068 0.559375 0.00468750000000007 0.5875 0.032812500000000064 0.5875
2 0.06250000000000007 0.571875 0.03125000000000007 0.571875 0.03125000000000007 0.6 0.06250000000000007 0.6
2 0.06093750000000007 0.5953125 0.02968750000000008 0.5953125 0.02968750000000008 0.6265625 0.06093750000000007 0.6265625
2 0.009375000000000078 0.6125 7.500961644777538e-17 0.6125 7.721015366499328e-17 0.6484375 0.009375000000000081 0.6484375
2 0.01250000000000007 0.5421875 6.639881864127056e-17 0.5421875 6.802530267138814e-17 0.56875 0.012500000000000072 0.56875
2 0.09843750000000007 0.5671875 0.07031250000000007 0.5671875 0.07031250000000007 0.5921875 0.09843750000000007 0.5921875
4 0.571875 0.32500000000000007 0.55625 0.32500000000000007 0.55625 0.3515625000000001 0.571875 0.3515625000000001
2 0.8515625 0.3734375000000001 0.8203125 0.3734375000000001 0.8203125 0.4078125000000002 0.8515625 0.4078125000000002
2 0.99375 0.37187500000000007 0.9625 0.37187500000000007 0.9625 0.40156250000000016 0.99375 0.40156250000000016
2 0.9171875 0.3031250000000001 0.8796875 0.3031250000000001 0.8796875 0.3375000000000001 0.9171875 0.3375000000000001
2 0.9953125 0.2984375000000001 0.9640625 0.2984375000000001 0.9640625 0.3281250000000001 0.9953125 0.3281250000000001
2 0.9421875 0.4625000000000002 0.9125 0.4625000000000002 0.9125 0.4937500000000002 0.9421875 0.4937500000000002
2 0.7890625 0.2218750000000001 0.759375 0.2218750000000001 0.759375 0.2562500000000001 0.7890625 0.2562500000000001
2 0.7828125 0.14218750000000008 0.75 0.14218750000000008 0.75 0.1750000000000001 0.7828125 0.1750000000000001
2 0.040625000000000036 0.271875 0.018750000000000034 0.271875 0.018750000000000037 0.3296875 0.04062500000000004 0.3296875
2 0.012500000000000042 0.296875 3.6356701849687046e-17 0.296875 3.989669650347236e-17 0.3546875 0.012500000000000044 0.3546875
4 0.012500000000000035 0.2625 3.214697847761802e-17 0.2625 3.463454228838608e-17 0.303125 0.012500000000000039 0.303125
0 0.025000000000000033 0.2796875 0.006250000000000033 0.2796875 0.006250000000000036 0.3109375 0.025000000000000033 0.3109375