4 0.014062500000000058 0.46875 0.003125000000000057 0.46875 0.0031250000000000574 0.4796875 0.014062500000000061 0.4796875
2 0.04375000000000006 0.4984375 0.023437500000000062 0.4984375 0.023437500000000062 0.515625 0.04375000000000007 0.515625
6 0.15781250000000008 0.5484375 0.12656250000000008 0.5484375 0.12656250000000008 0.56875 0.15781250000000008 0.56875
5 0.1375000000000001 0.66875 0.10000000000000009 0.66875 0.10000000000000009 0.690625 0.1375000000000001 0.690625
5 0.1625000000000001 0.6375 0.12500000000000008 0.6375 0.12500000000000008 0.6578125 0.1625000000000001 0.6578125
5 0.2906250000000001 0.6296875 0.2609375000000001 0.6296875 0.2609375000000001 0.65 0.2906250000000001 0.65
2 0.17656250000000007 0.53125 0.16250000000000003 0.53125 0.16250000000000006 0.5453125 0.1765625000000001 0.5453125
2 0.2468750000000001 0.4640625 0.2312500000000001 0.4640625 0.2312500000000001 0.475 0.2468750000000001 0.475
4 0.3546875000000001 0.6046875 0.34843750000000007 0.6046875 0.34843750000000007 0.61875 0.3546875000000001 0.61875
3 0.3968750000000001 0.5421875 0.37187500000000007 0.5421875 0.37187500000000007 0.5609375 0.3968750000000001 0.5609375
6 0.50625 0.6125 0.478125 0.6125 0.478125 0.6390625 0.50625 0.6390625
6 0.5609375 0.553125 0.525 0.553125 0.525 0.5703125 0.5609375 0.5703125
3 0.5828125 0.621875 0.56875 0.621875 0.56875 0.634375 0.5828125 0.634375
2 0.7171875 0.55625 0.7 0.55625 0.7 0.575 0.7171875 0.575
2 0.6296875 0.4515625 0.6140625 0.4515625 0.6140625 0.46875 0.6296875 0.46875
3 0.7515625 0.4421875000000002 0.734375 0.4421875000000002 0.734375 0.45312500000000017 0.7515625 0.45312500000000017
3 0.7546875 0.4031250000000002 0.7390625 0.4031250000000002 0.7390625 0.41406250000000017 0.7546875 0.41406250000000017
5 0.7375 0.3765625000000001 0.69375 0.3765625000000001 0.69375 0.39531250000000007 0.7375 0.39531250000000007
5 0.6796875 0.3765625000000001 0.6390625 0.3765625000000001 0.6390625 0.4015625 0.6796875 0.4015625
6 0.828125 0.5140625000000002 0.809375 0.5140625000000002 0.809375 0.5296875000000002 0.828125 0.5296875000000002
0 0.809375 0.5875000000000001 0.8 0.5875000000000001 0.8 0.6015625000000002 0.809375 0.6015625000000002
0 0.825 0.6031250000000001 0.8109375 0.6031250000000001 0.8109375 0.6125000000000002 0.825 0.6125000000000002
4 0.875 0.5781250000000002 0.8671875 0.5781250000000002 0.8671875 0.5875000000000001 0.875 0.5875000000000001
3 0.896875 0.5890625000000002 0.878125 0.5890625000000002 0.878125 0.6093750000000002 0.896875 0.6093750000000002
5 0.85 0.5906250000000002 0.8359375 0.5906250000000002 0.8359375 0.6578125000000001 0.85 0.6578125000000001
5 0.9015625 0.6328125000000002 0.8640625 0.6328125000000002 0.8640625 0.6546875000000002 0.9015625 0.6546875000000002
0 0.9359375 0.6015625000000002 0.921875 0.6015625000000002 0.921875 0.6125000000000002 0.9359375 0.6125000000000002
4 0.94375 0.5843750000000002 0.934375 0.5843750000000002 0.934375 0.5953125000000001 0.94375 0.5953125000000001
4 0.98125 0.5953125000000001 0.971875 0.5953125000000001 0.971875 0.6078125000000002 0.98125 0.6078125000000002
2 0.996875 0.5828125000000002 0.9828125 0.5828125000000002 0.9828125 0.5984375000000002 0.996875 0.5984375000000002