2 0.3765625000000001 0.546875 0.3421875000000001 0.546875 0.3421875000000001 0.5734375 0.3765625000000001 0.5734375
0 0.3109375000000001 0.5078125 0.2921875000000001 0.5078125 0.2921875000000001 0.525 0.3109375000000001 0.525
0 0.2078125000000001 0.5125 0.18906250000000005 0.5125 0.18906250000000005 0.53125 0.2078125000000001 0.53125
4 0.17656250000000007 0.534375 0.15781250000000005 0.534375 0.15781250000000008 0.5453125 0.1765625000000001 0.5453125
4 0.2312500000000001 0.5296875 0.2171875000000001 0.5296875 0.2171875000000001 0.5484375 0.2312500000000001 0.5484375
2 0.17500000000000004 0.4859375 0.14531250000000004 0.4859375 0.14531250000000004 0.515625 0.17500000000000004 0.515625
2 0.7859375 0.1687500000000001 0.7609375 0.1687500000000001 0.7609375 0.1906250000000001 0.7859375 0.1906250000000001
2 0.79375 0.2531250000000001 0.76875 0.2531250000000001 0.76875 0.2750000000000001 0.79375 0.2750000000000001
2 0.9953125 0.3437500000000001 0.971875 0.3437500000000001 0.971875 0.3625000000000001 0.9953125 0.3625000000000001
4 0.6140625 0.3515625000000001 0.603125 0.3515625000000001 0.603125 0.3609375000000001 0.6140625 0.3609375000000001
2 0.515625 0.35625000000000007 0.490625 0.35625000000000007 0.490625 0.3750000000000001 0.515625 0.3750000000000001
4 0.2703125 0.3515625 0.259375 0.3515625 0.259375 0.3609375 0.2703125 0.3609375
0 0.20937500000000003 0.353125 0.19062500000000004 0.353125 0.19062500000000004 0.365625 0.2093750000000001 0.365625
2 0.17656250000000004 0.365625 0.15000000000000005 0.365625 0.15000000000000005 0.396875 0.17656250000000004 0.396875
3 0.08750000000000005 0.275 0.06406250000000005 0.275 0.06406250000000005 0.3390625 0.08750000000000005 0.3390625
2 0.034375 0.0031250000000000036 0.0171875 0.0031250000000000028 0.0171875 0.04375 0.034375 0.04375
4 0.017187500000000005 0.0390625 0.009375000000000005 0.0390625 0.009375000000000005 0.0546875 0.017187500000000005 0.0546875
4 0.015625000000000007 0.0265625 0.0031250000000000028 0.0265625 0.0031250000000000036 0.0375 0.015625000000000007 0.0375
0 0.053125 0.0546875 0.03750000000000001 0.0546875 0.03750000000000001 0.08125 0.053125 0.08125
4 0.03593750000000001 0.0734375 0.02812500000000001 0.0734375 0.02812500000000001 0.090625 0.03593750000000001 0.090625
2 0.10625 1.195944139792337e-17 0.0890625 1.0907010554906114e-17 0.0890625 0.025000000000000012 0.10625 0.025000000000000012
2 0.07343750000000002 0.078125 0.0578125 0.078125 0.05781250000000001 0.1171875 0.07343750000000002 0.1171875
4 0.06562500000000002 0.1578125 0.05625000000000002 0.1578125 0.05625000000000002 0.175 0.06562500000000002 0.175
2 0.06718750000000002 0.1296875 0.046875000000000014 0.1296875 0.046875000000000014 0.159375 0.06718750000000002 0.159375
2 0.04843750000000002 0.1640625 0.03125000000000002 0.1640625 0.03125000000000002 0.20625 0.04843750000000002 0.20625
2 0.03906250000000003 0.21875 0.01718750000000003 0.21875 0.01718750000000003 0.259375 0.039062500000000035 0.259375
2 0.007812500000000026 0.19375 2.3727531733479968e-17 0.19375 2.5736717888331097e-17 0.2265625 0.007812500000000028 0.2265625
2 0.018750000000000037 0.2671875 3.2721031664718344e-17 0.2671875 3.5112919944303015e-17 0.30625 0.018750000000000037 0.30625
2 0.04218750000000003 0.2546875 0.023437500000000035 0.2546875 0.023437500000000035 0.296875 0.04218750000000003 0.296875
2 0.17031250000000003 0.228125 0.15000000000000005 0.228125 0.15000000000000005 0.26875 0.17031250000000003 0.26875
4 0.007812500000000005 0.0375 4.592425496802574e-18 0.0375 5.5491808086364435e-18 0.053125 0.007812500000000005 0.053125