0 0.490625 0.5296875 0.4765625 0.5296875 0.4765625 0.553125 0.490625 0.553125
0 0.528125 0.5140625 0.5109375 0.5140625 0.5109375 0.5390625 0.528125 0.5390625
0 0.609375 0.4671875 0.5984375 0.4671875 0.5984375 0.4984375 0.609375 0.4984375
0 0.7468750000000002 0.7781250000000002 0.7312500000000002 0.7781250000000002 0.7312500000000002 0.8078125 0.7468750000000002 0.8078125
0 0.3703125000000001 0.734375 0.3609375000000001 0.734375 0.3609375000000001 0.759375 0.3703125000000001 0.759375
0 0.36406250000000007 0.7859375 0.3515625000000001 0.7859375 0.3515625000000001 0.8109375 0.36406250000000007 0.8109375
0 0.39531250000000007 0.715625 0.3812500000000001 0.715625 0.3812500000000001 0.7359375 0.39531250000000007 0.7359375
0 0.3781250000000001 0.7 0.3671875000000001 0.7 0.3671875000000001 0.7234375 0.3781250000000001 0.7234375
0 0.4140625 0.68125 0.3984375000000001 0.68125 0.3984375000000001 0.7046875 0.4140625 0.7046875
3 0.40625 0.665625 0.3812500000000001 0.665625 0.3812500000000001 0.6984375 0.40625 0.6984375
3 0.5375000000000001 0.6890625 0.50625 0.6890625 0.5062500000000001 0.7296875 0.5375000000000002 0.7296875
2 0.5421875 0.478125 0.53125 0.478125 0.53125 0.528125 0.5421875 0.528125
2 0.465625 0.4984375 0.440625 0.4984375 0.440625 0.5296875 0.465625 0.5296875
2 0.409375 0.415625 0.3890625000000001 0.415625 0.3890625000000001 0.4546875 0.409375 0.4546875
2 0.3312500000000001 0.6625 0.3156250000000001 0.6625 0.3156250000000001 0.70625 0.3312500000000001 0.70625
2 0.3609375000000001 0.70625 0.3421875000000001 0.70625 0.3421875000000001 0.7421875 0.3609375000000001 0.7421875
6 0.3578125000000001 0.746875 0.3296875000000001 0.746875 0.3296875000000001 0.821875 0.3578125000000001 0.821875
3 0.26250000000000007 0.7875 0.2468750000000001 0.7875 0.2468750000000001 0.8265625 0.26250000000000007 0.8265625
2 0.8203125 0.95625 0.7937500000000002 0.95625 0.7937500000000002 0.9953125 0.8203125 0.9953125
2 0.6078125 0.2015625000000001 0.5875 0.2015625000000001 0.5875 0.23593750000000008 0.6078125 0.23593750000000008
2 0.315625 0.09843750000000004 0.296875 0.09843750000000004 0.296875 0.13750000000000004 0.315625 0.13750000000000004
0 0.3625 0.215625 0.34375 0.215625 0.34375 0.24375 0.3625 0.24375
0 0.54375 0.2812500000000001 0.528125 0.2812500000000001 0.528125 0.30156250000000007 0.54375 0.30156250000000007
2 0.2218750000000001 0.925 0.20468750000000008 0.925 0.20468750000000008 0.9671875 0.2218750000000001 0.9671875
2 0.7390625000000002 0.9515625 0.7140625000000002 0.9515625 0.7140625000000002 0.9734375 0.7390625000000002 0.9734375
3 0.2625 0.225 0.240625 0.225 0.240625 0.2578125 0.2625 0.2578125
4 0.3812500000000001 0.5875 0.3750000000000001 0.5875 0.3750000000000001 0.6171875 0.3812500000000001 0.6171875
4 0.4125 0.625 0.4015625 0.625 0.4015625 0.6390625 0.4125 0.6390625
4 0.428125 0.615625 0.4140625 0.615625 0.4140625 0.63125 0.428125 0.63125
4 0.44375 0.6125 0.4296875 0.6125 0.4296875 0.628125 0.44375 0.628125
4 0.446875 0.6328125 0.4375 0.6328125 0.4375 0.6546875 0.446875 0.6546875
4 0.4703125 0.6671875 0.459375 0.6671875 0.459375 0.68125 0.4703125 0.68125
4 0.4359375 0.6453125 0.428125 0.6453125 0.428125 0.6625 0.4359375 0.6625
4 0.43125 0.634375 0.421875 0.634375 0.421875 0.6484375 0.43125 0.6484375
4 0.4 0.6375 0.38750000000000007 0.6375 0.38750000000000007 0.65 0.4 0.65
4 0.4015625 0.6484375 0.3921875000000001 0.6484375 0.3921875000000001 0.6640625 0.4015625 0.6640625
4 0.35625000000000007 0.6109375 0.3468750000000001 0.6109375 0.3468750000000001 0.63125 0.35625000000000007 0.63125
4 0.3515625000000001 0.5609375 0.3421875000000001 0.5609375 0.3421875000000001 0.584375 0.3515625000000001 0.584375
4 0.3312500000000001 0.5796875 0.3218750000000001 0.5796875 0.3218750000000001 0.6046875 0.3312500000000001 0.6046875
4 0.34062500000000007 0.6203125 0.3296875000000001 0.6203125 0.3296875000000001 0.6421875 0.34062500000000007 0.6421875
4 0.3734375000000001 0.64375 0.3671875000000001 0.64375 0.3671875000000001 0.6625 0.3734375000000001 0.6625
4 0.3812500000000001 0.653125 0.37187500000000007 0.653125 0.37187500000000007 0.671875 0.3812500000000001 0.671875
4 0.3843750000000001 0.6609375 0.3765625000000001 0.6609375 0.3765625000000001 0.68125 0.3843750000000001 0.68125
4 0.3812500000000001 0.68125 0.37187500000000007 0.68125 0.37187500000000007 0.696875 0.3812500000000001 0.696875
4 0.3203125000000001 0.6 0.3109375000000001 0.6 0.3109375000000001 0.621875 0.3203125000000001 0.621875
4 0.4234375 0.5765625 0.4078125 0.5765625 0.4078125 0.590625 0.4234375 0.590625
4 0.428125 0.546875 0.415625 0.546875 0.415625 0.5640625 0.428125 0.5640625
4 0.440625 0.5578125 0.4296875 0.5578125 0.4296875 0.571875 0.440625 0.571875
4 0.434375 0.5796875 0.4234375 0.5796875 0.4234375 0.59375 0.434375 0.59375
4 0.5171875 0.5734375 0.503125 0.5734375 0.503125 0.5890625 0.5171875 0.5890625
4 0.5421875 0.5859375 0.53125 0.5859375 0.53125 0.60625 0.5421875 0.60625
4 0.5296875 0.525 0.5234375 0.525 0.5234375 0.546875 0.5296875 0.546875
4 0.4765625 0.51875 0.4671875 0.51875 0.4671875 0.534375 0.4765625 0.534375
4 0.4671875 0.525 0.459375 0.525 0.459375 0.54375 0.4671875 0.54375
4 0.465625 0.553125 0.4546875 0.553125 0.4546875 0.5703125 0.465625 0.5703125
4 0.48125 0.571875 0.4671875 0.571875 0.4671875 0.5875 0.48125 0.5875
4 0.4796875 0.5859375 0.4671875 0.5859375 0.4671875 0.6015625 0.4796875 0.6015625
4 0.4640625 0.5796875 0.453125 0.5796875 0.453125 0.5953125 0.4640625 0.5953125
4 0.4484375 0.5796875 0.4375 0.5796875 0.4375 0.59375 0.4484375 0.59375
4 0.446875 0.565625 0.4375 0.565625 0.4375 0.5796875 0.446875 0.5796875
4 0.3968750000000001 0.4828125 0.3828125000000001 0.4828125 0.3828125000000001 0.4984375 0.3968750000000001 0.4984375
4 0.37968750000000007 0.4828125 0.3671875000000001 0.4828125 0.3671875000000001 0.5 0.37968750000000007 0.5
4 0.37968750000000007 0.5109375 0.3687500000000001 0.5109375 0.3687500000000001 0.53125 0.37968750000000007 0.53125
4 0.35625000000000007 0.5125 0.3468750000000001 0.5125 0.3468750000000001 0.5359375 0.35625000000000007 0.5359375
4 0.3921875000000001 0.440625 0.37968750000000007 0.440625 0.37968750000000007 0.45625 0.3921875000000001 0.45625
4 0.4328125 0.4328125 0.4265625 0.4328125 0.4265625 0.45625 0.4328125 0.45625
4 0.4203125 0.3750000000000001 0.4109375 0.3750000000000001 0.4109375 0.3890625000000001 0.4203125 0.3890625000000001
4 0.3671875000000001 0.36718750000000006 0.3546875000000001 0.3671875 0.3546875000000001 0.38593750000000004 0.3671875000000001 0.3859375000000001
4 0.3671875000000001 0.384375 0.3546875000000001 0.384375 0.3546875000000001 0.403125 0.3671875000000001 0.403125
4 0.3828125000000001 0.4140625 0.37187500000000007 0.4140625 0.37187500000000007 0.4328125 0.3828125000000001 0.4328125
4 0.3437500000000001 0.384375 0.3343750000000001 0.384375 0.3343750000000001 0.409375 0.3437500000000001 0.409375
4 0.3281250000000001 0.434375 0.3187500000000001 0.434375 0.3187500000000001 0.4546875 0.3281250000000001 0.4546875
4 0.3703125000000001 0.6875 0.3656250000000001 0.6875 0.3656250000000001 0.7078125 0.3703125000000001 0.7078125
4 0.3625000000000001 0.6734375 0.3531250000000001 0.6734375 0.3531250000000001 0.6921875 0.3625000000000001 0.6921875
4 0.2656250000000001 0.8328125 0.2562500000000001 0.8328125 0.2562500000000001 0.853125 0.2656250000000001 0.853125
4 0.25468750000000007 0.83125 0.2453125000000001 0.83125 0.2453125000000001 0.8546875 0.25468750000000007 0.8546875
4 0.3187500000000001 0.9375 0.30937500000000007 0.9375 0.30937500000000007 0.959375 0.3187500000000001 0.959375
4 0.2453125000000001 0.95 0.23593750000000008 0.95 0.23593750000000008 0.971875 0.2453125000000001 0.971875
2 0.3375000000000001 0.9046875 0.3234375000000001 0.9046875 0.3234375000000001 0.9421875 0.3375000000000001 0.9421875
4 0.3109375000000001 0.60625 0.3031250000000001 0.60625 0.3031250000000001 0.6296875 0.3109375000000001 0.6296875
4 0.3109375000000001 0.428125 0.3000000000000001 0.428125 0.3000000000000001 0.45 0.3109375000000001 0.45
4 0.3203125 0.278125 0.3078125 0.278125 0.3078125 0.2984375 0.3203125 0.2984375
4 0.35625 0.2375 0.3453125 0.2375 0.3453125 0.2578125 0.35625 0.2578125
4 0.325 0.17968750000000006 0.3125 0.17968750000000006 0.3125 0.19687500000000005 0.325 0.19687500000000005
4 0.3265625 0.15156250000000004 0.3125 0.15156250000000004 0.3125 0.17187500000000006 0.3265625 0.17187500000000006
4 0.221875 0.12343750000000005 0.20625 0.12343750000000005 0.20625 0.14062500000000006 0.221875 0.14062500000000006
4 0.178125 0.109375 0.16875 0.109375 0.16875 0.128125 0.178125 0.128125
4 0.2015625 0.16406250000000006 0.190625 0.16406250000000006 0.190625 0.17968750000000006 0.2015625 0.17968750000000006
4 0.203125 0.15000000000000005 0.1921875 0.15000000000000005 0.1921875 0.16406250000000006 0.203125 0.16406250000000006
2 0.1984375 0.11718750000000003 0.178125 0.1171875 0.178125 0.15000000000000002 0.1984375 0.15000000000000005
4 0.15000000000000005 0.1859375 0.14375000000000004 0.1859375 0.14375000000000004 0.2046875 0.15000000000000005 0.2046875
4 0.1453125 0.178125 0.1390625 0.178125 0.13906250000000003 0.1984375 0.14531250000000004 0.1984375
4 0.240625 0.032812500000000036 0.2296875 0.032812500000000036 0.2296875 0.051562500000000025 0.240625 0.051562500000000025
4 0.2765625 0.2625 0.2671875 0.2625 0.2671875 0.2859375 0.2765625 0.2859375
3 0.2 0.19531250000000003 0.17812500000000003 0.1953125 0.17812500000000003 0.2328125 0.2 0.2328125
3 0.2265625 0.2421875 0.2 0.2421875 0.2 0.28125 0.2265625 0.28125
6 0.203125 0.2359375 0.17812500000000003 0.2359375 0.17812500000000003 0.2890625 0.203125 0.2890625
4 0.3984375000000001 0.4609375 0.38750000000000007 0.4609375 0.38750000000000007 0.4796875 0.3984375000000001 0.4796875
4 0.5640625 0.590625 0.553125 0.590625 0.553125 0.609375 0.5640625 0.609375
4 0.628125 0.596875 0.6171875 0.596875 0.6171875 0.615625 0.628125 0.615625
4 0.5015625 0.4984375 0.4921875 0.4984375 0.4921875 0.51875 0.5015625 0.51875
4 0.4953125 0.46875 0.4859375 0.46875 0.4859375 0.4890625 0.4953125 0.4890625
4 0.4953125 0.4484375 0.4828125 0.4484375 0.4828125 0.465625 0.4953125 0.465625
4 0.4515625 0.3359375000000001 0.4390625 0.3359375000000001 0.4390625 0.3515625000000001 0.4515625 0.3515625000000001
4 0.478125 0.3625000000000001 0.4609375 0.3625000000000001 0.4609375 0.3765625000000001 0.478125 0.3765625000000001
4 0.465625 0.3703125000000001 0.453125 0.3703125000000001 0.453125 0.38750000000000007 0.465625 0.38750000000000007
4 0.5015625 0.37968750000000007 0.4890625 0.37968750000000007 0.4890625 0.3984375000000001 0.5015625 0.3984375000000001
4 0.509375 0.35625000000000007 0.496875 0.35625000000000007 0.496875 0.3703125000000001 0.509375 0.3703125000000001
4 0.525 0.3734375000000001 0.509375 0.3734375000000001 0.509375 0.3906250000000001 0.525 0.3906250000000001
4 0.5390625 0.3593750000000001 0.528125 0.3593750000000001 0.528125 0.3781250000000001 0.5390625 0.3781250000000001
4 0.5390625 0.3421875000000001 0.525 0.3421875000000001 0.525 0.3593750000000001 0.5390625 0.3593750000000001
4 0.5484375 0.3265625000000001 0.534375 0.3265625000000001 0.534375 0.34062500000000007 0.5484375 0.34062500000000007
4 0.5484375 0.30937500000000007 0.5375 0.30937500000000007 0.5375 0.3281250000000001 0.5484375 0.3281250000000001
4 0.540625 0.30156250000000007 0.528125 0.30156250000000007 0.528125 0.3203125000000001 0.540625 0.3203125000000001
4 0.5765625 0.29375000000000007 0.565625 0.29375000000000007 0.565625 0.30937500000000007 0.5765625 0.30937500000000007
4 0.5875 0.3000000000000001 0.5765625 0.3000000000000001 0.5765625 0.3203125000000001 0.5875 0.3203125000000001
4 0.553125 0.2640625000000001 0.5390625 0.2640625000000001 0.5390625 0.2828125000000001 0.553125 0.2828125000000001
4 0.5953125 0.4125 0.58125 0.4125 0.58125 0.428125 0.5953125 0.428125
4 0.5671875 0.459375 0.5515625 0.459375 0.5515625 0.4765625 0.5671875 0.4765625
4 0.6296875 0.2593750000000001 0.615625 0.2593750000000001 0.615625 0.2765625000000001 0.6296875 0.2765625000000001
4 0.63125 0.23437500000000008 0.6171875 0.23437500000000008 0.6171875 0.25468750000000007 0.63125 0.25468750000000007
4 0.609375 0.27031250000000007 0.6 0.27031250000000007 0.6 0.2843750000000001 0.609375 0.2843750000000001
4 0.61875 0.2812500000000001 0.60625 0.2812500000000001 0.60625 0.2968750000000001 0.61875 0.2968750000000001
4 0.678125 0.2015625000000001 0.665625 0.2015625000000001 0.665625 0.2171875000000001 0.678125 0.2171875000000001
4 0.7234375 0.27031250000000007 0.7125 0.27031250000000007 0.7125 0.2890625000000001 0.7234375 0.2890625000000001
4 0.828125 0.11562500000000009 0.8140625 0.11562500000000009 0.8140625 0.13281250000000008 0.828125 0.13281250000000008
4 0.8796875 0.2000000000000001 0.8640625 0.2000000000000001 0.8640625 0.2171875000000001 0.8796875 0.2171875000000001
4 0.7671875 0.1218750000000001 0.753125 0.1218750000000001 0.753125 0.14218750000000008 0.7671875 0.14218750000000008
4 0.89375 0.05468750000000011 0.8734375 0.05468750000000011 0.8734375 0.07500000000000011 0.89375 0.07500000000000011
4 0.9453125 0.2671875000000001 0.9328125 0.2671875000000001 0.9328125 0.2843750000000001 0.9453125 0.2843750000000001
4 0.98125 0.2468750000000001 0.965625 0.2468750000000001 0.965625 0.2671875000000001 0.98125 0.2671875000000001
4 0.9984375 0.2234375000000001 0.984375 0.2234375000000001 0.984375 0.24375000000000008 0.9984375 0.24375000000000008
4 0.9984375 0.15937500000000013 0.9828125 0.15937500000000013 0.9828125 0.17812500000000014 0.9984375 0.17812500000000014
4 0.9671875 0.11093750000000013 0.9515625 0.11093750000000013 0.9515625 0.13125000000000014 0.9671875 0.13125000000000014
4 0.6375 0.4546875 0.6234375 0.4546875 0.6234375 0.4734375 0.6375 0.4734375
4 0.675 0.6890625 0.6625 0.6890625 0.6625 0.7046875 0.675 0.7046875
4 0.6984375000000002 0.7328125 0.6859375000000002 0.7328125 0.6859375000000002 0.753125 0.6984375000000002 0.753125
4 0.6015625 0.6234375 0.5890625 0.6234375 0.5890625 0.6421875 0.6015625 0.6421875
4 0.5703125 0.659375 0.5578125 0.659375 0.5578125 0.6796875 0.5703125 0.6796875
4 0.56875 0.678125 0.5546875 0.678125 0.5546875 0.69375 0.56875 0.69375
4 0.5937500000000001 0.7125 0.578125 0.7125 0.5781250000000001 0.7296875 0.5937500000000002 0.7296875
4 0.6093750000000002 0.7484375 0.5984375000000002 0.7484375 0.5984375000000002 0.765625 0.6093750000000002 0.765625
4 0.6468750000000002 0.76875 0.6343750000000001 0.76875 0.6343750000000001 0.7890625 0.6468750000000002 0.7890625
4 0.7062500000000002 0.828125 0.6906250000000002 0.828125 0.6906250000000002 0.853125 0.7062500000000002 0.853125
4 0.7843750000000002 0.84375 0.7703125000000002 0.84375 0.7703125000000002 0.8625 0.7843750000000002 0.8625
4 0.828125 0.9015625 0.81875 0.9015625 0.81875 0.9203125 0.828125 0.9203125
4 0.7796875000000002 0.7906250000000001 0.7671875000000001 0.7906250000000001 0.7671875000000001 0.8125 0.7796875000000002 0.8125
4 0.8171875 0.5390625000000002 0.803125 0.5390625000000002 0.803125 0.5625000000000002 0.8171875 0.5625000000000002
3 0.8140625 0.48750000000000016 0.7984375 0.48750000000000016 0.7984375 0.5156250000000002 0.8140625 0.5156250000000002
3 0.63125 0.478125 0.6125 0.478125 0.6125 0.503125 0.63125 0.503125
3 0.6375 0.5265625 0.6203125 0.5265625 0.6203125 0.559375 0.6375 0.559375
3 0.703125 0.5921875 0.6828125 0.5921875 0.6828125 0.628125 0.703125 0.628125
3 0.71875 0.6125 0.6953125 0.6125 0.6953125 0.653125 0.71875 0.653125
3 0.740625 0.6578125000000001 0.71875 0.6578125 0.71875 0.6890625000000001 0.740625 0.6890625000000001
2 0.7703125 0.6078125000000002 0.7484375 0.6078125000000002 0.7484375 0.6484375000000002 0.7703125 0.6484375000000002
2 0.878125 0.27031250000000007 0.853125 0.27031250000000007 0.853125 0.3000000000000001 0.878125 0.3000000000000001
2 0.8609375 0.3593750000000001 0.8328125 0.3593750000000001 0.8328125 0.4078125000000002 0.8609375 0.4078125000000002
3 0.6875 0.41875 0.65625 0.41875 0.65625 0.459375 0.6875 0.459375
3 0.75 0.3687500000000001 0.721875 0.3687500000000001 0.721875 0.4046875000000001 0.75 0.4046875000000002
3 0.8234375 0.3109375000000001 0.8 0.3109375000000001 0.8 0.3453125000000001 0.8234375 0.3453125000000001
2 0.66875 0.13437500000000008 0.6453125 0.13437500000000008 0.6453125 0.1625000000000001 0.66875 0.1625000000000001
2 0.5625 0.2312500000000001 0.540625 0.2312500000000001 0.540625 0.2609375000000001 0.5625 0.2609375000000001
2 0.528125 0.2609375000000001 0.503125 0.2609375000000001 0.503125 0.2906250000000001 0.528125 0.2906250000000001
2 0.4125 0.12812500000000004 0.39375 0.12812500000000004 0.39375 0.16562500000000005 0.4125 0.16562500000000005
4 0.4125 0.3281250000000001 0.3984375 0.3281250000000001 0.3984375 0.3468750000000001 0.4125 0.3468750000000001
3 0.4609375 0.37968750000000007 0.4390625 0.37968750000000007 0.4390625 0.409375 0.4609375 0.409375
3 0.8421875 0.41718750000000016 0.8046875 0.41718750000000016 0.8046875 0.4812500000000002 0.8421875 0.4812500000000002
3 0.8828125 0.2968750000000001 0.8515625 0.2968750000000001 0.8515625 0.3609375000000001 0.8828125 0.3609375000000001
3 0.853125 0.2843750000000001 0.821875 0.2843750000000001 0.821875 0.3281250000000001 0.853125 0.3281250000000001
4 0.7156250000000002 0.9640625 0.7031250000000002 0.9640625 0.7031250000000002 0.98125 0.7156250000000002 0.98125
4 0.7125000000000001 0.9046875 0.7000000000000002 0.9046875 0.7000000000000002 0.9234375 0.7125000000000001 0.9234375
4 0.7812500000000002 0.7375000000000002 0.7718750000000002 0.7375000000000002 0.7718750000000002 0.7468750000000002 0.7812500000000002 0.7468750000000002
4 0.7875000000000002 0.7265625000000002 0.7765625000000002 0.7265625000000002 0.7765625000000002 0.7375000000000002 0.7875000000000002 0.7375000000000002
4 0.7890625000000001 0.7187500000000002 0.7796875 0.7187500000000002 0.7796875000000001 0.7265625000000002 0.7890625000000002 0.7265625000000002
4 0.796875 0.7000000000000002 0.7859375 0.7000000000000002 0.7859375 0.7078125000000002 0.796875 0.7078125000000002
4 0.7921875 0.7109375000000002 0.7828125 0.7109375000000002 0.7828125 0.7218750000000002 0.7921875 0.7218750000000002
4 0.809375 0.6625000000000002 0.7984375 0.6625000000000002 0.7984375 0.6734375000000001 0.809375 0.6734375000000001
4 0.8046875 0.6703125000000002 0.79375 0.6703125000000002 0.79375 0.6828125000000002 0.8046875 0.6828125000000002
4 0.8015625 0.6843750000000002 0.790625 0.6843750000000002 0.790625 0.6921875000000002 0.8015625 0.6921875000000002
4 0.834375 0.5906250000000002 0.821875 0.5906250000000002 0.821875 0.6046875000000002 0.834375 0.6046875000000002
4 0.8234375 0.6265625000000001 0.8125 0.6265625000000001 0.8125 0.6359375000000002 0.8234375 0.6359375000000002
4 0.815625 0.6390625000000002 0.8046875 0.6390625000000002 0.8046875 0.6484375000000002 0.815625 0.6484375000000002
4 0.790625 0.5453125000000002 0.78125 0.5453125000000002 0.78125 0.5562500000000001 0.790625 0.5562500000000001
4 0.796875 0.5359375000000002 0.7859375 0.5359375000000002 0.7859375 0.5468750000000002 0.796875 0.5468750000000002
4 0.7859375 0.5578125000000002 0.775 0.5578125000000002 0.775 0.5671875000000002 0.7859375 0.5671875000000002
4 0.7796875 0.5703125000000002 0.76875 0.5703125000000002 0.76875 0.5812500000000002 0.7796875 0.5812500000000002
3 0.7296875 0.6265625000000001 0.7046875 0.6265625 0.7046875 0.6671875 0.7296875 0.6671875000000002
3 0.6953125 0.5671875 0.6765625 0.5671875 0.6765625 0.60625 0.6953125 0.60625
3 0.68125 0.565625 0.665625 0.565625 0.665625 0.5921875 0.68125 0.5921875
3 0.6765625 0.546875 0.6546875 0.546875 0.6546875 0.5828125 0.6765625 0.5828125
4 0.6546875 0.575 0.646875 0.575 0.646875 0.5875 0.6546875 0.5875
3 0.640625 0.490625 0.61875 0.490625 0.61875 0.521875 0.640625 0.521875
3 0.715625 0.3968750000000001 0.6828125 0.3968750000000001 0.6828125 0.434375 0.715625 0.434375
3 0.53125 0.2062500000000001 0.509375 0.2062500000000001 0.509375 0.23593750000000008 0.53125 0.23593750000000008
3 0.2265625 0.2671875 0.2078125 0.2671875 0.2078125 0.3015625 0.2265625 0.3015625
3 0.24375 0.271875 0.21875 0.271875 0.21875 0.3171875 0.24375 0.3171875
6 0.090625 0.009375000000000008 0.0546875 0.009375000000000005 0.0546875 0.06875 0.090625 0.06875
4 0.2375 0.2421875 0.2296875 0.2421875 0.2296875 0.2578125 0.2375 0.2578125
4 0.228125 0.2375 0.21875 0.2375 0.21875 0.246875 0.228125 0.246875
4 0.24375 0.240625 0.2375 0.240625 0.2375 0.25625 0.24375 0.25625
4 0.2984375000000001 0.6484375 0.2890625000000001 0.6484375 0.2890625000000001 0.6625 0.2984375000000001 0.6625
4 0.3031250000000001 0.6046875 0.29375000000000007 0.6046875 0.29375000000000007 0.61875 0.3031250000000001 0.61875
4 0.2890625000000001 0.6453125 0.2828125000000001 0.6453125 0.2828125000000001 0.6609375 0.2890625000000001 0.6609375
3 0.2875000000000001 0.6671875 0.2718750000000001 0.6671875 0.2718750000000001 0.6984375 0.2875000000000001 0.6984375
4 0.2531250000000001 0.76875 0.24218750000000008 0.76875 0.24218750000000008 0.7828125 0.2531250000000001 0.7828125
4 0.23593750000000008 0.828125 0.2250000000000001 0.828125 0.2250000000000001 0.840625 0.23593750000000008 0.840625
4 0.24218750000000008 0.7984375 0.2328125000000001 0.7984375 0.2328125000000001 0.809375 0.24218750000000008 0.809375
4 0.24218750000000008 0.8078125 0.2296875000000001 0.8078125 0.2296875000000001 0.81875 0.24218750000000008 0.81875
4 0.54375 0.3781250000000001 0.5375 0.3781250000000001 0.5375 0.39531250000000007 0.54375 0.39531250000000007
4 0.50625 0.3000000000000001 0.4953125 0.3000000000000001 0.4953125 0.3156250000000001 0.50625 0.3156250000000001
4 0.5078125 0.2531250000000001 0.5015625 0.2531250000000001 0.5015625 0.2687500000000001 0.5078125 0.2687500000000001
4 0.5015625 0.2671875000000001 0.496875 0.2671875000000001 0.496875 0.28593750000000007 0.5015625 0.28593750000000007
4 0.496875 0.26250000000000007 0.4921875 0.26250000000000007 0.4921875 0.28593750000000007 0.496875 0.28593750000000007
4 0.475 0.2734375000000001 0.4671875 0.2734375000000001 0.4671875 0.2890625000000001 0.475 0.2890625000000001
4 0.4671875 0.2718750000000001 0.4609375 0.2718750000000001 0.4609375 0.2906250000000001 0.4671875 0.2906250000000001
4 0.4578125 0.2953125000000001 0.4484375 0.2953125000000001 0.4484375 0.3046875000000001 0.4578125 0.3046875000000001
4 0.4484375 0.2828125000000001 0.44375 0.2828125000000001 0.44375 0.3000000000000001 0.4484375 0.3000000000000001
4 0.4421875 0.2828125000000001 0.4390625 0.2828125000000001 0.4390625 0.3000000000000001 0.4421875 0.3000000000000001
4 0.4390625 0.2843750000000001 0.434375 0.2843750000000001 0.434375 0.3046875000000001 0.4390625 0.3046875000000001
4 0.4328125 0.2828125000000001 0.428125 0.2828125000000001 0.428125 0.3031250000000001 0.4328125 0.3031250000000001
4 0.44375 0.3062500000000001 0.4359375 0.3062500000000001 0.4359375 0.31718750000000007 0.44375 0.31718750000000007
4 0.4546875 0.30156250000000007 0.4421875 0.30156250000000007 0.4421875 0.31718750000000007 0.4546875 0.31718750000000007
4 0.403125 0.2296875000000001 0.39375 0.2296875000000001 0.39375 0.2484375000000001 0.403125 0.2484375000000001
4 0.4046875 0.24375000000000008 0.396875 0.24375000000000008 0.396875 0.26250000000000007 0.4046875 0.26250000000000007
4 0.4109375 0.25468750000000007 0.403125 0.25468750000000007 0.403125 0.27031250000000007 0.4109375 0.27031250000000007
4 0.415625 0.2640625000000001 0.4078125 0.2640625000000001 0.4078125 0.2843750000000001 0.415625 0.2843750000000001
4 0.4203125 0.2734375000000001 0.4140625 0.2734375000000001 0.4140625 0.2906250000000001 0.4203125 0.2906250000000001
4 0.378125 0.13750000000000004 0.3734375 0.13750000000000004 0.3734375 0.15625000000000006 0.378125 0.15625000000000006
4 0.3859375 0.11250000000000004 0.3765625 0.11250000000000004 0.3765625 0.12656250000000005 0.3859375 0.12656250000000005
4 0.3828125 0.09843750000000004 0.3734375 0.09843750000000004 0.3734375 0.11406250000000004 0.3828125 0.11406250000000004
4 0.375 0.07343750000000004 0.3640625 0.07343750000000004 0.3640625 0.09218750000000005 0.375 0.09218750000000005
4 0.3640625 0.057812500000000044 0.3546875 0.057812500000000044 0.3546875 0.07500000000000004 0.3640625 0.07500000000000004
4 0.3578125 0.04531250000000005 0.3484375 0.04531250000000005 0.3484375 0.06250000000000004 0.3578125 0.06250000000000004
4 0.3453125 0.035937500000000046 0.3359375 0.035937500000000046 0.3359375 0.05468750000000004 0.3453125 0.05468750000000004
4 0.34375 0.06875000000000005 0.3375 0.06875000000000005 0.3375 0.08437500000000005 0.34375 0.08437500000000005
4 0.3328125 0.059375000000000046 0.3234375 0.059375000000000046 0.3234375 0.07500000000000004 0.3328125 0.07500000000000004
4 0.3359375 0.06406250000000005 0.328125 0.06406250000000005 0.328125 0.07968750000000005 0.3359375 0.07968750000000005
4 0.3265625 0.07031250000000004 0.3171875 0.07031250000000004 0.3171875 0.08125000000000004 0.3265625 0.08125000000000004
4 0.3234375 0.07343750000000004 0.3125 0.07343750000000004 0.3125 0.08750000000000005 0.3234375 0.08750000000000005
4 0.3125 0.07500000000000004 0.3046875 0.07500000000000004 0.3046875 0.09218750000000005 0.3125 0.09218750000000005
4 0.3421875 0.10312500000000005 0.334375 0.10312500000000005 0.334375 0.11875000000000005 0.3421875 0.11875000000000005
4 0.353125 0.09531250000000005 0.34375 0.09531250000000005 0.34375 0.10625000000000004 0.353125 0.10625000000000004
4 0.3546875 0.10156250000000004 0.346875 0.10156250000000004 0.346875 0.11718750000000004 0.3546875 0.11718750000000004
4 0.3609375 0.11406250000000004 0.353125 0.11406250000000004 0.353125 0.12968750000000004 0.3609375 0.12968750000000004
4 0.36875 0.11406250000000004 0.3609375 0.11406250000000004 0.3609375 0.12968750000000004 0.36875 0.12968750000000004
4 0.365625 0.09375000000000004 0.35625 0.09375000000000004 0.35625 0.10937500000000004 0.365625 0.10937500000000004
4 0.3609375 0.08593750000000004 0.353125 0.08593750000000004 0.353125 0.10000000000000005 0.3609375 0.10000000000000005
4 0.371875 0.12500000000000006 0.3671875 0.12500000000000006 0.3671875 0.14218750000000005 0.371875 0.14218750000000005
4 0.30625 0.16250000000000003 0.296875 0.16250000000000003 0.296875 0.18281250000000004 0.30625 0.18281250000000004
4 0.6109375 0.12343750000000009 0.6046875 0.12343750000000009 0.6046875 0.14218750000000008 0.6109375 0.14218750000000008
4 0.6328125 0.1312500000000001 0.6265625 0.1312500000000001 0.6265625 0.1531250000000001 0.6328125 0.1531250000000001
4 0.64375 0.12656250000000008 0.6359375 0.12656250000000008 0.6359375 0.14218750000000008 0.64375 0.14218750000000008
4 0.6375 0.1296875000000001 0.6296875 0.1296875000000001 0.6296875 0.14843750000000008 0.6375 0.14843750000000008
4 0.65 0.12031250000000009 0.64375 0.12031250000000009 0.64375 0.1390625000000001 0.65 0.1390625000000001
4 0.65625 0.11875000000000009 0.6515625 0.11875000000000009 0.6515625 0.1390625000000001 0.65625 0.1390625000000001
4 0.6625 0.11250000000000009 0.6578125 0.11250000000000009 0.6578125 0.13437500000000008 0.6625 0.13437500000000008
4 0.6671875 0.11250000000000009 0.6625 0.11250000000000009 0.6625 0.1312500000000001 0.6671875 0.1312500000000001
4 0.6828125 0.12343750000000009 0.6734375 0.12343750000000009 0.6734375 0.1390625000000001 0.6828125 0.1390625000000001
4 0.671875 0.10937500000000008 0.6671875 0.10937500000000008 0.6671875 0.1312500000000001 0.671875 0.1312500000000001
4 0.6765625 0.10468750000000009 0.671875 0.10468750000000009 0.671875 0.12343750000000009 0.6765625 0.12343750000000009
4 0.6828125 0.10156250000000008 0.6765625 0.10156250000000008 0.6765625 0.12031250000000009 0.6828125 0.12031250000000009
4 0.690625 0.09687500000000009 0.684375 0.09687500000000009 0.684375 0.1140625000000001 0.690625 0.1140625000000001
4 0.6046875 0.1625000000000001 0.5984375 0.1625000000000001 0.5984375 0.1828125000000001 0.6046875 0.1828125000000001
4 0.5921875 0.18750000000000008 0.5859375 0.18750000000000008 0.5859375 0.2062500000000001 0.5921875 0.2062500000000001
4 0.578125 0.1843750000000001 0.571875 0.1843750000000001 0.571875 0.20468750000000008 0.578125 0.20468750000000008
4 0.571875 0.18906250000000008 0.565625 0.18906250000000008 0.565625 0.2093750000000001 0.571875 0.2093750000000001
4 0.5640625 0.19531250000000008 0.5578125 0.19531250000000008 0.5578125 0.2140625000000001 0.5640625 0.2140625000000001
4 0.5515625 0.18125000000000008 0.5453125 0.18125000000000008 0.5453125 0.2015625000000001 0.5515625 0.2015625000000001
4 0.5578125 0.1765625000000001 0.5515625 0.1765625000000001 0.5515625 0.19531250000000008 0.5578125 0.19531250000000008
4 0.58125 0.1828125000000001 0.5765625 0.1828125000000001 0.5765625 0.2015625000000001 0.58125 0.2015625000000001
4 0.584375 0.1781250000000001 0.578125 0.1781250000000001 0.578125 0.19531250000000008 0.584375 0.19531250000000008
4 0.5984375 0.1703125000000001 0.5921875 0.1703125000000001 0.5921875 0.1859375000000001 0.5984375 0.1859375000000001
4 0.603125 0.18750000000000008 0.59375 0.18750000000000008 0.59375 0.19687500000000008 0.603125 0.19687500000000008
2 0.6296875 0.1375000000000001 0.6140625 0.1375000000000001 0.6140625 0.18125000000000008 0.6296875 0.18125000000000008