2 0.4453125 0.4875 0.4265625 0.4875 0.4265625 0.503125 0.4453125 0.503125
2 0.353125 0.278125 0.334375 0.278125 0.334375 0.2921875 0.353125 0.2921875
2 0.409375 0.2390625000000001 0.3984375 0.2390625000000001 0.3984375 0.2609375000000001 0.409375 0.2609375000000001
2 0.403125 0.2062500000000001 0.3859375 0.2062500000000001 0.3859375 0.2250000000000001 0.403125 0.2250000000000001
2 0.5125 0.3109375000000001 0.5046875 0.3109375000000001 0.5046875 0.3390625000000001 0.5125 0.3390625000000001
2 0.5234375 0.30937500000000007 0.515625 0.30937500000000007 0.515625 0.3390625000000001 0.5234375 0.3390625000000001
2 0.5640625 0.3031250000000001 0.55625 0.3031250000000001 0.55625 0.3281250000000001 0.5640625 0.3281250000000001
2 0.5734375 0.3046875000000001 0.565625 0.3046875000000001 0.565625 0.3281250000000001 0.5734375 0.3281250000000001
2 0.965625 0.85625 0.9546875 0.85625 0.9546875 0.88125 0.965625 0.88125
2 0.9484375 0.890625 0.940625 0.890625 0.940625 0.9203125 0.9484375 0.9203125
2 0.7234375 0.640625 0.7140625 0.640625 0.7140625 0.6640625 0.7234375 0.6640625
6 0.9046875 0.6281250000000002 0.8640625 0.6281250000000002 0.8640625 0.6484375000000002 0.9046875 0.6484375000000002
5 0.7421875 0.3734375000000001 0.696875 0.3734375000000001 0.696875 0.3937500000000001 0.7421875 0.3937500000000001
6 0.684375 0.3734375000000001 0.6421875 0.3734375000000001 0.6421875 0.3937500000000001 0.684375 0.3937500000000001
6 0.2953125000000001 0.621875 0.2656250000000001 0.621875 0.2656250000000001 0.640625 0.2953125000000001 0.640625
6 0.16562500000000008 0.628125 0.12656250000000008 0.628125 0.12656250000000008 0.6484375 0.16562500000000008 0.6484375
6 0.14218750000000008 0.6578125 0.10312500000000009 0.6578125 0.10312500000000009 0.6828125 0.14218750000000008 0.6828125
4 0.553125 0.2718750000000001 0.5484375 0.2718750000000001 0.5484375 0.28593750000000007 0.553125 0.28593750000000007
3 0.7687500000000002 0.8421875 0.7468750000000002 0.8421875 0.7468750000000002 0.859375 0.7687500000000002 0.859375
3 0.7218750000000002 0.8765625 0.7109375000000002 0.8765625 0.7109375000000002 0.9125 0.7218750000000002 0.9125
4 0.5296875 0.27031250000000007 0.5265625 0.27031250000000007 0.5265625 0.2843750000000001 0.5296875 0.2843750000000001
4 0.546875 0.2828125000000001 0.54375 0.2828125000000001 0.54375 0.2984375000000001 0.546875 0.2984375000000001
4 0.571875 0.2734375000000001 0.5671875 0.2734375000000001 0.5671875 0.2890625000000001 0.571875 0.2890625000000001
4 0.5828125 0.2968750000000001 0.5796875 0.2968750000000001 0.5796875 0.3125000000000001 0.5828125 0.3125000000000001
4 0.571875 0.2312500000000001 0.56875 0.2312500000000001 0.56875 0.2453125000000001 0.571875 0.2453125000000001
4 0.5375 0.22031250000000008 0.534375 0.22031250000000008 0.534375 0.2312500000000001 0.5375 0.2312500000000001
4 0.5453125 0.22031250000000008 0.540625 0.22031250000000008 0.540625 0.2312500000000001 0.5453125 0.2312500000000001
4 0.5859375 0.2328125000000001 0.5828125 0.2328125000000001 0.5828125 0.2468750000000001 0.5859375 0.2468750000000001
4 0.521875 0.27031250000000007 0.51875 0.27031250000000007 0.51875 0.2828125000000001 0.521875 0.2828125000000001
4 0.41875 0.2609375000000001 0.4140625 0.2609375000000001 0.4140625 0.2750000000000001 0.41875 0.2750000000000001
4 0.578125 0.23437500000000008 0.575 0.23437500000000008 0.575 0.2484375000000001 0.578125 0.2484375000000001
4 0.5359375 0.2718750000000001 0.5328125 0.2718750000000001 0.5328125 0.28593750000000007 0.5359375 0.28593750000000007
4 0.5421875 0.2890625000000001 0.5390625 0.2890625000000001 0.5390625 0.3000000000000001 0.5421875 0.3000000000000001
4 0.5515625 0.2875000000000001 0.5484375 0.2875000000000001 0.5484375 0.2984375000000001 0.5515625 0.2984375000000001
0 0.828125 0.6375000000000002 0.8140625 0.6375000000000002 0.8140625 0.6515625000000002 0.828125 0.6515625000000002
2 0.684375 0.6328125 0.678125 0.6328125 0.678125 0.6578125 0.684375 0.6578125
2 0.678125 0.6171875 0.671875 0.6171875 0.671875 0.6421875 0.678125 0.6421875
2 0.6703125 0.621875 0.6625 0.621875 0.6625 0.64375 0.6703125 0.64375
2 0.678125 0.6453125 0.671875 0.6453125 0.671875 0.665625 0.678125 0.665625
2 0.8765625 0.5796875000000001 0.859375 0.5796875000000001 0.859375 0.5953125000000001 0.8765625 0.5953125000000001
0 0.8265625 0.5984375000000002 0.8140625 0.5984375000000002 0.8140625 0.6062500000000002 0.8265625 0.6062500000000002
2 0.16875000000000004 0.4625 0.15312500000000004 0.4625 0.15312500000000004 0.478125 0.16875000000000004 0.478125
2 0.975 0.909375 0.9671875 0.909375 0.9671875 0.9328125 0.975 0.9328125
2 0.825 0.46406250000000016 0.80625 0.46406250000000016 0.80625 0.4781250000000002 0.825 0.4781250000000002
6 0.78125 0.4234375000000002 0.7453125 0.4234375000000002 0.7453125 0.4468750000000002 0.78125 0.4468750000000002
2 0.50625 0.553125 0.4921875 0.553125 0.4921875 0.5640625 0.50625 0.5640625
2 0.4328125 0.4625 0.415625 0.4625 0.415625 0.478125 0.4328125 0.478125
2 0.3343750000000001 0.5140625 0.3187500000000001 0.5140625 0.3187500000000001 0.5296875 0.3343750000000001 0.5296875
0 0.34062500000000007 0.45 0.3281250000000001 0.45 0.3281250000000001 0.4640625 0.34062500000000007 0.4640625
2 0.9828125 0.85 0.96875 0.85 0.96875 0.8734375 0.9828125 0.8734375
6 0.6796875 0.484375 0.6515625 0.484375 0.6515625 0.5 0.6796875 0.5
6 0.828125 0.4828125000000002 0.7859375 0.4828125000000002 0.7859375 0.5015625000000001 0.828125 0.5015625000000001
6 0.65625 0.4609375 0.621875 0.4609375 0.621875 0.4765625 0.65625 0.4765625
4 0.746875 0.4625000000000002 0.7390625 0.4625000000000002 0.7390625 0.46875000000000017 0.746875 0.46875000000000017
4 0.4734375 0.4515625 0.4640625 0.4515625 0.4640625 0.4625 0.4734375 0.4625
4 0.33281250000000007 0.4671875 0.3234375000000001 0.4671875 0.3234375000000001 0.4765625 0.33281250000000007 0.4765625
6 0.24218750000000008 0.5203125 0.19843750000000004 0.5203125 0.19843750000000004 0.5375 0.24218750000000008 0.5375
5 1 0.5500000000000002 0.9296875 0.5500000000000002 0.9296875 0.5734375000000002 1 0.5734375000000002
2 0.99375 0.7968750000000002 0.9796875 0.7968750000000002 0.9796875 0.8265625 0.99375 0.8265625
2 1 0.8703125 0.9859375 0.8703125 0.9859375 0.890625 1 0.890625
0 0.8 0.5984375000000002 0.7890625 0.5984375000000002 0.7890625 0.6109375000000001 0.8 0.6109375000000001
4 0.853125 0.5687500000000002 0.84375 0.5687500000000002 0.84375 0.5796875000000001 0.853125 0.5796875000000001
3 0.790625 0.5531250000000002 0.7703125 0.5531250000000002 0.7703125 0.5687500000000002 0.790625 0.5687500000000002
6 0.715625 0.5765625 0.68125 0.5765625 0.68125 0.59375 0.715625 0.59375
6 0.7359375 0.5953125000000001 0.709375 0.5953125 0.709375 0.6125 0.7359375 0.6125000000000002
3 0.7609375 0.5921875000000002 0.740625 0.5921875000000002 0.740625 0.6046875000000002 0.7609375 0.6046875000000002
2 0.740625 0.5171875000000001 0.721875 0.5171875 0.721875 0.5312500000000001 0.740625 0.5312500000000002
2 0.6078125 0.5578125 0.5953125 0.5578125 0.5953125 0.56875 0.6078125 0.56875
2 0.7640625 0.5093750000000001 0.7484375 0.5093750000000001 0.7484375 0.5234375000000002 0.7640625 0.5234375000000002
6 0.66875 0.528125 0.625 0.528125 0.625 0.54375 0.66875 0.54375
5 0.496875 0.5328125 0.446875 0.5328125 0.446875 0.553125 0.496875 0.553125
6 0.4 0.534375 0.3687500000000001 0.534375 0.3687500000000001 0.5546875 0.4 0.5546875
2 0.3812500000000001 0.5578125 0.3671875000000001 0.5578125 0.3671875000000001 0.56875 0.3812500000000001 0.56875
3 0.3906250000000001 0.5125 0.37187500000000007 0.5125 0.37187500000000007 0.5296875 0.3906250000000001 0.5296875
6 0.3078125000000001 0.5359375 0.2671875000000001 0.5359375 0.2671875000000001 0.5546875 0.3078125000000001 0.5546875
2 0.9109375 0.3984375000000001 0.896875 0.3984375000000001 0.896875 0.41406250000000017 0.9109375 0.41406250000000017
2 0.965625 0.3906250000000001 0.95 0.3906250000000001 0.95 0.40625000000000017 0.965625 0.40625000000000017
0 0.9953125 0.3937500000000001 0.984375 0.3937500000000001 0.984375 0.4078125000000002 0.9953125 0.4078125000000002
3 0.8296875 0.5109375000000002 0.8078125 0.5109375000000002 0.8078125 0.5265625000000002 0.8296875 0.5265625000000002
2 0.440625 0.515625 0.425 0.515625 0.425 0.5296875 0.440625 0.5296875
4 0.69375 0.440625 0.6875 0.440625 0.6875 0.4515625 0.69375 0.4515625
2 0.6359375 0.440625 0.6171875 0.440625 0.6171875 0.45625 0.6359375 0.45625
6 0.08906250000000007 0.525 0.06093750000000007 0.525 0.06093750000000007 0.5453125 0.08906250000000007 0.5453125
3 0.06562500000000007 0.5921875 0.04843750000000008 0.5921875 0.04843750000000008 0.60625 0.06562500000000007 0.60625
4 0.2390625000000001 0.5578125 0.2296875000000001 0.5578125 0.2296875000000001 0.571875 0.2390625000000001 0.571875
4 0.3125000000000001 0.559375 0.3078125000000001 0.559375 0.3078125000000001 0.56875 0.3125000000000001 0.56875