2 0.353125 0.2875 0.3359375 0.2875 0.3359375 0.3015625 0.353125 0.3015625
2 0.4015625 0.2140625000000001 0.3875 0.2140625000000001 0.3875 0.22812500000000008 0.4015625 0.22812500000000008
2 0.409375 0.2484375000000001 0.3984375 0.2484375000000001 0.3984375 0.2640625000000001 0.409375 0.2640625000000001
2 0.5125 0.3156250000000001 0.50625 0.3156250000000001 0.50625 0.3468750000000001 0.5125 0.3468750000000001
2 0.525 0.3156250000000001 0.5171875 0.3156250000000001 0.5171875 0.3468750000000001 0.525 0.3468750000000001
2 0.5640625 0.3046875000000001 0.5578125 0.3046875000000001 0.5578125 0.3343750000000001 0.5640625 0.3343750000000001
2 0.5734375 0.30937500000000007 0.5671875 0.30937500000000007 0.5671875 0.3359375000000001 0.5734375 0.3359375000000001
4 0.5875 0.2984375000000001 0.584375 0.2984375000000001 0.584375 0.3125000000000001 0.5875 0.3125000000000001
4 0.5828125 0.3031250000000001 0.58125 0.3031250000000001 0.58125 0.3140625000000001 0.5828125 0.3140625000000001
4 0.58125 0.2953125000000001 0.5796875 0.2953125000000001 0.5796875 0.3031250000000001 0.58125 0.3031250000000001
4 0.5796875 0.29375000000000007 0.578125 0.29375000000000007 0.578125 0.3046875000000001 0.5796875 0.3046875000000001
4 0.575 0.2875000000000001 0.571875 0.2875000000000001 0.571875 0.2984375000000001 0.575 0.2984375000000001
4 0.571875 0.29375000000000007 0.5703125 0.29375000000000007 0.5703125 0.3062500000000001 0.571875 0.3062500000000001
4 0.571875 0.2796875000000001 0.56875 0.2796875000000001 0.56875 0.2921875000000001 0.571875 0.2921875000000001
4 0.5515625 0.2765625000000001 0.5484375 0.2765625000000001 0.5484375 0.2875000000000001 0.5515625 0.2875000000000001
4 0.546875 0.2890625000000001 0.54375 0.2890625000000001 0.54375 0.30156250000000007 0.546875 0.30156250000000007
4 0.5421875 0.2906250000000001 0.5390625 0.2906250000000001 0.5390625 0.3046875000000001 0.5421875 0.3046875000000001
4 0.5515625 0.2890625000000001 0.5484375 0.2890625000000001 0.5484375 0.3031250000000001 0.5515625 0.3031250000000001
4 0.584375 0.2390625000000001 0.5828125 0.2390625000000001 0.5828125 0.2500000000000001 0.584375 0.2500000000000001
4 0.5828125 0.2375000000000001 0.58125 0.2375000000000001 0.58125 0.2500000000000001 0.5828125 0.2500000000000001
4 0.5796875 0.22812500000000008 0.578125 0.22812500000000008 0.578125 0.2406250000000001 0.5796875 0.2406250000000001
4 0.578125 0.2390625000000001 0.5765625 0.2390625000000001 0.5765625 0.2515625000000001 0.578125 0.2515625000000001
4 0.571875 0.23593750000000008 0.56875 0.23593750000000008 0.56875 0.2500000000000001 0.571875 0.2500000000000001
4 0.56875 0.23593750000000008 0.565625 0.23593750000000008 0.565625 0.2500000000000001 0.56875 0.2500000000000001
4 0.55 0.2234375000000001 0.546875 0.2234375000000001 0.546875 0.2375000000000001 0.55 0.2375000000000001
4 0.5453125 0.2250000000000001 0.5421875 0.2250000000000001 0.5421875 0.2375000000000001 0.5453125 0.2375000000000001
4 0.5359375 0.22656250000000008 0.534375 0.22656250000000008 0.534375 0.23593750000000008 0.5359375 0.23593750000000008
4 0.5328125 0.22656250000000008 0.53125 0.22656250000000008 0.53125 0.23437500000000008 0.5328125 0.23437500000000008
4 0.5296875 0.2734375000000001 0.5265625 0.2734375000000001 0.5265625 0.2875000000000001 0.5296875 0.2875000000000001
4 0.5328125 0.2734375000000001 0.5296875 0.2734375000000001 0.5296875 0.2875000000000001 0.5328125 0.2875000000000001
4 0.534375 0.2750000000000001 0.5328125 0.2750000000000001 0.5328125 0.2890625000000001 0.534375 0.2890625000000001
4 0.5234375 0.2734375000000001 0.5203125 0.2734375000000001 0.5203125 0.2890625000000001 0.5234375 0.2890625000000001
4 0.7390625 0.4031250000000002 0.73125 0.4031250000000002 0.73125 0.41406250000000017 0.7390625 0.41406250000000017
5 0.7421875 0.3781250000000001 0.6984375 0.3781250000000001 0.6984375 0.3984375000000001 0.7421875 0.3984375000000001
2 0.76875 0.4390625000000002 0.75 0.4390625000000002 0.75 0.45312500000000017 0.76875 0.45312500000000017
4 0.846875 0.0718750000000001 0.8421875 0.0718750000000001 0.8421875 0.08593750000000011 0.846875 0.08593750000000011
3 1 0.2828125000000001 0.9921875 0.2828125000000001 0.9921875 0.30937500000000007 1 0.30937500000000007
0 0.9171875 0.3812500000000001 0.9046875 0.3812500000000001 0.9046875 0.39531250000000007 0.9171875 0.39531250000000007
4 0.9546875 0.4578125000000002 0.9453125 0.4578125000000002 0.9453125 0.4656250000000002 0.9546875 0.4656250000000002
6 0.903125 0.46406250000000016 0.875 0.46406250000000016 0.875 0.4828125000000002 0.903125 0.4828125000000002
5 1 0.5531250000000002 0.93125 0.5531250000000002 0.93125 0.5734375000000002 1 0.5734375000000002
4 0.9578125 0.5906250000000002 0.9484375 0.5906250000000002 0.9484375 0.6000000000000002 0.9578125 0.6000000000000002
6 1 0.5296875000000002 0.9765625 0.5296875000000002 0.9765625 0.5500000000000002 1 0.5500000000000002
6 0.81875 0.5328125000000001 0.7796875 0.5328125000000001 0.7796875 0.5500000000000002 0.81875 0.5500000000000002
6 0.8109375 0.5109375000000002 0.778125 0.5109375000000002 0.778125 0.5312500000000002 0.8109375 0.5312500000000002
6 0.85 0.5812500000000002 0.8140625 0.5812500000000002 0.8140625 0.6031250000000001 0.85 0.6031250000000001
2 0.8390625 0.5265625000000002 0.821875 0.5265625000000002 0.821875 0.5437500000000002 0.8390625 0.5437500000000002
2 0.8609375 0.5156250000000002 0.8453125 0.5156250000000002 0.8453125 0.5265625000000002 0.8609375 0.5265625000000002
2 0.759375 0.5656250000000002 0.74375 0.5656250000000002 0.74375 0.5781250000000002 0.759375 0.5781250000000002
3 0.709375 0.5375 0.6953125 0.5375 0.6953125 0.546875 0.709375 0.546875
2 0.640625 0.5203125 0.6265625 0.5203125 0.6265625 0.5359375 0.640625 0.5359375
6 0.5546875 0.453125 0.5203125 0.453125 0.5203125 0.46875 0.5546875 0.46875
6 0.5953125 0.5359375 0.55625 0.5359375 0.55625 0.55625 0.5953125 0.55625
6 0.5703125 0.596875 0.5359375 0.596875 0.5359375 0.6109375 0.5703125 0.6109375
4 0.5796875 0.5828125 0.5734375 0.5828125 0.5734375 0.5921875 0.5796875 0.5921875
5 0.4578125 0.5296875 0.40625 0.5296875 0.40625 0.55 0.4578125 0.55
2 0.3968750000000001 0.55625 0.3828125000000001 0.55625 0.3828125000000001 0.5671875 0.3968750000000001 0.5671875
6 0.3265625000000001 0.48125 0.2906250000000001 0.48125 0.2906250000000001 0.4953125 0.3265625000000001 0.4953125
6 0.2921875000000001 0.5015625 0.2578125000000001 0.5015625 0.2578125000000001 0.5203125 0.2921875000000001 0.5203125
6 0.2796875000000001 0.5515625 0.2531250000000001 0.5515625 0.2531250000000001 0.5703125 0.2796875000000001 0.5703125
4 0.3031250000000001 0.571875 0.2984375000000001 0.571875 0.2984375000000001 0.578125 0.3031250000000001 0.578125
4 0.11093750000000009 0.596875 0.10156250000000008 0.596875 0.10156250000000008 0.6046875 0.11093750000000009 0.6046875
5 0.11406250000000004 0.484375 0.06875000000000006 0.484375 0.06875000000000006 0.503125 0.11406250000000004 0.503125
5 0.16562500000000008 0.6390625 0.1296875000000001 0.6390625 0.1296875000000001 0.6546875 0.16562500000000008 0.6546875
5 0.14062500000000008 0.6703125 0.10468750000000009 0.6703125 0.10468750000000009 0.6953125 0.14062500000000008 0.6953125
5 0.0750000000000001 0.7125 0.06093750000000009 0.7125 0.06093750000000009 0.7671875 0.0750000000000001 0.7671875
5 0.04218750000000009 0.728125 0.03125000000000009 0.728125 0.0312500000000001 0.7796875 0.0421875000000001 0.7796875
5 0.03906250000000012 0.91875 0.02812500000000011 0.91875 0.028125000000000115 0.965625 0.039062500000000125 0.965625
3 0.025000000000000067 0.5375 0.009375000000000067 0.5375 0.009375000000000067 0.55 0.025000000000000067 0.55
3 0.007812500000000062 0.50625 6.199774420683476e-17 0.50625 6.31458505810354e-17 0.525 0.007812500000000064 0.525
5 0.010937500000000069 0.553125 6.773827607783798e-17 0.553125 6.888638245203862e-17 0.571875 0.010937500000000069 0.571875
2 0.010937500000000102 0.825 1.0103336092965664e-16 0.825 1.0246849389740744e-16 0.8484375 0.010937500000000103 0.8484375
5 0.2953125000000001 0.6328125 0.2656250000000001 0.6328125 0.2656250000000001 0.6484375 0.2953125000000001 0.6484375
6 0.51875 0.6125 0.4921875 0.6125 0.4921875 0.634375 0.51875 0.634375
2 0.584375 0.621875 0.5734375 0.621875 0.5734375 0.6328125 0.584375 0.6328125
2 0.671875 0.625 0.665625 0.625 0.665625 0.6484375 0.671875 0.6484375
2 0.6796875 0.6234375 0.6734375 0.6234375 0.6734375 0.6453125 0.6796875 0.6453125
2 0.684375 0.6609375 0.678125 0.6609375 0.678125 0.6859375 0.684375 0.6859375
3 0.6875 0.615625 0.68125 0.615625 0.68125 0.6359375 0.6875 0.6359375
6 0.7375 0.6000000000000001 0.7109375 0.6 0.7109375 0.6187500000000001 0.7375 0.6187500000000001
2 0.7234375 0.6453125 0.7171875 0.6453125 0.7171875 0.6671875 0.7234375 0.6671875
3 0.7609375 0.5968750000000002 0.7421875 0.5968750000000002 0.7421875 0.6109375000000001 0.7609375 0.6109375000000001
3 0.7250000000000002 0.8828125 0.7140625000000002 0.8828125 0.7140625000000002 0.9171875 0.7250000000000002 0.9171875
0 0.765625 0.6640625000000002 0.7515625 0.6640625000000002 0.7515625 0.6781250000000002 0.765625 0.6781250000000002
0 0.8015625 0.6015625000000002 0.790625 0.6015625000000002 0.790625 0.6125000000000002 0.8015625 0.6125000000000002
0 0.8296875 0.6437500000000002 0.8171875 0.6437500000000002 0.8171875 0.6531250000000002 0.8296875 0.6531250000000002
4 0.7765625 0.6000000000000002 0.7703125 0.6000000000000002 0.7703125 0.6078125000000002 0.7765625 0.6078125000000002
6 0.90625 0.6312500000000002 0.865625 0.6312500000000002 0.865625 0.6515625000000002 0.90625 0.6515625000000002
2 0.94375 0.7921875000000002 0.9328125 0.7921875000000002 0.9328125 0.8078125 0.94375 0.8078125
2 0.94375 0.8078125 0.9328125 0.8078125 0.9328125 0.8234375 0.94375 0.8234375
2 0.978125 0.909375 0.96875 0.909375 0.96875 0.934375 0.978125 0.934375
2 0.9578125 0.8875 0.95 0.8875 0.95 0.9125 0.9578125 0.9125
2 0.95 0.890625 0.9421875 0.890625 0.9421875 0.9203125 0.95 0.9203125
2 0.9671875 0.859375 0.9578125 0.859375 0.9578125 0.8890625 0.9671875 0.8890625
2 0.984375 0.85 0.971875 0.85 0.971875 0.8734375 0.984375 0.8734375
2 0.9953125 0.8 0.9828125 0.8 0.9828125 0.83125 0.9953125 0.83125