2 0.040625000000000064 0.5171875 0.032812500000000064 0.5171875 0.032812500000000064 0.5609375 0.040625000000000064 0.5609375
2 0.06718750000000008 0.625 0.045312500000000075 0.625 0.045312500000000075 0.6421875 0.0671875000000001 0.6421875
2 0.2234375000000001 0.3703125 0.21250000000000008 0.3703125 0.21250000000000008 0.403125 0.2234375000000001 0.403125
2 0.2328125000000001 0.4625 0.21875000000000008 0.4625 0.21875000000000008 0.5078125 0.2328125000000001 0.5078125
2 0.22812500000000008 0.5015625 0.21875000000000008 0.5015625 0.21875000000000008 0.5375 0.22812500000000008 0.5375
2 0.16406250000000008 0.671875 0.1390625000000001 0.671875 0.1390625000000001 0.6859375 0.16406250000000008 0.6859375
2 0.1750000000000001 0.696875 0.15625000000000008 0.696875 0.15625000000000008 0.7171875 0.1750000000000001 0.7171875
2 0.3031250000000001 0.665625 0.2843750000000001 0.665625 0.2843750000000001 0.6859375 0.3031250000000001 0.6859375
2 0.2078125000000001 0.715625 0.18906250000000008 0.715625 0.18906250000000008 0.7296875 0.2078125000000001 0.7296875
2 0.4125 0.6234375 0.3906250000000001 0.6234375 0.3906250000000001 0.6453125 0.4125 0.6453125
2 0.46875 0.6140625 0.4546875 0.6140625 0.4546875 0.640625 0.46875 0.640625
2 0.428125 0.49375 0.41875 0.49375 0.41875 0.5375 0.428125 0.5375
2 0.4296875 0.4546875 0.41875 0.4546875 0.41875 0.4875 0.4296875 0.4875
2 0.4640625 0.43125 0.4546875 0.43125 0.4546875 0.4625 0.4640625 0.4625
2 0.4390625 0.4 0.4296875 0.4 0.4296875 0.4328125 0.4390625 0.4328125
2 0.471875 0.4734375 0.4671875 0.4734375 0.4671875 0.5109375 0.471875 0.5109375
2 0.4640625 0.6765625 0.453125 0.6765625 0.453125 0.7171875 0.4640625 0.7171875
2 0.40156250000000016 0.7578125 0.3906250000000001 0.7578125 0.3906250000000001 0.7921875 0.40156250000000016 0.7921875
2 0.3968750000000001 0.840625 0.3859375000000001 0.840625 0.3859375000000001 0.8578125 0.3968750000000001 0.8578125
2 0.40156250000000016 0.8515625 0.3859375000000001 0.8515625 0.3859375000000001 0.875 0.40156250000000016 0.875
2 0.3984375000000001 0.8671875 0.3859375000000001 0.8671875 0.3859375000000001 0.896875 0.3984375000000001 0.896875
2 0.3937500000000001 0.9375 0.37968750000000007 0.9375 0.37968750000000007 0.9609375 0.3937500000000001 0.9609375
2 0.5531250000000001 0.725 0.534375 0.725 0.534375 0.75625 0.5531250000000002 0.75625
2 0.5375000000000002 0.728125 0.5265625000000002 0.728125 0.5265625000000002 0.7625 0.5375000000000002 0.7625
2 0.5484375000000001 0.753125 0.5343750000000002 0.753125 0.5343750000000002 0.7890625 0.5484375000000001 0.7890625
2 0.5343750000000002 0.8390625 0.5265625000000002 0.8390625 0.5265625000000002 0.8703125 0.5343750000000002 0.8703125
2 0.625 0.515625 0.60625 0.515625 0.60625 0.5296875 0.625 0.5296875
2 0.45625000000000016 0.8921875 0.44531250000000017 0.8921875 0.44531250000000017 0.9359375 0.45625000000000016 0.9359375
2 0.5734375000000002 0.965625 0.5578125000000002 0.965625 0.5578125000000002 0.9890625 0.5734375000000002 0.9890625
2 0.5750000000000002 0.9828125 0.5562500000000001 0.9828125 0.5562500000000001 1 0.5750000000000002 1
2 0.8203125 0.88125 0.8109375 0.88125 0.8109375 0.9171875 0.8203125 0.9171875
2 0.8453125 0.89375 0.834375 0.89375 0.834375 0.934375 0.8453125 0.934375
2 0.85625 0.896875 0.8453125 0.896875 0.8453125 0.928125 0.85625 0.928125
2 0.8171875 0.95 0.7984375000000001 0.95 0.7984375000000001 0.96875 0.8171875 0.96875
2 0.8140625 0.9625 0.7968750000000002 0.9625 0.7968750000000002 0.9875 0.8140625 0.9875
2 0.809375 0.98125 0.7937500000000002 0.98125 0.7937500000000002 1 0.809375 1
2 0.6578125 0.4625 0.6390625 0.4625 0.6390625 0.4875 0.6578125 0.4875
2 0.6453125 0.496875 0.625 0.496875 0.625 0.509375 0.6453125 0.509375
2 0.659375 0.509375 0.6390625 0.509375 0.6390625 0.5296875 0.659375 0.5296875
2 0.6984375 0.5109375 0.6828125 0.5109375 0.6828125 0.5296875 0.6984375 0.5296875
2 0.696875 0.5328125 0.6859375 0.5328125 0.6859375 0.56875 0.696875 0.56875
2 0.8421875 0.5156250000000002 0.8203125 0.5156250000000002 0.8203125 0.5390625000000002 0.8421875 0.5390625000000002
2 0.878125 0.4734375000000002 0.853125 0.4734375000000002 0.853125 0.49218750000000017 0.878125 0.49218750000000017
2 0.9109375 0.5296875000000002 0.8859375 0.5296875000000002 0.8859375 0.5484375000000001 0.9109375 0.5484375000000001
2 0.9296875 0.3296875000000001 0.9140625 0.3296875000000001 0.9140625 0.3468750000000001 0.9296875 0.3468750000000001
2 0.878125 0.1296875000000001 0.8640625 0.1296875000000001 0.8640625 0.1609375000000001 0.878125 0.1609375000000001
2 0.8765625 0.1687500000000001 0.865625 0.1687500000000001 0.865625 0.20312500000000008 0.8765625 0.20312500000000008
2 0.875 0.2015625000000001 0.8640625 0.2015625000000001 0.8640625 0.2390625000000001 0.875 0.2390625000000001
2 0.81875 0.2156250000000001 0.8078125 0.2156250000000001 0.8078125 0.23593750000000008 0.81875 0.23593750000000008
2 0.7796875 0.2484375000000001 0.7671875 0.2484375000000001 0.7671875 0.2828125000000001 0.7796875 0.2828125000000001
2 0.7921875 0.30937500000000007 0.76875 0.30937500000000007 0.76875 0.3281250000000001 0.7921875 0.3281250000000001
2 0.71875 0.2734375000000001 0.7046875 0.2734375000000001 0.7046875 0.3046875000000001 0.71875 0.3046875000000001
2 0.5765625 0.2000000000000001 0.559375 0.2000000000000001 0.559375 0.21875000000000008 0.5765625 0.21875000000000008
2 0.578125 0.17343750000000008 0.5640625 0.17343750000000008 0.5640625 0.20312500000000008 0.578125 0.20312500000000008
2 0.58125 0.15781250000000008 0.5609375 0.15781250000000008 0.5609375 0.17343750000000008 0.58125 0.17343750000000008
2 0.5796875 0.14218750000000008 0.559375 0.14218750000000008 0.559375 0.15781250000000008 0.5796875 0.15781250000000008
2 0.5765625 0.12343750000000009 0.5609375 0.12343750000000009 0.5609375 0.1453125000000001 0.5765625 0.1453125000000001
2 0.58125 0.1062500000000001 0.559375 0.1062500000000001 0.559375 0.1281250000000001 0.58125 0.1281250000000001
2 0.590625 0.09687500000000007 0.571875 0.09687500000000007 0.571875 0.11562500000000009 0.590625 0.11562500000000009
2 0.6015625 0.045312500000000075 0.578125 0.04531250000000007 0.578125 0.06562500000000007 0.6015625 0.06562500000000007
2 0.625 0.04843750000000008 0.60625 0.04843750000000008 0.60625 0.06250000000000007 0.625 0.06250000000000007
2 0.6328125 0.023437500000000076 0.6125 0.023437500000000076 0.6125 0.04062500000000008 0.6328125 0.04062500000000008
2 0.628125 0.004687500000000075 0.6109375 0.004687500000000075 0.6109375 0.028125000000000077 0.628125 0.028125000000000077
3 0.596875 0.24218750000000008 0.575 0.24218750000000008 0.575 0.28593750000000007 0.596875 0.28593750000000007
2 0.471875 0.15312500000000004 0.4609375 0.15312500000000004 0.4609375 0.19843750000000004 0.471875 0.19843750000000004
2 0.415625 0.15312500000000004 0.40625 0.15312500000000004 0.40625 0.18437500000000004 0.415625 0.18437500000000004
2 0.421875 0.16406250000000006 0.4109375 0.16406250000000006 0.4109375 0.20312500000000008 0.421875 0.20312500000000008
2 0.440625 0.17031250000000003 0.421875 0.17031250000000003 0.421875 0.19375000000000003 0.440625 0.19375000000000003
2 0.8390625 0.2578125000000001 0.828125 0.2578125000000001 0.828125 0.29375000000000007 0.8390625 0.29375000000000007
0 0.8328125 0.3515625000000001 0.8140625 0.3515625000000001 0.8140625 0.3703125000000001 0.8328125 0.3703125000000001
0 0.7015625 0.3109375000000001 0.6859375 0.3109375000000001 0.6859375 0.3343750000000001 0.7015625 0.3343750000000001
0 0.6671875 0.3218750000000001 0.653125 0.3218750000000001 0.653125 0.3390625000000001 0.6671875 0.3390625000000001
0 0.6578125 0.3078125000000001 0.64375 0.3078125000000001 0.64375 0.32500000000000007 0.6578125 0.32500000000000007
0 0.559375 0.12031250000000009 0.55 0.12031250000000009 0.55 0.1437500000000001 0.559375 0.1437500000000001
0 0.5625 0.025000000000000067 0.5515625 0.025000000000000067 0.5515625 0.056250000000000064 0.5625 0.056250000000000064
0 0.58125 0.023437500000000073 0.571875 0.023437500000000073 0.571875 0.04375000000000007 0.58125 0.04375000000000007
0 0.5703125 0.4953125 0.55625 0.4953125 0.55625 0.509375 0.5703125 0.509375
0 0.53125 0.553125 0.5171875 0.553125 0.5171875 0.5796875 0.53125 0.5796875
0 0.9234375 0.47968750000000016 0.9015625 0.47968750000000016 0.9015625 0.5000000000000002 0.9234375 0.5000000000000002
0 0.471875 0.09375000000000007 0.4640625 0.09375000000000007 0.4640625 0.12343750000000005 0.471875 0.12343750000000005
0 0.4515625 0.5125 0.440625 0.5125 0.440625 0.5390625 0.4515625 0.5390625
0 0.4421875 0.5421875 0.4328125 0.5421875 0.4328125 0.5734375 0.4421875 0.5734375
0 0.5484375 0.640625 0.534375 0.640625 0.534375 0.6640625 0.5484375 0.6640625
0 0.41875 0.584375 0.409375 0.584375 0.409375 0.60625 0.41875 0.60625
0 0.4046875 0.5921875 0.3890625000000001 0.5921875 0.3890625000000001 0.6171875 0.4046875 0.6171875
0 0.5437500000000002 0.7859375 0.5296875000000002 0.7859375 0.5296875000000002 0.809375 0.5437500000000002 0.809375
0 0.5453125000000002 0.8015625 0.5343750000000002 0.8015625 0.5343750000000002 0.8296875 0.5453125000000002 0.8296875
0 0.5484375000000001 0.8296875 0.5375000000000002 0.8296875 0.5375000000000002 0.8515625 0.5484375000000001 0.8515625
0 0.5468750000000002 0.846875 0.5390625000000002 0.846875 0.5390625000000002 0.8703125 0.5468750000000002 0.8703125
0 0.5484375000000001 0.8765625 0.5406250000000001 0.8765625 0.5406250000000001 0.8984375 0.5484375000000001 0.8984375
0 0.5484375000000001 0.9015625 0.5343750000000002 0.9015625 0.5343750000000002 0.921875 0.5484375000000001 0.921875
0 0.403125 0.7015625 0.3859375000000001 0.7015625 0.3859375000000001 0.71875 0.403125 0.71875
0 0.09375000000000008 0.6765625 0.07968750000000009 0.6765625 0.07968750000000009 0.6921875 0.09375000000000008 0.6921875
0 0.08125000000000009 0.6875 0.06250000000000008 0.6875 0.06250000000000008 0.7046875 0.08125000000000009 0.7046875
2 0.2375 0.2359375 0.2296875 0.2359375 0.2296875 0.275 0.2375 0.275
2 0.2203125 0.2859375 0.2140625 0.2859375 0.2140625 0.3171875 0.2203125 0.3171875
4 0.017187500000000085 0.675 0.006250000000000084 0.675 0.006250000000000084 0.6890625 0.017187500000000085 0.6890625
4 0.028125000000000087 0.6859375 0.017187500000000085 0.6859375 0.017187500000000085 0.7046875 0.028125000000000087 0.7046875
4 0.05312500000000009 0.6796875 0.04062500000000008 0.6796875 0.040625000000000085 0.6890625 0.05312500000000009 0.6890625
4 0.04531250000000009 0.6890625 0.03593750000000009 0.6890625 0.03593750000000009 0.696875 0.04531250000000009 0.696875
4 0.04062500000000009 0.696875 0.028125000000000087 0.696875 0.028125000000000087 0.70625 0.04062500000000009 0.70625
4 0.07187500000000009 0.6796875 0.06250000000000008 0.6796875 0.06250000000000008 0.6875 0.07187500000000009 0.6875
4 0.08437500000000009 0.6546875 0.07343750000000009 0.6546875 0.07343750000000009 0.6640625 0.08437500000000009 0.6640625
4 0.0906250000000001 0.6953125 0.08125000000000009 0.6953125 0.08125000000000009 0.715625 0.0906250000000001 0.715625
4 0.11875000000000009 0.6828125 0.10468750000000009 0.6828125 0.10468750000000009 0.7 0.11875000000000009 0.7
4 0.1390625000000001 0.6796875 0.1296875000000001 0.6796875 0.1296875000000001 0.69375 0.1390625000000001 0.69375
4 0.17187500000000008 0.684375 0.15625000000000008 0.684375 0.15625000000000008 0.69375 0.17187500000000008 0.69375
0 0.3375000000000001 0.634375 0.3234375000000001 0.634375 0.3234375000000001 0.6515625 0.3375000000000001 0.6515625
4 0.403125 0.6734375 0.38750000000000007 0.6734375 0.38750000000000007 0.6890625 0.403125 0.6890625
4 0.4359375 0.58125 0.4265625 0.58125 0.4265625 0.6015625 0.4359375 0.6015625
4 0.4515625 0.5953125 0.4421875 0.5953125 0.4421875 0.6140625 0.4515625 0.6140625
4 0.465625 0.5921875 0.45625 0.5921875 0.45625 0.6125 0.465625 0.6125
4 0.46875 0.5421875 0.4578125 0.5421875 0.4578125 0.5671875 0.46875 0.5671875
4 0.471875 0.5171875 0.4640625 0.5171875 0.4640625 0.5421875 0.471875 0.5421875
4 0.4609375 0.5 0.4515625 0.5 0.4515625 0.5265625 0.4609375 0.5265625
4 0.4484375 0.428125 0.4390625 0.428125 0.4390625 0.45 0.4484375 0.45
4 0.446875 0.61875 0.4359375 0.61875 0.4359375 0.634375 0.446875 0.634375
4 0.4453125 0.653125 0.4375 0.653125 0.4375 0.6625 0.4453125 0.6625
4 0.4515625000000001 0.71875 0.4453125 0.71875 0.4453125000000001 0.740625 0.4515625000000002 0.740625
4 0.4578125000000002 0.7421875 0.4437500000000002 0.7421875 0.4437500000000002 0.7703125 0.4578125000000002 0.7703125
4 0.428125 0.6734375 0.4140625 0.6734375 0.4140625 0.6875 0.428125 0.6875
4 0.4484375 0.6734375 0.4359375 0.6734375 0.4359375 0.6875 0.4484375 0.6875
4 0.45625 0.6515625 0.45 0.6515625 0.45 0.6734375 0.45625 0.6734375
4 0.45625 0.6359375 0.446875 0.6359375 0.446875 0.6546875 0.45625 0.6546875
4 0.4640625 0.640625 0.45625 0.640625 0.45625 0.659375 0.4640625 0.659375
4 0.4546875 0.3125000000000001 0.4484375 0.3125000000000001 0.4484375 0.3312500000000001 0.4546875 0.3312500000000001
4 0.465625 0.3078125000000001 0.45625 0.3078125000000001 0.45625 0.3312500000000001 0.465625 0.3312500000000001
4 0.465625 0.2734375000000001 0.45625 0.2734375000000001 0.45625 0.2984375000000001 0.465625 0.2984375000000001
4 0.4640625 0.23593750000000008 0.453125 0.23593750000000008 0.453125 0.2609375000000001 0.4640625 0.2609375000000001
4 0.4609375 0.22031250000000008 0.4515625 0.22031250000000008 0.4515625 0.2390625000000001 0.4609375 0.2390625000000001
4 0.525 0.2500000000000001 0.515625 0.2500000000000001 0.515625 0.27031250000000007 0.525 0.27031250000000007
4 0.5375 0.2890625000000001 0.5296875 0.2890625000000001 0.5296875 0.3140625000000001 0.5375 0.3140625000000001
4 0.5375 0.34062500000000007 0.528125 0.34062500000000007 0.528125 0.3625000000000001 0.5375 0.3625000000000001
4 0.44062500000000016 0.7796875 0.4281250000000002 0.7796875 0.4281250000000002 0.815625 0.44062500000000016 0.815625
4 0.44062500000000016 0.871875 0.4312500000000002 0.871875 0.4312500000000002 0.8953125 0.44062500000000016 0.8953125
4 0.4390625000000002 0.96875 0.42968750000000017 0.96875 0.42968750000000017 0.9921875 0.4390625000000002 0.9921875
4 0.4468750000000002 0.965625 0.4359375000000002 0.965625 0.4359375000000002 0.990625 0.4468750000000002 0.990625
4 0.44843750000000016 0.990625 0.4421875000000002 0.990625 0.4421875000000002 1 0.44843750000000016 1
4 0.5203125000000002 0.8078125 0.5093750000000001 0.8078125 0.5093750000000001 0.828125 0.5203125000000002 0.828125
4 0.5140625000000002 0.78125 0.5062500000000002 0.78125 0.5062500000000002 0.8015625 0.5140625000000002 0.8015625
4 0.5234375 0.6859375 0.515625 0.6859375 0.515625 0.7140625 0.5234375 0.7140625
4 0.5171875 0.6625 0.509375 0.6625 0.509375 0.6828125 0.5171875 0.6828125
4 0.5265625 0.6046875 0.515625 0.6046875 0.515625 0.625 0.5265625 0.625
4 0.5375 0.5796875 0.53125 0.5796875 0.53125 0.6078125 0.5375 0.6078125
4 0.5328125 0.5078125 0.521875 0.5078125 0.521875 0.528125 0.5328125 0.528125
4 0.5484375 0.3968750000000001 0.534375 0.3968750000000001 0.534375 0.425 0.5484375 0.425
4 0.528125 0.36406250000000007 0.51875 0.36406250000000007 0.51875 0.3843750000000001 0.528125 0.3843750000000001
4 0.5625 0.3828125000000001 0.5515625 0.3828125000000001 0.5515625 0.4015625 0.5625 0.4015625
4 0.528125 0.4125 0.51875 0.4125 0.51875 0.4296875 0.528125 0.4296875
2 0.05312500000000002 0.1953125 0.042187500000000024 0.1953125 0.04218750000000003 0.2359375 0.05312500000000002 0.2359375
2 0.054687500000000014 0.0625 0.04218750000000001 0.0625 0.04218750000000001 0.1015625 0.05468750000000002 0.1015625
2 0.05312500000000002 0.103125 0.04375000000000001 0.103125 0.04375000000000002 0.1375 0.05312500000000002 0.1375
2 0.109375 0.01875000000000001 0.08125 0.01875000000000001 0.08125 0.04843750000000001 0.109375 0.04843750000000001
2 0.20625 0.04843750000000002 0.184375 0.04843750000000002 0.184375 0.06718750000000002 0.20625 0.06718750000000002
2 0.2046875 0.07812500000000003 0.1828125 0.07812500000000003 0.1828125 0.09687500000000002 0.2046875 0.09687500000000002
2 0.2421875 0.05468750000000002 0.2203125 0.05468750000000002 0.2203125 0.07968750000000002 0.2421875 0.07968750000000002
2 0.3046875 0.08750000000000005 0.2859375 0.08750000000000005 0.2859375 0.10625000000000004 0.3046875 0.10625000000000004
2 0.3515625 0.09218750000000005 0.33125 0.09218750000000005 0.33125 0.11562500000000005 0.3515625 0.11562500000000005
2 0.3453125 0.03125000000000004 0.3359375 0.03125000000000004 0.3359375 0.07031250000000004 0.3453125 0.07031250000000004
2 0.36875 0.03750000000000005 0.359375 0.03750000000000005 0.359375 0.07968750000000005 0.36875 0.07968750000000005
4 0.4609375 0.046875000000000056 0.453125 0.046875000000000056 0.453125 0.07656250000000006 0.4609375 0.07656250000000006
4 0.459375 0.08906250000000006 0.446875 0.08906250000000004 0.446875 0.12187500000000004 0.459375 0.12187500000000004
4 0.5265625 0.025000000000000067 0.5171875 0.025000000000000067 0.5171875 0.05312500000000007 0.5265625 0.05312500000000007
4 0.5375 0.014062500000000066 0.5265625 0.014062500000000066 0.5265625 0.03906250000000007 0.5375 0.03906250000000007
4 0.534375 0.17812500000000003 0.525 0.17812500000000003 0.525 0.2093750000000001 0.534375 0.2093750000000001
4 0.5234375 0.16875000000000004 0.515625 0.16875000000000004 0.515625 0.20468750000000008 0.5234375 0.20468750000000008
2 0.5484375 0.021875000000000068 0.5375 0.021875000000000068 0.5375 0.07656250000000006 0.5484375 0.07656250000000006
4 0.6515625 0.3500000000000001 0.6375 0.3500000000000001 0.6375 0.37187500000000007 0.6515625 0.37187500000000007
4 0.603125 0.4546875 0.590625 0.4546875 0.590625 0.48125 0.603125 0.48125
4 0.621875 0.465625 0.60625 0.465625 0.60625 0.49375 0.621875 0.49375
4 0.584375 0.4859375 0.56875 0.4859375 0.56875 0.50625 0.584375 0.50625
4 0.7109375 0.48125 0.696875 0.48125 0.696875 0.5046875 0.7109375 0.5046875
4 0.6921875 0.45625 0.6765625 0.45625 0.6765625 0.48125 0.6921875 0.48125
4 0.7234375 0.35625000000000007 0.70625 0.35625000000000007 0.70625 0.38750000000000007 0.7234375 0.38750000000000007
4 0.6875 0.35625000000000007 0.6765625 0.35625000000000007 0.6765625 0.37968750000000007 0.6875 0.37968750000000007
4 0.7265625 0.33281250000000007 0.7125 0.33281250000000007 0.7125 0.3546875000000001 0.7265625 0.3546875000000001
4 0.7671875 0.47656250000000017 0.75625 0.47656250000000017 0.75625 0.5062500000000002 0.7671875 0.5062500000000002
4 0.790625 0.47656250000000017 0.771875 0.47656250000000017 0.771875 0.49531250000000016 0.790625 0.49531250000000016
4 0.8359375 0.4937500000000002 0.8234375 0.4937500000000002 0.8234375 0.5125000000000002 0.8359375 0.5125000000000002
4 0.81875 0.4906250000000002 0.803125 0.4906250000000002 0.803125 0.5078125000000002 0.81875 0.5078125000000002
4 0.9625 0.5015625000000001 0.94375 0.5015625000000001 0.94375 0.5265625000000002 0.9625 0.5265625000000002
4 0.859375 0.3375000000000001 0.84375 0.3375000000000001 0.84375 0.3656250000000001 0.859375 0.3656250000000001