2 0.35 0.2828125 0.33125 0.2828125 0.33125 0.2984375 0.35 0.2984375
2 0.4078125 0.2453125000000001 0.3953125 0.2453125000000001 0.3953125 0.2656250000000001 0.4078125 0.2656250000000001
2 0.4015625 0.2093750000000001 0.384375 0.2093750000000001 0.384375 0.22812500000000008 0.4015625 0.22812500000000008
2 0.5109375 0.3156250000000001 0.5015625 0.3156250000000001 0.5015625 0.3437500000000001 0.5109375 0.3437500000000001
2 0.521875 0.3140625000000001 0.5140625 0.3140625000000001 0.5140625 0.3437500000000001 0.521875 0.3437500000000001
2 0.5625 0.3078125000000001 0.5546875 0.3078125000000001 0.5546875 0.33281250000000007 0.5625 0.33281250000000007
2 0.571875 0.30937500000000007 0.5625 0.30937500000000007 0.5625 0.33281250000000007 0.571875 0.33281250000000007
2 0.9640625 0.8578125 0.953125 0.8578125 0.953125 0.884375 0.9640625 0.884375
2 0.946875 0.8921875 0.9375 0.8921875 0.9375 0.921875 0.946875 0.921875
2 0.721875 0.6421875 0.7125 0.6421875 0.7125 0.665625 0.721875 0.665625
6 0.9015625 0.6296875000000002 0.8609375 0.6296875000000002 0.8609375 0.6500000000000001 0.9015625 0.6500000000000001
5 0.740625 0.3765625000000001 0.69375 0.3765625000000001 0.69375 0.39531250000000007 0.740625 0.39531250000000007
6 0.68125 0.3765625000000001 0.640625 0.3765625000000001 0.640625 0.3968750000000001 0.68125 0.3968750000000001
6 0.2921875000000001 0.6296875 0.2609375000000001 0.6296875 0.2609375000000001 0.65 0.2921875000000001 0.65
6 0.16562500000000008 0.6375 0.12656250000000008 0.6375 0.12656250000000008 0.65625 0.16562500000000008 0.65625
6 0.14062500000000008 0.6671875 0.10156250000000008 0.6671875 0.10156250000000008 0.6921875 0.14062500000000008 0.6921875
4 0.55 0.2750000000000001 0.5453125 0.2750000000000001 0.5453125 0.2890625000000001 0.55 0.2890625000000001
3 0.7671875000000001 0.8453125 0.7453125000000002 0.8453125 0.7453125000000002 0.8625 0.7671875000000001 0.8625
3 0.7187500000000002 0.8796875 0.7078125000000002 0.8796875 0.7078125000000002 0.9140625 0.7187500000000002 0.9140625
4 0.528125 0.2734375000000001 0.525 0.2734375000000001 0.525 0.2875000000000001 0.528125 0.2875000000000001
4 0.5453125 0.2875000000000001 0.5421875 0.2875000000000001 0.5421875 0.30156250000000007 0.5453125 0.30156250000000007
4 0.5703125 0.27812500000000007 0.565625 0.27812500000000007 0.565625 0.2921875000000001 0.5703125 0.2921875000000001
4 0.58125 0.30156250000000007 0.5765625 0.30156250000000007 0.5765625 0.3156250000000001 0.58125 0.3156250000000001
4 0.565625 0.23593750000000008 0.5625 0.23593750000000008 0.5625 0.2500000000000001 0.565625 0.2500000000000001
4 0.5359375 0.2250000000000001 0.53125 0.2250000000000001 0.53125 0.23593750000000008 0.5359375 0.23593750000000008
4 0.54375 0.2250000000000001 0.5390625 0.2250000000000001 0.5390625 0.2375000000000001 0.54375 0.2375000000000001
4 0.5828125 0.2375000000000001 0.5796875 0.2375000000000001 0.5796875 0.2515625000000001 0.5828125 0.2515625000000001
4 0.5203125 0.2750000000000001 0.515625 0.2750000000000001 0.515625 0.2875000000000001 0.5203125 0.2875000000000001
4 0.415625 0.2671875000000001 0.4125 0.2671875000000001 0.4125 0.2812500000000001 0.415625 0.2812500000000001
4 0.5765625 0.2406250000000001 0.571875 0.2406250000000001 0.571875 0.2515625000000001 0.5765625 0.2515625000000001
4 0.5328125 0.2750000000000001 0.5296875 0.2750000000000001 0.5296875 0.2890625000000001 0.5328125 0.2890625000000001
4 0.540625 0.2921875000000001 0.5375 0.2921875000000001 0.5375 0.3046875000000001 0.540625 0.3046875000000001
4 0.5484375 0.2906250000000001 0.5453125 0.2906250000000001 0.5453125 0.30156250000000007 0.5484375 0.30156250000000007
0 0.8265625 0.6359375000000002 0.8125 0.6359375000000002 0.8125 0.6515625000000002 0.8265625 0.6515625000000002
2 0.6828125 0.640625 0.6765625 0.640625 0.6765625 0.6640625 0.6828125 0.6640625
2 0.6765625 0.621875 0.6703125 0.621875 0.6703125 0.646875 0.6765625 0.646875
2 0.66875 0.625 0.6625 0.625 0.6625 0.646875 0.66875 0.646875
2 0.675 0.6484375 0.66875 0.6484375 0.66875 0.6671875 0.675 0.6671875
0 0.825 0.6000000000000002 0.8125 0.6000000000000002 0.8125 0.6078125000000002 0.825 0.6078125000000002
2 0.9734375 0.909375 0.965625 0.909375 0.965625 0.9328125 0.9734375 0.9328125
0 0.8703125 0.3828125000000001 0.8578125 0.3828125000000001 0.8578125 0.39531250000000007 0.8703125 0.39531250000000007
2 0.9796875 0.8484375 0.9671875 0.8484375 0.9671875 0.871875 0.9796875 0.871875
5 0.9984375 0.5500000000000002 0.9265625 0.5500000000000002 0.9265625 0.5734375000000002 0.9984375 0.5734375000000002
2 0.99375 0.8 0.978125 0.8 0.978125 0.83125 0.99375 0.83125
0 0.7984375 0.5984375000000002 0.7859375 0.5984375000000002 0.7859375 0.6125000000000002 0.7984375 0.6125000000000002
6 0.7328125 0.596875 0.70625 0.596875 0.70625 0.6125 0.7328125 0.6125000000000002
3 0.7578125 0.5953125000000001 0.7375 0.5953125000000001 0.7375 0.6062500000000002 0.7578125 0.6062500000000002
2 0.6 0.5625 0.5859375 0.5625 0.5859375 0.5734375 0.6 0.5734375
2 0.6828125 0.5828125 0.6671875 0.5828125 0.6671875 0.59375 0.6828125 0.59375
2 0.58125 0.6203125 0.5703125 0.6203125 0.5703125 0.6328125 0.58125 0.6328125
6 0.99375 0.5953125000000001 0.9546875 0.5953125000000001 0.9546875 0.6140625000000002 0.99375 0.6140625000000002
6 0.61875 0.59375 0.5890625 0.59375 0.5890625 0.6203125 0.61875 0.6203125
3 0.8765625 0.4046875000000002 0.85625 0.4046875000000002 0.85625 0.4187500000000002 0.8765625 0.4187500000000002
2 0.490625 0.5203125 0.4734375 0.5203125 0.4734375 0.534375 0.490625 0.534375
6 0.3515625000000001 0.540625 0.3203125000000001 0.540625 0.3203125000000001 0.559375 0.3515625000000001 0.559375
2 0.7609375 0.48750000000000016 0.7421875 0.48750000000000016 0.7421875 0.5031250000000002 0.7609375 0.5031250000000002
6 0.5046875 0.471875 0.4671875 0.471875 0.4671875 0.4890625 0.5046875 0.4890625
5 0.7046875 0.465625 0.6671875 0.465625 0.6671875 0.484375 0.7046875 0.484375
2 1 0.896875 0.9921875 0.896875 0.9921875 0.9265625 1 0.9265625
2 0.6453125 0.54375 0.6296875 0.54375 0.6296875 0.5578125 0.6453125 0.5578125
2 0.846875 0.6937500000000002 0.8390625 0.6937500000000002 0.8390625 0.7203125000000001 0.846875 0.7203125000000001
4 0.3703125000000001 0.559375 0.3609375000000001 0.559375 0.3609375000000001 0.56875 0.3703125000000001 0.56875
6 0.1687500000000001 0.546875 0.1375000000000001 0.546875 0.1375000000000001 0.5640625 0.1687500000000001 0.5640625
4 0.09062500000000007 0.59375 0.08125000000000007 0.59375 0.08125000000000007 0.6078125 0.09062500000000007 0.6078125
4 0.2562500000000001 0.5640625 0.2484375000000001 0.5640625 0.2484375000000001 0.578125 0.2562500000000001 0.578125
4 0.18125000000000005 0.4578125 0.17031250000000003 0.4578125 0.17031250000000003 0.471875 0.18125000000000005 0.471875