2 0.25625 0.3109375 0.2453125 0.3109375 0.2453125 0.34375 0.25625 0.34375
2 0.2484375 0.3140625 0.23125 0.3140625 0.23125 0.34375 0.2484375 0.34375
2 0.2234375 0.3140625 0.2078125 0.3140625 0.2078125 0.3484375 0.2234375 0.3484375
2 0.2218750000000001 0.475 0.2000000000000001 0.475 0.2000000000000001 0.49375 0.2218750000000001 0.49375
0 0.19531250000000006 0.4765625 0.17968750000000006 0.4765625 0.17968750000000006 0.4921875 0.19531250000000006 0.4921875
0 0.26250000000000007 0.475 0.2468750000000001 0.475 0.2468750000000001 0.490625 0.26250000000000007 0.490625
2 0.2906250000000001 0.4875 0.27031250000000007 0.4875 0.27031250000000007 0.509375 0.2906250000000001 0.509375
2 0.3578125000000001 0.4765625 0.34062500000000007 0.4765625 0.34062500000000007 0.496875 0.3578125000000001 0.496875
2 0.3828125000000001 0.5015625 0.35625000000000007 0.5015625 0.35625000000000007 0.5171875 0.3828125000000001 0.5171875
4 0.3937500000000001 0.46875 0.3843750000000001 0.46875 0.3843750000000001 0.484375 0.3937500000000001 0.484375
5 0.45 0.4765625 0.43125 0.4765625 0.43125 0.496875 0.45 0.496875
0 0.484375 0.45625 0.475 0.45625 0.475 0.478125 0.484375 0.478125
0 0.46875 0.496875 0.45 0.496875 0.45 0.5109375 0.46875 0.5109375
2 0.5125 0.5046875 0.5 0.5046875 0.5 0.534375 0.5125 0.534375
2 0.496875 0.4828125 0.4765625 0.4828125 0.4765625 0.5015625 0.496875 0.5015625
2 0.5578125 0.4734375 0.5390625 0.4734375 0.5390625 0.5046875 0.5578125 0.5046875
2 0.5640625 0.22812500000000008 0.5484375 0.22812500000000008 0.5484375 0.2765625000000001 0.5640625 0.2765625000000001
2 0.5359375 0.09687500000000007 0.521875 0.09687500000000007 0.521875 0.13593750000000004 0.5359375 0.13593750000000004
2 0.48125 0.07968750000000006 0.4671875 0.07968750000000006 0.4671875 0.11406250000000004 0.48125 0.11406250000000004
2 0.64375 0.06562500000000007 0.6234375 0.06562500000000007 0.6234375 0.09843750000000008 0.64375 0.0984375000000001
2 0.5578125 0.12812500000000007 0.5375 0.12812500000000004 0.5375 0.16250000000000006 0.5578125 0.1625000000000001
4 0.5671875 0.1921875000000001 0.55625 0.1921875000000001 0.55625 0.22656250000000008 0.5671875 0.22656250000000008
2 0.521875 0.2328125000000001 0.5140625 0.2328125000000001 0.5140625 0.2640625000000001 0.521875 0.2640625000000001
2 0.6125 0.484375 0.59375 0.484375 0.59375 0.5046875 0.6125 0.5046875
2 0.5625 0.6421875 0.540625 0.6421875 0.540625 0.6640625 0.5625 0.6640625
2 0.5671875 0.6578125 0.5421875 0.6578125 0.5421875 0.6796875 0.5671875 0.6796875
2 0.5546875 0.6625 0.5359375 0.6625 0.5359375 0.69375 0.5546875 0.69375
2 0.5421875 0.6875 0.521875 0.6875 0.521875 0.7109375 0.5421875 0.7109375
2 0.5281250000000001 0.6921875 0.50625 0.6921875 0.5062500000000001 0.7296875 0.5281250000000002 0.7296875
2 0.534375 0.7171875 0.515625 0.7171875 0.5156250000000001 0.7515625 0.5343750000000002 0.7515625
2 0.5328125000000001 0.74375 0.5156250000000002 0.74375 0.5156250000000002 0.771875 0.5328125000000001 0.771875
2 0.5296875000000002 0.753125 0.5078125000000002 0.753125 0.5078125000000002 0.7921875 0.5296875000000002 0.7921875
2 0.5234375000000002 0.775 0.5046875000000002 0.775 0.5046875000000002 0.8015625 0.5234375000000002 0.8015625
2 0.4781250000000002 0.8453125 0.46406250000000016 0.8453125 0.46406250000000016 0.88125 0.4781250000000002 0.88125
0 0.4265625000000002 0.8421875 0.4125000000000002 0.8421875 0.4125000000000002 0.8703125 0.4265625000000002 0.8703125
0 0.5140625 0.625 0.5 0.625 0.5 0.65 0.5140625 0.65
2 0.5078125 0.5390625 0.4890625 0.5390625 0.4890625 0.5734375 0.5078125 0.5734375
2 0.53125 0.596875 0.515625 0.596875 0.515625 0.6421875 0.53125 0.6421875
2 0.55 0.5375 0.5234375 0.5375 0.5234375 0.596875 0.55 0.596875
0 0.5015625 0.575 0.484375 0.575 0.484375 0.5984375 0.5015625 0.5984375
6 0.4156250000000002 0.959375 0.3921875000000001 0.959375 0.3921875000000001 1 0.4156250000000002 1
2 0.47656250000000017 0.9734375 0.4593750000000002 0.9734375 0.4593750000000002 1 0.47656250000000017 1
4 0.45625000000000016 0.76875 0.4421875000000002 0.76875 0.4421875000000002 0.7953125 0.45625000000000016 0.7953125
4 0.946875 0.46093750000000017 0.925 0.46093750000000017 0.925 0.4859375000000002 0.946875 0.4859375000000002
0 0.8578125 0.5421875000000002 0.8359375 0.5421875000000002 0.8359375 0.5562500000000001 0.8578125 0.5562500000000001
2 0.98125 0.5203125000000002 0.9421875 0.5203125000000002 0.9421875 0.5562500000000001 0.98125 0.5562500000000001
2 0.9046875 0.4781250000000002 0.8796875 0.4781250000000002 0.8796875 0.5140625000000002 0.9046875 0.5140625000000002
2 0.8515625 0.5109375000000002 0.8140625 0.5109375000000002 0.8140625 0.5359375000000002 0.8515625 0.5359375000000002
2 0.8078125 0.46875000000000017 0.7796875 0.46875000000000017 0.7796875 0.4937500000000002 0.8078125 0.4937500000000002
2 0.821875 0.4468750000000002 0.796875 0.4468750000000002 0.796875 0.4828125000000002 0.821875 0.4828125000000002
2 0.7578125 0.4890625000000002 0.7375 0.4890625000000002 0.7375 0.5109375000000002 0.7578125 0.5109375000000002
2 0.7734375 0.3671875000000001 0.7578125 0.3671875000000001 0.7578125 0.40156250000000016 0.7734375 0.40156250000000016
2 0.7140625 0.3703125000000001 0.69375 0.3703125000000001 0.69375 0.4109375 0.7140625 0.4109375
2 0.68125 0.4953125 0.6609375 0.4953125 0.6609375 0.5109375 0.68125 0.5109375
2 0.675 0.4671875 0.6484375 0.4671875 0.6484375 0.490625 0.675 0.490625
2 0.65 0.4875 0.625 0.4875 0.625 0.5125 0.65 0.5125
0 0.7078125 0.471875 0.6921875 0.471875 0.6921875 0.496875 0.7078125 0.496875
4 0.7140625 0.5390625 0.6921875 0.5390625 0.6921875 0.565625 0.7140625 0.565625
2 0.63125 0.546875 0.590625 0.546875 0.590625 0.578125 0.63125 0.578125
2 0.33281250000000007 0.5453125 0.30156250000000007 0.5453125 0.30156250000000007 0.578125 0.33281250000000007 0.578125
0 0.3734375000000001 0.584375 0.3578125000000001 0.584375 0.3578125000000001 0.6046875 0.3734375000000001 0.6046875
2 0.23593750000000008 0.528125 0.20468750000000008 0.528125 0.20468750000000008 0.553125 0.23593750000000008 0.553125
2 0.2734375000000001 0.553125 0.2468750000000001 0.553125 0.2468750000000001 0.5765625 0.2734375000000001 0.5765625
2 0.2218750000000001 0.503125 0.19843750000000004 0.503125 0.19843750000000004 0.5171875 0.2218750000000001 0.5171875
2 0.17500000000000007 0.5265625 0.14843750000000006 0.5265625 0.14843750000000006 0.55 0.1750000000000001 0.55
4 0.16250000000000003 0.4796875 0.14531250000000004 0.4796875 0.14531250000000004 0.50625 0.16250000000000003 0.50625
4 0.1671875000000001 0.55625 0.1515625000000001 0.55625 0.1515625000000001 0.5703125 0.1671875000000001 0.5703125
2 0.12343750000000005 0.478125 0.09687500000000007 0.478125 0.09687500000000007 0.5046875 0.12343750000000005 0.5046875
2 0.11718750000000004 0.4421875 0.08593750000000004 0.4421875 0.08593750000000006 0.4625 0.11718750000000004 0.4625
2 0.11250000000000007 0.5390625 0.09062500000000007 0.5390625 0.09062500000000007 0.5734375 0.11250000000000009 0.5734375
0 0.16718750000000004 0.4609375 0.15156250000000004 0.4609375 0.15156250000000004 0.4765625 0.16718750000000004 0.4765625
4 0.7875 0.5453125000000002 0.7734375 0.5453125000000002 0.7734375 0.5609375000000002 0.7875 0.5609375000000002