2 0.4484375 0.4234375 0.428125 0.4234375 0.428125 0.4640625 0.4484375 0.4640625
2 0.4734375 0.2328125000000001 0.44375 0.2328125000000001 0.44375 0.2718750000000001 0.4734375 0.2718750000000001
0 0.5109375 0.13125000000000003 0.4890625 0.13125000000000003 0.4890625 0.16093750000000004 0.5109375 0.16093750000000004
2 0.5640625 0.056250000000000064 0.5421875 0.056250000000000064 0.5421875 0.10156250000000007 0.5640625 0.10156250000000008
2 0.5453125 6.544206332943669e-17 0.5234375 6.410260589286927e-17 0.5234375 0.017187500000000067 0.5453125 0.017187500000000067
2 0.628125 7.567934516605909e-17 0.6078125 7.443556326067507e-17 0.6078125 0.023437500000000076 0.628125 0.023437500000000076
4 0.684375 0.0984375000000001 0.6703125 0.0984375000000001 0.6703125 0.1375000000000001 0.684375 0.1375000000000001
4 0.7 0.1062500000000001 0.6875 0.1062500000000001 0.6875 0.1296875000000001 0.7 0.1296875000000001
4 0.7078125 0.10312500000000009 0.6953125 0.10312500000000009 0.6953125 0.1281250000000001 0.7078125 0.1281250000000001
4 0.7140625 0.1437500000000001 0.6953125 0.1437500000000001 0.6953125 0.1625000000000001 0.7140625 0.1625000000000001
4 0.7625 0.18125000000000008 0.74375 0.18125000000000008 0.74375 0.2093750000000001 0.7625 0.2093750000000001
2 0.784375 0.11875000000000009 0.765625 0.11875000000000009 0.765625 0.1703125000000001 0.784375 0.1703125000000001
2 0.825 9.978957902427261e-17 0.8046875 9.854579711888858e-17 0.8046875 0.0343750000000001 0.825 0.0343750000000001
2 0.8484375 0.1531250000000001 0.8203125 0.1531250000000001 0.8203125 0.1781250000000001 0.8484375 0.1781250000000001
0 0.96875 0.21250000000000008 0.94375 0.21250000000000008 0.94375 0.24375000000000008 0.96875 0.24375000000000008
3 0.9140625 0.1500000000000001 0.89375 0.15000000000000008 0.89375 0.16875000000000012 0.9140625 0.16875000000000012
3 0.934375 0.14375000000000013 0.9125 0.14375000000000013 0.9125 0.17500000000000013 0.934375 0.17500000000000013
0 0.9578125 0.35625000000000007 0.9328125 0.35625000000000007 0.9328125 0.3828125000000001 0.9578125 0.3828125000000001
3 0.9484375 0.3984375000000001 0.9296875 0.3984375000000001 0.9296875 0.4203125000000002 0.9484375 0.4203125000000002
3 0.90625 0.4031250000000002 0.8890625 0.4031250000000002 0.8890625 0.4265625000000002 0.90625 0.4265625000000002
3 0.88125 0.4156250000000002 0.8625 0.4156250000000002 0.8625 0.43750000000000017 0.88125 0.43750000000000017
1 0.9234375 0.3765625000000001 0.853125 0.3765625000000001 0.853125 0.4125000000000002 0.9234375 0.4125000000000002
2 1 0.3500000000000001 0.990625 0.3500000000000001 0.990625 0.3828125000000001 1 0.3828125000000001
4 0.8828125 0.3421875000000001 0.8640625 0.3421875000000001 0.8640625 0.3609375000000001 0.8828125 0.3609375000000001
4 0.8453125 0.3421875000000001 0.815625 0.3421875000000001 0.815625 0.3703125000000001 0.8453125 0.3703125000000001
1 0.846875 0.37187500000000007 0.771875 0.37187500000000007 0.771875 0.4046875000000002 0.846875 0.4046875000000002
4 0.78125 0.34843750000000007 0.7625 0.34843750000000007 0.7625 0.3734375000000001 0.78125 0.3734375000000001
6 0.759375 0.36406250000000007 0.71875 0.36406250000000007 0.71875 0.40312500000000007 0.759375 0.4031250000000002
2 0.7265625 0.34062500000000007 0.6953125 0.34062500000000007 0.6953125 0.3703125000000001 0.7265625 0.3703125000000001
4 0.715625 0.37968750000000007 0.6984375 0.37968750000000007 0.6984375 0.4015625 0.715625 0.4015625
4 0.6984375 0.3546875000000001 0.678125 0.3546875000000001 0.678125 0.3750000000000001 0.6984375 0.3750000000000001
0 0.6640625 0.4171875 0.64375 0.4171875 0.64375 0.4375 0.6640625 0.4375
0 0.6453125 0.3921875000000001 0.625 0.3921875000000001 0.625 0.4125 0.6453125 0.4125
2 0.690625 0.3437500000000001 0.6609375 0.3437500000000001 0.6609375 0.3781250000000001 0.690625 0.3781250000000001
2 0.6828125 0.3687500000000001 0.6546875 0.3687500000000001 0.6546875 0.39531250000000007 0.6828125 0.39531250000000007
2 0.6609375 0.3468750000000001 0.634375 0.3468750000000001 0.634375 0.37187500000000007 0.6609375 0.37187500000000007
2 0.653125 0.3625000000000001 0.625 0.3625000000000001 0.625 0.3906250000000001 0.653125 0.3906250000000001
4 0.6375 0.3359375000000001 0.6203125 0.3359375000000001 0.6203125 0.3515625000000001 0.6375 0.3515625000000001
4 0.634375 0.3453125000000001 0.615625 0.3453125000000001 0.615625 0.3609375000000001 0.634375 0.3609375000000001
4 0.6484375 0.33281250000000007 0.63125 0.33281250000000007 0.63125 0.34843750000000007 0.6484375 0.34843750000000007
4 0.6703125 0.3968750000000001 0.65625 0.3968750000000001 0.65625 0.4140625 0.6703125 0.4140625
4 0.6796875 0.3890625000000001 0.6640625 0.3890625000000001 0.6640625 0.409375 0.6796875 0.409375
4 0.671875 0.38750000000000007 0.65625 0.38750000000000007 0.65625 0.403125 0.671875 0.403125
4 0.6625 0.4078125 0.646875 0.4078125 0.646875 0.4234375 0.6625 0.4234375
4 0.6609375 0.4 0.646875 0.4 0.646875 0.4125 0.6609375 0.4125
4 0.6546875 0.3937500000000001 0.64375 0.3937500000000001 0.64375 0.4078125 0.6546875 0.4078125
4 0.6453125 0.37968750000000007 0.6328125 0.37968750000000007 0.6328125 0.3968750000000001 0.6453125 0.3968750000000001
4 0.6578125 0.3828125000000001 0.6453125 0.3828125000000001 0.6453125 0.4 0.6578125 0.4
4 0.6359375 0.4015625 0.621875 0.4015625 0.621875 0.4234375 0.6359375 0.4234375
2 0.5390625 0.634375 0.51875 0.634375 0.51875 0.6875 0.5390625 0.6875
4 0.5531250000000002 0.75625 0.5390625000000002 0.75625 0.5390625000000002 0.7875 0.5531250000000002 0.7875
4 0.5343750000000002 0.7875 0.5218750000000002 0.7875 0.5218750000000002 0.815625 0.5343750000000002 0.815625
4 0.5328125000000001 0.8375 0.5234375000000002 0.8375 0.5234375000000002 0.865625 0.5328125000000001 0.865625
2 0.5203125000000002 0.8375 0.4984375000000002 0.8375 0.4984375000000002 0.8890625 0.5203125000000002 0.8890625
2 0.5171875000000001 0.909375 0.5015625000000001 0.909375 0.5015625000000001 0.9609375 0.5171875000000001 0.9609375
2 0.5031250000000002 0.9765625 0.4812500000000002 0.9765625 0.4812500000000002 1 0.5031250000000002 1
3 0.45625000000000016 0.846875 0.4390625000000002 0.846875 0.4390625000000002 0.890625 0.45625000000000016 0.890625
2 0.4703125000000002 0.85 0.45312500000000017 0.85 0.45312500000000017 0.909375 0.4703125000000002 0.909375
2 0.4828125000000002 0.85625 0.4656250000000002 0.85625 0.4656250000000002 0.90625 0.4828125000000002 0.90625
2 0.4781250000000002 0.8109375 0.4625000000000002 0.8109375 0.4625000000000002 0.8578125 0.4781250000000002 0.8578125
4 0.44843750000000016 0.7671875 0.4390625000000002 0.7671875 0.4390625000000002 0.796875 0.44843750000000016 0.796875
0 0.4671875000000002 0.809375 0.4546875000000002 0.809375 0.4546875000000002 0.84375 0.4671875000000002 0.84375
2 0.4906250000000002 0.771875 0.4703125000000002 0.771875 0.4703125000000002 0.8109375 0.4906250000000002 0.8109375
4 0.4750000000000002 0.7734375 0.4656250000000002 0.7734375 0.4656250000000002 0.8015625 0.4750000000000002 0.8015625
2 0.47187500000000016 0.75 0.4515625000000002 0.75 0.4515625000000002 0.80625 0.47187500000000016 0.80625
2 0.4625000000000001 0.725 0.4453125 0.725 0.4453125000000001 0.775 0.4625000000000002 0.775
2 0.4765625000000001 0.7125 0.459375 0.7125 0.4593750000000001 0.7578125 0.47656250000000017 0.7578125
2 0.4921875000000001 0.71875 0.4703125 0.71875 0.4703125000000001 0.7703125 0.49218750000000017 0.7703125
4 0.459375 0.6609375 0.446875 0.6609375 0.446875 0.6921875 0.459375 0.6921875
0 0.4828125 0.6484375 0.46875 0.6484375 0.46875 0.684375 0.4828125 0.684375
2 0.48125 0.678125 0.4671875 0.678125 0.4671875 0.721875 0.48125 0.721875
2 0.4953125 0.65625 0.4765625 0.65625 0.4765625 0.7109375 0.4953125 0.7109375
4 0.5015625 0.653125 0.490625 0.653125 0.490625 0.678125 0.5015625 0.678125
2 0.4734375 0.6453125 0.4578125 0.6453125 0.4578125 0.6859375 0.4734375 0.6859375
2 0.5015625 0.6109375 0.4828125 0.6109375 0.4828125 0.665625 0.5015625 0.665625
2 0.4890625 0.6 0.46875 0.6 0.46875 0.6515625 0.4890625 0.6515625
4 0.4734375 0.6 0.4640625 0.6 0.4640625 0.6265625 0.4734375 0.6265625
4 0.4734375 0.6234375 0.4640625 0.6234375 0.4640625 0.653125 0.4734375 0.653125
2 0.5078125 0.540625 0.4921875 0.540625 0.4921875 0.5859375 0.5078125 0.5859375
2 0.5125 0.496875 0.4953125 0.496875 0.4953125 0.540625 0.5125 0.540625
2 0.4859375 0.5125 0.4703125 0.5125 0.4703125 0.55625 0.4859375 0.55625
2 0.496875 0.5 0.4796875 0.5 0.4796875 0.54375 0.496875 0.54375
2 0.490625 0.4734375 0.475 0.4734375 0.475 0.5140625 0.490625 0.5140625
4 0.5046875 0.4828125 0.49375 0.4828125 0.49375 0.5046875 0.5046875 0.5046875
4 0.503125 0.496875 0.490625 0.496875 0.490625 0.521875 0.503125 0.521875
4 0.503125 0.5171875 0.4890625 0.5171875 0.4890625 0.540625 0.503125 0.540625
4 0.4984375 0.5328125 0.4890625 0.5328125 0.4890625 0.55625 0.4984375 0.55625
4 0.496875 0.5546875 0.4875 0.5546875 0.4875 0.578125 0.496875 0.578125
4 0.4734375 0.5421875 0.4625 0.5421875 0.4625 0.5671875 0.4734375 0.5671875
4 0.471875 0.4703125 0.4625 0.4703125 0.4625 0.4921875 0.471875 0.4921875
4 0.4796875 0.4734375 0.46875 0.4734375 0.46875 0.5 0.4796875 0.5
4 0.46875 0.4875 0.459375 0.4875 0.459375 0.509375 0.46875 0.509375
4 0.471875 0.484375 0.4625 0.484375 0.4625 0.5109375 0.471875 0.5109375
4 0.4765625 0.496875 0.4671875 0.496875 0.4671875 0.521875 0.4765625 0.521875
2 0.4890625 0.55625 0.4734375 0.55625 0.4734375 0.60625 0.4890625 0.60625
2 0.4796875 0.55625 0.4625 0.55625 0.4625 0.6 0.4796875 0.6
4 0.4734375 0.53125 0.4640625 0.53125 0.4640625 0.5515625 0.4734375 0.5515625
4 0.475 0.5171875 0.4640625 0.5171875 0.4640625 0.540625 0.475 0.540625
0 0.4640625 0.4125 0.45 0.4125 0.45 0.4421875 0.4640625 0.4421875
0 0.4703125 0.4328125 0.453125 0.4328125 0.453125 0.46875 0.4703125 0.46875
4 0.40625 0.409375 0.3921875000000001 0.409375 0.3921875000000001 0.4296875 0.40625 0.4296875
6 0.3546875000000001 0.4046875 0.3312500000000001 0.4046875 0.3312500000000001 0.43125 0.3546875000000001 0.43125
4 0.3359375000000001 0.41875 0.3218750000000001 0.41875 0.3218750000000001 0.434375 0.3359375000000001 0.434375
4 0.3062500000000001 0.5796875 0.2921875000000001 0.5796875 0.2921875000000001 0.5984375 0.3062500000000001 0.5984375
4 0.3062500000000001 0.5921875 0.2890625000000001 0.5921875 0.2890625000000001 0.60625 0.3062500000000001 0.60625
4 0.3046875000000001 0.596875 0.2875000000000001 0.596875 0.2875000000000001 0.6171875 0.3046875000000001 0.6171875
2 0.303125 0.33125 0.2703125 0.33125 0.2703125 0.3625 0.303125 0.3625
4 0.234375 0.3375 0.21875 0.3375 0.21875 0.359375 0.234375 0.359375
3 0.19062500000000004 0.3453125 0.17031250000000003 0.3453125 0.17031250000000003 0.3671875 0.19062500000000004 0.3671875
2 0.10312500000000009 0.5671875 0.07343750000000007 0.5671875 0.07343750000000007 0.596875 0.10312500000000009 0.596875
2 0.056250000000000064 0.5625 0.03125000000000007 0.5625 0.03125000000000007 0.5875 0.056250000000000064 0.5875
2 0.05312500000000007 0.5875 0.023437500000000073 0.5875 0.023437500000000076 0.61875 0.05312500000000007 0.61875
2 0.04531250000000008 0.6765625 0.018750000000000083 0.6765625 0.018750000000000086 0.70625 0.04531250000000009 0.70625
0 0.043750000000000004 0.014062500000000006 0.0234375 0.014062500000000006 0.023437500000000003 0.0484375 0.04375000000000001 0.0484375
0 0.096875 0.03281250000000001 0.0765625 0.03281250000000001 0.0765625 0.08125000000000002 0.096875 0.08125000000000002
4 0.02656250000000001 0.0546875 0.012500000000000006 0.0546875 0.012500000000000008 0.0796875 0.02656250000000001 0.0796875
4 0.01406250000000001 0.06875 8.419446744138053e-18 0.06875 1.0045930774255633e-17 0.0953125 0.01406250000000001 0.0953125
4 0.15468750000000003 0.1640625 0.1359375 0.1640625 0.13593750000000002 0.184375 0.15468750000000003 0.184375
4 0.2109375 0.13281250000000006 0.1921875 0.13281250000000006 0.1921875 0.15000000000000005 0.2109375 0.15000000000000005
4 0.2171875 0.15156250000000004 0.2015625 0.15156250000000004 0.2015625 0.17656250000000004 0.2171875 0.17656250000000004
0 0.2375 0.18437500000000004 0.2125 0.18437500000000004 0.2125 0.209375 0.2375 0.209375
0 0.2953125 0.17968750000000006 0.275 0.17968750000000006 0.275 0.2109375 0.2953125 0.2109375
4 0.9890625 0.45625000000000016 0.975 0.45625000000000016 0.975 0.47968750000000016 0.9890625 0.47968750000000016
2 0.70625 0.3687500000000001 0.6765625 0.3687500000000001 0.6765625 0.39531250000000007 0.70625 0.39531250000000007
4 0.65 0.403125 0.634375 0.403125 0.634375 0.4203125 0.65 0.4203125
1 1 0.37968750000000007 0.9828125 0.37968750000000007 0.9828125 0.4265625000000002 1 0.4265625000000002