2 0.3703125 0.28437500000000004 0.3515625 0.284375 0.3515625 0.30000000000000004 0.3703125 0.3000000000000001
2 0.4265625 0.2453125000000001 0.415625 0.2453125000000001 0.415625 0.2671875000000001 0.4265625 0.2671875000000001
2 0.41875 0.21093750000000008 0.403125 0.21093750000000008 0.403125 0.2296875000000001 0.41875 0.2296875000000001
2 0.53125 0.3156250000000001 0.521875 0.3156250000000001 0.521875 0.3453125000000001 0.53125 0.3453125000000001
2 0.5421875 0.3140625000000001 0.534375 0.3140625000000001 0.534375 0.3437500000000001 0.5421875 0.3437500000000001
2 0.58125 0.3078125000000001 0.575 0.3078125000000001 0.575 0.33281250000000007 0.58125 0.33281250000000007
2 0.5921875 0.3078125000000001 0.5828125 0.3078125000000001 0.5828125 0.33281250000000007 0.5921875 0.33281250000000007
2 0.975 0.8953125 0.965625 0.8953125 0.965625 0.9234375 0.975 0.9234375
2 0.74375 0.6453125000000002 0.734375 0.6453125000000002 0.734375 0.6687500000000002 0.74375 0.6687500000000002
6 0.9265625 0.6312500000000002 0.8875 0.6312500000000002 0.8875 0.6515625000000002 0.9265625 0.6515625000000002
5 0.7625 0.3750000000000001 0.715625 0.3750000000000001 0.715625 0.3937500000000001 0.7625 0.3937500000000001
6 0.703125 0.3765625000000001 0.6609375 0.3765625000000001 0.6609375 0.3968750000000001 0.703125 0.3968750000000001
6 0.3140625000000001 0.625 0.2843750000000001 0.625 0.2843750000000001 0.6453125 0.3140625000000001 0.6453125
6 0.18906250000000008 0.6359375 0.15000000000000008 0.6359375 0.15000000000000008 0.6546875 0.18906250000000008 0.6546875
6 0.16406250000000008 0.6671875 0.12500000000000008 0.6671875 0.12500000000000008 0.6921875 0.16406250000000008 0.6921875
4 0.5703125 0.2750000000000001 0.565625 0.2750000000000001 0.565625 0.2890625000000001 0.5703125 0.2890625000000001
3 0.7890625000000002 0.846875 0.7671875000000001 0.846875 0.7671875000000001 0.865625 0.7890625000000002 0.865625
3 0.7421875000000002 0.8828125 0.7312500000000002 0.8828125 0.7312500000000002 0.9171875 0.7421875000000002 0.9171875
4 0.546875 0.2734375000000001 0.54375 0.2734375000000001 0.54375 0.2875000000000001 0.546875 0.2875000000000001
4 0.5640625 0.28593750000000007 0.5609375 0.28593750000000007 0.5609375 0.3000000000000001 0.5640625 0.3000000000000001
4 0.590625 0.2765625000000001 0.5859375 0.2765625000000001 0.5859375 0.2906250000000001 0.590625 0.2906250000000001
4 0.6015625 0.2984375000000001 0.596875 0.2984375000000001 0.596875 0.3125000000000001 0.6015625 0.3125000000000001
4 0.5890625 0.2328125000000001 0.5859375 0.2328125000000001 0.5859375 0.2484375000000001 0.5890625 0.2484375000000001
4 0.5546875 0.2250000000000001 0.5515625 0.2250000000000001 0.5515625 0.23593750000000008 0.5546875 0.23593750000000008
4 0.5640625 0.2234375000000001 0.559375 0.2234375000000001 0.559375 0.23593750000000008 0.5640625 0.23593750000000008
4 0.603125 0.23437500000000008 0.6 0.23437500000000008 0.6 0.2484375000000001 0.603125 0.2484375000000001
4 0.5390625 0.2734375000000001 0.5359375 0.2734375000000001 0.5359375 0.2875000000000001 0.5390625 0.2875000000000001
4 0.4359375 0.2671875000000001 0.43125 0.2671875000000001 0.43125 0.2812500000000001 0.4359375 0.2812500000000001
4 0.5953125 0.2375000000000001 0.5921875 0.2375000000000001 0.5921875 0.2500000000000001 0.5953125 0.2500000000000001
4 0.553125 0.2734375000000001 0.55 0.2734375000000001 0.55 0.2875000000000001 0.553125 0.2875000000000001
4 0.559375 0.2906250000000001 0.55625 0.2906250000000001 0.55625 0.3031250000000001 0.559375 0.3031250000000001
4 0.5671875 0.2906250000000001 0.5640625 0.2906250000000001 0.5640625 0.3031250000000001 0.5671875 0.3031250000000001
0 0.8515625 0.6375000000000002 0.8375 0.6375000000000002 0.8375 0.6515625000000002 0.8515625 0.6515625000000002
2 0.703125 0.6390625 0.6984375 0.6390625 0.6984375 0.6625 0.703125 0.6625
2 0.6984375 0.6203125 0.6921875 0.6203125 0.6921875 0.6453125 0.6984375 0.6453125
2 0.690625 0.625 0.6828125 0.625 0.6828125 0.646875 0.690625 0.646875
2 0.696875 0.646875 0.690625 0.646875 0.690625 0.6671875 0.696875 0.6671875
0 0.8484375 0.5984375000000002 0.8375 0.5984375000000002 0.8375 0.6078125000000002 0.8484375 0.6078125000000002
2 0.99375 0.8609375 0.9796875 0.8609375 0.9796875 0.8890625 0.99375 0.8890625
5 0.590625 0.5375 0.5296875 0.5375 0.5296875 0.5578125 0.590625 0.5578125
2 0.6015625 0.6171875 0.590625 0.6171875 0.590625 0.6296875 0.6015625 0.6296875
2 0.9609375 0.5156250000000002 0.9453125 0.5156250000000002 0.9453125 0.5312500000000002 0.9609375 0.5312500000000002
4 0.7125 0.409375 0.7046875 0.409375 0.7046875 0.41875 0.7125 0.41875
4 0.2953125000000001 0.6109375 0.2890625000000001 0.6109375 0.2890625000000001 0.621875 0.2953125000000001 0.621875
0 0.828125 0.3828125000000001 0.8203125 0.3828125000000001 0.8203125 0.3921875000000001 0.828125 0.3921875000000001
0 0.4 0.609375 0.3906250000000001 0.609375 0.3906250000000001 0.6203125 0.4 0.6203125
2 0.2968750000000001 0.4953125 0.2812500000000001 0.4953125 0.2812500000000001 0.5078125 0.2968750000000001 0.5078125
2 0.553125 0.559375 0.5375 0.559375 0.5375 0.571875 0.553125 0.571875
4 0.7546875 0.5937500000000002 0.746875 0.5937500000000002 0.746875 0.6031250000000001 0.7546875 0.6031250000000001
2 0.515625 0.2593750000000001 0.50625 0.2593750000000001 0.50625 0.2812500000000001 0.515625 0.2812500000000001
4 0.846875 0.5781250000000002 0.8390625 0.5781250000000002 0.8390625 0.5890625000000002 0.846875 0.5890625000000002
6 0.528125 0.6140625 0.4984375 0.6140625 0.4984375 0.63125 0.528125 0.63125
6 0.13593750000000004 0.484375 0.10625000000000004 0.484375 0.10625000000000004 0.5015625 0.13593750000000004 0.5015625
4 0.5390625 0.4140625 0.5296875 0.4140625 0.5296875 0.4234375 0.5390625 0.4234375
4 0.9140625 0.40937500000000016 0.9078125 0.40937500000000016 0.9078125 0.41718750000000016 0.9140625 0.41718750000000016
4 0.028125000000000067 0.5734375 0.02187500000000007 0.5734375 0.02187500000000007 0.5828125 0.028125000000000067 0.5828125
4 0.6796875 0.575 0.66875 0.575 0.66875 0.5875 0.6796875 0.5875
0 0.7125 0.596875 0.6984375 0.596875 0.6984375 0.609375 0.7125 0.609375
2 0.9046875 0.5140625000000002 0.8890625 0.5140625000000002 0.8890625 0.5281250000000002 0.9046875 0.5281250000000002
4 0.14218750000000005 0.421875 0.13593750000000004 0.421875 0.13593750000000004 0.428125 0.14218750000000005 0.428125
2 0.15625000000000006 0.5015625 0.14218750000000005 0.5015625 0.14218750000000005 0.515625 0.15625000000000006 0.515625
6 0.4375 0.471875 0.4109375 0.471875 0.4109375 0.4890625 0.4375 0.4890625
3 0.4578125 0.4921875 0.44375 0.4921875 0.44375 0.5046875 0.4578125 0.5046875
3 0.665625 0.4140625 0.646875 0.4140625 0.646875 0.428125 0.665625 0.428125
3 0.08906250000000007 0.6109375 0.07343750000000007 0.6109375 0.07343750000000007 0.625 0.08906250000000007 0.625
0 0.14843750000000008 0.615625 0.1390625000000001 0.615625 0.1390625000000001 0.6234375 0.14843750000000008 0.6234375
2 0.24218750000000008 0.5328125 0.2296875000000001 0.5328125 0.2296875000000001 0.54375 0.24218750000000008 0.54375
4 0.775 0.5750000000000002 0.7671875 0.5750000000000002 0.7671875 0.5859375000000002 0.775 0.5859375000000002
4 0.7671875 0.5843750000000002 0.7625 0.5843750000000002 0.7625 0.5937500000000002 0.7671875 0.5937500000000002
2 0.7390625 0.55 0.7203125 0.55 0.7203125 0.5671875000000001 0.7390625 0.5671875000000002