2 0.609375 0.3312500000000001 0.5828125 0.3312500000000001 0.5828125 0.3578125000000001 0.609375 0.3578125000000001
4 0.6328125 0.3390625000000001 0.621875 0.3390625000000001 0.621875 0.3546875000000001 0.6328125 0.3546875000000001
2 0.5484375 0.3921875000000001 0.528125 0.3921875000000001 0.528125 0.4078125 0.5484375 0.4078125
2 0.50625 0.471875 0.490625 0.471875 0.490625 0.5171875 0.50625 0.5171875
2 0.5171875 0.5921875 0.50625 0.5921875 0.50625 0.6296875 0.5171875 0.6296875
2 0.5750000000000002 0.865625 0.5609375000000002 0.865625 0.5609375000000002 0.90625 0.5750000000000002 0.90625
2 0.6109375000000001 0.80625 0.5921875000000002 0.80625 0.5921875000000002 0.8265625 0.6109375000000001 0.8265625
4 0.5484375000000001 0.81875 0.5406250000000001 0.81875 0.5406250000000001 0.8390625 0.5484375000000001 0.8390625
0 0.5750000000000002 0.778125 0.5656250000000002 0.778125 0.5656250000000002 0.803125 0.5750000000000002 0.803125
4 0.571875 0.5578125 0.5640625 0.5578125 0.5640625 0.575 0.571875 0.575
4 0.5921875 0.5359375 0.5828125 0.5359375 0.5828125 0.5453125 0.5921875 0.5453125
4 0.6109375000000001 0.734375 0.6015625000000002 0.734375 0.6015625000000002 0.7453125 0.6109375000000001 0.7453125
2 0.74375 0.3500000000000001 0.7171875 0.3500000000000001 0.7171875 0.37187500000000007 0.74375 0.37187500000000007
2 0.7265625 0.4078125000000001 0.7015625 0.4078125 0.7015625 0.4296875000000001 0.7265625 0.42968750000000017
0 0.89375 0.38750000000000007 0.871875 0.38750000000000007 0.871875 0.41406250000000017 0.89375 0.41406250000000017
2 0.79375 0.5437500000000002 0.7796875 0.5437500000000002 0.7796875 0.5781250000000002 0.79375 0.5781250000000002
2 0.7515625 0.5484375000000001 0.725 0.5484375 0.725 0.5734375 0.7515625 0.5734375000000002
2 0.7890625 0.23593750000000008 0.76875 0.23593750000000008 0.76875 0.2578125000000001 0.7890625 0.2578125000000001
2 0.9015625 0.48437500000000017 0.88125 0.48437500000000017 0.88125 0.5062500000000002 0.9015625 0.5062500000000002
2 0.9234375 0.49531250000000016 0.9046875 0.49531250000000016 0.9046875 0.5109375000000002 0.9234375 0.5109375000000002
4 0.9921875 0.4703125000000002 0.9796875 0.4703125000000002 0.9796875 0.4859375000000002 0.9921875 0.4859375000000002
4 0.9421875 0.4984375000000002 0.93125 0.4984375000000002 0.93125 0.5171875000000001 0.9421875 0.5171875000000001
5 0.9875 0.5046875000000002 0.9671875 0.5046875000000002 0.9671875 0.5734375000000002 0.9875 0.5734375000000002
0 0.4765625 0.021875000000000058 0.4671875 0.021875000000000054 0.4671875 0.046875000000000056 0.4765625 0.046875000000000056
0 0.490625 0.17500000000000004 0.478125 0.17500000000000004 0.478125 0.20312500000000008 0.490625 0.20312500000000008
2 0.5140625 0.12031250000000004 0.5 0.12031250000000004 0.5 0.15937500000000004 0.5140625 0.15937500000000004
2 0.5125 0.19687500000000005 0.5015625 0.19687500000000005 0.5015625 0.2328125000000001 0.5125 0.2328125000000001
4 0.5484375 0.2093750000000001 0.540625 0.2093750000000001 0.540625 0.2296875000000001 0.5484375 0.2296875000000001
2 0.02812500000000001 0.0546875 0.003125000000000007 0.0546875 0.0031250000000000084 0.0796875 0.02812500000000001 0.0796875
2 0.06562500000000002 0.15625 0.050000000000000024 0.15625 0.050000000000000024 0.2 0.06562500000000002 0.2
2 0.234375 0.10781250000000005 0.2109375 0.10781250000000005 0.2109375 0.13281250000000006 0.234375 0.13281250000000006
0 0.08281250000000001 0.0625 0.065625 0.0625 0.06562500000000002 0.0921875 0.08281250000000002 0.0921875
0 0.15625 0.034375000000000024 0.1375 0.034375000000000024 0.1375 0.05625000000000002 0.15625 0.05625000000000002
2 0.4125 0.18750000000000006 0.3875 0.18750000000000006 0.3875 0.2156250000000001 0.4125 0.2156250000000001
0 0.325 0.15000000000000005 0.3109375 0.15000000000000005 0.3109375 0.17187500000000006 0.325 0.17187500000000006
0 0.4375 0.20468750000000008 0.4234375 0.20468750000000008 0.4234375 0.22031250000000008 0.4375 0.22031250000000008
3 0.440625 0.22656250000000008 0.415625 0.22656250000000008 0.415625 0.2593750000000001 0.440625 0.2593750000000001
2 0.38125 0.30000000000000004 0.359375 0.3 0.359375 0.32500000000000007 0.38125 0.32500000000000007
2 0.453125 0.34843750000000007 0.434375 0.34843750000000007 0.434375 0.3750000000000001 0.453125 0.3750000000000001
2 0.409375 0.3031250000000001 0.3875 0.3031250000000001 0.3875 0.3281250000000001 0.409375 0.3281250000000001
2 0.3796875 0.32500000000000007 0.3640625 0.32500000000000007 0.3640625 0.35625000000000007 0.3796875 0.35625000000000007
2 0.3578125 0.3109375 0.346875 0.3109375 0.346875 0.34375 0.3578125 0.34375
2 0.409375 0.33281250000000007 0.384375 0.33281250000000007 0.384375 0.3546875000000001 0.409375 0.3546875000000001
2 0.4296875 0.37187500000000007 0.4140625 0.37187500000000007 0.4140625 0.409375 0.4296875 0.409375
2 0.4109375 0.3437500000000001 0.4 0.3437500000000001 0.4 0.3843750000000001 0.4109375 0.3843750000000001
2 0.434375 0.3859375000000001 0.425 0.3859375000000001 0.425 0.421875 0.434375 0.421875
3 0.44375 0.3843750000000001 0.434375 0.3843750000000001 0.434375 0.425 0.44375 0.425
2 0.06718750000000007 0.5640625 0.05156250000000007 0.5640625 0.05156250000000007 0.5953125 0.06718750000000007 0.5953125
2 0.039062500000000076 0.60625 0.018750000000000072 0.60625 0.018750000000000076 0.628125 0.039062500000000076 0.628125
4 0.050000000000000065 0.575 0.04375000000000007 0.575 0.043750000000000074 0.59375 0.050000000000000065 0.59375
4 0.043750000000000074 0.5875 0.03906250000000007 0.5875 0.03906250000000007 0.6015625 0.04375000000000008 0.6015625
4 0.496875 0.014062500000000061 0.4875 0.014062500000000061 0.4875 0.03437500000000006 0.496875 0.03437500000000006
4 0.1109375 0.115625 0.1015625 0.115625 0.1015625 0.1296875 0.1109375 0.1296875
4 0.5203125 0.4 0.509375 0.4 0.509375 0.4109375 0.5203125 0.4109375