2 0.446875 0.3968750000000001 0.428125 0.3968750000000001 0.428125 0.4375 0.446875 0.4375
2 0.54375 0.3609375000000001 0.5265625 0.3609375000000001 0.5265625 0.409375 0.54375 0.409375
0 0.3765625 0.353125 0.35625 0.353125 0.35625000000000007 0.37812500000000004 0.3765625000000001 0.3781250000000001
4 0.3984375000000001 0.3656250000000001 0.3843750000000001 0.3656250000000001 0.3843750000000001 0.3843750000000001 0.3984375000000001 0.3843750000000001
4 0.4140625 0.34062500000000007 0.396875 0.34062500000000007 0.396875 0.3625000000000001 0.4140625 0.3625000000000001
2 0.5609375 0.5875 0.5421875 0.5875 0.5421875 0.63125 0.5609375 0.63125
2 0.5375 0.2875000000000001 0.515625 0.2875000000000001 0.515625 0.3343750000000001 0.5375 0.3343750000000001
2 0.5046875 0.2687500000000001 0.4796875 0.2687500000000001 0.4796875 0.3125000000000001 0.5046875 0.3125000000000001
2 0.4703125 0.2390625000000001 0.44375 0.2390625000000001 0.44375 0.2750000000000001 0.4703125 0.2750000000000001
3 0.5296875 0.16562500000000005 0.5046875 0.16562500000000005 0.5046875 0.19687500000000005 0.5296875 0.19687500000000005
2 0.434375 0.21875000000000008 0.4078125 0.21875000000000008 0.4078125 0.2453125000000001 0.434375 0.2453125000000001
2 0.4046875 0.21875000000000008 0.3703125 0.21875000000000008 0.3703125 0.2453125000000001 0.4046875 0.2453125000000001
2 0.4015625 0.19218750000000004 0.371875 0.19218750000000004 0.371875 0.22031250000000008 0.4015625 0.22031250000000008
2 0.4234375 0.17812500000000003 0.396875 0.17812500000000003 0.396875 0.20468750000000008 0.4234375 0.20468750000000008
4 0.38125 0.17500000000000004 0.365625 0.17500000000000004 0.365625 0.19062500000000004 0.38125 0.19062500000000004
4 0.3671875 0.16562500000000005 0.3515625 0.16562500000000005 0.3515625 0.18125000000000005 0.3671875 0.18125000000000005
4 0.475 0.16875000000000004 0.45625 0.16875000000000004 0.45625 0.18906250000000005 0.475 0.18906250000000005
2 0.5671875 0.16875000000000007 0.5390625 0.16875000000000004 0.5390625 0.19531250000000006 0.5671875 0.19531250000000008
2 0.609375 0.18750000000000008 0.5796875 0.18750000000000008 0.5796875 0.2171875000000001 0.609375 0.2171875000000001
2 0.65 0.2171875000000001 0.6234375 0.2171875000000001 0.6234375 0.2453125000000001 0.65 0.2453125000000001
2 0.6859375 0.1843750000000001 0.6578125 0.1843750000000001 0.6578125 0.21093750000000008 0.6859375 0.21093750000000008
2 0.71875 0.2375000000000001 0.690625 0.2375000000000001 0.690625 0.26250000000000007 0.71875 0.26250000000000007
3 0.7453125 0.2093750000000001 0.7125 0.2093750000000001 0.7125 0.2453125000000001 0.7453125 0.2453125000000001
0 0.809375 0.19531250000000008 0.790625 0.19531250000000008 0.790625 0.2250000000000001 0.809375 0.2250000000000001
2 0.815625 0.2406250000000001 0.790625 0.2406250000000001 0.790625 0.2656250000000001 0.815625 0.2656250000000001
2 0.78125 0.2312500000000001 0.7515625 0.2312500000000001 0.7515625 0.2671875000000001 0.78125 0.2671875000000001
4 0.890625 0.1859375000000001 0.871875 0.1859375000000001 0.871875 0.2078125000000001 0.890625 0.2078125000000001
2 0.89375 0.2218750000000001 0.865625 0.2218750000000001 0.865625 0.2500000000000001 0.89375 0.2500000000000001
2 0.7859375 0.12031250000000009 0.765625 0.12031250000000009 0.765625 0.17187500000000008 0.7859375 0.17187500000000008
3 0.8078125 0.1312500000000001 0.7890625 0.1312500000000001 0.7890625 0.1750000000000001 0.8078125 0.1750000000000001
2 0.8515625 0.1546875000000001 0.8234375 0.1546875000000001 0.8234375 0.18125000000000008 0.8515625 0.18125000000000008
2 0.9359375 0.2015625000000001 0.9109375 0.2015625000000001 0.9109375 0.2296875000000001 0.9359375 0.2296875000000001
2 0.9375 0.23593750000000008 0.9078125 0.23593750000000008 0.9078125 0.2671875000000001 0.9375 0.2671875000000001
4 0.98125 0.19843750000000013 0.965625 0.19843750000000013 0.965625 0.22031250000000008 0.98125 0.22031250000000008
4 1 0.18125000000000013 0.98125 0.18125000000000013 0.98125 0.2000000000000001 1 0.2000000000000001
0 1 0.2093750000000001 0.98125 0.2093750000000001 0.98125 0.2312500000000001 1 0.2312500000000001
2 0.996875 0.22812500000000008 0.9640625 0.22812500000000008 0.9640625 0.2578125000000001 0.996875 0.2578125000000001
4 0.99375 0.3859375000000001 0.975 0.3859375000000001 0.975 0.4031250000000002 0.99375 0.4031250000000002
4 0.9515625 0.3765625000000001 0.9328125 0.3765625000000001 0.9328125 0.3968750000000001 0.9515625 0.3968750000000001
4 0.8734375 0.3593750000000001 0.85625 0.3593750000000001 0.85625 0.3781250000000001 0.8734375 0.3781250000000001
2 0.9203125 0.3515625000000001 0.8890625 0.3515625000000001 0.8890625 0.3828125000000001 0.9203125 0.3828125000000001
6 0.903125 0.3765625000000001 0.8578125 0.3765625000000001 0.8578125 0.4078125000000002 0.903125 0.4078125000000002
4 0.7796875 0.38750000000000007 0.7609375 0.38750000000000007 0.7609375 0.4109375000000002 0.7796875 0.4109375000000002
0 1 0.42187500000000017 0.975 0.42187500000000017 0.975 0.44531250000000017 1 0.44531250000000017
4 0.7375 0.3968750000000001 0.7203125 0.3968750000000001 0.7203125 0.4218750000000001 0.7375 0.42187500000000017
4 0.6609375 0.4046875 0.646875 0.4046875 0.646875 0.4234375 0.6609375 0.4234375
4 0.65625 0.39531250000000007 0.6421875 0.39531250000000007 0.6421875 0.40625 0.65625 0.40625
4 0.6625 0.3843750000000001 0.6484375 0.3843750000000001 0.6484375 0.403125 0.6625 0.403125
4 0.65 0.3859375000000001 0.634375 0.3859375000000001 0.634375 0.4015625 0.65 0.4015625
4 0.6484375 0.4296875 0.6296875 0.4296875 0.6296875 0.4484375 0.6484375 0.4484375
4 0.7 0.35625000000000007 0.684375 0.35625000000000007 0.684375 0.3750000000000001 0.7 0.3750000000000001
4 0.553125 0.684375 0.5453125 0.684375 0.5453125 0.709375 0.553125 0.709375
2 0.5156250000000002 0.8359375 0.5000000000000002 0.8359375 0.5000000000000002 0.8765625 0.5156250000000002 0.8765625
4 0.46093750000000017 0.9265625 0.4500000000000002 0.9265625 0.4500000000000002 0.9515625 0.46093750000000017 0.9515625
2 0.4359375000000002 0.975 0.4234375000000002 0.975 0.4234375000000002 1 0.4359375000000002 1
2 0.47187500000000016 0.759375 0.4546875000000002 0.759375 0.4546875000000002 0.809375 0.47187500000000016 0.809375
2 0.4890625000000002 0.7734375 0.47187500000000016 0.7734375 0.47187500000000016 0.8125 0.4890625000000002 0.8125
0 0.4609375 0.6671875 0.446875 0.6671875 0.446875 0.7015625 0.4609375 0.7015625
0 0.4859375 0.6515625 0.4703125 0.6515625 0.4703125 0.6875 0.4859375 0.6875
4 0.46875 0.6890625 0.4578125 0.6890625 0.4578125 0.721875 0.46875 0.721875
2 0.4859375 0.6828125 0.4671875 0.6828125 0.4671875 0.7234375 0.4859375 0.7234375
2 0.496875 0.6640625 0.48125 0.6640625 0.48125 0.7109375 0.496875 0.7109375
4 0.5046875 0.659375 0.4921875 0.659375 0.4921875 0.6828125 0.5046875 0.6828125
2 0.4796875000000001 0.721875 0.4640625 0.721875 0.4640625000000001 0.7609375 0.47968750000000016 0.7609375
2 0.4906250000000001 0.725 0.475 0.725 0.4750000000000001 0.771875 0.4906250000000002 0.771875
4 0.46093750000000017 0.79375 0.4500000000000002 0.79375 0.4500000000000002 0.8171875 0.46093750000000017 0.8171875
0 0.4546875000000002 0.815625 0.44062500000000016 0.815625 0.44062500000000016 0.846875 0.4546875000000002 0.846875
4 0.50625 0.4828125 0.4953125 0.4828125 0.4953125 0.509375 0.50625 0.509375
4 0.4796875 0.4765625 0.46875 0.4765625 0.46875 0.503125 0.4796875 0.503125
4 0.475 0.4921875 0.465625 0.4921875 0.465625 0.5171875 0.475 0.5171875
4 0.4796875 0.5 0.4703125 0.5 0.4703125 0.5234375 0.4796875 0.5234375
2 0.490625 0.4765625 0.4734375 0.4765625 0.4734375 0.5171875 0.490625 0.5171875
2 0.4984375 0.4984375 0.4796875 0.4984375 0.4796875 0.55 0.4984375 0.55
4 0.5015625 0.51875 0.4921875 0.51875 0.4921875 0.5453125 0.5015625 0.5453125
4 0.50625 0.5015625 0.4921875 0.5015625 0.4921875 0.528125 0.50625 0.528125
4 0.4765625 0.51875 0.4671875 0.51875 0.4671875 0.5390625 0.4765625 0.5390625
4 0.475 0.5328125 0.465625 0.5328125 0.465625 0.553125 0.475 0.553125
4 0.46875 0.534375 0.4578125 0.534375 0.4578125 0.5625 0.46875 0.5625
4 0.4734375 0.5453125 0.4640625 0.5453125 0.4640625 0.56875 0.4734375 0.56875
2 0.478125 0.559375 0.4640625 0.559375 0.4640625 0.6046875 0.478125 0.6046875
4 0.475 0.596875 0.4640625 0.596875 0.4640625 0.6265625 0.475 0.6265625
2 0.4859375 0.6015625 0.4703125 0.6015625 0.4703125 0.6515625 0.4859375 0.6515625
2 0.503125 0.615625 0.4875 0.615625 0.4875 0.6671875 0.503125 0.6671875
4 0.4984375 0.553125 0.4875 0.553125 0.4875 0.578125 0.4984375 0.578125
4 0.5 0.5328125 0.4859375 0.5328125 0.4859375 0.55625 0.5 0.55625
2 0.50625 0.54375 0.4921875 0.54375 0.4921875 0.584375 0.50625 0.584375
4 0.30937500000000007 0.5859375 0.2921875000000001 0.5859375 0.2921875000000001 0.6015625 0.30937500000000007 0.6015625
4 0.3046875000000001 0.59375 0.2906250000000001 0.59375 0.2906250000000001 0.609375 0.3046875000000001 0.609375
4 0.3046875000000001 0.6015625 0.2921875000000001 0.6015625 0.2921875000000001 0.615625 0.3046875000000001 0.615625
6 0.3578125000000001 0.4 0.33281250000000007 0.4 0.33281250000000007 0.4296875 0.3578125000000001 0.4296875
4 0.3843750000000001 0.434375 0.37187500000000007 0.434375 0.37187500000000007 0.45 0.3843750000000001 0.45
4 0.18281250000000004 0.3390625 0.16406250000000006 0.3390625 0.16406250000000006 0.35625 0.18281250000000004 0.35625
4 0.15312500000000004 0.3265625 0.13593750000000004 0.3265625 0.13593750000000004 0.3453125 0.15312500000000004 0.3453125
3 0.06718750000000004 0.3421875 0.050000000000000044 0.3421875 0.050000000000000044 0.3640625 0.06718750000000004 0.3640625
4 0.014062500000000042 0.3296875 4.0375074159389303e-17 0.3296875 4.171453159595672e-17 0.3515625 0.014062500000000044 0.3515625
2 0.10000000000000009 0.571875 0.07812500000000007 0.571875 0.07812500000000007 0.5953125 0.10000000000000009 0.5953125
2 0.056250000000000064 0.56875 0.032812500000000064 0.56875 0.03281250000000007 0.590625 0.056250000000000064 0.590625
2 0.050000000000000065 0.59375 0.02656250000000008 0.59375 0.02656250000000008 0.61875 0.050000000000000065 0.61875
2 0.04531250000000009 0.68125 0.023437500000000083 0.68125 0.023437500000000087 0.703125 0.04531250000000009 0.703125
4 0.14375 0.1328125 0.128125 0.1328125 0.128125 0.159375 0.14375 0.159375
4 0.1640625 0.153125 0.146875 0.153125 0.146875 0.175 0.1640625 0.175
2 0.209375 0.16250000000000003 0.184375 0.16250000000000003 0.184375 0.18906250000000005 0.209375 0.18906250000000005
4 0.02812500000000001 0.0609375 0.012500000000000006 0.0609375 0.012500000000000008 0.0796875 0.02812500000000001 0.0796875
4 0.012500000000000011 0.075 9.184850993605149e-18 0.075 1.042863289898918e-17 0.0953125 0.012500000000000011 0.0953125
0 0.043750000000000004 0.015625000000000007 0.025 0.015625000000000007 0.025000000000000005 0.0515625 0.04375000000000001 0.0515625
4 0.315625 0.2140625 0.2953125 0.2140625 0.2953125 0.2375 0.315625 0.2375
0 0.36875 0.14843750000000006 0.3453125 0.14843750000000006 0.3453125 0.17187500000000006 0.36875 0.17187500000000006
2 0.4875 0.2250000000000001 0.4609375 0.2250000000000001 0.4609375 0.2578125000000001 0.4875 0.2578125000000001
0 0.5109375 0.13437500000000005 0.4921875 0.13437500000000005 0.4921875 0.15937500000000004 0.5109375 0.15937500000000004
2 0.5625 0.06250000000000007 0.5453125 0.06250000000000007 0.5453125 0.09062500000000007 0.5625 0.09062500000000007
2 0.5421875 6.544206332943669e-17 0.5265625 6.448530801760282e-17 0.5265625 0.017187500000000067 0.5421875 0.017187500000000067
2 0.6265625 7.567934516605909e-17 0.609375 7.462691432304184e-17 0.609375 0.021875000000000075 0.6265625 0.02187500000000008
4 0.6828125 0.10781250000000009 0.6734375 0.10781250000000009 0.6734375 0.1359375000000001 0.6828125 0.1359375000000001
4 0.7234375 0.1609375000000001 0.709375 0.1609375000000001 0.709375 0.17968750000000008 0.7234375 0.17968750000000008
4 0.7125 0.1468750000000001 0.6953125 0.1468750000000001 0.6953125 0.16406250000000008 0.7125 0.16406250000000008
4 0.7 0.10937500000000008 0.690625 0.10937500000000008 0.690625 0.13281250000000008 0.7 0.13281250000000008
4 0.7078125 0.11250000000000009 0.6984375 0.11250000000000009 0.6984375 0.1359375000000001 0.7078125 0.1359375000000001
4 0.753125 0.1937500000000001 0.7359375 0.1937500000000001 0.7359375 0.21250000000000008 0.753125 0.21250000000000008
4 0.790625 0.2156250000000001 0.7734375 0.2156250000000001 0.7734375 0.23593750000000008 0.790625 0.23593750000000008
2 0.8234375 9.9885254555456e-17 0.8078125 9.892849924362213e-17 0.8078125 0.0359375000000001 0.8234375 0.0359375000000001
4 0.6390625 0.3343750000000001 0.625 0.3343750000000001 0.625 0.3531250000000001 0.6390625 0.3531250000000001
4 0.6359375 0.34843750000000007 0.6171875 0.34843750000000007 0.6171875 0.3625000000000001 0.6359375 0.3625000000000001
2 0.6609375 0.34843750000000007 0.6359375 0.34843750000000007 0.6359375 0.37187500000000007 0.6609375 0.37187500000000007
2 0.653125 0.3671875000000001 0.628125 0.3671875000000001 0.628125 0.3890625000000001 0.653125 0.3890625000000001
0 0.6453125 0.3937500000000001 0.625 0.3937500000000001 0.625 0.41875 0.6453125 0.41875
2 0.68125 0.37187500000000007 0.659375 0.37187500000000007 0.659375 0.39531250000000007 0.68125 0.39531250000000007
2 0.7046875 0.3703125000000001 0.6796875 0.3703125000000001 0.6796875 0.3984375000000001 0.7046875 0.3984375000000001
2 0.5125 0.5015625 0.496875 0.5015625 0.496875 0.5421875 0.5125 0.5421875
2 0.4859375 0.515625 0.471875 0.515625 0.471875 0.5609375 0.4859375 0.5609375
2 0.6875 0.3500000000000001 0.6625 0.3500000000000001 0.6625 0.3750000000000001 0.6875 0.3750000000000001
2 0.490625 0.5609375 0.475 0.5609375 0.475 0.60625 0.490625 0.60625
3 0.93125 0.15312500000000012 0.9125 0.15312500000000012 0.9125 0.17500000000000013 0.93125 0.17500000000000013