2 0.3671875 0.28437500000000004 0.3515625 0.284375 0.3515625 0.29687500000000006 0.3671875 0.2968750000000001
2 0.528125 0.31718750000000007 0.5234375 0.31718750000000007 0.5234375 0.3421875000000001 0.528125 0.3421875000000001
2 0.5390625 0.3156250000000001 0.5328125 0.3156250000000001 0.5328125 0.34062500000000007 0.5390625 0.34062500000000007
2 0.5796875 0.3078125000000001 0.5734375 0.3078125000000001 0.5734375 0.3296875000000001 0.5796875 0.3296875000000001
2 0.5890625 0.3078125000000001 0.58125 0.3078125000000001 0.58125 0.3296875000000001 0.5890625 0.3296875000000001
4 0.5890625 0.27812500000000007 0.5859375 0.27812500000000007 0.5859375 0.2906250000000001 0.5890625 0.2906250000000001
4 0.56875 0.2750000000000001 0.565625 0.2750000000000001 0.565625 0.28593750000000007 0.56875 0.28593750000000007
4 0.5671875 0.2906250000000001 0.5640625 0.2906250000000001 0.5640625 0.30156250000000007 0.5671875 0.30156250000000007
4 0.5625 0.2921875000000001 0.5609375 0.2921875000000001 0.5609375 0.3000000000000001 0.5625 0.3000000000000001
4 0.559375 0.29375000000000007 0.55625 0.29375000000000007 0.55625 0.3031250000000001 0.559375 0.3031250000000001
4 0.5890625 0.2953125000000001 0.5875 0.2953125000000001 0.5875 0.3046875000000001 0.5890625 0.3046875000000001
4 0.6 0.3031250000000001 0.596875 0.3031250000000001 0.596875 0.3125000000000001 0.6 0.3125000000000001
4 0.6046875 0.3000000000000001 0.6015625 0.3000000000000001 0.6015625 0.3062500000000001 0.6046875 0.3062500000000001
4 0.5953125 0.2953125000000001 0.59375 0.2953125000000001 0.59375 0.30156250000000007 0.5953125 0.30156250000000007
4 0.5453125 0.2765625000000001 0.54375 0.2765625000000001 0.54375 0.28593750000000007 0.5453125 0.28593750000000007
4 0.5375 0.27812500000000007 0.5359375 0.27812500000000007 0.5359375 0.28593750000000007 0.5375 0.28593750000000007
4 0.45625 0.19687500000000005 0.4515625 0.19687500000000005 0.4515625 0.20312500000000008 0.45625 0.20312500000000008
4 0.4546875 0.20468750000000008 0.45 0.20468750000000008 0.45 0.21250000000000008 0.4546875 0.21250000000000008
4 0.55 0.22656250000000008 0.5484375 0.22656250000000008 0.5484375 0.23593750000000008 0.55 0.23593750000000008
4 0.5546875 0.22812500000000008 0.5515625 0.22812500000000008 0.5515625 0.23437500000000008 0.5546875 0.23437500000000008
4 0.584375 0.23593750000000008 0.5828125 0.23593750000000008 0.5828125 0.2484375000000001 0.584375 0.2484375000000001
4 0.5875 0.23437500000000008 0.5859375 0.23437500000000008 0.5859375 0.2484375000000001 0.5875 0.2484375000000001
4 0.5953125 0.2375000000000001 0.5921875 0.2375000000000001 0.5921875 0.2500000000000001 0.5953125 0.2500000000000001
4 0.6015625 0.2375000000000001 0.6 0.2375000000000001 0.6 0.2484375000000001 0.6015625 0.2484375000000001
4 0.5984375 0.23593750000000008 0.596875 0.23593750000000008 0.596875 0.2468750000000001 0.5984375 0.2468750000000001
5 0.7 0.3765625000000001 0.6609375 0.3765625000000001 0.6609375 0.3937500000000001 0.7 0.3937500000000001
5 0.759375 0.3765625000000001 0.715625 0.3765625000000001 0.715625 0.3921875000000001 0.759375 0.3921875000000001
1 0.846875 0.3937500000000001 0.81875 0.3937500000000001 0.81875 0.4078125000000002 0.846875 0.4078125000000002
0 0.890625 0.3781250000000001 0.88125 0.3781250000000001 0.88125 0.3859375000000001 0.890625 0.3859375000000001
4 0.996875 0.2312500000000001 0.990625 0.2312500000000001 0.990625 0.24218750000000008 0.996875 0.24218750000000008
2 0.10625000000000004 0.5 0.09062500000000007 0.5 0.09062500000000007 0.5109375 0.10625000000000004 0.5109375
2 0.1375000000000001 0.565625 0.12343750000000009 0.565625 0.12343750000000009 0.578125 0.1375000000000001 0.578125
2 0.18437500000000004 0.4765625 0.16875000000000004 0.4765625 0.16875000000000004 0.4875 0.18437500000000004 0.4875
3 0.2312500000000001 0.5015625 0.2171875000000001 0.5015625 0.2171875000000001 0.5125 0.2312500000000001 0.5125
5 0.3265625000000001 0.5453125 0.2671875000000001 0.5453125 0.2671875000000001 0.5625 0.3265625000000001 0.5625
5 0.1828125000000001 0.6359375 0.14843750000000008 0.6359375 0.14843750000000008 0.6515625 0.1828125000000001 0.6515625
5 0.3140625000000001 0.63125 0.2828125000000001 0.63125 0.2828125000000001 0.6421875 0.3140625000000001 0.6421875
3 0.3890625000000001 0.5578125 0.3734375000000001 0.5578125 0.3734375000000001 0.5703125 0.3890625000000001 0.5703125
4 0.2906250000000001 0.4578125 0.2828125000000001 0.4578125 0.2828125000000001 0.4640625 0.2906250000000001 0.4640625
2 0.4171875 0.4796875 0.4015625 0.4796875 0.4015625 0.490625 0.4171875 0.490625
2 0.4296875 0.525 0.41875 0.525 0.41875 0.5359375 0.4296875 0.5359375
2 0.4859375 0.5203125 0.4734375 0.5203125 0.4734375 0.5328125 0.4859375 0.5328125
6 0.63125 0.46875 0.6046875 0.46875 0.6046875 0.4828125 0.63125 0.4828125
6 0.525 0.615625 0.4984375 0.615625 0.4984375 0.63125 0.525 0.63125
0 0.5890625 0.6078125 0.578125 0.6078125 0.578125 0.615625 0.5890625 0.615625
4 0.58125 0.6 0.575 0.6 0.575 0.60625 0.58125 0.60625
4 0.71875 0.5546875 0.7125 0.5546875 0.7125 0.5609375 0.71875 0.5609375
4 0.7234375 0.6625 0.7203125 0.6625 0.7203125 0.678125 0.7234375 0.678125
2 0.6953125 0.515625 0.6796875 0.515625 0.6796875 0.5265625 0.6953125 0.5265625
2 0.690625 0.4859375 0.6796875 0.4859375 0.6796875 0.4984375 0.690625 0.4984375
2 0.7890625 0.5828125000000002 0.775 0.5828125000000002 0.775 0.5953125000000001 0.7890625 0.5953125000000001
2 0.7421875 0.6437500000000002 0.7359375 0.6437500000000002 0.7359375 0.6671875000000002 0.7421875 0.6671875000000002
2 0.6890625 0.6265625 0.6828125 0.6265625 0.6828125 0.6515625 0.6890625 0.6515625
2 0.703125 0.6390625 0.696875 0.6390625 0.696875 0.659375 0.703125 0.659375
3 0.70625 0.6140625 0.696875 0.6140625 0.696875 0.634375 0.70625 0.634375
3 0.73125 0.5234375000000001 0.715625 0.5234375 0.715625 0.534375 0.73125 0.5343750000000002
5 0.803125 0.5312500000000002 0.759375 0.5312500000000002 0.759375 0.5500000000000002 0.803125 0.5500000000000002
6 0.8328125 0.46406250000000016 0.809375 0.46406250000000016 0.809375 0.47656250000000017 0.8328125 0.47656250000000017
6 0.9265625 0.6312500000000002 0.8875 0.6312500000000002 0.8875 0.6500000000000001 0.9265625 0.6500000000000001
3 0.8796875 0.5828125000000002 0.859375 0.5828125000000002 0.859375 0.5984375000000002 0.8796875 0.5984375000000002
3 0.9015625 0.46875000000000017 0.8859375 0.46875000000000017 0.8859375 0.4812500000000002 0.9015625 0.4812500000000002
2 0.8890625 0.4859375000000002 0.8734375 0.4859375000000002 0.8734375 0.4968750000000002 0.8890625 0.4968750000000002
0 0.846875 0.6015625000000002 0.8375 0.6015625000000002 0.8375 0.6109375000000001 0.846875 0.6109375000000001
0 0.8484375 0.6437500000000002 0.8390625 0.6437500000000002 0.8390625 0.6546875000000002 0.8484375 0.6546875000000002
4 0.9390625 0.5812500000000002 0.934375 0.5812500000000002 0.934375 0.5875000000000001 0.9390625 0.5875000000000001
4 0.9875 0.5828125000000002 0.98125 0.5828125000000002 0.98125 0.5890625000000002 0.9875 0.5890625000000002
2 0.96875 0.5937500000000002 0.953125 0.5937500000000002 0.953125 0.6078125000000002 0.96875 0.6078125000000002
2 1 0.915625 0.99375 0.915625 0.99375 0.9359375 1 0.9359375
2 0.9890625 0.8640625 0.98125 0.8640625 0.98125 0.8875 0.9890625 0.8875
2 0.9796875 0.8921875 0.9734375 0.8921875 0.9734375 0.9140625 0.9796875 0.9140625
2 0.9734375 0.896875 0.9640625 0.896875 0.9640625 0.9234375 0.9734375 0.9234375
2 0.965625 0.8125 0.9546875 0.8125 0.9546875 0.8234375 0.965625 0.8234375
2 0.9640625 0.7968750000000002 0.9546875 0.7968750000000002 0.9546875 0.8078125 0.9640625 0.8078125
3 0.7390625000000002 0.884375 0.7328125000000002 0.884375 0.7328125000000002 0.915625 0.7390625000000002 0.915625
3 0.7859375000000002 0.85 0.7671875000000001 0.85 0.7671875000000001 0.8640625 0.7859375000000002 0.8640625
2 0.0328125000000001 0.8203125 0.0234375000000001 0.8203125 0.0234375000000001 0.8375 0.0328125000000001 0.8375
5 0.06250000000000008 0.721875 0.05312500000000009 0.721875 0.05312500000000009 0.771875 0.06250000000000008 0.771875
5 0.09218750000000009 0.709375 0.08125000000000009 0.709375 0.08125000000000009 0.759375 0.09218750000000009 0.759375
5 0.1609375000000001 0.66875 0.12500000000000008 0.66875 0.12500000000000008 0.6875 0.1609375000000001 0.6875
5 0.06093750000000011 0.9140625 0.050000000000000114 0.9140625 0.050000000000000114 0.9546875 0.06093750000000011 0.9546875
2 0.1515625000000001 0.6140625 0.14062500000000008 0.6140625 0.14062500000000008 0.621875 0.1515625000000001 0.621875
4 0.03281250000000008 0.621875 0.025000000000000078 0.621875 0.025000000000000078 0.628125 0.03281250000000008 0.628125
2 0.6015625 0.621875 0.590625 0.621875 0.590625 0.63125 0.6015625 0.63125
2 0.7 0.659375 0.6953125 0.659375 0.6953125 0.684375 0.7 0.684375
3 0.784375 0.6640625000000002 0.76875 0.6640625000000002 0.76875 0.6781250000000002 0.784375 0.6781250000000002