2 0.35 0.2828125 0.3328125 0.2828125 0.3328125 0.296875 0.35 0.296875
2 0.4078125 0.24218750000000008 0.3953125 0.24218750000000008 0.3953125 0.2640625000000001 0.4078125 0.2640625000000001
2 0.4015625 0.2093750000000001 0.384375 0.2093750000000001 0.384375 0.22812500000000008 0.4015625 0.22812500000000008
2 0.5109375 0.30937500000000007 0.503125 0.30937500000000007 0.503125 0.3390625000000001 0.5109375 0.3390625000000001
2 0.521875 0.3125000000000001 0.5125 0.3125000000000001 0.5125 0.3421875000000001 0.521875 0.3421875000000001
2 0.5609375 0.3062500000000001 0.5546875 0.3062500000000001 0.5546875 0.3312500000000001 0.5609375 0.3312500000000001
2 0.571875 0.3062500000000001 0.5625 0.3062500000000001 0.5625 0.3296875000000001 0.571875 0.3296875000000001
2 0.9640625 0.853125 0.953125 0.853125 0.953125 0.8796875 0.9640625 0.8796875
2 0.9484375 0.8875 0.9390625 0.8875 0.9390625 0.915625 0.9484375 0.915625
2 0.7234375 0.6421875 0.715625 0.6421875 0.715625 0.665625 0.7234375 0.665625
6 0.903125 0.6250000000000002 0.8625 0.6250000000000002 0.8625 0.6453125000000002 0.903125 0.6453125000000002
5 0.740625 0.3734375000000001 0.69375 0.3734375000000001 0.69375 0.3937500000000001 0.740625 0.3937500000000001
6 0.6796875 0.37187500000000007 0.6390625 0.37187500000000007 0.6390625 0.3921875000000001 0.6796875 0.3921875000000001
6 0.2921875000000001 0.6296875 0.2609375000000001 0.6296875 0.2609375000000001 0.65 0.2921875000000001 0.65
6 0.16562500000000008 0.6375 0.12656250000000008 0.6375 0.12656250000000008 0.65625 0.16562500000000008 0.65625
6 0.14062500000000008 0.6671875 0.10156250000000008 0.6671875 0.10156250000000008 0.6921875 0.14062500000000008 0.6921875
4 0.55 0.2718750000000001 0.5453125 0.2718750000000001 0.5453125 0.28593750000000007 0.55 0.28593750000000007
3 0.7671875000000001 0.8421875 0.7453125000000002 0.8421875 0.7453125000000002 0.859375 0.7671875000000001 0.859375
3 0.7203125000000001 0.878125 0.7109375000000002 0.878125 0.7109375000000002 0.9140625 0.7203125000000001 0.9140625
4 0.528125 0.2718750000000001 0.525 0.2718750000000001 0.525 0.28593750000000007 0.528125 0.28593750000000007
4 0.54375 0.2843750000000001 0.540625 0.2843750000000001 0.540625 0.2984375000000001 0.54375 0.2984375000000001
4 0.571875 0.2734375000000001 0.5671875 0.2734375000000001 0.5671875 0.2890625000000001 0.571875 0.2890625000000001
4 0.58125 0.2984375000000001 0.5765625 0.2984375000000001 0.5765625 0.3140625000000001 0.58125 0.3140625000000001
4 0.56875 0.2312500000000001 0.565625 0.2312500000000001 0.565625 0.2468750000000001 0.56875 0.2468750000000001
4 0.534375 0.2234375000000001 0.53125 0.2234375000000001 0.53125 0.2328125000000001 0.534375 0.2328125000000001
4 0.54375 0.2218750000000001 0.5390625 0.2218750000000001 0.5390625 0.23437500000000008 0.54375 0.23437500000000008
4 0.5828125 0.23593750000000008 0.5796875 0.23593750000000008 0.5796875 0.2500000000000001 0.5828125 0.2500000000000001
4 0.5203125 0.2734375000000001 0.515625 0.2734375000000001 0.515625 0.28593750000000007 0.5203125 0.28593750000000007
4 0.415625 0.2671875000000001 0.4125 0.2671875000000001 0.4125 0.2812500000000001 0.415625 0.2812500000000001
4 0.5765625 0.23593750000000008 0.571875 0.23593750000000008 0.571875 0.2500000000000001 0.5765625 0.2500000000000001
4 0.5328125 0.2734375000000001 0.5296875 0.2734375000000001 0.5296875 0.2875000000000001 0.5328125 0.2875000000000001
4 0.5390625 0.2906250000000001 0.5359375 0.2906250000000001 0.5359375 0.30156250000000007 0.5390625 0.30156250000000007
4 0.5484375 0.2890625000000001 0.5453125 0.2890625000000001 0.5453125 0.3000000000000001 0.5484375 0.3000000000000001
0 0.8265625 0.6343750000000001 0.8125 0.6343750000000001 0.8125 0.6484375000000002 0.8265625 0.6484375000000002
2 0.6828125 0.640625 0.6765625 0.640625 0.6765625 0.6640625 0.6828125 0.6640625
2 0.6765625 0.621875 0.6703125 0.621875 0.6703125 0.646875 0.6765625 0.646875
2 0.66875 0.625 0.6625 0.625 0.6625 0.646875 0.66875 0.646875
2 0.675 0.6484375 0.66875 0.6484375 0.66875 0.6671875 0.675 0.6671875
0 0.825 0.5984375000000002 0.8125 0.5984375000000002 0.8125 0.6078125000000002 0.825 0.6078125000000002
2 0.9734375 0.90625 0.9671875 0.90625 0.9671875 0.9296875 0.9734375 0.9296875
0 0.8703125 0.3781250000000001 0.8578125 0.3781250000000001 0.8578125 0.3906250000000001 0.8703125 0.3906250000000001
2 0.9796875 0.8453125 0.9671875 0.8453125 0.9671875 0.86875 0.9796875 0.86875
5 0.9984375 0.5500000000000002 0.9265625 0.5500000000000002 0.9265625 0.5734375000000002 0.9984375 0.5734375000000002
2 0.99375 0.7921875000000002 0.978125 0.7921875000000002 0.978125 0.821875 0.99375 0.821875
0 0.7984375 0.5968750000000002 0.7859375 0.5968750000000002 0.7859375 0.6109375000000001 0.7984375 0.6109375000000001
6 0.734375 0.5937500000000001 0.7078125 0.59375 0.7078125 0.6109375000000001 0.734375 0.6109375000000001
3 0.759375 0.5906250000000002 0.7390625 0.5906250000000002 0.7390625 0.6031250000000001 0.759375 0.6031250000000001
2 0.5046875 0.51875 0.4890625 0.51875 0.4890625 0.5296875 0.5046875 0.5296875
2 0.5828125 0.61875 0.5703125 0.61875 0.5703125 0.6296875 0.5828125 0.6296875
6 0.5671875 0.6 0.5390625 0.6 0.5390625 0.6171875 0.5671875 0.6171875
2 0.471875 0.5953125 0.4546875 0.5953125 0.4546875 0.6109375 0.471875 0.6109375
2 0.85 0.5890625000000002 0.840625 0.5890625000000002 0.840625 0.6171875000000002 0.85 0.6171875000000002
4 0.4078125 0.4046875 0.3968750000000001 0.4046875 0.3968750000000001 0.4171875 0.4078125 0.4171875
5 0.89375 0.5250000000000001 0.8375 0.5250000000000001 0.8375 0.5437500000000002 0.89375 0.5437500000000002
6 1 0.5859375000000002 0.96875 0.5859375000000002 0.96875 0.6109375000000001 1 0.6109375000000001
6 0.8640625 0.7140625000000002 0.825 0.7140625000000002 0.825 0.7343750000000002 0.8640625 0.7343750000000002
6 0.06093750000000005 0.428125 0.01562500000000005 0.428125 0.015625000000000052 0.4453125 0.06093750000000005 0.4453125
1 0.12343750000000005 0.4640625 0.08750000000000006 0.4640625 0.08750000000000006 0.4796875 0.12343750000000005 0.4796875
2 0.2890625000000001 0.4703125 0.2734375000000001 0.4703125 0.2734375000000001 0.4859375 0.2890625000000001 0.4859375
4 0.40625 0.453125 0.3968750000000001 0.453125 0.3968750000000001 0.465625 0.40625 0.465625
6 0.4734375 0.4671875 0.4453125 0.4671875 0.4453125 0.4859375 0.4734375 0.4859375
6 0.628125 0.4640625 0.609375 0.4640625 0.609375 0.4828125 0.628125 0.4828125
2 0.671875 0.48125 0.653125 0.48125 0.653125 0.496875 0.671875 0.496875
4 0.7375 0.4390625000000002 0.73125 0.4390625000000002 0.73125 0.44843750000000016 0.7375 0.44843750000000016
4 0.8421875 0.2796875000000001 0.8375 0.2796875000000001 0.8375 0.2953125000000001 0.8421875 0.2953125000000001
4 0.709375 0.5421875 0.7015625 0.5421875 0.7015625 0.55625 0.709375 0.55625
2 0.7296875 0.5546875000000001 0.7140625 0.5546875 0.7140625 0.5687500000000001 0.7296875 0.5687500000000002
6 0.6578125 0.5265625 0.63125 0.5265625 0.63125 0.546875 0.6578125 0.546875
6 0.6703125 0.578125 0.6265625 0.578125 0.6265625 0.5953125 0.6703125 0.5953125
6 0.4265625 0.515625 0.3968750000000001 0.515625 0.3968750000000001 0.5328125 0.4265625 0.5328125
5 0.4515625 0.5359375 0.415625 0.5359375 0.415625 0.5546875 0.4515625 0.5546875
6 0.33281250000000007 0.540625 0.3000000000000001 0.540625 0.3000000000000001 0.5609375 0.33281250000000007 0.5609375
2 0.2812500000000001 0.5609375 0.2671875000000001 0.5609375 0.2671875000000001 0.5765625 0.2812500000000001 0.5765625
4 0.9359375 0.37968750000000007 0.928125 0.37968750000000007 0.928125 0.3921875000000001 0.9359375 0.3921875000000001
4 0.86875 0.5953125000000001 0.859375 0.5953125000000001 0.859375 0.6046875000000002 0.86875 0.6046875000000002
4 0.8859375 0.6093750000000002 0.8796875 0.6093750000000002 0.8796875 0.6187500000000001 0.8859375 0.6187500000000001
4 0.8484375 0.6375000000000002 0.8421875 0.6375000000000002 0.8421875 0.6515625000000002 0.8484375 0.6515625000000002