0 0.3531250000000001 0.5734375 0.3375000000000001 0.5734375 0.3375000000000001 0.590625 0.3531250000000001 0.590625
4 0.09375 0.039062500000000014 0.0796875 0.039062500000000014 0.0796875 0.06875 0.09375 0.06875000000000002
4 0.010937500000000013 0.0921875 0.0015625000000000111 0.0921875 0.0015625000000000129 0.1171875 0.010937500000000013 0.1171875
4 0.010937500000000005 0.0171875 0.001562500000000002 0.0171875 0.0015625000000000036 0.0421875 0.010937500000000006 0.0421875
4 0.0203125 0.003125000000000002 0.00625 0.0031250000000000015 0.006250000000000001 0.0140625 0.0203125 0.0140625
2 0.04375000000000004 0.271875 0.023437500000000035 0.271875 0.023437500000000035 0.3234375 0.043750000000000046 0.3234375
2 0.017187500000000043 0.296875 3.6356701849687046e-17 0.296875 3.9322643316372043e-17 0.3453125 0.017187500000000043 0.3453125
2 0.15937500000000004 0.2609375 0.14062500000000006 0.2609375 0.14062500000000006 0.3046875 0.15937500000000004 0.3046875
5 0.06718750000000004 0.4015625 0.026562500000000044 0.4015625 0.02656250000000005 0.4328125 0.06718750000000004 0.4328125
4 0.10468750000000004 0.3890625 0.09218750000000005 0.3890625 0.09218750000000005 0.4140625 0.10468750000000004 0.4140625
4 0.13906250000000003 0.3765625 0.12187500000000004 0.3765625 0.12187500000000004 0.4046875 0.13906250000000003 0.4046875
4 0.042187500000000065 0.5265625 0.025000000000000067 0.5265625 0.025000000000000067 0.540625 0.042187500000000065 0.540625
2 0.03906250000000007 0.5390625 0.012500000000000067 0.5390625 0.012500000000000067 0.559375 0.03906250000000007 0.559375
2 0.06875000000000006 0.5484375 0.042187500000000065 0.5484375 0.042187500000000065 0.5734375 0.06875000000000006 0.5734375
4 0.029687500000000068 0.5703125 0.014062500000000071 0.5703125 0.014062500000000071 0.5890625 0.029687500000000068 0.5890625
2 0.06093750000000007 0.571875 0.03125000000000007 0.571875 0.03125000000000007 0.596875 0.06093750000000007 0.596875
2 0.2015625000000001 0.565625 0.1671875000000001 0.565625 0.1671875000000001 0.590625 0.2015625000000001 0.590625
2 0.20312500000000008 0.4359375 0.17968750000000006 0.4359375 0.17968750000000006 0.45625 0.20312500000000008 0.45625
5 0.21250000000000008 0.4796875 0.18593750000000003 0.4796875 0.18593750000000003 0.5015625 0.21250000000000008 0.5015625
0 0.20312500000000008 0.384375 0.18437500000000004 0.384375 0.18437500000000004 0.4 0.20312500000000008 0.4
3 0.2906250000000001 0.446875 0.2312500000000001 0.446875 0.2312500000000001 0.4859375 0.2906250000000001 0.4859375
4 0.3062500000000001 0.4328125 0.2921875000000001 0.4328125 0.2921875000000001 0.4453125 0.3062500000000001 0.4453125
4 0.3062500000000001 0.5375 0.2921875000000001 0.5375 0.2921875000000001 0.5484375 0.3062500000000001 0.5484375
2 0.35625000000000007 0.465625 0.3312500000000001 0.465625 0.3312500000000001 0.4875 0.35625000000000007 0.4875
5 0.3687500000000001 0.4046875 0.3421875000000001 0.4046875 0.3421875000000001 0.425 0.3687500000000001 0.425
2 0.4125 0.415625 0.3906250000000001 0.415625 0.3906250000000001 0.4359375 0.4125 0.4359375
2 0.428125 0.4375 0.4 0.4375 0.4 0.459375 0.428125 0.459375
2 0.5125 0.3609375000000001 0.4859375 0.3609375000000001 0.4859375 0.3859375000000001 0.5125 0.3859375000000001
0 0.4921875 0.425 0.4734375 0.425 0.4734375 0.446875 0.4921875 0.446875
2 0.4796875 0.45 0.4578125 0.45 0.4578125 0.4734375 0.4796875 0.4734375
2 0.5484375 0.44375 0.525 0.44375 0.525 0.46875 0.5484375 0.46875
0 0.5859375 0.415625 0.56875 0.415625 0.56875 0.434375 0.5859375 0.434375
2 0.6 0.4359375 0.5765625 0.4359375 0.5765625 0.4578125 0.6 0.4578125
0 0.6265625 0.4421875 0.6078125 0.4421875 0.6078125 0.4625 0.6265625 0.4625
0 0.6609375 0.3812500000000001 0.64375 0.3812500000000001 0.64375 0.4 0.6609375 0.4
2 0.6875 0.4046875 0.659375 0.4046875 0.659375 0.4265625 0.6875 0.4265625
4 0.715625 0.3937500000000001 0.7 0.3937500000000001 0.7 0.4078125 0.715625 0.4078125
4 0.7671875 0.3921875000000001 0.7515625 0.3921875000000001 0.7515625 0.40625000000000017 0.7671875 0.40625000000000017
2 0.8359375 0.3781250000000001 0.8078125 0.3781250000000001 0.8078125 0.4000000000000002 0.8359375 0.4000000000000002
4 0.88125 0.3828125000000001 0.8671875 0.3828125000000001 0.8671875 0.3984375000000001 0.88125 0.3984375000000001
4 0.8421875 0.35625000000000007 0.83125 0.35625000000000007 0.83125 0.3703125000000001 0.8421875 0.3703125000000001
4 0.896875 0.3593750000000001 0.8828125 0.3593750000000001 0.8828125 0.3750000000000001 0.896875 0.3750000000000001
4 0.8984375 0.3843750000000001 0.8828125 0.3843750000000001 0.8828125 0.4031250000000002 0.8984375 0.4031250000000002
2 0.9109375 0.3125000000000001 0.8828125 0.3125000000000001 0.8828125 0.3375000000000001 0.9109375 0.3375000000000001
2 0.95625 0.3937500000000001 0.9265625 0.3937500000000001 0.9265625 0.41718750000000016 0.95625 0.41718750000000016
2 0.996875 0.3062500000000001 0.9625 0.3062500000000001 0.9625 0.3296875000000001 0.996875 0.3296875000000001
4 1 0.3468750000000001 0.9859375 0.3468750000000001 0.9859375 0.3671875000000001 1 0.3671875000000001
2 0.7875 0.2312500000000001 0.759375 0.2312500000000001 0.759375 0.2578125000000001 0.7875 0.2578125000000001
2 0.778125 0.14843750000000008 0.753125 0.14843750000000008 0.753125 0.1750000000000001 0.778125 0.1750000000000001
4 0.8984375 0.4968750000000002 0.88125 0.4968750000000002 0.88125 0.5203125000000002 0.8984375 0.5203125000000002