3 0.014062500000000061 0.5078125 6.218909526920153e-17 0.5078125 6.285882398748523e-17 0.51875 0.014062500000000061 0.51875
3 0.12500000000000008 0.55 0.10312500000000009 0.55 0.10312500000000009 0.56875 0.12500000000000008 0.56875
5 0.13437500000000008 0.6703125 0.0906250000000001 0.6703125 0.0906250000000001 0.6953125 0.13437500000000008 0.6953125
5 0.1546875000000001 0.6375 0.11718750000000008 0.6375 0.11718750000000008 0.6578125 0.1546875000000001 0.6578125
4 0.1984375000000001 0.6125 0.18750000000000008 0.6125 0.18750000000000008 0.6265625 0.1984375000000001 0.6265625
5 0.2890625000000001 0.6265625 0.2531250000000001 0.6265625 0.2531250000000001 0.65625 0.2890625000000001 0.65625
6 0.38750000000000007 0.5578125 0.3515625000000001 0.5578125 0.3515625000000001 0.578125 0.38750000000000007 0.578125
2 0.22656250000000008 0.4953125 0.21250000000000008 0.4953125 0.21250000000000008 0.509375 0.22656250000000008 0.509375
4 0.24218750000000008 0.4609375 0.2328125000000001 0.4609375 0.2328125000000001 0.4703125 0.24218750000000008 0.4703125
2 0.421875 0.45625 0.40625 0.45625 0.40625 0.46875 0.421875 0.46875
2 0.46875 0.4859375 0.4484375 0.4859375 0.4484375 0.5046875 0.46875 0.5046875
2 0.4953125 0.5515625 0.475 0.5515625 0.475 0.565625 0.4953125 0.565625
6 0.5046875 0.5203125 0.4875 0.5203125 0.4875 0.5375 0.5046875 0.5375
2 0.628125 0.521875 0.6125 0.521875 0.6125 0.5421875 0.628125 0.5421875
6 0.5015625 0.615625 0.471875 0.615625 0.471875 0.6359375 0.5015625 0.6359375
3 0.575 0.6203125 0.5640625 0.6203125 0.5640625 0.6328125 0.575 0.6328125
0 0.7203125 0.5765625 0.7078125 0.5765625 0.7078125 0.5890625 0.7203125 0.5890625
0 0.7578125 0.5953125000000001 0.746875 0.5953125000000001 0.746875 0.6140625000000002 0.7578125 0.6140625000000002
4 0.778125 0.5812500000000002 0.7703125 0.5812500000000002 0.7703125 0.5921875000000002 0.778125 0.5921875000000002
0 0.8171875 0.6031250000000001 0.8078125 0.6031250000000001 0.8078125 0.6140625000000002 0.8171875 0.6140625000000002
5 0.840625 0.5640625000000001 0.81875 0.5640625000000001 0.81875 0.6234375000000002 0.840625 0.6234375000000002
4 0.8546875 0.5828125000000002 0.8484375 0.5828125000000002 0.8484375 0.5937500000000002 0.8546875 0.5937500000000002
4 0.8546875 0.6187500000000001 0.846875 0.6187500000000001 0.846875 0.6250000000000002 0.8546875 0.6250000000000002
0 0.875 0.6078125000000002 0.865625 0.6078125000000002 0.865625 0.6187500000000001 0.875 0.6187500000000001
4 0.8796875 0.5812500000000002 0.8734375 0.5812500000000002 0.8734375 0.5875000000000001 0.8796875 0.5875000000000001
3 0.9171875 0.5875000000000001 0.8984375 0.5875000000000001 0.8984375 0.6062500000000002 0.9171875 0.6062500000000002
5 0.8953125 0.6312500000000002 0.85625 0.6312500000000002 0.85625 0.6546875000000002 0.8953125 0.6546875000000002
2 0.7734375 0.4265625000000002 0.7578125 0.4265625000000002 0.7578125 0.4437500000000002 0.7734375 0.4437500000000002
3 0.821875 0.4234375000000002 0.80625 0.4234375000000002 0.80625 0.44062500000000016 0.821875 0.44062500000000016
3 0.8328125 0.3859375000000001 0.8140625 0.3859375000000001 0.8140625 0.40625000000000017 0.8328125 0.40625000000000017
5 0.7375 0.3750000000000001 0.6875 0.3750000000000001 0.6875 0.4093750000000001 0.7375 0.40937500000000016
1 0.6734375 0.37968750000000007 0.634375 0.37968750000000007 0.634375 0.3984375000000001 0.6734375 0.3984375000000001
4 0.6734375 0.4046875 0.665625 0.4046875 0.665625 0.4109375 0.6734375 0.4109375