2 0.021875000000000096 0.7734375 9.47187758715531e-17 0.7734375 9.6919313088771e-17 0.809375 0.0218750000000001 0.809375
2 0.2015625000000001 0.7625 0.1750000000000001 0.7625 0.1750000000000001 0.7953125 0.2015625000000001 0.7953125
2 0.2375000000000001 0.7859375 0.21093750000000008 0.7859375 0.21093750000000008 0.8171875 0.2375000000000001 0.8171875
2 0.5250000000000001 0.6984375 0.503125 0.6984375 0.503125 0.7515625 0.5250000000000001 0.7515625
2 0.5421875 0.63125 0.521875 0.63125 0.521875 0.675 0.5421875 0.675
2 0.5390625000000002 0.8375 0.5125000000000002 0.8375 0.5125000000000002 0.86875 0.5390625000000002 0.86875
2 0.5937500000000002 0.8375 0.5656250000000002 0.8375 0.5656250000000002 0.865625 0.5937500000000002 0.865625
2 0.6515625000000002 0.7828125 0.6218750000000002 0.7828125 0.6218750000000002 0.8109375 0.6515625000000002 0.8109375
4 0.3390625000000001 0.7328125 0.3218750000000001 0.7328125 0.3218750000000001 0.759375 0.3390625000000001 0.759375
4 0.18593750000000012 0.890625 0.1703125000000001 0.890625 0.17031250000000012 0.9171875 0.18593750000000014 0.9171875
4 0.32500000000000007 0.8625 0.3078125000000001 0.8625 0.3078125000000001 0.8921875 0.32500000000000007 0.8921875
4 0.3687500000000001 0.865625 0.3531250000000001 0.865625 0.3531250000000001 0.890625 0.3687500000000001 0.890625
4 0.4859375000000002 0.8625 0.4703125000000002 0.8625 0.4703125000000002 0.884375 0.4859375000000002 0.884375
0 0.47968750000000016 0.815625 0.4656250000000002 0.815625 0.4656250000000002 0.846875 0.47968750000000016 0.846875
4 0.6000000000000002 0.8671875 0.5843750000000002 0.8671875 0.5843750000000002 0.890625 0.6000000000000002 0.890625
4 0.7156250000000002 0.8765625 0.7015625000000002 0.8765625 0.7015625000000002 0.9015625 0.7156250000000002 0.9015625
1 0.7953125000000002 0.7828125000000001 0.7265625000000002 0.7828125000000001 0.7265625000000002 0.828125 0.7953125000000002 0.828125
4 0.8 0.8328125 0.7796875000000002 0.8328125 0.7796875000000002 0.8578125 0.8 0.8578125
2 0.8796875 0.853125 0.8453125 0.853125 0.8453125 0.884375 0.8796875 0.884375
2 0.8921875 0.7593750000000001 0.8671875 0.7593750000000001 0.8671875 0.7890625000000002 0.8921875 0.7890625000000002
2 0.9578125 0.8734375 0.928125 0.8734375 0.928125 0.9 0.9578125 0.9
6 1 0.7984375000000001 0.9609375 0.7984375000000001 0.9609375 0.8328125 1 0.8328125
2 0.5203125 0.22031250000000008 0.50625 0.22031250000000008 0.50625 0.2656250000000001 0.5203125 0.2656250000000001
4 0.46875 0.2828125000000001 0.4578125 0.2828125000000001 0.4578125 0.3125000000000001 0.46875 0.3125000000000001
4 0.515625 0.3421875000000001 0.5078125 0.3421875000000001 0.5078125 0.3703125000000001 0.515625 0.3703125000000001
4 0.5296875 0.3265625000000001 0.51875 0.3265625000000001 0.51875 0.3531250000000001 0.5296875 0.3531250000000001
2 0.515625 0.048437500000000064 0.5 0.048437500000000064 0.5 0.10000000000000005 0.515625 0.10000000000000005