2 0.0578125 5.931882933369992e-18 0.0390625 4.783776559169349e-18 0.0390625 0.021875000000000006 0.0578125 0.021875000000000006
4 0.0640625 0.014062500000000006 0.05625 0.014062500000000006 0.05625 0.029687500000000012 0.0640625 0.029687500000000012
2 0.026562500000000006 0.023437500000000003 0.007812500000000003 0.0234375 0.007812500000000005 0.0640625 0.02656250000000001 0.0640625
2 0.04531250000000001 0.0828125 0.025000000000000012 0.0828125 0.025000000000000012 0.128125 0.04531250000000001 0.128125
4 0.034375 0.0015625000000000036 0.025 0.0015625000000000027 0.025 0.020312500000000004 0.034375 0.020312500000000004
4 0.0234375 2.3918882795846747e-18 0.015625 1.9135106236677394e-18 0.015625 0.018750000000000003 0.0234375 0.018750000000000006
4 0.007812500000000007 0.0546875 6.6972871828370884e-18 0.0546875 8.036744619404506e-18 0.0765625 0.007812500000000009 0.0765625
2 0.042187500000000024 0.1640625 0.02812500000000002 0.1640625 0.02812500000000002 0.209375 0.042187500000000024 0.209375
2 0.06093750000000002 0.1703125 0.04062500000000002 0.1703125 0.04062500000000002 0.2140625 0.06093750000000002 0.2140625
2 0.03281250000000003 0.2109375 0.014062500000000028 0.2109375 0.01406250000000003 0.2625 0.032812500000000036 0.2625
2 0.04843750000000003 0.2171875 0.029687500000000023 0.2171875 0.029687500000000026 0.2609375 0.048437500000000036 0.2609375
3 0.08281250000000004 0.290625 0.057812500000000044 0.290625 0.057812500000000044 0.3609375 0.08281250000000004 0.3609375
0 0.03750000000000003 0.2671875 0.020312500000000032 0.2671875 0.020312500000000032 0.2921875 0.03750000000000003 0.2921875
4 0.017187500000000033 0.265625 0.003125000000000032 0.265625 0.003125000000000033 0.284375 0.017187500000000033 0.284375
2 0.015625000000000035 0.284375 3.482589335075286e-17 0.284375 3.788751034862124e-17 0.334375 0.015625000000000038 0.334375
2 0.16406250000000006 0.240625 0.14375000000000004 0.240625 0.14375000000000004 0.28125 0.16406250000000006 0.28125
2 0.10000000000000005 0.4484375 0.07187500000000005 0.4484375 0.07187500000000005 0.4703125 0.10000000000000005 0.4703125
4 0.15781250000000005 0.4359375 0.14375000000000004 0.4359375 0.14375000000000004 0.45 0.15781250000000005 0.45
0 0.20312500000000006 0.3625 0.18437500000000004 0.3625 0.18437500000000004 0.38125 0.20312500000000008 0.38125
4 0.25468750000000007 0.378125 0.24375000000000008 0.378125 0.24375000000000008 0.3921875 0.25468750000000007 0.3921875
4 0.26562500000000006 0.3625 0.2546875 0.3625 0.25468750000000007 0.371875 0.2656250000000001 0.371875
4 0.28593750000000007 0.4328125 0.2718750000000001 0.4328125 0.2718750000000001 0.4453125 0.28593750000000007 0.4453125
2 0.4515625 0.4421875 0.4265625 0.4421875 0.4265625 0.4640625 0.4515625 0.4640625
2 0.5125 0.3578125000000001 0.4859375 0.3578125000000001 0.4859375 0.3781250000000001 0.5125 0.3781250000000001
2 0.6140625 0.4390625 0.5859375 0.4390625 0.5859375 0.4640625 0.6140625 0.4640625
4 0.65 0.421875 0.6390625 0.421875 0.6390625 0.434375 0.65 0.434375
4 0.8015625 0.40156250000000016 0.7875 0.40156250000000016 0.7875 0.4156250000000002 0.8015625 0.4156250000000002
2 0.78125 0.1593750000000001 0.75625 0.1593750000000001 0.75625 0.1828125000000001 0.78125 0.1828125000000001
2 0.7921875 0.2406250000000001 0.7640625 0.2406250000000001 0.7640625 0.2687500000000001 0.7921875 0.2687500000000001
0 0.9359375 0.40625000000000017 0.9203125 0.40625000000000017 0.9203125 0.42500000000000016 0.9359375 0.42500000000000016
6 0.4859375 0.5765625 0.4453125 0.5765625 0.4453125 0.603125 0.4859375 0.603125
2 0.2000000000000001 0.525 0.17500000000000004 0.525 0.17500000000000007 0.5453125 0.2000000000000001 0.5453125
2 0.18125000000000008 0.55 0.15781250000000008 0.55 0.15781250000000008 0.5703125 0.18125000000000008 0.5703125
2 0.16562500000000005 0.4984375 0.13906250000000003 0.4984375 0.13906250000000003 0.5203125 0.16562500000000005 0.5203125
2 0.16562500000000008 0.5296875 0.14218750000000005 0.5296875 0.14218750000000008 0.55 0.16562500000000008 0.55
2 0.13750000000000004 0.5046875 0.11250000000000004 0.5046875 0.11250000000000004 0.525 0.13750000000000004 0.525
2 0.14062500000000006 0.5296875 0.11718750000000004 0.5296875 0.11718750000000007 0.55 0.14062500000000008 0.55
2 0.14218750000000008 0.55 0.11562500000000009 0.55 0.11562500000000009 0.571875 0.14218750000000008 0.571875
3 0.11093750000000005 0.5078125 0.09062500000000007 0.5078125 0.09062500000000007 0.525 0.11093750000000005 0.525
2 0.08593750000000007 0.503125 0.05937500000000007 0.503125 0.05937500000000007 0.528125 0.08593750000000007 0.528125
2 0.08906250000000007 0.5328125 0.06406250000000006 0.5328125 0.06406250000000006 0.5546875 0.08906250000000007 0.5546875
2 0.11406250000000007 0.53125 0.09218750000000006 0.53125 0.09218750000000006 0.55 0.1140625000000001 0.55
4 0.10937500000000008 0.5515625 0.09843750000000007 0.5515625 0.09843750000000007 0.5609375 0.10937500000000008 0.5609375
4 0.09687500000000007 0.5546875 0.08593750000000007 0.5546875 0.08593750000000007 0.5640625 0.09687500000000007 0.5640625
2 0.1140625000000001 0.5625 0.08750000000000006 0.5625 0.08750000000000006 0.5828125 0.1140625000000001 0.5828125
0 0.1359375000000001 0.575 0.11562500000000009 0.575 0.11562500000000009 0.5921875 0.1359375000000001 0.5921875
0 0.08281250000000007 0.55625 0.06875000000000006 0.55625 0.06875000000000006 0.5703125 0.08281250000000007 0.5703125
2 0.057812500000000065 0.5140625 0.034375000000000065 0.5140625 0.034375000000000065 0.534375 0.057812500000000065 0.534375
2 0.057812500000000065 0.5421875 0.032812500000000064 0.5421875 0.032812500000000064 0.5625 0.057812500000000065 0.5625
2 0.057812500000000065 0.5625 0.032812500000000064 0.5625 0.032812500000000064 0.5828125 0.057812500000000065 0.5828125
4 0.042187500000000065 0.5015625 0.032812500000000064 0.5015625 0.032812500000000064 0.5109375 0.042187500000000065 0.5109375
4 0.042187500000000065 0.5328125 0.03125000000000007 0.5328125 0.03125000000000007 0.5421875 0.042187500000000065 0.5421875
4 0.037500000000000075 0.5828125 0.026562500000000065 0.5828125 0.026562500000000072 0.59375 0.037500000000000075 0.59375
4 0.04687500000000007 0.58125 0.03750000000000007 0.58125 0.037500000000000075 0.5921875 0.046875000000000076 0.5921875
4 0.057812500000000065 0.5828125 0.048437500000000064 0.5828125 0.04843750000000007 0.590625 0.057812500000000065 0.590625
4 0.07031250000000007 0.55625 0.05937500000000007 0.55625 0.05937500000000007 0.565625 0.07031250000000007 0.565625
4 0.07031250000000007 0.565625 0.06093750000000007 0.565625 0.06093750000000007 0.575 0.07031250000000007 0.575
4 0.07343750000000007 0.5734375 0.05937500000000007 0.5734375 0.05937500000000007 0.584375 0.07343750000000007 0.584375
4 0.08437500000000006 0.5953125 0.07343750000000007 0.5953125 0.07343750000000007 0.60625 0.08437500000000006 0.60625