2 0.7125 8.620365359623165e-17 0.6953125 8.51512227532144e-17 0.6953125 0.03281250000000009 0.7125 0.03281250000000009
2 0.73125 0.009375000000000088 0.7125 0.009375000000000086 0.7125 0.03906250000000009 0.73125 0.03906250000000009
2 0.815625 0.0375000000000001 0.7953125 0.0375000000000001 0.7953125 0.07187500000000009 0.815625 0.07187500000000009
2 0.8203125 0.0593750000000001 0.803125 0.05937500000000009 0.803125 0.0890625000000001 0.8203125 0.08906250000000011
2 0.78125 0.0828125000000001 0.7625 0.0828125000000001 0.7625 0.1140625000000001 0.78125 0.1140625000000001
2 0.8 0.09218750000000009 0.78125 0.09218750000000009 0.78125 0.12031250000000009 0.8 0.12031250000000009
2 0.7421875 0.1468750000000001 0.7234375 0.1468750000000001 0.7234375 0.1781250000000001 0.7421875 0.1781250000000001
2 0.7234375 0.1750000000000001 0.7078125 0.1750000000000001 0.7078125 0.20468750000000008 0.7234375 0.20468750000000008
2 0.775 0.1765625000000001 0.75625 0.1765625000000001 0.75625 0.2078125000000001 0.775 0.2078125000000001
3 0.8421875 0.10937500000000008 0.815625 0.10937500000000008 0.815625 0.15000000000000008 0.8421875 0.15000000000000008
0 0.765625 0.1593750000000001 0.7546875 0.1593750000000001 0.7546875 0.17968750000000008 0.765625 0.17968750000000008
0 0.784375 0.12031250000000009 0.7703125 0.12031250000000009 0.7703125 0.14062500000000008 0.784375 0.14062500000000008
0 0.796875 0.1218750000000001 0.7796875 0.1218750000000001 0.7796875 0.14218750000000008 0.796875 0.14218750000000008
0 0.75625 0.1437500000000001 0.7421875 0.1437500000000001 0.7421875 0.16406250000000008 0.75625 0.16406250000000008
0 0.7890625 0.1437500000000001 0.775 0.1437500000000001 0.775 0.1687500000000001 0.7890625 0.1687500000000001
0 0.684375 0.06562500000000009 0.6703125 0.06562500000000009 0.6703125 0.08593750000000008 0.684375 0.08593750000000008
0 0.76875 0.12656250000000008 0.7546875 0.12656250000000008 0.7546875 0.14843750000000008 0.76875 0.14843750000000008
3 0.7640625 0.11718750000000008 0.7484375 0.11718750000000008 0.7484375 0.1390625000000001 0.7640625 0.1390625000000001
0 0.7984375 0.07343750000000009 0.7859375 0.07343750000000009 0.7859375 0.09687500000000009 0.7984375 0.09687500000000009
2 0.75 0.1687500000000001 0.73125 0.1687500000000001 0.73125 0.1984375000000001 0.75 0.1984375000000001
2 0.7484375 0.2015625000000001 0.728125 0.2015625000000001 0.728125 0.23593750000000008 0.7484375 0.23593750000000008
2 0.7296875 0.1937500000000001 0.7140625 0.1937500000000001 0.7140625 0.2250000000000001 0.7296875 0.2250000000000001
2 0.7125 0.20468750000000008 0.696875 0.20468750000000008 0.696875 0.2328125000000001 0.7125 0.2328125000000001
2 0.715625 0.22656250000000008 0.6953125 0.22656250000000008 0.6953125 0.2593750000000001 0.715625 0.2593750000000001
2 0.6921875 0.22812500000000008 0.675 0.22812500000000008 0.675 0.2609375000000001 0.6921875 0.2609375000000001
2 0.696875 0.2609375000000001 0.678125 0.2609375000000001 0.678125 0.2968750000000001 0.696875 0.2968750000000001
2 0.6734375 0.2593750000000001 0.6546875 0.2593750000000001 0.6546875 0.2890625000000001 0.6734375 0.2890625000000001
2 0.659375 0.2875000000000001 0.640625 0.2875000000000001 0.640625 0.3203125000000001 0.659375 0.3203125000000001
2 0.6734375 0.2953125000000001 0.6578125 0.2953125000000001 0.6578125 0.3265625000000001 0.6734375 0.3265625000000001
1 0.7234375 0.2500000000000001 0.6734375 0.2500000000000001 0.6734375 0.3359375000000001 0.7234375 0.3359375000000001
2 0.6421875 0.3203125000000001 0.625 0.3203125000000001 0.625 0.3531250000000001 0.6421875 0.3531250000000001
2 0.625 0.3000000000000001 0.60625 0.3000000000000001 0.60625 0.33281250000000007 0.625 0.33281250000000007
0 0.728125 0.22656250000000008 0.7171875 0.22656250000000008 0.7171875 0.2468750000000001 0.728125 0.2468750000000001
0 0.7296875 0.24218750000000008 0.71875 0.24218750000000008 0.71875 0.2609375000000001 0.7296875 0.2609375000000001
2 0.746875 0.2296875000000001 0.7328125 0.2296875000000001 0.7328125 0.2531250000000001 0.746875 0.2531250000000001
4 0.809375 0.1281250000000001 0.803125 0.1281250000000001 0.803125 0.1468750000000001 0.809375 0.1468750000000001
4 0.7984375 0.1375000000000001 0.790625 0.1375000000000001 0.790625 0.1515625000000001 0.7984375 0.1515625000000001
4 0.7859375 0.17343750000000008 0.7796875 0.17343750000000008 0.7796875 0.18750000000000008 0.7859375 0.18750000000000008
4 0.775 0.2062500000000001 0.7640625 0.2062500000000001 0.7640625 0.2156250000000001 0.775 0.2156250000000001
4 0.7625 0.2250000000000001 0.753125 0.2250000000000001 0.753125 0.23593750000000008 0.7625 0.23593750000000008
4 0.7546875 0.20468750000000008 0.746875 0.20468750000000008 0.746875 0.21875000000000008 0.7546875 0.21875000000000008
4 0.753125 0.18125000000000008 0.74375 0.18125000000000008 0.74375 0.1937500000000001 0.753125 0.1937500000000001
4 0.7546875 0.1906250000000001 0.746875 0.1906250000000001 0.746875 0.2015625000000001 0.7546875 0.2015625000000001
4 0.7640625 0.17968750000000008 0.7546875 0.17968750000000008 0.7546875 0.1921875000000001 0.7640625 0.1921875000000001
4 0.771875 0.16406250000000008 0.7640625 0.16406250000000008 0.7640625 0.1781250000000001 0.771875 0.1781250000000001
4 0.7671875 0.14843750000000008 0.7578125 0.14843750000000008 0.7578125 0.1593750000000001 0.7671875 0.1593750000000001
4 0.75625 0.1609375000000001 0.7484375 0.1609375000000001 0.7484375 0.17187500000000008 0.75625 0.17187500000000008
0 0.7 0.3203125000000001 0.6859375 0.3203125000000001 0.6859375 0.34062500000000007 0.7 0.34062500000000007
4 0.675 0.2000000000000001 0.6671875 0.2000000000000001 0.6671875 0.21093750000000008 0.675 0.21093750000000008
4 0.7 0.1937500000000001 0.69375 0.1937500000000001 0.69375 0.20468750000000008 0.7 0.20468750000000008
4 0.69375 0.21093750000000008 0.6875 0.21093750000000008 0.6875 0.22656250000000008 0.69375 0.22656250000000008
4 0.7 0.21093750000000008 0.6921875 0.21093750000000008 0.6921875 0.22031250000000008 0.7 0.22031250000000008
4 0.6796875 0.22656250000000008 0.6734375 0.22656250000000008 0.6734375 0.2390625000000001 0.6796875 0.2390625000000001
4 0.6734375 0.2406250000000001 0.6671875 0.2406250000000001 0.6671875 0.2562500000000001 0.6734375 0.2562500000000001
4 0.6359375 0.22812500000000008 0.628125 0.22812500000000008 0.628125 0.2406250000000001 0.6359375 0.2406250000000001
4 0.6296875 0.26250000000000007 0.621875 0.26250000000000007 0.621875 0.27812500000000007 0.6296875 0.27812500000000007
4 0.6265625 0.1921875000000001 0.6171875 0.1921875000000001 0.6171875 0.2015625000000001 0.6265625 0.2015625000000001
4 0.6125 0.2734375000000001 0.60625 0.2734375000000001 0.60625 0.2890625000000001 0.6125 0.2890625000000001
4 0.6734375 0.3281250000000001 0.6640625 0.3281250000000001 0.6640625 0.3343750000000001 0.6734375 0.3343750000000001
4 0.665625 0.3312500000000001 0.6578125 0.3312500000000001 0.6578125 0.34062500000000007 0.665625 0.34062500000000007
4 0.6609375 0.3421875000000001 0.6515625 0.3421875000000001 0.6515625 0.3515625000000001 0.6609375 0.3515625000000001
4 0.6703125 0.3390625000000001 0.6609375 0.3390625000000001 0.6609375 0.3500000000000001 0.6703125 0.3500000000000001
4 0.6484375 0.3609375000000001 0.640625 0.3609375000000001 0.640625 0.3750000000000001 0.6484375 0.3750000000000001
4 0.628125 0.3625000000000001 0.621875 0.3625000000000001 0.621875 0.3781250000000001 0.628125 0.3781250000000001
4 0.65 0.3687500000000001 0.6453125 0.3687500000000001 0.6453125 0.37968750000000007 0.65 0.37968750000000007
4 0.64375 0.38750000000000007 0.6390625 0.38750000000000007 0.6390625 0.4 0.64375 0.4
4 0.640625 0.4015625 0.63125 0.4015625 0.63125 0.415625 0.640625 0.415625
4 0.6265625 0.4125 0.6203125 0.4125 0.6203125 0.4265625 0.6265625 0.4265625
4 0.6171875 0.4265625 0.6109375 0.4265625 0.6109375 0.440625 0.6171875 0.440625
4 0.60625 0.4375 0.596875 0.4375 0.596875 0.4484375 0.60625 0.4484375
4 0.6109375 0.44375 0.6015625 0.44375 0.6015625 0.453125 0.6109375 0.453125
4 0.6140625 0.4578125 0.60625 0.4578125 0.60625 0.46875 0.6140625 0.46875
4 0.625 0.446875 0.615625 0.446875 0.615625 0.45625 0.625 0.45625
4 0.621875 0.4671875 0.615625 0.4671875 0.615625 0.4765625 0.621875 0.4765625
4 0.6296875 0.4578125 0.621875 0.4578125 0.621875 0.4703125 0.6296875 0.4703125
4 0.6390625 0.45 0.6296875 0.45 0.6296875 0.459375 0.6390625 0.459375
4 0.6375 0.4171875 0.6328125 0.4171875 0.6328125 0.428125 0.6375 0.428125
4 0.6296875 0.43125 0.6234375 0.43125 0.6234375 0.4421875 0.6296875 0.4421875
4 0.6359375 0.43125 0.63125 0.43125 0.63125 0.4453125 0.6359375 0.4453125
4 0.6328125 0.415625 0.625 0.415625 0.625 0.428125 0.6328125 0.428125
4 0.640625 0.4546875 0.6359375 0.4546875 0.6359375 0.46875 0.640625 0.46875
4 0.6484375 0.465625 0.6421875 0.465625 0.6421875 0.4828125 0.6484375 0.4828125
4 0.6625 0.48125 0.6578125 0.48125 0.6578125 0.5015625 0.6625 0.5015625
4 0.6203125 0.5015625 0.6109375 0.5015625 0.6109375 0.5125 0.6203125 0.5125
4 0.621875 0.490625 0.6109375 0.490625 0.6109375 0.496875 0.621875 0.496875
4 0.6265625 0.5125 0.6171875 0.5125 0.6171875 0.521875 0.6265625 0.521875
4 0.625 0.5203125 0.615625 0.5203125 0.615625 0.53125 0.625 0.53125
2 0.64375 0.48125 0.6296875 0.48125 0.6296875 0.5171875 0.64375 0.5171875
4 0.6078125 0.49375 0.6 0.49375 0.6 0.503125 0.6078125 0.503125
4 0.609375 0.50625 0.6 0.50625 0.6 0.5171875 0.609375 0.5171875
0 0.621875 0.5328125 0.6078125 0.5328125 0.6078125 0.546875 0.621875 0.546875
4 0.6203125 0.5515625 0.6109375 0.5515625 0.6109375 0.5578125 0.6203125 0.5578125
4 0.6234375 0.5578125 0.6125 0.5578125 0.6125 0.5640625 0.6234375 0.5640625
2 0.61875 0.403125 0.6015625 0.403125 0.6015625 0.434375 0.61875 0.434375
2 0.61875 0.37187500000000007 0.6 0.37187500000000007 0.6 0.4046875 0.61875 0.4046875
3 0.6453125 0.37187500000000007 0.625 0.37187500000000007 0.625 0.4078125 0.6453125 0.4078125
0 0.6390625 0.3531250000000001 0.628125 0.3531250000000001 0.628125 0.3734375000000001 0.6390625 0.3734375000000001
2 0.659375 0.3218750000000001 0.6421875 0.3218750000000001 0.6421875 0.3546875000000001 0.659375 0.3546875000000001
4 0.65625 0.3671875000000001 0.6515625 0.3671875000000001 0.6515625 0.3781250000000001 0.65625 0.3781250000000001
4 0.6625 0.3531250000000001 0.6578125 0.3531250000000001 0.6578125 0.3609375000000001 0.6625 0.3609375000000001
4 0.584375 0.34062500000000007 0.5765625 0.34062500000000007 0.5765625 0.3531250000000001 0.584375 0.3531250000000001
4 0.571875 0.3453125000000001 0.565625 0.3453125000000001 0.565625 0.35625000000000007 0.571875 0.35625000000000007
4 0.5671875 0.3656250000000001 0.559375 0.3656250000000001 0.559375 0.3765625000000001 0.5671875 0.3765625000000001
4 0.746875 0.03125000000000009 0.7390625 0.03125000000000009 0.7390625 0.050000000000000086 0.746875 0.050000000000000086
4 0.7203125 0.1140625000000001 0.7109375 0.1140625000000001 0.7109375 0.12500000000000008 0.7203125 0.12500000000000008
4 0.70625 0.1281250000000001 0.696875 0.1281250000000001 0.696875 0.1437500000000001 0.70625 0.1437500000000001
4 0.7078125 0.03906250000000009 0.7 0.03906250000000009 0.7 0.050000000000000086 0.7078125 0.050000000000000086
0 0.66875 0.07812500000000008 0.6578125 0.07812500000000008 0.6578125 0.10156250000000008 0.66875 0.10156250000000008
2 0.5140625 0.18437500000000004 0.49375 0.18437500000000004 0.49375 0.2078125000000001 0.5140625 0.2078125000000001
2 0.553125 0.403125 0.534375 0.403125 0.534375 0.43125 0.553125 0.43125
4 0.5375 0.3843750000000001 0.528125 0.3843750000000001 0.528125 0.3968750000000001 0.5375 0.3968750000000001
4 0.5140625 0.409375 0.50625 0.409375 0.50625 0.421875 0.5140625 0.421875
4 0.521875 0.4203125 0.5125 0.4203125 0.5125 0.434375 0.521875 0.434375
4 0.5078125 0.4328125 0.4984375 0.4328125 0.4984375 0.44375 0.5078125 0.44375
4 0.6453125 0.7 0.640625 0.7 0.640625 0.71875 0.6453125 0.71875
4 0.6109375000000001 0.8015625 0.6031250000000001 0.8015625 0.6031250000000001 0.8171875 0.6109375000000001 0.8171875
4 0.6359375000000002 0.8140625 0.6281250000000002 0.8140625 0.6281250000000002 0.8328125 0.6359375000000002 0.8328125
4 0.5796875000000001 0.709375 0.5734375 0.709375 0.5734375 0.7265625 0.5796875000000001 0.7265625
2 0.7328125000000002 0.846875 0.7109375000000002 0.846875 0.7109375000000002 0.8671875 0.7328125000000002 0.8671875
2 0.6312500000000002 0.928125 0.6109375000000001 0.928125 0.6109375000000001 0.95625 0.6312500000000002 0.95625
4 0.6875000000000002 0.765625 0.6812500000000001 0.765625 0.6812500000000001 0.7828125 0.6875000000000002 0.7828125
2 0.4765625 0.4890625 0.45625 0.4890625 0.45625 0.5171875 0.4765625 0.5171875
2 0.4125 0.4921875 0.3968750000000001 0.4921875 0.3968750000000001 0.528125 0.4125 0.528125
4 0.4515625 0.5296875 0.4421875 0.5296875 0.4421875 0.5390625 0.4515625 0.5390625
4 0.4578125 0.4859375 0.4484375 0.4859375 0.4484375 0.4953125 0.4578125 0.4953125
4 0.409375 0.540625 0.4 0.540625 0.4 0.5515625 0.409375 0.5515625
4 0.3906250000000001 0.5390625 0.3828125000000001 0.5390625 0.3828125000000001 0.5515625 0.3906250000000001 0.5515625
4 0.4171875 0.5421875 0.4078125 0.5421875 0.4078125 0.55625 0.4171875 0.55625
4 0.4171875 0.5609375 0.409375 0.5609375 0.409375 0.575 0.4171875 0.575
4 0.4390625 0.540625 0.428125 0.540625 0.428125 0.5546875 0.4390625 0.5546875
4 0.3781250000000001 0.5640625 0.3687500000000001 0.5640625 0.3687500000000001 0.578125 0.3781250000000001 0.578125
4 0.3812500000000001 0.5828125 0.3750000000000001 0.5828125 0.3750000000000001 0.59375 0.3812500000000001 0.59375
4 0.3828125000000001 0.5921875 0.3734375000000001 0.5921875 0.3734375000000001 0.6015625 0.3828125000000001 0.6015625
4 0.37187500000000007 0.5921875 0.36406250000000007 0.5921875 0.36406250000000007 0.60625 0.37187500000000007 0.60625
4 0.35625000000000007 0.64375 0.3468750000000001 0.64375 0.3468750000000001 0.6546875 0.35625000000000007 0.6546875
4 0.3468750000000001 0.65 0.3375000000000001 0.65 0.3375000000000001 0.6609375 0.3468750000000001 0.6609375
6 0.3812500000000001 0.6140625 0.35625000000000007 0.6140625 0.35625000000000007 0.6546875 0.3812500000000001 0.6546875
2 0.3593750000000001 0.6 0.34062500000000007 0.6 0.34062500000000007 0.6296875 0.3593750000000001 0.6296875
0 0.3437500000000001 0.5140625 0.3296875000000001 0.5140625 0.3296875000000001 0.5328125 0.3437500000000001 0.5328125
4 0.3312500000000001 0.5296875 0.32500000000000007 0.5296875 0.32500000000000007 0.54375 0.3312500000000001 0.54375
2 0.24375000000000008 0.503125 0.22812500000000008 0.503125 0.22812500000000008 0.5375 0.24375000000000008 0.5375
0 0.23437500000000008 0.6828125 0.2218750000000001 0.6828125 0.2218750000000001 0.703125 0.23437500000000008 0.703125
2 0.20468750000000008 0.6671875 0.1843750000000001 0.6671875 0.1843750000000001 0.7046875 0.20468750000000008 0.7046875
2 0.17968750000000008 0.715625 0.1593750000000001 0.715625 0.1593750000000001 0.7515625 0.17968750000000008 0.7515625
2 0.1921875000000001 0.7765625 0.17343750000000008 0.7765625 0.17343750000000008 0.80625 0.1921875000000001 0.80625
2 0.33281250000000007 0.6421875 0.3140625000000001 0.6421875 0.3140625000000001 0.678125 0.33281250000000007 0.678125
2 0.34843750000000007 0.665625 0.3296875000000001 0.665625 0.3296875000000001 0.696875 0.34843750000000007 0.696875
2 0.3281250000000001 0.6921875 0.3078125000000001 0.6921875 0.3078125000000001 0.725 0.3281250000000001 0.725
3 0.2984375000000001 0.6984375 0.27812500000000007 0.6984375 0.27812500000000007 0.7328125 0.2984375000000001 0.7328125
2 0.3046875000000001 0.7390625 0.2843750000000001 0.7390625 0.2843750000000001 0.7703125 0.3046875000000001 0.7703125
2 0.26250000000000007 0.7546875 0.2406250000000001 0.7546875 0.2406250000000001 0.7953125 0.26250000000000007 0.7953125
3 0.2750000000000001 0.7859375 0.2531250000000001 0.7859375 0.2531250000000001 0.821875 0.2750000000000001 0.821875
2 0.23593750000000008 0.80625 0.2171875000000001 0.80625 0.2171875000000001 0.8375 0.23593750000000008 0.8375
2 0.24218750000000008 0.83125 0.22656250000000008 0.83125 0.22656250000000008 0.8625 0.24218750000000008 0.8625
2 0.2156250000000001 0.84375 0.19531250000000008 0.84375 0.19531250000000008 0.875 0.2156250000000001 0.875
2 0.2093750000000001 0.884375 0.18906250000000008 0.884375 0.1890625000000001 0.921875 0.2093750000000001 0.921875
3 0.18906250000000013 0.9171875 0.17031250000000014 0.9171875 0.17031250000000014 0.9484375 0.18906250000000013 0.9484375
2 0.17500000000000013 0.95 0.15468750000000014 0.95 0.15468750000000014 0.98125 0.17500000000000013 0.98125
2 0.15156250000000013 0.9703125 0.13281250000000014 0.9703125 0.13281250000000014 1 0.15156250000000013 1
4 0.2515625000000001 0.8046875 0.2453125000000001 0.8046875 0.2453125000000001 0.8171875 0.2515625000000001 0.8171875
4 0.24375000000000008 0.815625 0.23593750000000008 0.815625 0.23593750000000008 0.8296875 0.24375000000000008 0.8296875
2 0.3390625000000001 0.86875 0.32500000000000007 0.86875 0.32500000000000007 0.8984375 0.3390625000000001 0.8984375
4 0.4046875 0.3812500000000001 0.3984375000000001 0.3812500000000001 0.3984375000000001 0.4 0.4046875 0.4
4 0.39375 0.3125000000000001 0.3875 0.3125000000000001 0.3875 0.3296875000000001 0.39375 0.3296875000000001
0 0.628125 0.07656250000000006 0.615625 0.07656250000000006 0.615625 0.09218750000000006 0.628125 0.09218750000000006
2 0.4171875 0.09375000000000004 0.396875 0.09375000000000004 0.396875 0.12500000000000006 0.4171875 0.12500000000000006
2 0.359375 0.10625000000000004 0.3390625 0.10625000000000004 0.3390625 0.14218750000000005 0.359375 0.14218750000000005
2 0.34375 0.04843750000000004 0.3234375 0.04843750000000004 0.3234375 0.08437500000000005 0.34375 0.08437500000000005
2 0.3171875 0.07343750000000004 0.3 0.07343750000000004 0.3 0.10468750000000004 0.3171875 0.10468750000000004
2 0.38125 0.15156250000000004 0.3625 0.15156250000000004 0.3625 0.18750000000000006 0.38125 0.18750000000000006
2 0.4171875 0.16250000000000003 0.3984375 0.16250000000000003 0.3984375 0.19687500000000005 0.4171875 0.19687500000000005
2 0.4015625 0.19531250000000006 0.3859375 0.19531250000000006 0.3859375 0.22812500000000008 0.4015625 0.22812500000000008
6 0.440625 0.18906250000000005 0.4109375 0.18906250000000005 0.4109375 0.24375000000000008 0.440625 0.24375000000000008
4 0.3640625 0.08125000000000004 0.3546875 0.08125000000000004 0.3546875 0.09687500000000004 0.3640625 0.09687500000000004
4 0.396875 0.15937500000000004 0.3890625 0.15937500000000004 0.3890625 0.17656250000000004 0.396875 0.17656250000000004
4 0.4109375 0.2156250000000001 0.4046875 0.2156250000000001 0.4046875 0.2312500000000001 0.4109375 0.2312500000000001
2 0.2609375 3.0903196572233993e-17 0.24375 2.985076572921674e-17 0.24375 0.02343750000000003 0.2609375 0.023437500000000035
0 0.4609375 0.24375000000000008 0.45 0.24375000000000008 0.45 0.2687500000000001 0.4609375 0.2687500000000001
0 0.453125 0.2562500000000001 0.440625 0.2562500000000001 0.440625 0.2812500000000001 0.453125 0.2812500000000001
2 0.3921875 0.2453125000000001 0.3765625 0.2453125000000001 0.3765625 0.2812500000000001 0.3921875 0.2812500000000001
2 0.4375 0.2687500000000001 0.4171875 0.2687500000000001 0.4171875 0.3078125000000001 0.4375 0.3078125000000001
2 0.2875 0.05781250000000003 0.26875 0.057812500000000024 0.26875 0.09218750000000003 0.2875 0.09218750000000005
0 0.24375 2.9085361479749636e-17 0.23125 2.8319957230282545e-17 0.23125 0.023437500000000028 0.24375 0.023437500000000028