4 0.4875 0.026562500000000055 0.4796875 0.026562500000000055 0.4796875 0.046875000000000056 0.4875 0.046875000000000056
2 0.4984375 0.19375000000000003 0.4828125 0.19375000000000003 0.4828125 0.23593750000000008 0.4984375 0.23593750000000008
2 0.528125 0.2734375000000001 0.5140625 0.2734375000000001 0.5140625 0.3078125000000001 0.528125 0.3078125000000001
2 0.5078125 0.24218750000000008 0.4953125 0.24218750000000008 0.4953125 0.2843750000000001 0.5078125 0.2843750000000001
2 0.4953125 0.2796875000000001 0.484375 0.2796875000000001 0.484375 0.3187500000000001 0.4953125 0.3187500000000001
2 0.5078125 0.3578125000000001 0.4953125 0.3578125000000001 0.4953125 0.3937500000000001 0.5078125 0.3937500000000001
2 0.496875 0.409375 0.48125 0.409375 0.48125 0.4515625 0.496875 0.4515625
2 0.50625 0.478125 0.4953125 0.478125 0.4953125 0.5140625 0.50625 0.5140625
2 0.53125 0.4328125 0.5171875 0.4328125 0.5171875 0.4765625 0.53125 0.4765625
4 0.540625 0.4828125 0.5328125 0.4828125 0.5328125 0.5046875 0.540625 0.5046875
4 0.54375 0.6625 0.5328125 0.6625 0.5328125 0.69375 0.54375 0.69375
2 0.509375 0.5953125 0.4921875 0.5953125 0.4921875 0.6390625 0.509375 0.6390625
2 0.5 0.6625 0.484375 0.6625 0.484375 0.70625 0.5 0.70625
2 0.478125 0.6328125 0.465625 0.6328125 0.465625 0.675 0.478125 0.675
2 0.5125000000000002 0.7890625 0.4984375000000002 0.7890625 0.4984375000000002 0.834375 0.5125000000000002 0.834375
4 0.4859375000000002 0.76875 0.47656250000000017 0.76875 0.47656250000000017 0.7890625 0.4859375000000002 0.7890625
0 0.4906250000000002 0.8390625 0.4781250000000002 0.8390625 0.4781250000000002 0.865625 0.4906250000000002 0.865625
2 0.5000000000000002 0.8671875 0.4859375000000002 0.8671875 0.4859375000000002 0.9078125 0.5000000000000002 0.9078125
2 0.5093750000000001 0.9671875 0.4968750000000002 0.9671875 0.4968750000000002 1 0.5093750000000001 1
2 0.5437500000000002 0.7625 0.5296875000000002 0.7625 0.5296875000000002 0.8015625 0.5437500000000002 0.8015625