2 0.5609375 0.4859375 0.5453125 0.4859375 0.5453125 0.5359375 0.5609375 0.5359375
2 0.60625 0.4421875 0.5796875 0.4421875 0.5796875 0.471875 0.60625 0.471875
4 0.5390625 0.3296875000000001 0.528125 0.3296875000000001 0.528125 0.3609375000000001 0.5390625 0.3609375000000001
4 0.528125 0.2921875000000001 0.515625 0.2921875000000001 0.515625 0.3140625000000001 0.528125 0.3140625000000001
4 0.5921875 0.27812500000000007 0.5796875 0.27812500000000007 0.5796875 0.30937500000000007 0.5921875 0.30937500000000007
3 0.503125 0.3921875000000001 0.4828125 0.3921875000000001 0.4828125 0.4375 0.503125 0.4375
2 0.5234375 0.403125 0.503125 0.403125 0.503125 0.45 0.5234375 0.45
2 0.496875 0.453125 0.478125 0.453125 0.478125 0.5 0.496875 0.5
2 0.515625 0.465625 0.4953125 0.465625 0.4953125 0.515625 0.515625 0.515625
0 0.503125 0.4875 0.4796875 0.4875 0.4796875 0.5265625 0.503125 0.5265625
2 0.565625 0.56875 0.5484375 0.56875 0.5484375 0.6140625 0.565625 0.6140625
4 0.5296875 0.659375 0.5171875 0.659375 0.5171875 0.6859375 0.5296875 0.6859375
4 0.5531250000000001 0.7015625 0.54375 0.7015625 0.5437500000000001 0.728125 0.5531250000000002 0.728125
4 0.5468750000000001 0.715625 0.5328125 0.715625 0.5328125000000001 0.746875 0.5468750000000002 0.746875
4 0.5312500000000002 0.7828125 0.5203125000000002 0.7828125 0.5203125000000002 0.8140625 0.5312500000000002 0.8140625
2 0.5343750000000002 0.828125 0.5171875000000001 0.828125 0.5171875000000001 0.8734375 0.5343750000000002 0.8734375
4 0.4656250000000002 0.7859375 0.45312500000000017 0.7859375 0.45312500000000017 0.8171875 0.4656250000000002 0.8171875
4 0.45625000000000016 0.8 0.4421875000000002 0.8 0.4421875000000002 0.828125 0.45625000000000016 0.828125
4 0.4625000000000001 0.721875 0.4484375 0.721875 0.4484375000000001 0.75625 0.4625000000000002 0.75625
4 0.5046875 0.634375 0.490625 0.634375 0.490625 0.66875 0.5046875 0.66875
2 0.4859375 0.63125 0.4703125 0.63125 0.4703125 0.6828125 0.4859375 0.6828125
3 0.4796875 0.59375 0.4609375 0.59375 0.4609375 0.640625 0.4796875 0.640625
0 0.4671875 0.575 0.4515625 0.575 0.4515625 0.61875 0.4671875 0.61875
2 0.503125 0.584375 0.4828125 0.584375 0.4828125 0.640625 0.503125 0.640625
2 0.4859375 0.5453125 0.4671875 0.5453125 0.4671875 0.5984375 0.4859375 0.5984375
2 0.5015625 0.53125 0.4828125 0.53125 0.4828125 0.578125 0.5015625 0.578125
6 0.35625000000000007 0.4015625 0.3312500000000001 0.4015625 0.3312500000000001 0.4265625 0.35625000000000007 0.4265625
4 0.3390625000000001 0.4125 0.3218750000000001 0.4125 0.3218750000000001 0.434375 0.3390625000000001 0.434375
2 0.10156250000000008 0.5609375 0.07656250000000006 0.5609375 0.07656250000000006 0.5890625 0.10156250000000008 0.5890625
2 0.057812500000000065 0.5578125 0.032812500000000064 0.5578125 0.032812500000000064 0.5828125 0.057812500000000065 0.5828125
2 0.05312500000000007 0.5828125 0.028125000000000067 0.5828125 0.028125000000000074 0.6078125 0.05312500000000007 0.6078125
2 0.048437500000000085 0.66875 0.025000000000000078 0.66875 0.025000000000000085 0.6953125 0.04843750000000009 0.6953125
4 0.1484375 0.1390625 0.13125 0.1390625 0.13125 0.1703125 0.1484375 0.1703125
4 0.125 0.09843750000000002 0.10625 0.09843750000000002 0.10625 0.125 0.125 0.125
2 0.09375000000000001 0.06875 0.071875 0.06875 0.07187500000000001 0.1234375 0.09375000000000003 0.1234375
0 0.05 0.007812500000000003 0.028125 0.007812500000000003 0.028125 0.04062500000000001 0.05 0.04062500000000001
4 0.034375 0.0453125 0.014062500000000006 0.0453125 0.014062500000000009 0.0734375 0.03437500000000001 0.0734375
4 0.02187500000000001 0.065625 0.0015625000000000083 0.065625 0.0015625000000000096 0.090625 0.021875000000000012 0.090625
0 0.1 0.03437500000000001 0.0796875 0.03437500000000001 0.0796875 0.07343750000000002 0.1 0.07343750000000002
4 0.36875 0.15625000000000006 0.35 0.15625000000000006 0.35 0.17656250000000004 0.36875 0.17656250000000004
4 0.3265625 0.20625 0.3078125 0.20625 0.3078125 0.2328125 0.3265625 0.2328125
2 0.3703125 0.20781250000000004 0.3453125 0.2078125 0.3453125 0.23437500000000006 0.3703125 0.23437500000000008
0 0.39375 0.2078125000000001 0.371875 0.2078125000000001 0.371875 0.2390625000000001 0.39375 0.2390625000000001
0 0.409375 0.21093750000000008 0.3875 0.21093750000000008 0.3875 0.2453125000000001 0.409375 0.2453125000000001
0 0.4265625 0.21250000000000008 0.40625 0.21250000000000008 0.40625 0.2406250000000001 0.4265625 0.2406250000000001
2 0.421875 0.17187500000000006 0.4015625 0.17187500000000006 0.4015625 0.2000000000000001 0.421875 0.2000000000000001
2 0.425 0.19062500000000004 0.403125 0.19062500000000004 0.403125 0.2171875000000001 0.425 0.2171875000000001
0 0.5140625 0.12968750000000004 0.49375 0.12968750000000004 0.49375 0.16406250000000006 0.5140625 0.16406250000000006
2 0.56875 0.06093750000000007 0.5453125 0.06093750000000007 0.5453125 0.10781250000000009 0.56875 0.10781250000000009
2 0.5484375 6.592044098535362e-17 0.528125 6.467665907996959e-17 0.528125 0.026562500000000065 0.5484375 0.026562500000000065
2 0.63125 7.606204729079264e-17 0.6109375 7.481826538540861e-17 0.6109375 0.028125000000000077 0.63125 0.028125000000000077
2 0.7390625 0.1921875000000001 0.7125 0.1921875000000001 0.7125 0.22031250000000008 0.7390625 0.22031250000000008
2 0.8109375 0.2390625000000001 0.7796875 0.2390625000000001 0.7796875 0.2687500000000001 0.8109375 0.2687500000000001
2 0.828125 0.19687500000000008 0.8 0.19687500000000008 0.8 0.2312500000000001 0.828125 0.2312500000000001
2 0.7859375 0.1281250000000001 0.7671875 0.1281250000000001 0.7671875 0.1703125000000001 0.7859375 0.1703125000000001
2 0.828125 1.0017228114900615e-16 0.8078125 9.892849924362213e-17 0.8078125 0.0437500000000001 0.828125 0.0437500000000001
4 0.78125 0.1625000000000001 0.7625 0.1625000000000001 0.7625 0.1859375000000001 0.78125 0.1859375000000001
4 0.7125 0.1468750000000001 0.6953125 0.1468750000000001 0.6953125 0.17187500000000008 0.7125 0.17187500000000008
4 0.709375 0.11093750000000009 0.7 0.11093750000000009 0.7 0.13437500000000008 0.709375 0.13437500000000008
4 0.7015625 0.1140625000000001 0.690625 0.1140625000000001 0.690625 0.13281250000000008 0.7015625 0.13281250000000008
0 0.6734375 0.22812500000000008 0.6484375 0.22812500000000008 0.6484375 0.2531250000000001 0.6734375 0.2531250000000001
2 0.7234375 0.21250000000000008 0.69375 0.21250000000000008 0.69375 0.24375000000000008 0.7234375 0.24375000000000008
2 0.85 0.1531250000000001 0.8234375 0.1531250000000001 0.8234375 0.18750000000000008 0.85 0.18750000000000008
2 0.6375 0.2140625000000001 0.6140625 0.2140625000000001 0.6140625 0.2484375000000001 0.6375 0.2484375000000001
2 0.603125 0.21875000000000008 0.578125 0.21875000000000008 0.578125 0.2500000000000001 0.603125 0.2500000000000001
2 0.7515625 0.23593750000000008 0.7234375 0.23593750000000008 0.7234375 0.2656250000000001 0.7515625 0.2656250000000001
3 0.8984375 0.1546875000000001 0.8765625 0.1546875000000001 0.8765625 0.18750000000000008 0.8984375 0.18750000000000008
3 0.9359375 0.14531250000000012 0.9109375 0.14531250000000012 0.9109375 0.18437500000000012 0.9359375 0.18437500000000012
4 0.91875 0.2062500000000001 0.8984375 0.2062500000000001 0.8984375 0.23593750000000008 0.91875 0.23593750000000008
4 0.946875 0.2078125000000001 0.9265625 0.2078125000000001 0.9265625 0.23437500000000008 0.946875 0.23437500000000008
4 0.953125 0.19843750000000013 0.9359375 0.19843750000000013 0.9359375 0.22031250000000008 0.953125 0.22031250000000008
4 0.9953125 0.2171875000000001 0.9734375 0.2171875000000001 0.9734375 0.2453125000000001 0.9953125 0.2453125000000001
2 0.984375 0.18437500000000012 0.9546875 0.18437500000000012 0.9546875 0.21093750000000008 0.984375 0.21093750000000008
2 1 0.3828125000000001 0.9921875 0.3828125000000001 0.9921875 0.4078125000000002 1 0.4078125000000002
2 0.9984375 0.3578125000000001 0.9671875 0.3578125000000001 0.9671875 0.3843750000000001 0.9984375 0.3843750000000001
2 0.990625 0.3812500000000001 0.959375 0.3812500000000001 0.959375 0.4125000000000002 0.990625 0.4125000000000002
2 0.9640625 0.35625000000000007 0.934375 0.35625000000000007 0.934375 0.3859375000000001 0.9640625 0.3859375000000001
3 0.94375 0.34843750000000007 0.9140625 0.34843750000000007 0.9140625 0.37968750000000007 0.94375 0.37968750000000007
1 0.9671875 0.37968750000000007 0.90625 0.37968750000000007 0.90625 0.41718750000000016 0.9671875 0.41718750000000016
4 0.9140625 0.41718750000000016 0.89375 0.41718750000000016 0.89375 0.4359375000000002 0.9140625 0.4359375000000002
2 0.9234375 0.3531250000000001 0.8921875 0.3531250000000001 0.8921875 0.3843750000000001 0.9234375 0.3843750000000001
2 0.8984375 0.34843750000000007 0.86875 0.34843750000000007 0.86875 0.3765625000000001 0.8984375 0.3765625000000001
4 0.8765625 0.37187500000000007 0.859375 0.37187500000000007 0.859375 0.3937500000000001 0.8765625 0.3937500000000001
2 0.871875 0.3546875000000001 0.8421875 0.3546875000000001 0.8421875 0.3859375000000001 0.871875 0.3859375000000001
4 0.875 0.3906250000000001 0.8734375 0.3906250000000001 0.8734375 0.3921875000000001 0.875 0.3921875000000001
2 0.8453125 0.34843750000000007 0.8171875 0.34843750000000007 0.8171875 0.3750000000000001 0.8453125 0.3750000000000001
1 0.915625 0.3781250000000001 0.8421875 0.3781250000000001 0.8421875 0.41718750000000016 0.915625 0.41718750000000016
0 0.8703125 0.40937500000000016 0.84375 0.40937500000000016 0.84375 0.4390625000000002 0.8703125 0.4390625000000002
0 0.8453125 0.40156250000000016 0.8203125 0.40156250000000016 0.8203125 0.4312500000000002 0.8453125 0.4312500000000002
1 0.8421875 0.3703125000000001 0.765625 0.3703125000000001 0.765625 0.4109375000000002 0.8421875 0.4109375000000002
6 0.821875 0.3546875000000001 0.7921875 0.3546875000000001 0.7921875 0.3828125000000001 0.821875 0.3828125000000001
2 0.790625 0.40156250000000016 0.7625 0.40156250000000016 0.7625 0.4281250000000002 0.790625 0.4281250000000002
2 0.75625 0.4203125000000002 0.73125 0.4203125000000002 0.73125 0.4437500000000002 0.75625 0.4437500000000002
0 0.790625 0.3500000000000001 0.76875 0.3500000000000001 0.76875 0.3828125000000001 0.790625 0.3828125000000001
2 0.76875 0.34843750000000007 0.7390625 0.34843750000000007 0.7390625 0.3750000000000001 0.76875 0.3750000000000001
6 0.7609375 0.3671875000000001 0.7203125 0.3671875000000001 0.7203125 0.3984375000000001 0.7609375 0.3984375000000001
4 0.746875 0.3937500000000001 0.73125 0.3937500000000001 0.73125 0.41406250000000017 0.746875 0.41406250000000017
4 0.740625 0.40312500000000007 0.721875 0.403125 0.721875 0.4203125000000001 0.740625 0.4203125000000002
4 0.73125 0.39531250000000007 0.7171875 0.39531250000000007 0.7171875 0.4140625000000001 0.73125 0.41406250000000017
4 0.71875 0.421875 0.703125 0.421875 0.703125 0.440625 0.71875 0.440625
4 0.7265625 0.4078125000000001 0.709375 0.4078125 0.709375 0.4296875000000001 0.7265625 0.42968750000000017
4 0.7125 0.43125 0.6953125 0.43125 0.6953125 0.4515625 0.7125 0.4515625
4 0.696875 0.4328125 0.68125 0.4328125 0.68125 0.45 0.696875 0.45
4 0.7015625 0.4171875 0.6859375 0.4171875 0.6859375 0.4390625 0.7015625 0.4390625
4 0.70625 0.415625 0.6859375 0.415625 0.6859375 0.43125 0.70625 0.43125
4 0.6953125 0.4078125 0.678125 0.4078125 0.678125 0.4234375 0.6953125 0.4234375
4 0.696875 0.4 0.68125 0.4 0.68125 0.415625 0.696875 0.415625
4 0.69375 0.3937500000000001 0.6734375 0.3937500000000001 0.6734375 0.4078125 0.69375 0.4078125
4 0.6796875 0.3906250000000001 0.6640625 0.3906250000000001 0.6640625 0.40625 0.6796875 0.40625
4 0.68125 0.40625 0.6671875 0.40625 0.6671875 0.425 0.68125 0.425
4 0.671875 0.4171875 0.6546875 0.4171875 0.6546875 0.434375 0.671875 0.434375
4 0.6703125 0.409375 0.65625 0.409375 0.65625 0.4265625 0.6703125 0.4265625
4 0.671875 0.3984375000000001 0.65625 0.3984375000000001 0.65625 0.4203125 0.671875 0.4203125
4 0.6734375 0.3859375000000001 0.65625 0.3859375000000001 0.65625 0.4046875 0.6734375 0.4046875
4 0.6625 0.3859375000000001 0.6453125 0.3859375000000001 0.6453125 0.4015625 0.6625 0.4015625
4 0.6578125 0.3968750000000001 0.6421875 0.3968750000000001 0.6421875 0.4109375 0.6578125 0.4109375
4 0.6609375 0.40625 0.64375 0.40625 0.64375 0.4234375 0.6609375 0.4234375
4 0.659375 0.4140625 0.6421875 0.4140625 0.6421875 0.434375 0.659375 0.434375
0 0.6734375 0.4265625 0.6484375 0.4265625 0.6484375 0.45625 0.6734375 0.45625
4 0.6375 0.4328125 0.621875 0.4328125 0.621875 0.4546875 0.6375 0.4546875
0 0.646875 0.4125 0.6234375 0.4125 0.6234375 0.4390625 0.646875 0.4390625
0 0.6453125 0.3937500000000001 0.6234375 0.3937500000000001 0.6234375 0.415625 0.6453125 0.415625
4 0.65 0.38750000000000007 0.63125 0.38750000000000007 0.63125 0.403125 0.65 0.403125
4 0.6390625 0.4046875 0.625 0.4046875 0.625 0.4265625 0.6390625 0.4265625
4 0.6515625 0.403125 0.6359375 0.403125 0.6359375 0.421875 0.6515625 0.421875
2 0.653125 0.3656250000000001 0.625 0.3656250000000001 0.625 0.3937500000000001 0.653125 0.3937500000000001
2 0.6625 0.3453125000000001 0.634375 0.3453125000000001 0.634375 0.3750000000000001 0.6625 0.3750000000000001
2 0.690625 0.3453125000000001 0.659375 0.3453125000000001 0.659375 0.3734375000000001 0.690625 0.3734375000000001
2 0.6828125 0.3671875000000001 0.653125 0.3671875000000001 0.653125 0.39531250000000007 0.6828125 0.39531250000000007
2 0.7046875 0.3671875000000001 0.678125 0.3671875000000001 0.678125 0.4015625 0.7046875 0.4015625
2 0.7265625 0.3453125000000001 0.6953125 0.3453125000000001 0.6953125 0.3765625000000001 0.7265625 0.3765625000000001
4 0.6984375 0.35625000000000007 0.684375 0.35625000000000007 0.684375 0.3765625000000001 0.6984375 0.3765625000000001
4 0.709375 0.36406250000000007 0.6921875 0.36406250000000007 0.6921875 0.3828125000000001 0.709375 0.3828125000000001
4 0.7171875 0.3828125000000001 0.7 0.3828125000000001 0.7 0.4046875 0.7171875 0.4046875
4 0.6359375 0.3453125000000001 0.6203125 0.3453125000000001 0.6203125 0.3656250000000001 0.6359375 0.3656250000000001
4 0.640625 0.3343750000000001 0.6234375 0.3343750000000001 0.6234375 0.35625000000000007 0.640625 0.35625000000000007
2 0.5890625 0.25468750000000007 0.565625 0.25468750000000007 0.565625 0.2890625000000001 0.5890625 0.2890625000000001
2 0.5671875 0.23593750000000008 0.5359375 0.23593750000000008 0.5359375 0.2765625000000001 0.5671875 0.2765625000000001
2 0.571875 0.2890625000000001 0.546875 0.2890625000000001 0.546875 0.3359375000000001 0.571875 0.3359375000000001
2 0.546875 0.2890625000000001 0.5171875 0.2890625000000001 0.5171875 0.3375000000000001 0.546875 0.3375000000000001
3 0.55 0.2250000000000001 0.53125 0.2250000000000001 0.53125 0.2562500000000001 0.55 0.2562500000000001
3 0.5359375 0.25468750000000007 0.515625 0.25468750000000007 0.515625 0.2906250000000001 0.5359375 0.2906250000000001
5 0.19375000000000012 0.8765625 0.1593750000000001 0.8765625 0.1593750000000001 0.9453125 0.19375000000000014 0.9453125
4 0.30937500000000007 0.575 0.29375000000000007 0.575 0.29375000000000007 0.596875 0.30937500000000007 0.596875
4 0.3062500000000001 0.584375 0.2921875000000001 0.584375 0.2921875000000001 0.603125 0.3062500000000001 0.603125
4 0.3062500000000001 0.59375 0.2906250000000001 0.59375 0.2906250000000001 0.6140625 0.3062500000000001 0.6140625
4 0.684375 0.10468750000000009 0.6734375 0.10468750000000009 0.6734375 0.14062500000000008 0.684375 0.14062500000000008
2 0.721875 0.3906250000000001 0.6953125 0.3906250000000001 0.6953125 0.4203125 0.721875 0.4203125