1 0.646875 0.3265625000000001 0.5796875 0.3265625000000001 0.5796875 0.3859375000000001 0.646875 0.3859375000000001
2 0.5453125 0.3312500000000001 0.515625 0.3312500000000001 0.515625 0.3609375000000001 0.5453125 0.3609375000000001
2 0.55 0.3812500000000001 0.5203125 0.3812500000000001 0.5203125 0.4109375 0.55 0.4109375
2 0.509375 0.3296875000000001 0.4828125 0.3296875000000001 0.4828125 0.3593750000000001 0.509375 0.3593750000000001
2 0.5046875 0.3593750000000001 0.478125 0.3593750000000001 0.478125 0.3859375000000001 0.5046875 0.3859375000000001
2 0.5953125 0.45625 0.5703125 0.45625 0.5703125 0.496875 0.5953125 0.496875
0 0.50625 0.3828125000000001 0.48125 0.3828125000000001 0.48125 0.4109375 0.50625 0.4109375
0 0.478125 0.37968750000000007 0.453125 0.37968750000000007 0.453125 0.4078125 0.478125 0.4078125
2 0.465625 0.3234375000000001 0.4375 0.3234375000000001 0.4375 0.34843750000000007 0.465625 0.34843750000000007
2 0.4375 0.3421875000000001 0.409375 0.3421875000000001 0.409375 0.37187500000000007 0.4375 0.37187500000000007
4 0.5625 0.3656250000000001 0.54375 0.3656250000000001 0.54375 0.3921875000000001 0.5625 0.3921875000000001
4 0.590625 0.3890625000000001 0.56875 0.3890625000000001 0.56875 0.4125 0.590625 0.4125
4 0.6625 0.3437500000000001 0.6453125 0.3437500000000001 0.6453125 0.3687500000000001 0.6625 0.3687500000000001
2 0.7546875 0.3828125000000001 0.721875 0.3828125000000001 0.721875 0.4156250000000001 0.7546875 0.4156250000000002
2 0.65625 0.38750000000000007 0.63125 0.38750000000000007 0.63125 0.4171875 0.65625 0.4171875
2 0.5484375000000001 0.6828125 0.528125 0.6828125 0.5281250000000001 0.7375 0.5484375000000001 0.7375
6 0.5156250000000002 0.803125 0.4984375000000002 0.803125 0.4984375000000002 0.8546875 0.5156250000000002 0.8546875
0 0.5265625000000002 0.8375 0.5093750000000001 0.8375 0.5093750000000001 0.88125 0.5265625000000002 0.88125
2 0.4687500000000001 0.7125 0.453125 0.7125 0.4531250000000001 0.7609375 0.46875000000000017 0.7609375
2 0.4906250000000001 0.7 0.475 0.7 0.4750000000000001 0.74375 0.4906250000000002 0.74375
4 0.4765625 0.6375 0.4625 0.6375 0.4625 0.66875 0.4765625 0.66875
4 0.46875000000000017 0.878125 0.4546875000000002 0.878125 0.4546875000000002 0.909375 0.46875000000000017 0.909375
4 0.4656250000000002 0.921875 0.45312500000000017 0.921875 0.45312500000000017 0.9578125 0.4656250000000002 0.9578125
2 0.5109375000000002 0.978125 0.49531250000000016 0.978125 0.49531250000000016 1 0.5109375000000002 1
4 0.484375 0.478125 0.4734375 0.478125 0.4734375 0.496875 0.484375 0.496875
4 0.490625 0.484375 0.484375 0.484375 0.484375 0.5 0.490625 0.5
4 0.49375 0.48125 0.484375 0.48125 0.484375 0.50625 0.49375 0.50625
4 0.4984375 0.4796875 0.4890625 0.4796875 0.4890625 0.509375 0.4984375 0.509375
4 0.48125 0.5 0.471875 0.5 0.471875 0.5265625 0.48125 0.5265625
4 0.4875 0.4953125 0.4765625 0.4953125 0.4765625 0.5203125 0.4875 0.5203125
2 0.490625 0.55625 0.475 0.55625 0.475 0.6 0.490625 0.6
2 0.50625 0.5390625 0.4921875 0.5390625 0.4921875 0.5875 0.50625 0.5875
2 0.496875 0.509375 0.4796875 0.509375 0.4796875 0.559375 0.496875 0.559375
2 0.509375 0.4796875 0.4953125 0.4796875 0.4953125 0.5375 0.509375 0.5375
4 0.465625 0.5046875 0.4546875 0.5046875 0.4546875 0.534375 0.465625 0.534375
6 0.3593750000000001 0.390625 0.3343750000000001 0.390625 0.3343750000000001 0.4296875 0.3593750000000001 0.4296875
2 0.275 0.346875 0.25 0.346875 0.25000000000000006 0.371875 0.2750000000000001 0.371875
4 0.265625 0.325 0.25 0.325 0.25 0.34375 0.265625 0.34375
3 0.36875 0.3453125 0.3453125 0.3453125 0.3453125 0.37187500000000007 0.3687500000000001 0.37187500000000007
3 0.3640625 0.31875000000000003 0.34375 0.31875 0.34375 0.34687500000000004 0.3640625 0.3468750000000001
4 0.21875 0.315625 0.2046875 0.315625 0.2046875 0.3390625 0.21875 0.3390625
2 0.18125000000000005 0.31875 0.15625000000000006 0.31875 0.15625000000000006 0.3484375 0.18125000000000005 0.3484375
1 0.3296875 0.2484375 0.2703125 0.2484375 0.2703125 0.296875 0.3296875 0.296875
2 0.12187500000000004 0.2765625 0.09687500000000004 0.2765625 0.09687500000000004 0.303125 0.12187500000000004 0.303125
3 0.17031250000000003 0.28125 0.14218750000000005 0.28125 0.14218750000000005 0.3046875 0.17031250000000003 0.3046875
4 0.16875000000000004 0.296875 0.14687500000000003 0.296875 0.14687500000000003 0.3203125 0.16875000000000004 0.3203125
4 0.07031250000000003 0.2609375 0.03750000000000003 0.2609375 0.03750000000000003 0.296875 0.07031250000000004 0.296875
4 0.006250000000000033 0.25625 3.138157422815093e-17 0.25625 3.358211144536883e-17 0.2921875 0.006250000000000036 0.2921875
2 0.2 0.1765625 0.16875 0.1765625 0.16875 0.2078125 0.2 0.2078125
2 0.109375 0.115625 0.07968750000000002 0.115625 0.07968750000000002 0.1421875 0.109375 0.1421875
2 0.07187500000000002 0.128125 0.046875000000000014 0.128125 0.046875000000000014 0.1640625 0.07187500000000002 0.1640625
4 0.06406250000000002 0.1109375 0.04375000000000001 0.1109375 0.04375000000000001 0.125 0.06406250000000002 0.125
4 0.06093750000000001 0.090625 0.039062500000000014 0.090625 0.039062500000000014 0.109375 0.06093750000000002 0.109375
4 0.051562500000000025 0.1140625 0.03437500000000001 0.1140625 0.03437500000000001 0.1359375 0.051562500000000025 0.1359375
0 0.134375 0.1046875 0.1171875 0.1046875 0.1171875 0.1296875 0.134375 0.1296875
4 0.125 0.08593750000000003 0.10625 0.08593750000000003 0.10625 0.1140625 0.125 0.1140625
4 0.175 0.1125 0.153125 0.1125 0.153125 0.1421875 0.175 0.1421875
0 0.1671875 0.140625 0.14375 0.140625 0.14375 0.171875 0.1671875 0.171875
2 0.1546875 0.1234375 0.128125 0.1234375 0.128125 0.15 0.1546875 0.15
3 0.578125 0.2468750000000001 0.5546875 0.2468750000000001 0.5546875 0.2812500000000001 0.578125 0.2812500000000001
4 0.5859375 0.1906250000000001 0.5671875 0.1906250000000001 0.5671875 0.21093750000000008 0.5859375 0.21093750000000008
4 0.5375 0.18593750000000003 0.521875 0.18593750000000003 0.521875 0.21250000000000008 0.5375 0.21250000000000008
4 0.5640625 0.16562500000000008 0.5453125 0.16562500000000008 0.5453125 0.18906250000000008 0.5640625 0.18906250000000008
4 0.609375 0.19531250000000008 0.5984375 0.19531250000000008 0.5984375 0.2171875000000001 0.609375 0.2171875000000001
4 0.6515625 0.2296875000000001 0.634375 0.2296875000000001 0.634375 0.2531250000000001 0.6515625 0.2531250000000001
4 0.69375 0.21875000000000008 0.6796875 0.21875000000000008 0.6796875 0.2375000000000001 0.69375 0.2375000000000001
4 0.7078125 0.22656250000000008 0.690625 0.22656250000000008 0.690625 0.2562500000000001 0.7078125 0.2562500000000001
4 0.73125 0.2328125000000001 0.7171875 0.2328125000000001 0.7171875 0.2484375000000001 0.73125 0.2484375000000001
4 0.6984375 0.18125000000000008 0.6875 0.18125000000000008 0.6875 0.2000000000000001 0.6984375 0.2000000000000001
4 0.7234375 0.1531250000000001 0.7078125 0.1531250000000001 0.7078125 0.1765625000000001 0.7234375 0.1765625000000001
4 0.7046875 0.11718750000000008 0.69375 0.11718750000000008 0.69375 0.1390625000000001 0.7046875 0.1390625000000001
4 0.7140625 0.1218750000000001 0.7046875 0.1218750000000001 0.7046875 0.14218750000000008 0.7140625 0.14218750000000008
0 0.88125 0.2328125000000001 0.8609375 0.2328125000000001 0.8609375 0.26250000000000007 0.88125 0.26250000000000007
0 0.778125 0.18906250000000008 0.7546875 0.18906250000000008 0.7546875 0.2234375000000001 0.778125 0.2234375000000001
0 0.7421875 0.1984375000000001 0.7203125 0.1984375000000001 0.7203125 0.2234375000000001 0.7421875 0.2234375000000001
2 0.790625 0.13281250000000008 0.771875 0.13281250000000008 0.771875 0.18125000000000008 0.790625 0.18125000000000008
2 0.8546875 0.16562500000000008 0.825 0.16562500000000008 0.825 0.19531250000000008 0.8546875 0.19531250000000008
4 0.8015625 0.20468750000000008 0.784375 0.20468750000000008 0.784375 0.22812500000000008 0.8015625 0.22812500000000008
4 0.8421875 0.21250000000000008 0.825 0.21250000000000008 0.825 0.2390625000000001 0.8421875 0.2390625000000001
4 0.8734375 0.1781250000000001 0.8546875 0.1781250000000001 0.8546875 0.20468750000000008 0.8734375 0.20468750000000008
0 0.6390625 0.17968750000000008 0.6171875 0.17968750000000008 0.6171875 0.21250000000000008 0.6390625 0.21250000000000008
2 0.6484375 0.2062500000000001 0.6203125 0.2062500000000001 0.6203125 0.23593750000000008 0.6484375 0.23593750000000008
2 0.6984375 0.1921875000000001 0.665625 0.1921875000000001 0.665625 0.2250000000000001 0.6984375 0.2250000000000001
2 0.9359375 0.23437500000000008 0.9078125 0.23437500000000008 0.9078125 0.2671875000000001 0.9359375 0.2671875000000001
2 0.9828125 0.19375000000000014 0.95 0.19375000000000014 0.95 0.2234375000000001 0.9828125 0.2234375000000001
1 1 0.21875000000000008 0.9796875 0.21875000000000008 0.9796875 0.2593750000000001 1 0.2593750000000001
2 0.8328125 0.006250000000000101 0.815625 0.0062500000000001 0.815625 0.0546875000000001 0.8328125 0.05468750000000011
2 0.571875 0.06250000000000007 0.5515625 0.06250000000000007 0.5515625 0.10781250000000009 0.571875 0.10781250000000009
2 0.640625 7.711447813380989e-17 0.61875 7.577502069724248e-17 0.61875 0.031250000000000076 0.640625 0.031250000000000076
0 0.5171875 0.13281250000000006 0.4984375 0.13281250000000006 0.4984375 0.16093750000000004 0.5171875 0.16093750000000004
0 0.540625 0.15625000000000006 0.5203125 0.15625000000000006 0.5203125 0.18750000000000006 0.540625 0.18750000000000006
4 0.4921875 0.15625000000000006 0.4765625 0.15625000000000006 0.4765625 0.18125000000000005 0.4921875 0.18125000000000005
2 0.50625 0.17187500000000006 0.48125 0.17187500000000006 0.48125 0.21250000000000008 0.50625 0.21250000000000008
4 0.5140625 0.22031250000000008 0.49375 0.22031250000000008 0.49375 0.25468750000000007 0.5140625 0.25468750000000007
4 0.4421875 0.12343750000000005 0.421875 0.12343750000000005 0.421875 0.15312500000000004 0.4421875 0.15312500000000004
4 0.4109375 0.13906250000000003 0.3890625 0.13906250000000003 0.3890625 0.17031250000000003 0.4109375 0.17031250000000003
4 0.4109375 0.17812500000000003 0.3953125 0.17812500000000003 0.3953125 0.19843750000000004 0.4109375 0.19843750000000004
4 0.425 0.17500000000000004 0.409375 0.17500000000000004 0.409375 0.19843750000000004 0.425 0.19843750000000004
4 0.434375 0.18125000000000005 0.41875 0.18125000000000005 0.41875 0.2015625000000001 0.434375 0.2015625000000001
4 0.3125 0.16875000000000004 0.2984375 0.16875000000000004 0.2984375 0.18906250000000005 0.3125 0.18906250000000005
4 0.2296875 0.12031250000000004 0.2125 0.12031250000000004 0.2125 0.14062500000000006 0.2296875 0.14062500000000006
4 0.2140625 0.13125000000000003 0.2 0.13125000000000003 0.2 0.15000000000000005 0.2140625 0.15000000000000005
4 0.296875 0.15625000000000006 0.275 0.15625000000000006 0.275 0.17656250000000004 0.296875 0.17656250000000004
2 0.2359375 0.13593750000000004 0.2046875 0.13593750000000004 0.2046875 0.17031250000000003 0.2359375 0.17031250000000003
2 0.24375 0.15937500000000004 0.2125 0.15937500000000004 0.2125 0.19843750000000004 0.24375 0.19843750000000004
4 0.2625 0.17656250000000004 0.2484375 0.17656250000000004 0.2484375 0.19843750000000004 0.2625 0.19843750000000004
4 0.246875 0.19843750000000004 0.23125 0.19843750000000004 0.23125 0.21875 0.246875 0.21875
2 0.278125 0.18593750000000003 0.253125 0.18593750000000003 0.253125 0.215625 0.278125 0.215625
2 0.29375 0.17031250000000003 0.2640625 0.17031250000000003 0.2640625 0.19531250000000006 0.29375 0.19531250000000006
2 0.3078125 0.18593750000000003 0.2828125 0.18593750000000003 0.2828125 0.2203125 0.3078125 0.2203125
2 0.3375 0.17656250000000004 0.309375 0.17656250000000004 0.309375 0.2046875 0.3375 0.2046875
2 0.340625 0.19843750000000004 0.315625 0.19843750000000004 0.315625 0.2296875 0.340625 0.2296875
0 0.359375 0.17812500000000003 0.3390625 0.17812500000000003 0.3390625 0.2015625 0.359375 0.2015625
0 0.3953125 0.2062500000000001 0.378125 0.2062500000000001 0.378125 0.2312500000000001 0.3953125 0.2312500000000001
0 0.4125 0.2156250000000001 0.39375 0.2156250000000001 0.39375 0.2406250000000001 0.4125 0.2406250000000001
0 0.4296875 0.2078125000000001 0.409375 0.2078125000000001 0.409375 0.2375000000000001 0.4296875 0.2375000000000001
4 0.434375 0.20312500000000008 0.41875 0.20312500000000008 0.41875 0.2234375000000001 0.434375 0.2234375000000001
2 0.409375 0.18437500000000004 0.3796875 0.18437500000000004 0.3796875 0.2140625000000001 0.409375 0.2140625000000001
3 0.38125 0.18125000000000005 0.3546875 0.18125000000000005 0.3546875 0.20937500000000003 0.38125 0.2093750000000001
4 0.3515625 0.2109375 0.3390625 0.2109375 0.3390625 0.2296875 0.3515625 0.2296875
4 0.35 0.19218750000000004 0.3359375 0.19218750000000004 0.3359375 0.2109375 0.35 0.2109375
4 0.3609375 0.19218750000000004 0.3453125 0.19218750000000004 0.3453125 0.215625 0.3609375 0.215625
2 0.378125 0.20468750000000005 0.35 0.2046875 0.35 0.22968750000000004 0.378125 0.2296875000000001
2 0.13125 0.1390625 0.1015625 0.1390625 0.1015625 0.1734375 0.13125 0.1734375
0 0.05625 5.35782974626967e-18 0.03125 3.827021247335479e-18 0.03125 0.028125000000000004 0.05625 0.02812500000000001
4 0.0421875 0.0328125 0.021875000000000006 0.0328125 0.021875000000000006 0.0578125 0.04218750000000001 0.0578125
4 0.025000000000000012 0.0640625 0.0031250000000000084 0.0640625 0.003125000000000009 0.084375 0.025000000000000012 0.084375
4 0.02656250000000001 0.0484375 0.007812500000000005 0.0484375 0.007812500000000007 0.0703125 0.02656250000000001 0.0703125
2 0.01250000000000002 0.1359375 1.6647542425909335e-17 0.1359375 1.8561053049577072e-17 0.1671875 0.012500000000000022 0.1671875
2 0.10781250000000009 0.5453125 0.07656250000000006 0.5453125 0.07656250000000006 0.578125 0.10781250000000009 0.578125
2 0.06093750000000007 0.5359375 0.029687500000000068 0.5359375 0.029687500000000068 0.565625 0.06093750000000007 0.565625
2 0.057812500000000065 0.5703125 0.023437500000000073 0.5703125 0.023437500000000073 0.5953125 0.057812500000000065 0.5953125
2 0.05312500000000009 0.65625 0.02187500000000008 0.65625 0.021875000000000082 0.68125 0.05312500000000009 0.68125
4 0.14062500000000006 0.3421875 0.12343750000000005 0.3421875 0.12343750000000005 0.3625 0.14062500000000006 0.3625
2 0.559375 6.668584523482072e-17 0.5296875 6.486801014233636e-17 0.5296875 0.018750000000000065 0.559375 0.018750000000000065
4 0.6890625 0.11093750000000009 0.6796875 0.11093750000000009 0.6796875 0.1453125000000001 0.6890625 0.1453125000000001