4 0.01250000000000007 0.5640625 0.0015625000000000695 0.5640625 0.0015625000000000708 0.5890625 0.012500000000000072 0.5890625
2 0.10781250000000006 0.5421875 0.08750000000000006 0.5421875 0.08750000000000006 0.5609375 0.10781250000000009 0.5609375
3 0.13125000000000006 0.525 0.11093750000000005 0.525 0.11093750000000006 0.546875 0.1312500000000001 0.546875
5 0.1312500000000001 0.6703125 0.08750000000000009 0.6703125 0.08750000000000009 0.6984375 0.1312500000000001 0.6984375
5 0.1546875000000001 0.63125 0.1140625000000001 0.63125 0.1140625000000001 0.659375 0.1546875000000001 0.659375
5 0.19687500000000005 0.4703125 0.15000000000000005 0.4703125 0.15000000000000005 0.503125 0.19687500000000005 0.503125
6 0.28593750000000007 0.6296875 0.2484375000000001 0.6296875 0.2484375000000001 0.653125 0.28593750000000007 0.653125
4 0.23437500000000008 0.4015625 0.22031250000000008 0.4015625 0.22031250000000008 0.421875 0.23437500000000008 0.421875
2 0.3203125000000001 0.45625 0.30156250000000007 0.45625 0.30156250000000007 0.4765625 0.3203125000000001 0.4765625
2 0.3421875000000001 0.4828125 0.3203125000000001 0.4828125 0.3203125000000001 0.503125 0.3421875000000001 0.503125
2 0.484375 0.45625 0.4640625 0.45625 0.4640625 0.48125 0.484375 0.48125
2 0.340625 0.28125 0.321875 0.28125 0.321875 0.3015625 0.340625 0.3015625
2 0.5015625 0.31718750000000007 0.490625 0.31718750000000007 0.490625 0.3468750000000001 0.5015625 0.3468750000000001
2 0.5140625 0.3156250000000001 0.5046875 0.3156250000000001 0.5046875 0.34843750000000007 0.5140625 0.34843750000000007
2 0.553125 0.3078125000000001 0.54375 0.3078125000000001 0.54375 0.3359375000000001 0.553125 0.3359375000000001
2 0.5640625 0.3109375000000001 0.5546875 0.3109375000000001 0.5546875 0.34062500000000007 0.5640625 0.34062500000000007
4 0.5421875 0.4609375 0.528125 0.4609375 0.528125 0.48125 0.5421875 0.48125
3 0.5765625 0.4875 0.5578125 0.4875 0.5578125 0.50625 0.5765625 0.50625
0 0.603125 0.4515625 0.5890625 0.4515625 0.5890625 0.4671875 0.603125 0.4671875
6 0.5015625 0.615625 0.4671875 0.615625 0.4671875 0.640625 0.5015625 0.640625
3 0.575 0.621875 0.5578125 0.621875 0.5578125 0.640625 0.575 0.640625
2 0.60625 0.5953125 0.5875 0.5953125 0.5875 0.615625 0.60625 0.615625
5 0.5984375 0.5390625 0.5609375 0.5390625 0.5609375 0.5671875 0.5984375 0.5671875
6 0.7 0.5234375 0.6703125 0.5234375 0.6703125 0.5484375 0.7 0.5484375
1 0.671875 0.3812500000000001 0.63125 0.3812500000000001 0.63125 0.403125 0.671875 0.403125
5 0.73125 0.3781250000000001 0.6859375 0.3781250000000001 0.6859375 0.40312500000000007 0.73125 0.4031250000000002
2 0.6828125 0.4125 0.6671875 0.4125 0.6671875 0.428125 0.6828125 0.428125
4 0.70625 0.5921875 0.6953125 0.5921875 0.6953125 0.6046875 0.70625 0.6046875
2 0.7125 0.65 0.703125 0.65 0.703125 0.671875 0.7125 0.671875
0 0.7421875 0.6062500000000002 0.728125 0.6062500000000002 0.728125 0.6218750000000002 0.7421875 0.6218750000000002
0 0.8140625 0.6031250000000001 0.803125 0.6031250000000001 0.803125 0.6171875000000002 0.8140625 0.6171875000000002
0 0.84375 0.6015625000000002 0.8296875 0.6015625000000002 0.8296875 0.6125000000000002 0.84375 0.6125000000000002
2 0.78125 0.49218750000000017 0.7625 0.49218750000000017 0.7625 0.5062500000000002 0.78125 0.5062500000000002
5 0.825 0.4656250000000002 0.7890625 0.4656250000000002 0.7890625 0.49218750000000017 0.825 0.49218750000000017
5 0.89375 0.6375000000000002 0.8515625 0.6375000000000002 0.8515625 0.6609375000000002 0.89375 0.6609375000000002
0 0.8828125 0.6140625000000002 0.8703125 0.6140625000000002 0.8703125 0.6281250000000002 0.8828125 0.6281250000000002
3 0.8984375 0.5890625000000002 0.875 0.5890625000000002 0.875 0.6093750000000002 0.8984375 0.6093750000000002