2 0.05468750000000011 0.9484375 0.03593750000000011 0.9484375 0.035937500000000115 0.9796875 0.05468750000000011 0.9796875
2 0.1062500000000001 0.859375 0.08906250000000011 0.859375 0.08906250000000011 0.8921875 0.1062500000000001 0.8921875
2 0.11406250000000011 0.9015625 0.09375000000000011 0.9015625 0.09375000000000011 0.9359375 0.11406250000000014 0.9359375
2 0.22031250000000008 0.9625 0.2015625000000001 0.9625 0.2015625000000001 0.9984375 0.22031250000000008 0.9984375
2 0.24218750000000008 0.934375 0.2218750000000001 0.934375 0.2218750000000001 0.971875 0.24218750000000008 0.971875
2 0.2906250000000001 0.8171875 0.27031250000000007 0.8171875 0.27031250000000007 0.8421875 0.2906250000000001 0.8421875
2 0.1921875000000001 0.7765625 0.17343750000000008 0.7765625 0.17343750000000008 0.8046875 0.1921875000000001 0.8046875
2 0.2250000000000001 0.7375 0.20468750000000008 0.7375 0.20468750000000008 0.765625 0.2250000000000001 0.765625
2 0.2390625000000001 0.715625 0.22031250000000008 0.715625 0.22031250000000008 0.7390625 0.2390625000000001 0.7390625
2 0.2515625000000001 0.6921875 0.2328125000000001 0.6921875 0.2328125000000001 0.721875 0.2515625000000001 0.721875
2 0.2593750000000001 0.70625 0.24218750000000008 0.70625 0.24218750000000008 0.7328125 0.2593750000000001 0.7328125
2 0.2765625000000001 0.6875 0.2578125000000001 0.6875 0.2578125000000001 0.7125 0.2765625000000001 0.7125
2 0.2687500000000001 0.675 0.2500000000000001 0.675 0.2500000000000001 0.7046875 0.2687500000000001 0.7046875
2 0.2921875000000001 0.6640625 0.2750000000000001 0.6640625 0.2750000000000001 0.69375 0.2921875000000001 0.69375
2 0.30937500000000007 0.646875 0.2875000000000001 0.646875 0.2875000000000001 0.671875 0.30937500000000007 0.671875
2 0.3046875000000001 0.63125 0.2843750000000001 0.63125 0.2843750000000001 0.6609375 0.3046875000000001 0.6609375
2 0.3234375000000001 0.628125 0.3062500000000001 0.628125 0.3062500000000001 0.6609375 0.3234375000000001 0.6609375
2 0.3359375000000001 0.8140625 0.3156250000000001 0.8140625 0.3156250000000001 0.8453125 0.3359375000000001 0.8453125
2 0.34062500000000007 0.6078125 0.3218750000000001 0.6078125 0.3218750000000001 0.6359375 0.34062500000000007 0.6359375
2 0.3359375000000001 0.596875 0.31718750000000007 0.596875 0.31718750000000007 0.621875 0.3359375000000001 0.621875
2 0.3546875000000001 0.5828125 0.3359375000000001 0.5828125 0.3359375000000001 0.6140625 0.3546875000000001 0.6140625
2 0.4390625 0.5546875 0.4234375 0.5546875 0.4234375 0.584375 0.4390625 0.584375
2 0.4296875 0.4984375 0.4140625 0.4984375 0.4140625 0.5296875 0.4296875 0.5296875
2 0.403125 0.434375 0.3859375000000001 0.434375 0.3859375000000001 0.46875 0.403125 0.46875
2 0.3578125 0.2875 0.3421875 0.2875 0.3421875 0.3234375 0.3578125 0.3234375
2 0.3375 0.3046875 0.3234375 0.3046875 0.3234375 0.3390625 0.3375 0.3390625
2 0.340625 0.2375 0.321875 0.2375 0.321875 0.26875 0.340625 0.26875
2 0.2734375 0.08750000000000004 0.2546875 0.08750000000000002 0.2546875 0.12187500000000004 0.2734375 0.12187500000000004
2 0.325 0.007812500000000038 0.3046875 0.007812500000000036 0.3046875 0.04687500000000004 0.325 0.04687500000000004
2 0.33125 3.9418318847555435e-17 0.3125 3.827021247335479e-17 0.3125 0.026562500000000037 0.33125 0.026562500000000044
2 0.3421875 4.085345181530624e-17 0.325 3.980102097228898e-17 0.325 0.02343750000000004 0.3421875 0.023437500000000045
2 0.40625 0.17968750000000006 0.3875 0.17968750000000006 0.3875 0.21250000000000008 0.40625 0.21250000000000008
2 0.4046875 0.2015625000000001 0.3890625 0.2015625000000001 0.3890625 0.2312500000000001 0.4046875 0.2312500000000001
2 0.41875 0.2171875000000001 0.4 0.2171875000000001 0.4 0.2515625000000001 0.41875 0.2515625000000001
2 0.4328125 0.2156250000000001 0.4140625 0.2156250000000001 0.4140625 0.2468750000000001 0.4328125 0.2468750000000001
2 0.43125 0.24218750000000008 0.4203125 0.24218750000000008 0.4203125 0.27031250000000007 0.43125 0.27031250000000007
2 0.4234375 0.2515625000000001 0.4078125 0.2515625000000001 0.4078125 0.2812500000000001 0.4234375 0.2812500000000001
2 0.4234375 0.2812500000000001 0.409375 0.2812500000000001 0.409375 0.3078125000000001 0.4234375 0.3078125000000001
2 0.4359375 0.2734375000000001 0.4171875 0.2734375000000001 0.4171875 0.30937500000000007 0.4359375 0.30937500000000007
2 0.446875 0.2750000000000001 0.4296875 0.2750000000000001 0.4296875 0.3046875000000001 0.446875 0.3046875000000001
2 0.4484375 0.2500000000000001 0.434375 0.2500000000000001 0.434375 0.2765625000000001 0.4484375 0.2765625000000001
2 0.54375 0.4 0.525 0.4 0.525 0.41875 0.54375 0.41875
2 0.59375 0.4390625 0.575 0.4390625 0.575 0.4640625 0.59375 0.4640625
2 0.6109375 0.5296875 0.6 0.5296875 0.6 0.56875 0.6109375 0.56875
2 0.5921875 0.1859375000000001 0.575 0.1859375000000001 0.575 0.2156250000000001 0.5921875 0.2156250000000001
2 0.5625 0.2062500000000001 0.5484375 0.2062500000000001 0.5484375 0.24218750000000008 0.5625 0.24218750000000008
2 0.5734375 0.12343750000000009 0.5625 0.12343750000000009 0.5625 0.15625000000000008 0.5734375 0.15625000000000008
2 0.5625 0.03906250000000007 0.55 0.03906250000000007 0.55 0.07031250000000007 0.5625 0.07031250000000007
2 0.603125 0.050000000000000065 0.5828125 0.050000000000000065 0.5828125 0.07812500000000007 0.603125 0.07812500000000007
2 0.653125 0.3000000000000001 0.63125 0.3000000000000001 0.63125 0.32500000000000007 0.653125 0.32500000000000007
2 0.8046875 0.1515625000000001 0.790625 0.1515625000000001 0.790625 0.1859375000000001 0.8046875 0.1859375000000001
2 0.8203125 0.16406250000000008 0.8015625 0.16406250000000008 0.8015625 0.1906250000000001 0.8203125 0.1906250000000001
2 0.83125 0.1296875000000001 0.815625 0.1296875000000001 0.815625 0.1625000000000001 0.83125 0.1625000000000001
2 0.8828125 0.06718750000000011 0.8625 0.06718750000000011 0.8625 0.09843750000000011 0.8828125 0.09843750000000011
2 0.95 1.1500198848243113e-16 0.928125 1.1366253104586372e-16 0.928125 0.020312500000000115 0.95 0.020312500000000115
2 0.9375 0.2140625000000001 0.9171875 0.2140625000000001 0.9171875 0.24218750000000008 0.9375 0.24218750000000008
2 0.946875 0.19687500000000013 0.9296875 0.19687500000000013 0.9296875 0.22812500000000008 0.946875 0.22812500000000008
2 0.95625 0.18906250000000013 0.9375 0.18906250000000013 0.9375 0.2234375000000001 0.95625 0.2234375000000001
2 0.8265625 0.2218750000000001 0.8046875 0.2218750000000001 0.8046875 0.2484375000000001 0.8265625 0.2484375000000001
2 0.83125 0.23437500000000008 0.8109375 0.23437500000000008 0.8109375 0.2671875000000001 0.83125 0.2671875000000001
2 0.80625 0.2406250000000001 0.7875 0.2406250000000001 0.7875 0.2687500000000001 0.80625 0.2687500000000001
2 0.8125 0.2500000000000001 0.79375 0.2500000000000001 0.79375 0.27812500000000007 0.8125 0.27812500000000007
2 0.790625 0.2609375000000001 0.7703125 0.2609375000000001 0.7703125 0.28593750000000007 0.790625 0.28593750000000007
2 0.7984375 0.2750000000000001 0.778125 0.2750000000000001 0.778125 0.3046875000000001 0.7984375 0.3046875000000001
2 0.759375 0.2953125000000001 0.74375 0.2953125000000001 0.74375 0.3218750000000001 0.759375 0.3218750000000001
2 0.7640625 0.3156250000000001 0.75 0.3156250000000001 0.75 0.3375000000000001 0.7640625 0.3375000000000001
2 0.74375 0.31718750000000007 0.7234375 0.31718750000000007 0.7234375 0.34843750000000007 0.74375 0.34843750000000007
2 0.75 0.3343750000000001 0.73125 0.3343750000000001 0.73125 0.3546875000000001 0.75 0.3546875000000001
2 0.7484375 0.3515625000000001 0.7296875 0.3515625000000001 0.7296875 0.37187500000000007 0.7484375 0.37187500000000007
2 0.7359375 0.34843750000000007 0.7171875 0.34843750000000007 0.7171875 0.3734375000000001 0.7359375 0.3734375000000001
2 0.721875 0.34062500000000007 0.7015625 0.34062500000000007 0.7015625 0.3656250000000001 0.721875 0.3656250000000001
2 0.71875 0.3687500000000001 0.7015625 0.3687500000000001 0.7015625 0.39531250000000007 0.71875 0.39531250000000007
2 0.6890625 0.3734375000000001 0.675 0.3734375000000001 0.675 0.403125 0.6890625 0.403125
2 0.69375 0.3921875000000001 0.6734375 0.3921875000000001 0.6734375 0.4203125 0.69375 0.4203125
2 0.678125 0.3968750000000001 0.6578125 0.3968750000000001 0.6578125 0.428125 0.678125 0.428125
2 0.728125 0.5578125 0.7140625 0.5578125 0.7140625 0.5906250000000001 0.728125 0.5906250000000002
2 0.8765625 0.7328125000000002 0.8609375 0.7328125000000002 0.8609375 0.7656250000000002 0.8765625 0.7656250000000002
2 0.890625 0.7468750000000002 0.8765625 0.7468750000000002 0.8765625 0.7765625000000002 0.890625 0.7765625000000002
2 0.915625 0.7609375000000002 0.9 0.7609375000000002 0.9 0.7906250000000001 0.915625 0.7906250000000001
2 0.953125 0.803125 0.934375 0.803125 0.934375 0.840625 0.953125 0.840625
2 0.9625 0.8265625 0.9421875 0.8265625 0.9421875 0.85625 0.9625 0.85625
2 0.971875 0.8484375 0.9515625 0.8484375 0.9515625 0.8734375 0.971875 0.8734375
2 0.984375 0.8671875 0.9625 0.8671875 0.9625 0.8875 0.984375 0.8875
2 0.99375 0.890625 0.96875 0.890625 0.96875 0.91875 0.99375 0.91875
2 0.9125 0.9359375 0.8921875 0.9359375 0.8921875 0.9625 0.9125 0.9625
2 0.8859375 0.9140625 0.865625 0.9140625 0.865625 0.9453125 0.8859375 0.9453125
2 0.865625 0.8796875 0.85 0.8796875 0.85 0.90625 0.865625 0.90625
2 0.7578125000000002 0.7843750000000002 0.7343750000000002 0.7843750000000002 0.7343750000000002 0.8109375 0.7578125000000002 0.8109375
2 0.6828125 0.71875 0.6609375 0.71875 0.6609375000000001 0.74375 0.6828125000000002 0.74375
2 0.6031250000000001 0.703125 0.5828125 0.703125 0.5828125000000001 0.7296875 0.6031250000000001 0.7296875
2 0.6 0.6296875 0.5859375 0.6296875 0.5859375 0.6609375 0.6 0.6609375
2 0.571875 0.6265625 0.5578125 0.6265625 0.5578125 0.659375 0.571875 0.659375
2 0.546875 0.675 0.5265625 0.675 0.5265625 0.6984375 0.546875 0.6984375
2 0.525 0.6390625 0.503125 0.6390625 0.503125 0.6734375 0.525 0.6734375
2 0.4859375 0.6046875 0.465625 0.6046875 0.465625 0.63125 0.4859375 0.63125
2 0.5640625000000001 0.7671875 0.5421875000000002 0.7671875 0.5421875000000002 0.7953125 0.5640625000000001 0.7953125
2 0.4812500000000002 0.79375 0.4656250000000002 0.79375 0.4656250000000002 0.828125 0.4812500000000002 0.828125
2 0.3843750000000001 0.9453125 0.3625000000000001 0.9453125 0.3625000000000001 0.9765625 0.3843750000000001 0.9765625
2 0.3390625000000001 0.9453125 0.3187500000000001 0.9453125 0.3187500000000001 0.96875 0.3390625000000001 0.96875
4 0.06250000000000011 0.975 0.04843750000000012 0.975 0.04843750000000012 0.9953125 0.06250000000000011 0.9953125
4 0.06093750000000011 0.859375 0.050000000000000114 0.859375 0.050000000000000114 0.875 0.06093750000000011 0.875
4 0.06875000000000012 0.871875 0.057812500000000114 0.871875 0.057812500000000114 0.8890625 0.06875000000000012 0.8890625
4 0.08593750000000011 0.846875 0.07812500000000011 0.846875 0.07812500000000011 0.8609375 0.08593750000000011 0.8609375
4 0.09218750000000012 0.8421875 0.08593750000000011 0.8421875 0.08593750000000011 0.85625 0.09218750000000012 0.85625
4 0.09687500000000011 0.8390625 0.09062500000000011 0.8390625 0.09062500000000011 0.853125 0.09687500000000011 0.853125
4 0.11093750000000009 0.8265625 0.10468750000000009 0.8265625 0.10468750000000009 0.8375 0.11093750000000009 0.8375
4 0.1140625000000001 0.8171875 0.10781250000000009 0.8171875 0.10781250000000009 0.83125 0.1140625000000001 0.83125
4 0.11875000000000009 0.815625 0.1140625000000001 0.815625 0.1140625000000001 0.828125 0.11875000000000009 0.828125
4 0.1265625000000001 0.8953125 0.1140625000000001 0.8953125 0.11406250000000011 0.915625 0.12656250000000013 0.915625
4 0.13437500000000008 0.871875 0.12500000000000008 0.871875 0.12500000000000008 0.890625 0.13437500000000008 0.890625
4 0.16875000000000012 0.978125 0.15781250000000013 0.978125 0.15781250000000013 0.9984375 0.16875000000000012 0.9984375
4 0.2078125000000001 0.728125 0.1984375000000001 0.728125 0.1984375000000001 0.746875 0.2078125000000001 0.746875
4 0.2578125000000001 0.671875 0.2500000000000001 0.671875 0.2500000000000001 0.684375 0.2578125000000001 0.684375
4 0.2640625000000001 0.6515625 0.2531250000000001 0.6515625 0.2531250000000001 0.665625 0.2640625000000001 0.665625
4 0.2656250000000001 0.66875 0.2562500000000001 0.66875 0.2562500000000001 0.6796875 0.2656250000000001 0.6796875
4 0.2734375000000001 0.6625 0.2640625000000001 0.6625 0.2640625000000001 0.671875 0.2734375000000001 0.671875
4 0.2796875000000001 0.6515625 0.27031250000000007 0.6515625 0.27031250000000007 0.6625 0.2796875000000001 0.6625
4 0.2875000000000001 0.6453125 0.27812500000000007 0.6453125 0.27812500000000007 0.65625 0.2875000000000001 0.65625
4 0.3000000000000001 0.609375 0.2906250000000001 0.609375 0.2906250000000001 0.6203125 0.3000000000000001 0.6203125
4 0.3125000000000001 0.621875 0.3046875000000001 0.621875 0.3046875000000001 0.63125 0.3125000000000001 0.63125
4 0.3218750000000001 0.615625 0.3109375000000001 0.615625 0.3109375000000001 0.6296875 0.3218750000000001 0.6296875
4 0.34062500000000007 0.575 0.3312500000000001 0.575 0.3312500000000001 0.5890625 0.34062500000000007 0.5890625
4 0.33281250000000007 0.5875 0.3265625000000001 0.5875 0.3265625000000001 0.6015625 0.33281250000000007 0.6015625
4 0.3046875000000001 0.8515625 0.2968750000000001 0.8515625 0.2968750000000001 0.865625 0.3046875000000001 0.865625
4 0.4015625 0.525 0.39531250000000007 0.525 0.39531250000000007 0.54375 0.4015625 0.54375
4 0.4140625 0.478125 0.4046875 0.478125 0.4046875 0.49375 0.4140625 0.49375
4 0.36718750000000006 0.35156250000000006 0.359375 0.3515625 0.35937500000000006 0.36718750000000006 0.3671875000000001 0.3671875000000001
4 0.3390625 0.29375 0.33125 0.29375 0.33125 0.3078125 0.3390625 0.3078125
4 0.3375 0.26875 0.3296875 0.26875 0.3296875 0.284375 0.3375 0.284375
4 0.2796875 0.10937500000000004 0.2734375 0.10937500000000004 0.2734375 0.12500000000000006 0.2796875 0.12500000000000006
4 0.2359375 0.015625000000000028 0.228125 0.015625000000000028 0.228125 0.031250000000000035 0.2359375 0.031250000000000035
4 0.375 0.07187500000000005 0.3671875 0.07187500000000005 0.3671875 0.08593750000000004 0.375 0.08593750000000004
4 0.3625 0.12343750000000005 0.3546875 0.12343750000000005 0.3546875 0.14218750000000005 0.3625 0.14218750000000005
4 0.3953125 0.12968750000000004 0.3859375 0.12968750000000004 0.3859375 0.14375000000000004 0.3953125 0.14375000000000004
4 0.4 0.12343750000000005 0.3921875 0.12343750000000005 0.3921875 0.13750000000000004 0.4 0.13750000000000004
4 0.403125 0.13125000000000003 0.3953125 0.13125000000000003 0.3953125 0.14062500000000006 0.403125 0.14062500000000006
4 0.40625 0.11875000000000005 0.4 0.11875000000000005 0.4 0.12812500000000004 0.40625 0.12812500000000004
4 0.4125 0.13125000000000003 0.4046875 0.13125000000000003 0.4046875 0.14218750000000005 0.4125 0.14218750000000005
4 0.4078125 0.13437500000000005 0.3984375 0.13437500000000005 0.3984375 0.14843750000000006 0.4078125 0.14843750000000006
4 0.4109375 0.15156250000000004 0.4015625 0.15156250000000004 0.4015625 0.16093750000000004 0.4109375 0.16093750000000004
4 0.409375 0.15781250000000005 0.4046875 0.15781250000000005 0.4046875 0.17187500000000006 0.409375 0.17187500000000006
4 0.4140625 0.15781250000000005 0.4078125 0.15781250000000005 0.4078125 0.17031250000000003 0.4140625 0.17031250000000003
4 0.40625 0.17500000000000004 0.396875 0.17500000000000004 0.396875 0.19218750000000004 0.40625 0.19218750000000004
4 0.4171875 0.16875000000000004 0.4109375 0.16875000000000004 0.4109375 0.17968750000000006 0.4171875 0.17968750000000006
4 0.4203125 0.17031250000000003 0.415625 0.17031250000000003 0.415625 0.18437500000000004 0.4203125 0.18437500000000004
4 0.421875 0.15156250000000004 0.415625 0.15156250000000004 0.415625 0.16250000000000003 0.421875 0.16250000000000003
4 0.4234375 0.15312500000000004 0.41875 0.15312500000000004 0.41875 0.16562500000000005 0.4234375 0.16562500000000005
4 0.428125 0.16562500000000005 0.421875 0.16562500000000005 0.421875 0.17968750000000006 0.428125 0.17968750000000006
4 0.4328125 0.17343750000000005 0.425 0.17343750000000005 0.425 0.18593750000000003 0.4328125 0.18593750000000003
4 0.4421875 0.18281250000000004 0.434375 0.18281250000000004 0.434375 0.19687500000000005 0.4421875 0.19687500000000005
4 0.45 0.2750000000000001 0.44375 0.2750000000000001 0.44375 0.2890625000000001 0.45 0.2890625000000001
4 0.45 0.28593750000000007 0.4421875 0.28593750000000007 0.4421875 0.3000000000000001 0.45 0.3000000000000001
4 0.484375 0.3125000000000001 0.4765625 0.3125000000000001 0.4765625 0.3234375000000001 0.484375 0.3234375000000001
4 0.525 0.3656250000000001 0.515625 0.3656250000000001 0.515625 0.3812500000000001 0.525 0.3812500000000001
4 0.53125 0.3468750000000001 0.521875 0.3468750000000001 0.521875 0.3609375000000001 0.53125 0.3609375000000001
4 0.5484375 0.3359375000000001 0.5390625 0.3359375000000001 0.5390625 0.3468750000000001 0.5484375 0.3468750000000001
4 0.5953125 0.3531250000000001 0.5890625 0.3531250000000001 0.5890625 0.3734375000000001 0.5953125 0.3734375000000001
4 0.6046875 0.3593750000000001 0.5984375 0.3593750000000001 0.5984375 0.3765625000000001 0.6046875 0.3765625000000001
4 0.6859375 0.2953125000000001 0.675 0.2953125000000001 0.675 0.3062500000000001 0.6859375 0.3062500000000001
4 0.7546875 0.2171875000000001 0.746875 0.2171875000000001 0.746875 0.22812500000000008 0.7546875 0.22812500000000008
4 0.759375 0.21250000000000008 0.75 0.21250000000000008 0.75 0.22656250000000008 0.759375 0.22656250000000008
4 0.81875 0.1531250000000001 0.809375 0.1531250000000001 0.809375 0.16406250000000008 0.81875 0.16406250000000008
4 0.7984375 0.2984375000000001 0.7890625 0.2984375000000001 0.7890625 0.3140625000000001 0.7984375 0.3140625000000001
4 0.75 0.3203125000000001 0.740625 0.3203125000000001 0.740625 0.3343750000000001 0.75 0.3343750000000001
4 0.7578125 0.34062500000000007 0.7453125 0.34062500000000007 0.7453125 0.3546875000000001 0.7578125 0.3546875000000001
4 0.7296875 0.3656250000000001 0.71875 0.3656250000000001 0.71875 0.3765625000000001 0.7296875 0.3765625000000001
4 0.7296875 0.37968750000000007 0.721875 0.37968750000000007 0.721875 0.38750000000000007 0.7296875 0.38750000000000007
4 0.725 0.3765625000000001 0.7140625 0.3765625000000001 0.7140625 0.3859375000000001 0.725 0.3859375000000001
4 0.721875 0.3828125000000001 0.7140625 0.3828125000000001 0.7140625 0.3937500000000001 0.721875 0.3937500000000001
4 0.7171875 0.38750000000000007 0.709375 0.38750000000000007 0.709375 0.39531250000000007 0.7171875 0.39531250000000007
4 0.71875 0.39531250000000007 0.709375 0.39531250000000007 0.709375 0.4015625 0.71875 0.4015625
4 0.7015625 0.3921875000000001 0.6921875 0.3921875000000001 0.6921875 0.403125 0.7015625 0.403125
4 0.7078125 0.3937500000000001 0.6984375 0.3937500000000001 0.6984375 0.403125 0.7078125 0.403125
4 0.7109375 0.4 0.703125 0.4 0.703125 0.4109375 0.7109375 0.4109375
4 0.7 0.4 0.69375 0.4 0.69375 0.4125 0.7 0.4125
4 0.6921875 0.4 0.6859375 0.4 0.6859375 0.41875 0.6921875 0.41875
4 0.6984375 0.41875 0.6890625 0.41875 0.6890625 0.428125 0.6984375 0.428125
4 0.6859375 0.4140625 0.6765625 0.4140625 0.6765625 0.425 0.6859375 0.425
4 0.6875 0.4171875 0.68125 0.4171875 0.68125 0.4296875 0.6875 0.4296875
4 0.6921875 0.425 0.6828125 0.425 0.6828125 0.4359375 0.6921875 0.4359375
4 0.6953125 0.4328125 0.6859375 0.4328125 0.6859375 0.440625 0.6953125 0.440625
4 0.6859375 0.4359375 0.6796875 0.4359375 0.6796875 0.446875 0.6859375 0.446875
4 0.68125 0.4578125 0.671875 0.4578125 0.671875 0.4640625 0.68125 0.4640625
4 0.675 0.45 0.6671875 0.45 0.6671875 0.4578125 0.675 0.4578125
4 0.68125 0.446875 0.675 0.446875 0.675 0.459375 0.68125 0.459375
4 0.6890625 0.44375 0.68125 0.44375 0.68125 0.45625 0.6890625 0.45625
4 0.659375 0.5328125 0.65 0.5328125 0.65 0.546875 0.659375 0.546875
4 0.6875 0.4984375 0.6828125 0.4984375 0.6828125 0.5125 0.6875 0.5125
4 0.8203125 0.7093750000000002 0.815625 0.7093750000000002 0.815625 0.7203125000000001 0.8203125 0.7203125000000001
4 0.8234375 0.7093750000000002 0.821875 0.7093750000000002 0.821875 0.7234375000000002 0.8234375 0.7234375000000002
4 0.8265625 0.7125000000000001 0.8234375 0.7125000000000001 0.8234375 0.7281250000000001 0.8265625 0.7281250000000001
4 0.8375 0.7234375000000002 0.8328125 0.7234375000000002 0.8328125 0.7375000000000002 0.8375 0.7375000000000002
4 0.8484375 0.7265625000000002 0.84375 0.7265625000000002 0.84375 0.7453125000000002 0.8484375 0.7453125000000002
4 0.8546875 0.7375000000000002 0.8484375 0.7375000000000002 0.8484375 0.7468750000000002 0.8546875 0.7468750000000002
4 0.859375 0.7421875000000002 0.853125 0.7421875000000002 0.853125 0.7546875000000002 0.859375 0.7546875000000002
4 0.915625 0.7843750000000002 0.909375 0.7843750000000002 0.909375 0.8015625 0.915625 0.8015625
4 0.98125 0.8375 0.971875 0.8375 0.971875 0.8484375 0.98125 0.8484375
4 0.9875 0.8484375 0.9796875 0.8484375 0.9796875 0.859375 0.9875 0.859375
4 0.9796875 0.8578125 0.971875 0.8578125 0.971875 0.86875 0.9796875 0.86875
4 0.9875 0.865625 0.98125 0.865625 0.98125 0.884375 0.9875 0.884375
4 0.9921875 0.921875 0.98125 0.921875 0.98125 0.9375 0.9921875 0.9375
4 0.7921875000000002 0.8015625 0.7796875000000002 0.8015625 0.7796875000000002 0.8203125 0.7921875000000002 0.8203125
4 0.6921875000000002 0.753125 0.6812500000000001 0.753125 0.6812500000000001 0.7640625 0.6921875000000002 0.7640625
4 0.6687500000000002 0.7359375 0.6578125000000001 0.7359375 0.6578125000000001 0.75 0.6687500000000002 0.75
4 0.6234375 0.6875 0.6140625 0.6875 0.6140625 0.7015625 0.6234375 0.7015625
4 0.6125 0.703125 0.6015625 0.703125 0.6015625 0.7140625 0.6125 0.7140625
4 0.58125 0.6703125 0.575 0.6703125 0.575 0.68125 0.58125 0.68125
4 0.5953125 0.61875 0.5875 0.61875 0.5875 0.6375 0.5953125 0.6375
4 0.571875 0.6484375 0.565625 0.6484375 0.565625 0.6640625 0.571875 0.6640625
4 0.5734375 0.6609375 0.5671875 0.6609375 0.5671875 0.6765625 0.5734375 0.6765625
4 0.540625 0.63125 0.5328125 0.63125 0.5328125 0.6515625 0.540625 0.6515625
4 0.5234375 0.6265625 0.5109375 0.6265625 0.5109375 0.6421875 0.5234375 0.6421875
4 0.490625 0.6328125 0.48125 0.6328125 0.48125 0.65 0.490625 0.65
4 0.5312500000000002 0.7390625 0.5203125000000002 0.7390625 0.5203125000000002 0.759375 0.5312500000000002 0.759375
4 0.4750000000000002 0.74375 0.46875000000000017 0.74375 0.46875000000000017 0.7640625 0.4750000000000002 0.7640625
4 0.4578125 0.6625 0.45 0.6625 0.45 0.68125 0.4578125 0.68125
4 0.465625 0.5734375 0.4578125 0.5734375 0.4578125 0.5890625 0.465625 0.5890625
4 0.4625 0.578125 0.453125 0.578125 0.453125 0.59375 0.4625 0.59375
4 0.45 0.6484375 0.4421875 0.6484375 0.4421875 0.6671875 0.45 0.6671875
4 0.3687500000000001 0.928125 0.3593750000000001 0.928125 0.3593750000000001 0.9453125 0.3687500000000001 0.9453125
4 0.2671875000000001 0.903125 0.2593750000000001 0.903125 0.2593750000000001 0.91875 0.2671875000000001 0.91875
4 0.2515625000000001 0.928125 0.2468750000000001 0.928125 0.2468750000000001 0.94375 0.2515625000000001 0.94375
0 0.11875000000000009 0.8515625 0.10312500000000009 0.8515625 0.10312500000000009 0.8765625 0.11875000000000009 0.8765625
0 0.2156250000000001 0.7375 0.2000000000000001 0.7375 0.2000000000000001 0.75625 0.2156250000000001 0.75625
0 0.2796875000000001 0.659375 0.2687500000000001 0.659375 0.2687500000000001 0.6765625 0.2796875000000001 0.6765625
0 0.3437500000000001 0.5828125 0.3312500000000001 0.5828125 0.3312500000000001 0.6015625 0.3437500000000001 0.6015625
0 0.4609375 0.625 0.45 0.625 0.45 0.6484375 0.4609375 0.6484375
0 0.3515625000000001 0.4359375 0.3421875000000001 0.4359375 0.3421875000000001 0.4578125 0.3515625000000001 0.4578125
0 0.2859375 0.14531250000000004 0.271875 0.14531250000000004 0.271875 0.16718750000000004 0.2859375 0.16718750000000004
0 0.415625 0.2062500000000001 0.403125 0.2062500000000001 0.403125 0.22656250000000008 0.415625 0.22656250000000008
0 0.43125 0.2968750000000001 0.4203125 0.2968750000000001 0.4203125 0.3218750000000001 0.43125 0.3218750000000001
0 0.6109375 0.2765625000000001 0.6 0.2765625000000001 0.6 0.2968750000000001 0.6109375 0.2968750000000001
0 0.609375 0.2484375000000001 0.6 0.2484375000000001 0.6 0.2687500000000001 0.609375 0.2687500000000001
0 0.715625 0.2640625000000001 0.703125 0.2640625000000001 0.703125 0.2828125000000001 0.715625 0.2828125000000001
0 0.8609375 0.2140625000000001 0.8453125 0.2140625000000001 0.8453125 0.2390625000000001 0.8609375 0.2390625000000001
0 0.76875 0.3234375000000001 0.7578125 0.3234375000000001 0.7578125 0.34062500000000007 0.76875 0.34062500000000007
0 0.703125 0.3687500000000001 0.690625 0.3687500000000001 0.690625 0.38750000000000007 0.703125 0.38750000000000007
0 0.68125 0.428125 0.6671875 0.428125 0.6671875 0.4484375 0.68125 0.4484375
0 0.671875 0.4234375 0.6609375 0.4234375 0.6609375 0.4453125 0.671875 0.4453125
0 0.765625 0.6390625000000002 0.753125 0.6390625000000002 0.753125 0.6609375000000002 0.765625 0.6609375000000002
0 0.8796875 0.7546875000000002 0.86875 0.7546875000000002 0.86875 0.7765625000000002 0.8796875 0.7765625000000002
0 0.80625 0.834375 0.7906250000000001 0.834375 0.7906250000000001 0.8546875 0.80625 0.8546875
0 0.5359375 0.625 0.521875 0.625 0.521875 0.6390625 0.5359375 0.6390625
0 0.5015625000000001 0.721875 0.484375 0.721875 0.4843750000000001 0.740625 0.5015625000000001 0.740625
0 0.40937500000000016 0.7703125 0.3906250000000001 0.7703125 0.3906250000000001 0.7921875 0.40937500000000016 0.7921875
0 0.18437500000000012 0.9515625 0.17187500000000014 0.9515625 0.17187500000000014 0.9703125 0.18437500000000012 0.9703125
3 0.3609375000000001 0.6015625 0.3375000000000001 0.6015625 0.3375000000000001 0.6375 0.3609375000000001 0.6375
3 0.2984375000000001 0.621875 0.2796875000000001 0.621875 0.2796875000000001 0.646875 0.2984375000000001 0.646875
3 0.8390625 0.9 0.81875 0.9 0.81875 0.9328125 0.8390625 0.9328125
3 0.940625 0.9578125 0.9171875 0.9578125 0.9171875 0.99375 0.940625 0.99375
3 0.3546875 0.020312500000000042 0.3296875 0.02031250000000004 0.3296875 0.06875000000000005 0.3546875 0.06875000000000005
1 0.328125 0.02968750000000004 0.2859375 0.029687500000000033 0.2859375 0.11406250000000004 0.328125 0.11406250000000004
1 0.3390625000000001 0.5546875 0.3000000000000001 0.5546875 0.3000000000000001 0.625 0.3390625000000001 0.625
1 0.3343750000000001 0.753125 0.2796875000000001 0.753125 0.2796875000000001 0.8125 0.3343750000000001 0.8125
1 0.2484375000000001 0.7265625 0.1984375000000001 0.7265625 0.1984375000000001 0.8 0.2484375000000001 0.8
1 0.27031250000000007 0.865625 0.2234375000000001 0.865625 0.2234375000000001 0.934375 0.27031250000000007 0.934375
1 0.5078125 0.6859375 0.4515625 0.6859375 0.4515625 0.7203125 0.5078125 0.7203125
1 0.8796875 0.7984375000000001 0.8390625 0.7984375000000001 0.8390625 0.8640625 0.8796875 0.8640625
6 0.85 0.8640625 0.81875 0.8640625 0.81875 0.909375 0.85 0.909375
0 0.9015625 0.7625000000000002 0.8921875 0.7625000000000002 0.8921875 0.7812500000000002 0.9015625 0.7812500000000002