2 0.07968750000000009 0.771875 0.05312500000000009 0.771875 0.05312500000000009 0.796875 0.07968750000000009 0.796875
2 0.14218750000000008 0.784375 0.1140625000000001 0.784375 0.1140625000000001 0.8125 0.14218750000000008 0.8125
2 0.3218750000000001 0.8609375 0.2906250000000001 0.8609375 0.2906250000000001 0.8890625 0.3218750000000001 0.8890625
2 0.47968750000000016 0.8703125 0.4500000000000002 0.8703125 0.4500000000000002 0.9015625 0.47968750000000016 0.9015625
4 0.09375000000000008 0.75 0.0750000000000001 0.75 0.0750000000000001 0.76875 0.09375000000000008 0.76875
4 0.0906250000000001 0.7984375 0.07656250000000009 0.7984375 0.07656250000000009 0.8125 0.0906250000000001 0.8125
4 0.2156250000000001 0.759375 0.1984375000000001 0.759375 0.1984375000000001 0.778125 0.2156250000000001 0.778125
4 0.3921875000000001 0.721875 0.3750000000000001 0.721875 0.3750000000000001 0.7421875 0.3921875000000001 0.7421875
4 0.34843750000000007 0.8875 0.3343750000000001 0.8875 0.3343750000000001 0.90625 0.34843750000000007 0.90625
4 0.1906250000000001 0.8984375 0.17187500000000008 0.8984375 0.1718750000000001 0.91875 0.19062500000000013 0.91875
4 0.10468750000000013 0.9125 0.09218750000000012 0.9125 0.09218750000000012 0.934375 0.10468750000000013 0.934375
4 0.03593750000000011 0.8625 0.020312500000000105 0.8625 0.020312500000000108 0.884375 0.03593750000000011 0.884375
6 0.2687500000000001 0.83125 0.2250000000000001 0.83125 0.2250000000000001 0.8703125 0.2687500000000001 0.8703125
3 0.1609375000000001 0.83125 0.1359375000000001 0.83125 0.1359375000000001 0.8578125 0.1609375000000001 0.8578125
4 0.5234375 0.12500000000000006 0.509375 0.12500000000000006 0.509375 0.15625000000000006 0.5234375 0.15625000000000006
4 0.534375 0.2000000000000001 0.5234375 0.2000000000000001 0.5234375 0.2312500000000001 0.534375 0.2312500000000001
4 0.484375 0.3000000000000001 0.46875 0.3000000000000001 0.46875 0.34062500000000007 0.484375 0.34062500000000007
4 0.534375 0.4703125 0.5234375 0.4703125 0.5234375 0.509375 0.534375 0.509375
4 0.5375 0.571875 0.5265625 0.571875 0.5265625 0.6078125 0.5375 0.6078125
2 0.5484375 0.6390625 0.528125 0.6390625 0.528125 0.690625 0.5484375 0.690625
2 0.5250000000000001 0.715625 0.5078125 0.715625 0.5078125000000001 0.7796875 0.5250000000000001 0.7796875
2 0.6125000000000002 0.8421875 0.5843750000000002 0.8421875 0.5843750000000002 0.8765625 0.6125000000000002 0.8765625
4 0.5531250000000002 0.8 0.5390625000000002 0.8 0.5390625000000002 0.8234375 0.5531250000000002 0.8234375
4 0.6546875000000002 0.88125 0.6343750000000001 0.88125 0.6343750000000001 0.90625 0.6546875000000002 0.90625
4 0.6906250000000002 0.8375 0.6703125000000002 0.8375 0.6703125000000002 0.8609375 0.6906250000000002 0.8609375
4 0.815625 0.8953125 0.8 0.8953125 0.8 0.9171875 0.815625 0.9171875
4 0.6906250000000002 0.74375 0.6734375000000001 0.74375 0.6734375000000001 0.7734375 0.6906250000000002 0.7734375
4 0.7687500000000002 0.7546875000000002 0.7531250000000002 0.7546875000000002 0.7531250000000002 0.7765625000000002 0.7687500000000002 0.7765625000000002
4 0.5687500000000002 0.821875 0.5531250000000002 0.821875 0.5531250000000002 0.846875 0.5687500000000002 0.846875
4 0.7203125000000001 0.89375 0.6984375000000002 0.89375 0.6984375000000002 0.91875 0.7203125000000001 0.91875
0 0.934375 0.7828125000000001 0.915625 0.7828125000000001 0.915625 0.8109375 0.934375 0.8109375
4 0.890625 0.88125 0.871875 0.88125 0.871875 0.9125 0.890625 0.9125
6 0.6468750000000002 0.7515625 0.6093750000000002 0.7515625 0.6093750000000002 0.796875 0.6468750000000002 0.796875