2 0.032812500000000064 0.5015625 0.015625000000000062 0.5015625 0.015625000000000062 0.5203125 0.032812500000000064 0.5203125
5 0.1546875000000001 0.6671875 0.1140625000000001 0.6671875 0.1140625000000001 0.6875 0.1546875000000001 0.6875
5 0.18125000000000008 0.6359375 0.1375000000000001 0.6359375 0.1375000000000001 0.6546875 0.18125000000000008 0.6546875
4 0.16562500000000008 0.6046875 0.1468750000000001 0.6046875 0.1468750000000001 0.625 0.16562500000000008 0.625
4 0.2062500000000001 0.5890625 0.1906250000000001 0.5890625 0.1906250000000001 0.6015625 0.2062500000000001 0.6015625
4 0.2062500000000001 0.5640625 0.19531250000000008 0.5640625 0.19531250000000008 0.5765625 0.2062500000000001 0.5765625
2 0.2250000000000001 0.40625 0.2015625000000001 0.40625 0.2015625000000001 0.43125 0.2250000000000001 0.43125
6 0.3078125000000001 0.621875 0.2750000000000001 0.621875 0.2750000000000001 0.653125 0.3078125000000001 0.653125
2 0.3546875000000001 0.6015625 0.3375000000000001 0.6015625 0.3375000000000001 0.625 0.3546875000000001 0.625
4 0.3218750000000001 0.5609375 0.3062500000000001 0.5609375 0.3062500000000001 0.5765625 0.3218750000000001 0.5765625
2 0.34843750000000007 0.5421875 0.33281250000000007 0.5421875 0.33281250000000007 0.55625 0.34843750000000007 0.55625
3 0.3578125000000001 0.5203125 0.3390625000000001 0.5203125 0.3390625000000001 0.534375 0.3578125000000001 0.534375
2 0.40625 0.5140625 0.3859375000000001 0.5140625 0.3859375000000001 0.5390625 0.40625 0.5390625
6 0.446875 0.55625 0.4109375 0.55625 0.4109375 0.5734375 0.446875 0.5734375
2 0.496875 0.5859375 0.4796875 0.5859375 0.4796875 0.6 0.496875 0.6
6 0.5234375 0.6125 0.4890625 0.6125 0.4890625 0.6390625 0.5234375 0.6390625
4 0.590625 0.58125 0.5796875 0.58125 0.5796875 0.6 0.590625 0.6
2 0.5984375 0.61875 0.5828125 0.61875 0.5828125 0.6390625 0.5984375 0.6390625
4 0.6171875 0.6046875 0.60625 0.6046875 0.60625 0.6171875 0.6171875 0.6171875
4 0.678125 0.5953125 0.6671875 0.5953125 0.6671875 0.60625 0.678125 0.60625
2 0.5828125 0.4828125 0.559375 0.4828125 0.559375 0.503125 0.5828125 0.503125
2 0.3640625 0.28125000000000006 0.34375 0.28125 0.34375 0.30000000000000004 0.3640625 0.3000000000000001
2 0.525 0.3125000000000001 0.5140625 0.3125000000000001 0.5140625 0.3453125000000001 0.525 0.3453125000000001
2 0.5359375 0.3125000000000001 0.5265625 0.3125000000000001 0.5265625 0.3453125000000001 0.5359375 0.3453125000000001
2 0.5765625 0.3062500000000001 0.565625 0.3062500000000001 0.565625 0.33281250000000007 0.5765625 0.33281250000000007
2 0.5859375 0.3078125000000001 0.5765625 0.3078125000000001 0.5765625 0.3296875000000001 0.5859375 0.3296875000000001
2 0.6203125 0.4640625 0.60625 0.4640625 0.60625 0.478125 0.6203125 0.478125
0 0.6203125 0.446875 0.60625 0.446875 0.60625 0.45625 0.6203125 0.45625
6 0.6515625 0.4515625 0.628125 0.4515625 0.628125 0.465625 0.6515625 0.465625
1 0.6921875 0.51875 0.646875 0.51875 0.646875 0.54375 0.6921875 0.54375
6 0.6890625 0.484375 0.6609375 0.484375 0.6609375 0.503125 0.6890625 0.503125
5 0.7140625 0.4453125 0.6734375 0.4453125 0.6734375 0.4671875 0.7140625 0.4671875
0 0.7515625 0.42968750000000017 0.740625 0.42968750000000017 0.740625 0.44062500000000016 0.7515625 0.44062500000000016
1 0.6953125 0.3781250000000001 0.653125 0.3781250000000001 0.653125 0.3937500000000001 0.6953125 0.3937500000000001
5 0.75625 0.3750000000000001 0.7109375 0.3750000000000001 0.7109375 0.39531250000000007 0.75625 0.39531250000000007
2 0.7359375 0.6437500000000002 0.7296875 0.6437500000000002 0.7296875 0.6703125000000002 0.7359375 0.6703125000000002
4 0.709375 0.5921875 0.7015625 0.5921875 0.7015625 0.60625 0.709375 0.60625
0 0.765625 0.6015625000000002 0.7546875 0.6015625000000002 0.7546875 0.6171875000000002 0.765625 0.6171875000000002
6 0.778125 0.5296875000000002 0.7484375 0.5296875000000002 0.7484375 0.5500000000000002 0.778125 0.5500000000000002
2 0.7796875 0.5625000000000002 0.7625 0.5625000000000002 0.7625 0.5750000000000002 0.7796875 0.5750000000000002
3 0.790625 0.5765625000000002 0.7734375 0.5765625000000002 0.7734375 0.5921875000000002 0.790625 0.5921875000000002
0 0.840625 0.6015625000000002 0.83125 0.6015625000000002 0.83125 0.6125000000000002 0.840625 0.6125000000000002
2 0.875 0.5515625000000002 0.8546875 0.5515625000000002 0.8546875 0.5671875000000002 0.875 0.5671875000000002
5 0.9203125 0.6296875000000002 0.88125 0.6296875000000002 0.88125 0.6562500000000002 0.9203125 0.6562500000000002
2 0.909375 0.5859375000000002 0.89375 0.5859375000000002 0.89375 0.6046875000000002 0.909375 0.6046875000000002
4 0.9359375 0.6062500000000002 0.928125 0.6062500000000002 0.928125 0.6156250000000002 0.9359375 0.6156250000000002
4 0.9640625 0.6078125000000002 0.953125 0.6078125000000002 0.953125 0.6203125000000002 0.9640625 0.6203125000000002
5 0.8296875 0.4109375000000002 0.784375 0.4109375000000002 0.784375 0.44531250000000017 0.8296875 0.44531250000000017
5 0.85625 0.4656250000000002 0.8 0.4656250000000002 0.8 0.49531250000000016 0.85625 0.49531250000000016
6 0.9828125 0.46406250000000016 0.94375 0.46406250000000016 0.94375 0.4890625000000002 0.9828125 0.4890625000000002