2 0.15000000000000002 0.1640625 0.125 0.1640625 0.12500000000000003 0.19375 0.15000000000000005 0.19375
4 0.33281250000000007 0.5453125 0.3218750000000001 0.5453125 0.3218750000000001 0.5609375 0.33281250000000007 0.5609375
2 0.596875 0.6828125 0.575 0.6828125 0.575 0.7046875 0.596875 0.7046875
4 0.578125 0.4546875 0.56875 0.4546875 0.56875 0.4734375 0.578125 0.4734375
2 0.16562500000000005 0.346875 0.14062500000000006 0.346875 0.14062500000000006 0.36875 0.16562500000000005 0.36875
2 0.22812500000000008 0.4078125 0.2062500000000001 0.4078125 0.2062500000000001 0.428125 0.22812500000000008 0.428125
2 0.1796875 0.1203125 0.1609375 0.1203125 0.1609375 0.15 0.1796875 0.15
0 0.4390625 0.4109375 0.421875 0.4109375 0.421875 0.43125 0.4390625 0.43125
2 0.3031250000000001 0.53125 0.27812500000000007 0.53125 0.27812500000000007 0.55625 0.3031250000000001 0.55625
4 0.30156250000000007 0.59375 0.2921875000000001 0.59375 0.2921875000000001 0.6046875 0.30156250000000007 0.6046875
4 0.31718750000000007 0.5796875 0.30156250000000007 0.5796875 0.30156250000000007 0.5921875 0.31718750000000007 0.5921875
0 0.2375000000000001 0.5921875 0.2218750000000001 0.5921875 0.2218750000000001 0.603125 0.2375000000000001 0.603125
0 0.24375000000000008 0.5640625 0.2328125000000001 0.5640625 0.2328125000000001 0.584375 0.24375000000000008 0.584375
0 0.2515625000000001 0.6171875 0.2375000000000001 0.6171875 0.2375000000000001 0.63125 0.2515625000000001 0.63125
0 0.2796875000000001 0.7453125 0.2640625000000001 0.7453125 0.2640625000000001 0.7640625 0.2796875000000001 0.7640625
4 0.17968750000000008 0.6640625 0.1687500000000001 0.6640625 0.1687500000000001 0.6734375 0.17968750000000008 0.6734375
3 0.2093750000000001 0.7625 0.1906250000000001 0.7625 0.1906250000000001 0.78125 0.2093750000000001 0.78125
4 0.23593750000000008 0.640625 0.2250000000000001 0.640625 0.2250000000000001 0.6515625 0.23593750000000008 0.6515625
4 0.07968750000000009 0.671875 0.06875000000000009 0.671875 0.06875000000000009 0.6875 0.07968750000000009 0.6875
0 0.06250000000000008 0.665625 0.04375000000000008 0.665625 0.04375000000000008 0.68125 0.06250000000000008 0.68125
0 0.03281250000000009 0.6828125 0.017187500000000085 0.6828125 0.017187500000000085 0.696875 0.03281250000000009 0.696875
2 0.09531250000000009 0.646875 0.07812500000000008 0.646875 0.07812500000000008 0.6640625 0.09531250000000009 0.6640625
0 0.12031250000000009 0.68125 0.10156250000000008 0.68125 0.10156250000000008 0.696875 0.12031250000000009 0.696875
0 0.07656250000000007 0.634375 0.06562500000000007 0.634375 0.06562500000000007 0.65625 0.07656250000000009 0.65625
4 0.05156250000000009 0.6921875 0.04062500000000009 0.6921875 0.04062500000000009 0.7015625 0.05156250000000009 0.7015625
3 0.1984375000000001 0.66875 0.1781250000000001 0.66875 0.1781250000000001 0.6828125 0.1984375000000001 0.6828125
0 0.403125 0.4171875 0.3906250000000001 0.4171875 0.3906250000000001 0.434375 0.403125 0.434375
0 0.2750000000000001 0.58125 0.2609375000000001 0.58125 0.2609375000000001 0.596875 0.2750000000000001 0.596875
4 0.34062500000000007 0.5765625 0.3281250000000001 0.5765625 0.3281250000000001 0.5875 0.34062500000000007 0.5875
4 0.3812500000000001 0.5328125 0.37187500000000007 0.5328125 0.37187500000000007 0.5484375 0.3812500000000001 0.5484375
4 0.3546875000000001 0.5640625 0.3437500000000001 0.5640625 0.3437500000000001 0.5734375 0.3546875000000001 0.5734375
3 0.4 0.4484375 0.3906250000000001 0.4484375 0.3906250000000001 0.4734375 0.4 0.4734375
0 0.4734375 0.584375 0.45625 0.584375 0.45625 0.6046875 0.4734375 0.6046875
4 0.5953125 0.66875 0.5859375 0.66875 0.5859375 0.684375 0.5953125 0.684375
0 0.3968750000000001 0.48125 0.3859375000000001 0.48125 0.3859375000000001 0.503125 0.3968750000000001 0.503125
2 0.403125 0.6296875 0.3828125000000001 0.6296875 0.3828125000000001 0.653125 0.403125 0.653125
0 0.4671875 0.3750000000000001 0.4546875 0.3750000000000001 0.4546875 0.3937500000000001 0.4671875 0.3937500000000001
4 0.4515625 0.5796875 0.4390625 0.5796875 0.4390625 0.59375 0.4515625 0.59375
4 0.40625 0.3812500000000001 0.3968750000000001 0.3812500000000001 0.3968750000000001 0.3968750000000001 0.40625 0.3968750000000001
0 0.2328125000000001 0.3921875 0.2156250000000001 0.3921875 0.2156250000000001 0.4078125 0.2328125000000001 0.4078125
4 0.2265625 0.225 0.2125 0.225 0.2125 0.2390625 0.2265625 0.2390625
4 0.065625 0.0703125 0.053125 0.0703125 0.053125 0.090625 0.065625 0.090625
4 0.040625 0.006250000000000004 0.03125 0.006250000000000003 0.03125 0.020312500000000004 0.040625 0.020312500000000004
4 0.14375 0.1375 0.1296875 0.1375 0.1296875 0.153125 0.14375 0.153125
2 0.3046875 0.2421875 0.2890625 0.2421875 0.2890625 0.2640625 0.3046875 0.2640625
3 0.284375 0.209375 0.271875 0.209375 0.271875 0.253125 0.284375 0.253125
0 0.5609375 0.65 0.546875 0.65 0.546875 0.665625 0.5609375 0.665625
4 0.5953125 0.4984375 0.5875 0.4984375 0.5875 0.515625 0.5953125 0.515625
4 0.5890625 0.4375 0.578125 0.4375 0.578125 0.4515625 0.5890625 0.4515625
4 0.5609375 0.35625000000000007 0.55 0.35625000000000007 0.55 0.3734375000000001 0.5609375 0.3734375000000001
4 0.653125 0.30156250000000007 0.6453125 0.30156250000000007 0.6453125 0.3203125000000001 0.653125 0.3203125000000001
4 0.590625 0.3437500000000001 0.5796875 0.3437500000000001 0.5796875 0.3578125000000001 0.590625 0.3578125000000001
4 0.665625 0.2453125000000001 0.6578125 0.2453125000000001 0.6578125 0.2609375000000001 0.665625 0.2609375000000001
4 0.7265625 0.1906250000000001 0.7125 0.1906250000000001 0.7125 0.2062500000000001 0.7265625 0.2062500000000001
0 0.6984375 0.2218750000000001 0.6890625 0.2218750000000001 0.6890625 0.24218750000000008 0.6984375 0.24218750000000008
3 0.6203125 0.3312500000000001 0.6078125 0.3312500000000001 0.6078125 0.3468750000000001 0.6203125 0.3468750000000001
4 0.7359375 0.15625000000000008 0.7265625 0.15625000000000008 0.7265625 0.17187500000000008 0.7359375 0.17187500000000008
0 0.7234375 0.1359375000000001 0.7140625 0.1359375000000001 0.7140625 0.1593750000000001 0.7234375 0.1593750000000001
4 0.803125 0.2718750000000001 0.7953125 0.2718750000000001 0.7953125 0.2921875000000001 0.803125 0.2921875000000001
0 0.89375 0.057812500000000114 0.884375 0.057812500000000114 0.884375 0.07812500000000011 0.89375 0.07812500000000011
0 0.7921875 0.3609375000000001 0.7796875 0.3609375000000001 0.7796875 0.3812500000000001 0.7921875 0.3812500000000001
0 0.6953125 0.2796875000000001 0.6859375 0.2796875000000001 0.6859375 0.2984375000000001 0.6953125 0.2984375000000001
0 0.7796875 0.3593750000000001 0.7703125 0.3593750000000001 0.7703125 0.3843750000000001 0.7796875 0.3843750000000001
0 0.7765625 0.40625000000000017 0.7625 0.40625000000000017 0.7625 0.42968750000000017 0.7765625 0.42968750000000017
0 0.7203125 0.4390625 0.709375 0.4390625 0.709375 0.459375 0.7203125 0.459375
0 0.5484375 0.609375 0.534375 0.609375 0.534375 0.6265625 0.5484375 0.6265625
2 0.5921875 0.509375 0.5765625 0.509375 0.5765625 0.534375 0.5921875 0.534375
0 0.596875 0.596875 0.584375 0.596875 0.584375 0.615625 0.596875 0.615625
4 0.6234375 0.6828125 0.6125 0.6828125 0.6125 0.6984375 0.6234375 0.6984375
2 0.628125 0.3968750000000001 0.609375 0.3968750000000001 0.609375 0.4265625 0.628125 0.4265625
0 0.5921875 0.6390625 0.578125 0.6390625 0.578125 0.65625 0.5921875 0.65625
0 0.646875 0.5578125 0.634375 0.5578125 0.634375 0.5765625 0.646875 0.5765625
0 0.525 0.6609375 0.5109375 0.6609375 0.5109375 0.6796875 0.525 0.6796875
4 0.5421875 0.6375 0.5296875 0.6375 0.5296875 0.65625 0.5421875 0.65625
0 0.515625 0.534375 0.50625 0.534375 0.50625 0.559375 0.515625 0.559375
4 0.39531250000000007 0.3609375000000001 0.3859375 0.3609375000000001 0.38593750000000004 0.3765625000000001 0.39531250000000007 0.3765625000000001
3 0.5765625 0.49375 0.5609375 0.49375 0.5609375 0.509375 0.5765625 0.509375
4 0.7359375 0.6796875000000001 0.725 0.6796875 0.725 0.6953125000000001 0.7359375 0.6953125000000002
2 0.7109375 0.6 0.6953125 0.6 0.6953125 0.6328125 0.7109375 0.6328125
2 0.7328125 0.6203125 0.7125 0.6203125 0.7125 0.6515625 0.7328125 0.6515625000000002
0 0.6453125000000002 0.765625 0.6375000000000002 0.765625 0.6375000000000002 0.7796875 0.6453125000000002 0.7796875
2 0.8078125 0.7406250000000002 0.7875000000000002 0.7406250000000002 0.7875000000000002 0.7718750000000002 0.8078125 0.7718750000000002
4 0.6953125 0.696875 0.684375 0.696875 0.684375 0.7109375 0.6953125 0.7109375
4 0.6265625000000001 0.7390625 0.6156250000000002 0.7390625 0.6156250000000002 0.75 0.6265625000000001 0.75
0 0.6937500000000002 0.8328125 0.6828125000000002 0.8328125 0.6828125000000002 0.85 0.6937500000000002 0.85
0 0.7125000000000001 0.8421875 0.6984375000000002 0.8421875 0.6984375000000002 0.8609375 0.7125000000000001 0.8609375
2 0.85625 0.903125 0.8328125 0.903125 0.8328125 0.94375 0.85625 0.94375
2 0.8640625 0.8046875 0.8390625 0.8046875 0.8390625 0.8359375 0.8640625 0.8359375
0 0.8609375 0.7781250000000002 0.846875 0.7781250000000002 0.846875 0.8 0.8609375 0.8
4 0.83125 0.7953125000000002 0.8203125 0.7953125000000002 0.8203125 0.8125 0.83125 0.8125
0 0.7484375000000001 0.7109375000000002 0.7375 0.7109375000000002 0.7375 0.7296875000000002 0.7484375000000002 0.7296875000000002
4 0.3515625000000001 0.5875 0.34062500000000007 0.5875 0.34062500000000007 0.6015625 0.3515625000000001 0.6015625
0 0.2609375000000001 0.63125 0.2453125000000001 0.63125 0.2453125000000001 0.646875 0.2609375000000001 0.646875
4 0.1750000000000001 0.7484375 0.16562500000000008 0.7484375 0.16562500000000008 0.765625 0.1750000000000001 0.765625
4 0.21093750000000008 0.7 0.1984375000000001 0.7 0.1984375000000001 0.7125 0.21093750000000008 0.7125
0 0.1140625000000001 0.7 0.09687500000000009 0.7 0.09687500000000009 0.715625 0.1140625000000001 0.715625
4 0.1515625000000001 0.7375 0.14062500000000008 0.7375 0.14062500000000008 0.75625 0.1515625000000001 0.75625
4 0.3625000000000001 0.54375 0.3531250000000001 0.54375 0.3531250000000001 0.5609375 0.3625000000000001 0.5609375
4 0.3734375000000001 0.5375 0.36406250000000007 0.5375 0.36406250000000007 0.5515625 0.3734375000000001 0.5515625
2 0.3687500000000001 0.49375 0.3500000000000001 0.49375 0.3500000000000001 0.521875 0.3687500000000001 0.521875
2 0.3046875000000001 0.4390625 0.29375000000000007 0.4390625 0.29375000000000007 0.4578125 0.3046875000000001 0.4578125
4 0.3984375000000001 0.4359375 0.3890625000000001 0.4359375 0.3890625000000001 0.4515625 0.3984375000000001 0.4515625
2 0.634375 0.5625 0.6171875 0.5625 0.6171875 0.5890625 0.634375 0.5890625
0 0.696875 0.2484375000000001 0.6859375 0.2484375000000001 0.6859375 0.2687500000000001 0.696875 0.2687500000000001
4 0.64375 0.3468750000000001 0.634375 0.3468750000000001 0.634375 0.3671875000000001 0.64375 0.3671875000000001
4 0.5921875 0.4609375 0.58125 0.4609375 0.58125 0.471875 0.5921875 0.471875
4 0.70625 0.1984375000000001 0.6921875 0.1984375000000001 0.6921875 0.21875000000000008 0.70625 0.21875000000000008
4 0.3734375 0.3390625000000001 0.3640625 0.3390625000000001 0.3640625 0.3500000000000001 0.3734375 0.3500000000000001
0 0.6875 0.22656250000000008 0.675 0.22656250000000008 0.675 0.2468750000000001 0.6875 0.2468750000000001
0 0.7484375 0.10156250000000008 0.7421875 0.10156250000000008 0.7421875 0.1218750000000001 0.7484375 0.1218750000000001
4 0.834375 0.20468750000000008 0.8234375 0.20468750000000008 0.8234375 0.2234375000000001 0.834375 0.2234375000000001
0 0.790625 0.0312500000000001 0.778125 0.0312500000000001 0.778125 0.05312500000000009 0.790625 0.05312500000000009
4 0.7484375 0.057812500000000086 0.7375 0.057812500000000086 0.7375 0.07343750000000009 0.7484375 0.07343750000000009
0 0.6984375 0.17968750000000008 0.6828125 0.17968750000000008 0.6828125 0.20312500000000008 0.6984375 0.20312500000000008
4 0.76875 0.35625000000000007 0.7625 0.35625000000000007 0.7625 0.37187500000000007 0.76875 0.37187500000000007
4 0.746875 0.4515625000000002 0.7359375 0.4515625000000002 0.7359375 0.4671875000000002 0.746875 0.4671875000000002
4 0.6671875 0.5953125 0.6578125 0.5953125 0.6578125 0.60625 0.6671875 0.60625
4 0.621875 0.5328125 0.6125 0.5328125 0.6125 0.5453125 0.621875 0.5453125
4 0.6078125 0.5078125 0.5984375 0.5078125 0.5984375 0.5203125 0.6078125 0.5203125
4 0.7109375 0.4984375 0.7 0.4984375 0.7 0.5125 0.7109375 0.5125
4 0.6140625 0.5015625 0.60625 0.5015625 0.60625 0.515625 0.6140625 0.515625
4 0.675 0.5109375 0.665625 0.5109375 0.665625 0.5234375 0.675 0.5234375
4 0.6578125 0.59375 0.6484375 0.59375 0.6484375 0.6140625 0.6578125 0.6140625
2 0.525 0.6296875 0.503125 0.6296875 0.503125 0.6546875 0.525 0.6546875
4 0.6250000000000001 0.715625 0.6140625 0.715625 0.6140625000000001 0.7359375 0.6250000000000002 0.7359375
3 0.7083788426058775 0.8348838549965512 0.6895656234375 0.8155181750000002 0.6817324027066227 0.8231279309409493 0.7005456218750001 0.8424936109375004
4 0.8125 0.8859375 0.7953125000000002 0.8859375 0.7953125000000002 0.903125 0.8125 0.903125
2 0.903125 0.8453125 0.878125 0.8453125 0.878125 0.8796875 0.903125 0.8796875
4 0.9921875 0.953125 0.9796875 0.953125 0.9796875 0.9703125 0.9921875 0.9703125
0 0.45625 0.415625 0.4453125 0.415625 0.4453125 0.4265625 0.45625 0.4265625
4 0.4171875 0.4109375 0.40625 0.4109375 0.40625 0.4296875 0.4171875 0.4296875
4 0.4453125 0.3859375000000001 0.4359375 0.3859375000000001 0.4359375 0.4015625 0.4453125 0.4015625
0 0.3968750000000001 0.5234375 0.3828125000000001 0.5234375 0.3828125000000001 0.553125 0.3968750000000001 0.553125
4 0.46875 0.39531250000000007 0.4609375 0.39531250000000007 0.4609375 0.4140625 0.46875 0.4140625
0 0.4921875 0.56875 0.478125 0.56875 0.478125 0.5890625 0.4921875 0.5890625
4 0.38750000000000007 0.5515625 0.3781250000000001 0.5515625 0.3781250000000001 0.5671875 0.38750000000000007 0.5671875
2 0.5328125 0.596875 0.5140625 0.596875 0.5140625 0.6265625 0.5328125 0.6265625
0 0.5578125 0.4375 0.54375 0.4375 0.54375 0.45625 0.5578125 0.45625
2 0.7750000000000001 0.83125 0.7484375000000002 0.83125 0.7484375000000002 0.8671875 0.7750000000000001 0.8671875
4 0.6546875 0.553125 0.646875 0.553125 0.646875 0.5703125 0.6546875 0.5703125
3 0.5375 0.446875 0.51875 0.446875 0.51875 0.4671875 0.5375 0.4671875
3 0.596875 0.48125 0.584375 0.48125 0.584375 0.496875 0.596875 0.496875
2 0.5484375 0.475 0.5296875 0.475 0.5296875 0.5078125 0.5484375 0.5078125
3 0.7953125 0.6812500000000001 0.78125 0.6812500000000001 0.78125 0.7015625000000002 0.7953125 0.7015625000000002
4 0.81875 0.7234375000000002 0.8078125 0.7234375000000002 0.8078125 0.7406250000000002 0.81875 0.7406250000000002
3 0.9484375 0.903125 0.9265625 0.903125 0.9265625 0.934375 0.9484375 0.934375
0 0.865625 0.9578125 0.8515625 0.9578125 0.8515625 0.9765625 0.865625 0.9765625
0 0.5890625 0.578125 0.5765625 0.578125 0.5765625 0.6 0.5890625 0.6
4 0.3390625 0.315625 0.3296875 0.315625 0.3296875 0.3265625 0.3390625 0.3265625
4 0.240625 0.259375 0.23125 0.259375 0.23125 0.2734375 0.240625 0.2734375
4 0.2859375 0.2546875 0.2765625 0.2546875 0.2765625 0.2671875 0.2859375 0.2671875
0 0.07343750000000002 0.240625 0.057812500000000024 0.240625 0.057812500000000024 0.2609375 0.07343750000000002 0.2609375
4 0.050000000000000024 0.2015625 0.03906250000000002 0.2015625 0.03906250000000002 0.2125 0.050000000000000024 0.2125
0 0.1703125000000001 0.653125 0.15625000000000008 0.653125 0.15625000000000008 0.6671875 0.1703125000000001 0.6671875
4 0.014062500000000089 0.728125 8.916959506291665e-17 0.728125 8.983932378120036e-17 0.7390625 0.014062500000000089 0.7390625
0 0.06875000000000009 0.75 0.05156250000000009 0.75 0.05156250000000009 0.7625 0.06875000000000009 0.7625
3 0.0593750000000001 0.815625 0.0406250000000001 0.815625 0.0406250000000001 0.8296875 0.05937500000000011 0.8296875
4 0.7265625000000002 0.825 0.7187500000000002 0.825 0.7187500000000002 0.84375 0.7265625000000002 0.84375
4 0.8046875 0.3031250000000001 0.7953125 0.3031250000000001 0.7953125 0.3140625000000001 0.8046875 0.3140625000000001
4 0.81875 0.3000000000000001 0.8078125 0.3000000000000001 0.8078125 0.3140625000000001 0.81875 0.3140625000000001
4 0.86875 0.1359375000000001 0.8578125 0.1359375000000001 0.8578125 0.15625000000000008 0.86875 0.15625000000000008
0 0.8828125 0.09218750000000012 0.875 0.09218750000000012 0.875 0.11250000000000009 0.8828125 0.11250000000000009
4 0.7046875 0.1765625000000001 0.696875 0.1765625000000001 0.696875 0.19531250000000008 0.7046875 0.19531250000000008
4 0.7875 9.586688224575374e-17 0.778125 9.529282905865343e-17 0.778125 0.017187500000000095 0.7875 0.017187500000000095
0 0.5265625 0.4984375 0.5109375 0.4984375 0.5109375 0.51875 0.5265625 0.51875
4 0.5546875 0.63125 0.54375 0.63125 0.54375 0.6453125 0.5546875 0.6453125
4 0.5609375 0.60625 0.55 0.60625 0.55 0.615625 0.5609375 0.615625
4 0.571875 0.596875 0.5640625 0.596875 0.5640625 0.60625 0.571875 0.60625
4 0.571875 0.6140625 0.5640625 0.6140625 0.5640625 0.6234375 0.571875 0.6234375
4 0.5703125 0.625 0.5609375 0.625 0.5609375 0.6359375 0.5703125 0.6359375
4 0.571875 0.6359375 0.5625 0.6359375 0.5625 0.6453125 0.571875 0.6453125
4 0.58125 0.6015625 0.571875 0.6015625 0.571875 0.6171875 0.58125 0.6171875
0 0.590625 0.6171875 0.575 0.6171875 0.575 0.6359375 0.590625 0.6359375
4 0.5671875 0.6859375 0.55625 0.6859375 0.55625 0.7015625 0.5671875 0.7015625
4 0.528125 0.565625 0.515625 0.565625 0.515625 0.584375 0.528125 0.584375
0 0.37187500000000007 0.55625 0.3578125000000001 0.55625 0.3578125000000001 0.575 0.37187500000000007 0.575
3 0.7046875000000001 0.7625 0.6765625000000002 0.7625 0.6765625000000002 0.8015625 0.7046875000000001 0.8015625
4 0.7625 0.6531250000000002 0.7515625 0.6531250000000002 0.7515625 0.6734375000000001 0.7625 0.6734375000000001
4 0.559375 0.496875 0.5515625 0.496875 0.5515625 0.509375 0.559375 0.509375
0 0.5734375 0.50625 0.5625 0.50625 0.5625 0.525 0.5734375 0.525
5 0.384375 0.34218750000000003 0.3390625 0.3421875 0.33906250000000004 0.39687500000000003 0.3843750000000001 0.3968750000000001
3 0.2578125 0.2453125 0.240625 0.2453125 0.240625 0.2671875 0.2578125 0.2671875
1 0.41875 0.478125 0.39531250000000007 0.478125 0.39531250000000007 0.5546875 0.41875 0.5546875
2 0.478125 0.6578125 0.4578125 0.6578125 0.4578125 0.678125 0.478125 0.678125
2 0.7968750000000002 0.8484375 0.7765625000000002 0.8484375 0.7765625000000002 0.8796875 0.7968750000000002 0.8796875
2 0.7421875000000002 0.8 0.7187500000000002 0.8 0.7187500000000002 0.8359375 0.7421875000000002 0.8359375
5 0.8125 0.2156250000000001 0.778125 0.2156250000000001 0.778125 0.28593750000000007 0.8125 0.28593750000000007
2 0.8546875 0.1296875000000001 0.8359375 0.1296875000000001 0.8359375 0.1625000000000001 0.8546875 0.1625000000000001
2 0.8765625 0.07500000000000011 0.859375 0.07500000000000011 0.859375 0.10937500000000008 0.8765625 0.10937500000000008
2 0.5328125 0.5234375 0.515625 0.5234375 0.515625 0.5546875 0.5328125 0.5546875