0 0.7921875 0.2968750000000001 0.7671875 0.2968750000000001 0.7671875 0.3203125000000001 0.7921875 0.3203125000000001
0 0.5734375 0.46875 0.559375 0.46875 0.559375 0.4984375 0.5734375 0.4984375
0 0.496875 0.5265625 0.48125 0.5265625 0.48125 0.546875 0.496875 0.546875
0 0.4609375 0.609375 0.45 0.609375 0.45 0.6328125 0.4609375 0.6328125
0 0.3781250000000001 0.621875 0.36406250000000007 0.621875 0.36406250000000007 0.6578125 0.3781250000000001 0.6578125
0 0.4234375 0.49375 0.409375 0.49375 0.409375 0.528125 0.4234375 0.528125
0 0.4296875 0.4125 0.4140625 0.4125 0.4140625 0.4421875 0.4296875 0.4421875
0 0.7171875000000001 0.7203125 0.6984375 0.7203125 0.6984375 0.746875 0.7171875000000002 0.746875
2 0.9859375 0.10468750000000013 0.953125 0.10468750000000013 0.953125 0.14218750000000013 0.9859375 0.14218750000000013
2 0.509375 0.4078125 0.484375 0.4078125 0.484375 0.4390625 0.509375 0.4390625
2 0.5296875 0.25468750000000007 0.503125 0.25468750000000007 0.503125 0.2890625000000001 0.5296875 0.2890625000000001
2 0.5625 0.22812500000000008 0.5390625 0.22812500000000008 0.5390625 0.2609375000000001 0.5625 0.2609375000000001
2 0.37343750000000003 0.35781250000000003 0.35 0.3578125 0.35000000000000003 0.39687500000000003 0.3734375000000001 0.3968750000000001
2 0.24375 0.16718750000000004 0.2203125 0.16718750000000004 0.2203125 0.203125 0.24375 0.203125
2 0.3171875 0.09218750000000005 0.3 0.09218750000000005 0.3 0.12812500000000004 0.3171875 0.12812500000000004
2 0.55625 0.5078125 0.5359375 0.5078125 0.5359375 0.54375 0.55625 0.54375
2 0.7671875000000001 0.8890625 0.7406250000000002 0.8890625 0.7406250000000002 0.925 0.7671875000000001 0.925
4 0.8265625 0.9328125 0.8140625 0.9328125 0.8140625 0.953125 0.8265625 0.953125
4 0.7859375000000002 0.934375 0.7718750000000002 0.934375 0.7718750000000002 0.953125 0.7859375000000002 0.953125
4 0.7593750000000001 0.83125 0.7484375000000002 0.83125 0.7484375000000002 0.853125 0.7593750000000001 0.853125
4 0.7812500000000002 0.8265625 0.7703125000000002 0.8265625 0.7703125000000002 0.846875 0.7812500000000002 0.846875
4 0.7953125000000002 0.8578125 0.7843750000000002 0.8578125 0.7843750000000002 0.878125 0.7953125000000002 0.878125
4 0.80625 0.878125 0.7953125000000002 0.878125 0.7953125000000002 0.9 0.80625 0.9
4 0.7906250000000001 0.8796875 0.7796875000000002 0.8796875 0.7796875000000002 0.9 0.7906250000000001 0.9
4 0.8296875 0.909375 0.815625 0.909375 0.815625 0.928125 0.8296875 0.928125
4 0.8671875 0.953125 0.8515625 0.953125 0.8515625 0.978125 0.8671875 0.978125
4 0.828125 0.98125 0.8125 0.98125 0.8125 1 0.828125 1
4 0.8046875 0.978125 0.7875000000000002 0.978125 0.7875000000000002 1 0.8046875 1
4 0.7640625000000002 0.934375 0.7500000000000002 0.934375 0.7500000000000002 0.9546875 0.7640625000000002 0.9546875
4 0.7312500000000002 0.8921875 0.7140625000000002 0.8921875 0.7140625000000002 0.9171875 0.7312500000000002 0.9171875
4 0.6953125000000002 0.8296875 0.6781250000000002 0.8296875 0.6781250000000002 0.8546875 0.6953125000000002 0.8546875
4 0.6625000000000002 0.771875 0.6531250000000002 0.771875 0.6531250000000002 0.790625 0.6625000000000002 0.790625
4 0.68125 0.7015625 0.6703125 0.7015625 0.6703125 0.7203125 0.68125 0.7203125
4 0.5890625 0.6453125 0.575 0.6453125 0.575 0.6625 0.5890625 0.6625
4 0.5765625 0.678125 0.5625 0.678125 0.5625 0.69375 0.5765625 0.69375
4 0.5453125 0.6625 0.53125 0.6625 0.53125 0.6796875 0.5453125 0.6796875
4 0.528125 0.6171875 0.5140625 0.6171875 0.5140625 0.640625 0.528125 0.640625
4 0.525 0.578125 0.5078125 0.578125 0.5078125 0.5984375 0.525 0.5984375
4 0.5515625 0.54375 0.534375 0.54375 0.534375 0.5625 0.5515625 0.5625
4 0.4609375 0.5078125 0.446875 0.5078125 0.446875 0.5296875 0.4609375 0.5296875
4 0.5 0.4609375 0.4859375 0.4609375 0.4859375 0.4828125 0.5 0.4828125
4 0.5046875 0.5078125 0.4921875 0.5078125 0.4921875 0.5265625 0.5046875 0.5265625
4 0.45625 0.534375 0.4453125 0.534375 0.4453125 0.5515625 0.45625 0.5515625
4 0.4703125 0.54375 0.4609375 0.54375 0.4609375 0.5609375 0.4703125 0.5609375
4 0.44375 0.559375 0.428125 0.559375 0.428125 0.5765625 0.44375 0.5765625
4 0.428125 0.578125 0.4140625 0.578125 0.4140625 0.6 0.428125 0.6
4 0.4265625 0.60625 0.4125 0.60625 0.4125 0.625 0.4265625 0.625
4 0.38750000000000007 0.534375 0.3765625000000001 0.534375 0.3765625000000001 0.5625 0.38750000000000007 0.5625
4 0.3859375000000001 0.515625 0.37187500000000007 0.515625 0.37187500000000007 0.5375 0.3859375000000001 0.5375
4 0.4015625 0.4953125 0.3921875000000001 0.4953125 0.3921875000000001 0.515625 0.4015625 0.515625
4 0.3843750000000001 0.471875 0.3687500000000001 0.471875 0.3687500000000001 0.4921875 0.3843750000000001 0.4921875
4 0.409375 0.44375 0.3984375000000001 0.44375 0.3984375000000001 0.4640625 0.409375 0.4640625
4 0.4015625 0.4046875 0.3906250000000001 0.4046875 0.3906250000000001 0.428125 0.4015625 0.428125
4 0.4625 0.37968750000000007 0.4484375 0.37968750000000007 0.4484375 0.3968750000000001 0.4625 0.3968750000000001
4 0.4890625 0.35625000000000007 0.4703125 0.35625000000000007 0.4703125 0.3765625000000001 0.4890625 0.3765625000000001
4 0.440625 0.3265625000000001 0.43125 0.3265625000000001 0.43125 0.3515625000000001 0.440625 0.3515625000000001
4 0.4078125 0.37187500000000007 0.3968750000000001 0.37187500000000007 0.3968750000000001 0.3921875000000001 0.4078125 0.3921875000000001
4 0.3828125000000001 0.3843750000000001 0.3734375000000001 0.3843750000000001 0.3734375000000001 0.403125 0.3828125000000001 0.403125
4 0.3593750000000001 0.3984375 0.3500000000000001 0.3984375 0.3500000000000001 0.4203125 0.3593750000000001 0.4203125
4 0.3671875000000001 0.428125 0.3593750000000001 0.428125 0.3593750000000001 0.4484375 0.3671875000000001 0.4484375
4 0.3890625000000001 0.440625 0.37968750000000007 0.440625 0.37968750000000007 0.4625 0.3890625000000001 0.4625
4 0.2765625000000001 0.803125 0.2671875000000001 0.803125 0.2671875000000001 0.8265625 0.2765625000000001 0.8265625
4 0.2609375000000001 0.9140625 0.2468750000000001 0.9140625 0.2468750000000001 0.9328125 0.2609375000000001 0.9328125
4 0.3625000000000001 0.7171875 0.3531250000000001 0.7171875 0.3531250000000001 0.7359375 0.3625000000000001 0.7359375
4 0.3578125000000001 0.7484375 0.3468750000000001 0.7484375 0.3468750000000001 0.7671875 0.3578125000000001 0.7671875
4 0.4 0.684375 0.3921875000000001 0.684375 0.3921875000000001 0.7046875 0.4 0.7046875
4 0.38750000000000007 0.7125 0.3765625000000001 0.7125 0.3765625000000001 0.7328125 0.38750000000000007 0.7328125
4 0.35625 0.240625 0.346875 0.240625 0.346875 0.259375 0.35625 0.259375
4 0.3734375 0.22812500000000005 0.359375 0.228125 0.359375 0.25000000000000006 0.3734375 0.2500000000000001
4 0.3578125 0.19218750000000004 0.34375 0.19218750000000004 0.34375 0.2078125 0.3578125 0.2078125
4 0.3359375 0.16250000000000003 0.3234375 0.16250000000000003 0.3234375 0.18750000000000006 0.3359375 0.18750000000000006
4 0.309375 0.14218750000000005 0.3 0.14218750000000005 0.3 0.16406250000000006 0.309375 0.16406250000000006
4 0.359375 0.31875 0.3484375 0.31875 0.3484375 0.3390625 0.359375 0.3390625
4 0.9296875 0.2078125000000001 0.9125 0.2078125000000001 0.9125 0.2312500000000001 0.9296875 0.2312500000000001
4 0.825 0.13437500000000008 0.809375 0.13437500000000008 0.809375 0.1531250000000001 0.825 0.1531250000000001
4 0.8296875 0.07343750000000011 0.81875 0.07343750000000011 0.81875 0.08906250000000011 0.8296875 0.08906250000000011
4 0.8453125 0.09375000000000011 0.83125 0.09375000000000011 0.83125 0.10937500000000008 0.8453125 0.10937500000000008
4 0.8546875 0.10468750000000009 0.84375 0.10468750000000009 0.84375 0.12343750000000009 0.8546875 0.12343750000000009
4 0.909375 0.02031250000000011 0.89375 0.02031250000000011 0.89375 0.04062500000000011 0.909375 0.04062500000000011
4 0.971875 0.15468750000000014 0.9515625 0.15468750000000014 0.9515625 0.17343750000000013 0.971875 0.17343750000000013
4 0.634375 0.2484375000000001 0.6203125 0.2484375000000001 0.6203125 0.2640625000000001 0.634375 0.2640625000000001
4 0.6515625 0.1671875000000001 0.6375 0.1671875000000001 0.6375 0.1781250000000001 0.6515625 0.1781250000000001
4 0.584375 0.24218750000000008 0.56875 0.24218750000000008 0.56875 0.2609375000000001 0.584375 0.2609375000000001
4 0.5625 0.3312500000000001 0.553125 0.3312500000000001 0.553125 0.3500000000000001 0.5625 0.3500000000000001
4 0.6125 0.4421875 0.5984375 0.4421875 0.5984375 0.4609375 0.6125 0.4609375
4 0.653125 0.453125 0.640625 0.453125 0.640625 0.465625 0.653125 0.465625
4 0.6921875 0.3375000000000001 0.6765625 0.3375000000000001 0.6765625 0.3546875000000001 0.6921875 0.3546875000000001
4 0.75625 0.36406250000000007 0.746875 0.36406250000000007 0.746875 0.3828125000000001 0.75625 0.3828125000000001
4 0.509375 0.3359375000000001 0.496875 0.3359375000000001 0.496875 0.3500000000000001 0.509375 0.3500000000000001
4 0.50625 0.3031250000000001 0.4921875 0.3031250000000001 0.4921875 0.31718750000000007 0.50625 0.31718750000000007
4 0.4625 0.3125000000000001 0.453125 0.3125000000000001 0.453125 0.3312500000000001 0.4625 0.3312500000000001
4 0.45 0.3140625000000001 0.440625 0.3140625000000001 0.440625 0.3343750000000001 0.45 0.3343750000000001
4 0.46875 0.3890625000000001 0.45625 0.3890625000000001 0.45625 0.4046875 0.46875 0.4046875
4 0.478125 0.3968750000000001 0.46875 0.3968750000000001 0.46875 0.4109375 0.478125 0.4109375
4 0.39062500000000006 0.3578125000000001 0.38125 0.3578125000000001 0.38125000000000003 0.3765625000000001 0.3906250000000001 0.3765625000000001
4 0.3968750000000001 0.37187500000000007 0.3828125000000001 0.37187500000000007 0.3828125000000001 0.3843750000000001 0.3968750000000001 0.3843750000000001
4 0.3953125 0.3078125000000001 0.384375 0.3078125000000001 0.384375 0.3234375000000001 0.3953125 0.3234375000000001
4 0.4015625 0.2968750000000001 0.3921875 0.2968750000000001 0.3921875 0.3156250000000001 0.4015625 0.3156250000000001
4 0.35625 0.2234375 0.3453125 0.2234375 0.3453125 0.2390625 0.35625 0.2390625
4 0.2671875 0.17187500000000006 0.25625 0.17187500000000006 0.25625 0.18906250000000005 0.2671875 0.18906250000000005
4 0.2921875 0.2015625 0.28125 0.2015625 0.28125 0.221875 0.2921875 0.221875
4 0.3078125000000001 0.421875 0.2984375000000001 0.421875 0.2984375000000001 0.440625 0.3078125000000001 0.440625
4 0.4171875 0.4640625 0.4078125 0.4640625 0.4078125 0.4796875 0.4171875 0.4796875
4 0.4234375 0.478125 0.409375 0.478125 0.409375 0.49375 0.4234375 0.49375
4 0.4546875 0.5828125 0.446875 0.5828125 0.446875 0.596875 0.4546875 0.596875
4 0.45625 0.5953125 0.446875 0.5953125 0.446875 0.6109375 0.45625 0.6109375
4 0.4640625 0.63125 0.4546875 0.63125 0.4546875 0.6515625 0.4640625 0.6515625
4 0.50625 0.609375 0.4953125 0.609375 0.4953125 0.6265625 0.50625 0.6265625
4 0.5140625 0.5390625 0.5046875 0.5390625 0.5046875 0.5546875 0.5140625 0.5546875
4 0.503125 0.5453125 0.4921875 0.5453125 0.4921875 0.5609375 0.503125 0.5609375
4 0.4015625 0.2734375000000001 0.390625 0.2734375000000001 0.390625 0.2921875000000001 0.4015625 0.2921875000000001
4 0.371875 0.27031250000000007 0.3640625 0.27031250000000007 0.3640625 0.28593750000000007 0.371875 0.28593750000000007
4 0.3765625 0.2515625000000001 0.3671875 0.2515625000000001 0.3671875 0.2671875000000001 0.3765625 0.2671875000000001
4 0.453125 0.2890625000000001 0.44375 0.2890625000000001 0.44375 0.3078125000000001 0.453125 0.3078125000000001
2 0.33281250000000007 0.3546875 0.31875 0.3546875 0.31875000000000003 0.39375 0.33281250000000007 0.39375
4 0.3281250000000001 0.565625 0.3187500000000001 0.565625 0.3187500000000001 0.5875 0.3281250000000001 0.5875
4 0.3187500000000001 0.68125 0.3078125000000001 0.68125 0.3078125000000001 0.7046875 0.3187500000000001 0.7046875
4 0.3750000000000001 0.74375 0.3625000000000001 0.74375 0.3625000000000001 0.7609375 0.3750000000000001 0.7609375
4 0.2328125000000001 0.946875 0.21875000000000008 0.946875 0.21875000000000008 0.9734375 0.2328125000000001 0.9734375
4 0.24218750000000008 0.9703125 0.22812500000000008 0.9703125 0.22812500000000008 0.990625 0.24218750000000008 0.990625
4 0.21875000000000008 0.9421875 0.2078125000000001 0.9421875 0.2078125000000001 0.9640625 0.21875000000000008 0.9640625
3 0.2593750000000001 0.775 0.24218750000000008 0.775 0.24218750000000008 0.8203125 0.2593750000000001 0.8203125
3 0.2625 0.21875 0.2421875 0.21875 0.2421875 0.25 0.2625 0.25
3 0.225 0.2296875 0.2 0.2296875 0.2 0.26875 0.225 0.26875
3 0.246875 0.2578125 0.2171875 0.2578125 0.2171875 0.303125 0.246875 0.303125
6 0.203125 0.225 0.17812500000000003 0.225 0.17812500000000003 0.2765625 0.203125 0.2765625
4 0.1796875 0.09843750000000002 0.1703125 0.09843750000000002 0.1703125 0.11875 0.1796875 0.11875
4 0.06718750000000002 0.1640625 0.05625000000000002 0.1640625 0.05625000000000002 0.1796875 0.06718750000000002 0.1796875
4 0.15000000000000002 0.171875 0.14375 0.171875 0.14375000000000002 0.190625 0.15000000000000005 0.190625
2 0.2015625 0.10625000000000002 0.1796875 0.10625 0.1796875 0.14062500000000003 0.2015625 0.14062500000000006
3 0.2015625 0.18750000000000003 0.17656250000000004 0.1875 0.17656250000000004 0.2234375 0.2015625 0.2234375
4 0.29375000000000007 0.475 0.2828125000000001 0.475 0.2828125000000001 0.490625 0.29375000000000007 0.490625
4 0.3234375000000001 0.4390625 0.3156250000000001 0.4390625 0.3156250000000001 0.45625 0.3234375000000001 0.45625
4 0.31718750000000007 0.56875 0.3109375000000001 0.56875 0.3109375000000001 0.5890625 0.31718750000000007 0.5890625
4 0.29375000000000007 0.6359375 0.2843750000000001 0.6359375 0.2843750000000001 0.653125 0.29375000000000007 0.653125
2 0.3343750000000001 0.8984375 0.31718750000000007 0.8984375 0.31718750000000007 0.934375 0.3343750000000001 0.934375
6 0.5812500000000002 0.9203125 0.5453125000000002 0.9203125 0.5453125000000002 0.9828125 0.5812500000000002 0.9828125
4 0.6359375000000002 0.7734375 0.6250000000000002 0.7734375 0.6250000000000002 0.790625 0.6359375000000002 0.790625
4 0.6421875000000001 0.7609375 0.6312500000000002 0.7609375 0.6312500000000002 0.78125 0.6421875000000001 0.78125
4 0.6203125 0.703125 0.6109375 0.703125 0.6109375 0.725 0.6203125 0.725
4 0.6015625000000002 0.828125 0.5921875000000002 0.828125 0.5921875000000002 0.8453125 0.6015625000000002 0.8453125
4 0.7203125 0.69375 0.709375 0.69375 0.709375 0.7046875 0.7203125 0.7046875
4 0.721875 0.7046875 0.7078125 0.7046875 0.7078125 0.7140625 0.721875 0.7140625
4 0.78125 0.6890625000000001 0.76875 0.6890625000000001 0.76875 0.7109375000000002 0.78125 0.7109375000000002
4 0.7828125 0.6328125000000002 0.7734375 0.6328125000000002 0.7734375 0.6515625000000002 0.7828125 0.6515625000000002
4 0.7140625000000002 0.9203125 0.7031250000000002 0.9203125 0.7031250000000002 0.9375 0.7140625000000002 0.9375
4 0.7031250000000002 0.903125 0.6937500000000002 0.903125 0.6937500000000002 0.921875 0.7031250000000002 0.921875
4 0.7234375000000002 0.9203125 0.7140625000000002 0.9203125 0.7140625000000002 0.9453125 0.7234375000000002 0.9453125
4 0.7140625000000002 0.965625 0.7000000000000002 0.965625 0.7000000000000002 0.9828125 0.7140625000000002 0.9828125
2 0.7359375000000001 0.9515625 0.7109375000000002 0.9515625 0.7109375000000002 0.971875 0.7359375000000001 0.971875
2 0.7671875 0.6125000000000002 0.746875 0.6125000000000002 0.746875 0.6515625000000002 0.7671875 0.6515625000000002
2 0.8765625 0.2750000000000001 0.853125 0.2750000000000001 0.853125 0.3046875000000001 0.8765625 0.3046875000000001
2 0.8578125 0.3671875000000001 0.8328125 0.3671875000000001 0.8328125 0.4125000000000002 0.8578125 0.4125000000000002
2 0.6703125 0.1359375000000001 0.6484375 0.1359375000000001 0.6484375 0.16406250000000008 0.6703125 0.16406250000000008
2 0.63125 0.13437500000000008 0.6171875 0.13437500000000008 0.6171875 0.17968750000000008 0.63125 0.17968750000000008
2 0.4125 0.12187500000000004 0.3921875 0.12187500000000004 0.3921875 0.16093750000000004 0.4125 0.16093750000000004
3 0.628125 0.4765625 0.609375 0.4765625 0.609375 0.503125 0.628125 0.503125
3 0.6375 0.528125 0.61875 0.528125 0.61875 0.5546875 0.6375 0.5546875
3 0.6796875 0.565625 0.6625 0.565625 0.6625 0.5921875 0.6796875 0.5921875
3 0.684375 0.4234375 0.65625 0.4234375 0.65625 0.4546875 0.684375 0.4546875
3 0.7484375 0.37187500000000007 0.721875 0.37187500000000007 0.721875 0.40312500000000007 0.7484375 0.4031250000000002
3 0.821875 0.31718750000000007 0.796875 0.31718750000000007 0.796875 0.34843750000000007 0.821875 0.34843750000000007
3 0.853125 0.2953125000000001 0.821875 0.2953125000000001 0.821875 0.3296875000000001 0.853125 0.3296875000000001
3 0.88125 0.3078125000000001 0.8515625 0.3078125000000001 0.8515625 0.3656250000000001 0.88125 0.3656250000000001
3 0.8421875 0.41718750000000016 0.80625 0.41718750000000016 0.80625 0.4812500000000002 0.8421875 0.4812500000000002
3 0.7375 0.6562500000000001 0.715625 0.65625 0.715625 0.690625 0.7375 0.6906250000000002
3 0.703125 0.59375 0.68125 0.59375 0.68125 0.625 0.703125 0.625
3 0.8125 0.4906250000000002 0.796875 0.4906250000000002 0.796875 0.5187500000000002 0.8125 0.5187500000000002
4 0.7796875000000002 0.7375000000000002 0.7671875000000001 0.7375000000000002 0.7671875000000001 0.7515625000000001 0.7796875000000002 0.7515625000000001
4 0.8328125 0.5953125000000001 0.8203125 0.5953125000000001 0.8203125 0.6078125000000002 0.8328125 0.6078125000000002
4 0.8828125 0.4421875000000002 0.871875 0.4421875000000002 0.871875 0.4593750000000002 0.8828125 0.4593750000000002
4 0.909375 0.3828125000000001 0.8984375 0.3828125000000001 0.8984375 0.4078125000000002 0.909375 0.4078125000000002
4 0.2218750000000001 0.8421875 0.21093750000000008 0.8421875 0.21093750000000008 0.8625 0.2218750000000001 0.8625
4 0.2296875000000001 0.8328125 0.21875000000000008 0.8328125 0.21875000000000008 0.84375 0.2296875000000001 0.84375
4 0.2328125000000001 0.81875 0.22031250000000008 0.81875 0.22031250000000008 0.8296875 0.2328125000000001 0.8296875
4 0.24375000000000008 0.7828125 0.23437500000000008 0.7828125 0.23437500000000008 0.7921875 0.24375000000000008 0.7921875
4 0.2468750000000001 0.7671875 0.2375000000000001 0.7671875 0.2375000000000001 0.7765625 0.2468750000000001 0.7765625
4 0.30937500000000007 0.578125 0.3031250000000001 0.578125 0.3031250000000001 0.5984375 0.30937500000000007 0.5984375
3 0.2875000000000001 0.6578125 0.2687500000000001 0.6578125 0.2687500000000001 0.6890625 0.2875000000000001 0.6890625
3 0.640625 0.4890625 0.6171875 0.4890625 0.6171875 0.5234375 0.640625 0.5234375
3 0.675 0.5484375 0.6578125 0.5484375 0.6578125 0.5765625 0.675 0.5765625
3 0.6921875 0.56875 0.6734375 0.56875 0.6734375 0.60625 0.6921875 0.60625
3 0.7140625 0.6140625 0.6953125 0.6140625 0.6953125 0.6484375 0.7140625 0.6484375
3 0.7296875 0.6265625000000001 0.703125 0.6265625 0.703125 0.6656250000000001 0.7296875 0.6656250000000001
4 0.7781250000000002 0.7625000000000002 0.7687500000000002 0.7625000000000002 0.7687500000000002 0.7750000000000001 0.7781250000000002 0.7750000000000001
4 0.7687500000000002 0.7578125000000002 0.7578125000000002 0.7578125000000002 0.7578125000000002 0.7843750000000002 0.7687500000000002 0.7843750000000002
4 0.784375 0.7187500000000002 0.7765625 0.7187500000000002 0.7765625 0.7296875000000002 0.7843750000000002 0.7296875000000002
4 0.7843750000000002 0.7312500000000002 0.7734375000000002 0.7312500000000002 0.7734375000000002 0.7375000000000002 0.7843750000000002 0.7375000000000002
4 0.7890625 0.7140625000000002 0.7796875 0.7140625000000002 0.7796875 0.7234375000000002 0.7890625 0.7234375000000002
4 0.7953125 0.7015625000000002 0.784375 0.7015625000000002 0.784375 0.7125000000000001 0.7953125 0.7125000000000001
4 0.815625 0.6437500000000002 0.8015625 0.6437500000000002 0.8015625 0.6578125000000001 0.815625 0.6578125000000001
4 0.80625 0.6656250000000001 0.7953125 0.6656250000000001 0.7953125 0.6765625000000002 0.80625 0.6765625000000002
4 0.8015625 0.6750000000000002 0.7921875 0.6750000000000002 0.7921875 0.6906250000000002 0.8015625 0.6906250000000002
4 0.8203125 0.6296875000000002 0.8109375 0.6296875000000002 0.8109375 0.6406250000000002 0.8203125 0.6406250000000002
4 0.7953125 0.5390625000000002 0.78125 0.5390625000000002 0.78125 0.5484375000000001 0.7953125 0.5484375000000001
4 0.7890625 0.5484375000000001 0.778125 0.5484375000000001 0.778125 0.5593750000000002 0.7890625 0.5593750000000002
4 0.784375 0.5593750000000002 0.771875 0.5593750000000002 0.771875 0.5703125000000002 0.784375 0.5703125000000002
4 0.7765625 0.5734375000000002 0.7671875 0.5734375000000002 0.7671875 0.5843750000000002 0.7765625 0.5843750000000002
4 0.871875 0.4828125000000002 0.8609375 0.4828125000000002 0.8609375 0.49531250000000016 0.871875 0.49531250000000016
4 0.8703125 0.46406250000000016 0.8609375 0.46406250000000016 0.8609375 0.4828125000000002 0.8703125 0.4828125000000002
4 0.89375 0.4281250000000002 0.884375 0.4281250000000002 0.884375 0.44062500000000016 0.89375 0.44062500000000016
4 0.8984375 0.4203125000000002 0.8875 0.4203125000000002 0.8875 0.4312500000000002 0.8984375 0.4312500000000002
4 0.78125 0.018750000000000093 0.775 0.018750000000000093 0.775 0.0390625000000001 0.78125 0.0390625000000001
4 0.775 0.025000000000000095 0.76875 0.025000000000000088 0.76875 0.043750000000000094 0.775 0.0437500000000001
4 0.7125 0.1062500000000001 0.7015625 0.1062500000000001 0.7015625 0.12031250000000009 0.7125 0.12031250000000009
4 0.690625 0.0984375000000001 0.6859375 0.0984375000000001 0.6859375 0.11718750000000008 0.690625 0.11718750000000008
4 0.684375 0.10156250000000008 0.6796875 0.10156250000000008 0.6796875 0.12031250000000009 0.684375 0.12031250000000009
4 0.684375 0.12343750000000009 0.6734375 0.12343750000000009 0.6734375 0.1359375000000001 0.684375 0.1359375000000001
4 0.6796875 0.10468750000000009 0.671875 0.10468750000000009 0.671875 0.12343750000000009 0.6796875 0.12343750000000009
4 0.675 0.11093750000000009 0.66875 0.11093750000000009 0.66875 0.1281250000000001 0.675 0.1281250000000001
4 0.66875 0.1140625000000001 0.6640625 0.1140625000000001 0.6640625 0.1312500000000001 0.66875 0.1312500000000001
4 0.653125 0.12031250000000009 0.64375 0.12031250000000009 0.64375 0.1390625000000001 0.653125 0.1390625000000001
4 0.6453125 0.12343750000000009 0.6359375 0.12343750000000009 0.6359375 0.14218750000000008 0.6453125 0.14218750000000008
4 0.634375 0.1312500000000001 0.628125 0.1312500000000001 0.628125 0.1515625000000001 0.634375 0.1515625000000001
4 0.6140625 0.11875000000000009 0.6046875 0.11875000000000009 0.6046875 0.14062500000000008 0.6140625 0.14062500000000008
4 0.6125 0.1453125000000001 0.60625 0.1453125000000001 0.60625 0.16562500000000008 0.6125 0.16562500000000008
4 0.659375 0.11562500000000009 0.6515625 0.11562500000000009 0.6515625 0.1359375000000001 0.659375 0.1359375000000001
4 0.6640625 0.1140625000000001 0.6578125 0.1140625000000001 0.6578125 0.13281250000000008 0.6640625 0.13281250000000008
4 0.584375 0.18906250000000008 0.5796875 0.18906250000000008 0.5796875 0.21093750000000008 0.584375 0.21093750000000008
4 0.59375 0.18750000000000008 0.5875 0.18750000000000008 0.5875 0.2062500000000001 0.59375 0.2062500000000001
4 0.60625 0.1625000000000001 0.6 0.1625000000000001 0.6 0.1828125000000001 0.60625 0.1828125000000001
4 0.596875 0.1671875000000001 0.5921875 0.1671875000000001 0.5921875 0.1859375000000001 0.596875 0.1859375000000001
4 0.5859375 0.1765625000000001 0.58125 0.1765625000000001 0.58125 0.1921875000000001 0.5859375 0.1921875000000001
4 0.565625 0.18906250000000008 0.5609375 0.18906250000000008 0.5609375 0.2093750000000001 0.565625 0.2093750000000001
4 0.5578125 0.17343750000000008 0.553125 0.17343750000000008 0.553125 0.1937500000000001 0.5578125 0.1937500000000001
4 0.5515625 0.17968750000000008 0.5453125 0.17968750000000008 0.5453125 0.1984375000000001 0.5515625 0.1984375000000001
3 0.534375 0.2015625000000001 0.509375 0.2015625000000001 0.509375 0.23593750000000008 0.534375 0.23593750000000008
4 0.4859375 0.25468750000000007 0.48125 0.25468750000000007 0.48125 0.2718750000000001 0.4859375 0.2718750000000001
4 0.4828125 0.2671875000000001 0.478125 0.2671875000000001 0.478125 0.28593750000000007 0.4828125 0.28593750000000007
4 0.4640625 0.27031250000000007 0.4609375 0.27031250000000007 0.4609375 0.28593750000000007 0.4640625 0.28593750000000007
4 0.475 0.2718750000000001 0.46875 0.2718750000000001 0.46875 0.2906250000000001 0.475 0.2906250000000001
4 0.4390625 0.2796875000000001 0.434375 0.2796875000000001 0.434375 0.2953125000000001 0.4390625 0.2953125000000001
4 0.434375 0.2765625000000001 0.4296875 0.2765625000000001 0.4296875 0.2953125000000001 0.434375 0.2953125000000001
4 0.41875 0.2656250000000001 0.409375 0.2656250000000001 0.409375 0.2828125000000001 0.41875 0.2828125000000001
4 0.4125 0.2500000000000001 0.4046875 0.2500000000000001 0.4046875 0.2687500000000001 0.4125 0.2687500000000001
4 0.3984375 0.22031250000000008 0.3890625 0.22031250000000008 0.3890625 0.2375000000000001 0.3984375 0.2375000000000001
4 0.3921875 0.2078125000000001 0.3828125 0.2078125000000001 0.3828125 0.21875000000000008 0.3921875 0.21875000000000008
4 0.3796875 0.13125000000000003 0.375 0.13125000000000003 0.375 0.14843750000000006 0.3796875 0.14843750000000006
4 0.3875 0.12031250000000004 0.3796875 0.12031250000000004 0.3796875 0.13593750000000004 0.3875 0.13593750000000004
6 0.09375 0.003125000000000009 0.053125 0.003125000000000007 0.053125 0.06250000000000001 0.09375 0.06250000000000003
4 0.3484375 0.06093750000000005 0.3390625 0.06093750000000005 0.3390625 0.07656250000000005 0.3484375 0.07656250000000005
4 0.3484375 0.029687500000000044 0.3390625 0.029687500000000044 0.3390625 0.04531250000000005 0.3484375 0.04531250000000005
4 0.3484375 0.004687500000000042 0.3375 0.0046875000000000415 0.3375 0.01875000000000004 0.3484375 0.018750000000000044
4 0.3640625 0.05312500000000005 0.35625 0.05312500000000005 0.35625 0.06875000000000005 0.3640625 0.06875000000000005
4 0.359375 0.04062500000000004 0.35 0.04062500000000004 0.35 0.05625000000000004 0.359375 0.05625000000000004
4 0.3796875 0.07343750000000004 0.3734375 0.07343750000000004 0.3734375 0.08750000000000005 0.3796875 0.08750000000000005
4 0.375 0.06718750000000004 0.3671875 0.06718750000000004 0.3671875 0.08281250000000004 0.375 0.08281250000000004
4 0.3609375 0.07656250000000005 0.3546875 0.07656250000000005 0.3546875 0.09687500000000004 0.3609375 0.09687500000000004
4 0.365625 0.08750000000000005 0.359375 0.08750000000000005 0.359375 0.10312500000000005 0.365625 0.10312500000000005
4 0.3375 0.05468750000000004 0.33125 0.05468750000000004 0.33125 0.07343750000000004 0.3375 0.07343750000000004
4 0.334375 0.04843750000000004 0.328125 0.04843750000000004 0.328125 0.06875000000000005 0.334375 0.06875000000000005
4 0.3296875 0.06406250000000005 0.3203125 0.06406250000000005 0.3203125 0.07500000000000004 0.3296875 0.07500000000000004
4 0.3265625 0.06718750000000004 0.315625 0.06718750000000004 0.315625 0.08125000000000004 0.3265625 0.08125000000000004
4 0.3328125 0.07187500000000005 0.3265625 0.07187500000000005 0.3265625 0.08593750000000004 0.3328125 0.08593750000000004
4 0.390625 0.09531250000000005 0.3859375 0.09531250000000005 0.3859375 0.11562500000000005 0.390625 0.11562500000000005
4 0.3859375 0.10781250000000005 0.3796875 0.10781250000000005 0.3796875 0.12343750000000005 0.3859375 0.12343750000000005
4 0.384375 0.09218750000000005 0.375 0.09218750000000005 0.375 0.10937500000000004 0.384375 0.10937500000000004
4 0.3703125 0.10937500000000004 0.3625 0.10937500000000004 0.3625 0.12500000000000006 0.3703125 0.12500000000000006
4 0.3734375 0.11718750000000004 0.36875 0.11718750000000004 0.36875 0.13750000000000004 0.3734375 0.13750000000000004
4 0.3796875 0.10781250000000005 0.3734375 0.10781250000000005 0.3734375 0.12656250000000005 0.3796875 0.12656250000000005
4 0.35625 0.09375000000000004 0.35 0.09375000000000004 0.35 0.10937500000000004 0.35625 0.10937500000000004
4 0.3546875 0.08593750000000004 0.3453125 0.08593750000000004 0.3453125 0.10000000000000005 0.3546875 0.10000000000000005
4 0.3484375 0.10000000000000005 0.340625 0.10000000000000005 0.340625 0.11875000000000005 0.3484375 0.11875000000000005
4 0.3421875 0.09531250000000005 0.3359375 0.09531250000000005 0.3359375 0.11250000000000004 0.3421875 0.11250000000000004
4 0.3421875 0.11718750000000004 0.334375 0.11718750000000004 0.334375 0.13281250000000006 0.3421875 0.13281250000000006
4 0.3453125 0.12812500000000004 0.3390625 0.12812500000000004 0.3390625 0.14375000000000004 0.3453125 0.14375000000000004
4 0.3515625 0.12656250000000005 0.3453125 0.12656250000000005 0.3453125 0.14218750000000005 0.3515625 0.14218750000000005
4 0.3625 0.10781250000000005 0.35625 0.10781250000000005 0.35625 0.12500000000000006 0.3625 0.12500000000000006
4 0.321875 0.08750000000000005 0.3140625 0.08750000000000005 0.3140625 0.10312500000000005 0.321875 0.10312500000000005
4 0.315625 0.07656250000000005 0.3078125 0.07656250000000005 0.3078125 0.09218750000000005 0.315625 0.09218750000000005
4 0.3265625 0.09062500000000004 0.3203125 0.09062500000000004 0.3203125 0.10625000000000004 0.3265625 0.10625000000000004
4 0.11875 0.10625 0.1109375 0.10625 0.1109375 0.13125 0.11875 0.13125