1 0.2468750000000001 0.665625 0.18906250000000008 0.665625 0.18906250000000008 0.696875 0.2468750000000001 0.696875
1 0.3046875000000001 0.6546875 0.2484375000000001 0.6546875 0.2484375000000001 0.6890625 0.3046875000000001 0.6890625
4 0.3703125000000001 0.68125 0.35625000000000007 0.68125 0.35625000000000007 0.6921875 0.3703125000000001 0.6921875
2 0.03593750000000009 0.740625 0.014062500000000089 0.740625 0.014062500000000092 0.7625 0.03593750000000009 0.7625
4 0.05937500000000009 0.7265625 0.04375000000000009 0.7265625 0.04375000000000009 0.7359375 0.05937500000000009 0.7359375
2 0.05156250000000011 0.825 0.0265625000000001 0.825 0.0265625000000001 0.84375 0.05156250000000011 0.84375
4 0.07812500000000008 0.7953125 0.06562500000000009 0.7953125 0.06562500000000009 0.8078125 0.07812500000000008 0.8078125
4 0.10156250000000008 0.803125 0.08593750000000008 0.803125 0.0859375000000001 0.8171875 0.10156250000000008 0.8171875
2 0.16406250000000008 0.871875 0.1375000000000001 0.871875 0.1375000000000001 0.8984375 0.16406250000000008 0.8984375
4 0.24218750000000008 0.79375 0.22812500000000008 0.79375 0.22812500000000008 0.8046875 0.24218750000000008 0.8046875
4 0.25468750000000007 0.89375 0.2390625000000001 0.89375 0.2390625000000001 0.9078125 0.25468750000000007 0.9078125
4 0.3031250000000001 0.796875 0.2906250000000001 0.796875 0.2906250000000001 0.8109375 0.3031250000000001 0.8109375
4 0.34062500000000007 0.89375 0.3265625000000001 0.89375 0.3265625000000001 0.9046875 0.34062500000000007 0.9046875
4 0.35625000000000007 0.90625 0.3453125000000001 0.90625 0.3453125000000001 0.91875 0.35625000000000007 0.91875
4 0.37187500000000007 0.7625 0.3578125000000001 0.7625 0.3578125000000001 0.7734375 0.37187500000000007 0.7734375
2 0.5281250000000002 0.8078125 0.5078125000000002 0.8078125 0.5078125000000002 0.8328125 0.5281250000000002 0.8328125
4 0.6421875000000001 0.778125 0.6312500000000002 0.778125 0.6312500000000002 0.7890625 0.6421875000000001 0.7890625
4 0.6656250000000001 0.7875 0.6515625000000002 0.7875 0.6515625000000002 0.8015625 0.6656250000000001 0.8015625
4 0.6875000000000002 0.7515625 0.6734375000000001 0.7515625 0.6734375000000001 0.765625 0.6875000000000002 0.765625
4 0.7250000000000002 0.871875 0.7109375000000002 0.871875 0.7109375000000002 0.8859375 0.7250000000000002 0.8859375
4 0.8 0.7859375000000002 0.7859375000000002 0.7859375000000002 0.7859375000000002 0.8015625 0.8 0.8015625
4 0.834375 0.7921875000000002 0.825 0.7921875000000002 0.825 0.80625 0.834375 0.80625
4 0.865625 0.846875 0.8515625 0.846875 0.8515625 0.8640625 0.865625 0.8640625
1 0.9234375 0.871875 0.8578125 0.871875 0.8578125 0.9078125 0.9234375 0.9078125
2 0.915625 0.809375 0.8875 0.809375 0.8875 0.8296875 0.915625 0.8296875
4 0.9015625 0.7968750000000002 0.890625 0.7968750000000002 0.890625 0.80625 0.9015625 0.80625
4 0.953125 0.8578125 0.9390625 0.8578125 0.9390625 0.86875 0.953125 0.86875
2 0.9796875 0.809375 0.95625 0.809375 0.95625 0.834375 0.9796875 0.834375
0 0.903125 0.7765625000000002 0.8890625 0.7765625000000002 0.8890625 0.7921875000000002 0.903125 0.7921875000000002
4 0.8453125 0.7265625000000002 0.834375 0.7265625000000002 0.834375 0.7375000000000002 0.8453125 0.7375000000000002
4 1 0.7859375000000002 0.9890625 0.7859375000000002 0.9890625 0.8015625 1 0.8015625
0 0.9609375 0.7265625000000002 0.9453125 0.7265625000000002 0.9453125 0.7453125000000002 0.9609375 0.7453125000000002
4 0.7421875 0.6968750000000001 0.728125 0.6968750000000001 0.728125 0.7125000000000001 0.7421875 0.7125000000000001
0 0.14687500000000014 0.965625 0.13125000000000014 0.965625 0.13125000000000014 0.984375 0.14687500000000014 0.984375
4 0.5109375 0.5359375 0.50625 0.5359375 0.50625 0.5578125 0.5109375 0.5578125
0 0.4703125 0.5234375 0.459375 0.5234375 0.459375 0.5484375 0.4703125 0.5484375
4 0.475 0.440625 0.46875 0.440625 0.46875 0.4625 0.475 0.4625
4 0.4875 0.3890625000000001 0.48125 0.3890625000000001 0.48125 0.409375 0.4875 0.409375
0 0.4734375 0.3812500000000001 0.4625 0.3812500000000001 0.4625 0.4109375 0.4734375 0.4109375
2 0.525 0.2921875000000001 0.5109375 0.2921875000000001 0.5109375 0.3312500000000001 0.525 0.3312500000000001
2 0.484375 0.2156250000000001 0.471875 0.2156250000000001 0.471875 0.2562500000000001 0.484375 0.2562500000000001
0 0.4703125 0.12031250000000004 0.4609375 0.12031250000000004 0.4609375 0.15312500000000004 0.4703125 0.15312500000000004
4 0.4796875 0.10000000000000005 0.4734375 0.10000000000000005 0.4734375 0.11875000000000005 0.4796875 0.11875000000000005
4 0.5234375 0.12343750000000005 0.515625 0.12343750000000005 0.515625 0.14687500000000003 0.5234375 0.14687500000000003