4 0.4515625 0.60625 0.4421875 0.60625 0.4421875 0.621875 0.4515625 0.621875
3 0.103125 0.10625 0.08281250000000002 0.10625 0.08281250000000002 0.13125 0.103125 0.13125
4 0.4203125 0.4828125 0.409375 0.4828125 0.409375 0.5 0.4203125 0.5
2 0.5578125 0.64375 0.5359375 0.64375 0.5359375 0.665625 0.5578125 0.665625
4 0.5296875 0.4375 0.521875 0.4375 0.521875 0.4546875 0.5296875 0.4546875
2 0.16562500000000005 0.346875 0.14062500000000006 0.346875 0.14062500000000006 0.36875 0.16562500000000005 0.36875
2 0.22812500000000008 0.4078125 0.2062500000000001 0.4078125 0.2062500000000001 0.428125 0.22812500000000008 0.428125
2 0.1796875 0.1203125 0.1609375 0.1203125 0.1609375 0.15 0.1796875 0.15
4 0.53125 0.3750000000000001 0.5203125 0.3750000000000001 0.5203125 0.3937500000000001 0.53125 0.3937500000000001
2 0.3031250000000001 0.53125 0.27812500000000007 0.53125 0.27812500000000007 0.55625 0.3031250000000001 0.55625
4 0.3109375000000001 0.5984375 0.30156250000000007 0.5984375 0.30156250000000007 0.6109375 0.3109375000000001 0.6109375
0 0.2875000000000001 0.609375 0.2718750000000001 0.609375 0.2718750000000001 0.621875 0.2875000000000001 0.621875
0 0.2375000000000001 0.5921875 0.2218750000000001 0.5921875 0.2218750000000001 0.603125 0.2375000000000001 0.603125
0 0.24375000000000008 0.5640625 0.2328125000000001 0.5640625 0.2328125000000001 0.584375 0.24375000000000008 0.584375
0 0.2609375000000001 0.603125 0.2468750000000001 0.603125 0.2468750000000001 0.6171875 0.2609375000000001 0.6171875
0 0.2796875000000001 0.7453125 0.2640625000000001 0.7453125 0.2640625000000001 0.7640625 0.2796875000000001 0.7640625
4 0.3062500000000001 0.6921875 0.2953125000000001 0.6921875 0.2953125000000001 0.703125 0.3062500000000001 0.703125
3 0.2093750000000001 0.7625 0.1906250000000001 0.7625 0.1906250000000001 0.78125 0.2093750000000001 0.78125
0 0.33281250000000007 0.5734375 0.3203125000000001 0.5734375 0.3203125000000001 0.5875 0.33281250000000007 0.5875
0 0.06250000000000008 0.665625 0.04375000000000008 0.665625 0.04375000000000008 0.68125 0.06250000000000008 0.68125
0 0.03281250000000009 0.6828125 0.017187500000000085 0.6828125 0.017187500000000085 0.696875 0.03281250000000009 0.696875
2 0.09531250000000009 0.646875 0.07812500000000008 0.646875 0.07812500000000008 0.6640625 0.09531250000000009 0.6640625
3 0.03750000000000009 0.7296875 0.017187500000000088 0.7296875 0.01718750000000009 0.7484375 0.03750000000000009 0.7484375
0 0.07656250000000007 0.634375 0.06562500000000007 0.634375 0.06562500000000007 0.65625 0.07656250000000009 0.65625
3 0.353125 0.3328125 0.3359375 0.3328125 0.3359375 0.3515625 0.353125 0.3515625
0 0.403125 0.4171875 0.3906250000000001 0.4171875 0.3906250000000001 0.434375 0.403125 0.434375
0 0.2968750000000001 0.5609375 0.2843750000000001 0.5609375 0.2843750000000001 0.5765625 0.2968750000000001 0.5765625
4 0.3359375000000001 0.590625 0.32500000000000007 0.590625 0.32500000000000007 0.6015625 0.3359375000000001 0.6015625
4 0.3968750000000001 0.484375 0.3859375000000001 0.484375 0.3859375000000001 0.5 0.3968750000000001 0.5
4 0.3984375000000001 0.509375 0.3890625000000001 0.509375 0.3890625000000001 0.51875 0.3984375000000001 0.51875
3 0.4625 0.415625 0.4484375 0.415625 0.4484375 0.440625 0.4625 0.440625
0 0.475 0.609375 0.4609375 0.609375 0.4609375 0.6234375 0.475 0.6234375
4 0.603125 0.65625 0.59375 0.65625 0.59375 0.671875 0.603125 0.671875
0 0.4109375 0.4984375 0.4015625 0.4984375 0.4015625 0.51875 0.4109375 0.51875
4 0.40625 0.63125 0.3921875000000001 0.63125 0.3921875000000001 0.65 0.40625 0.65
4 0.5015625 0.37968750000000007 0.4921875 0.37968750000000007 0.4921875 0.3937500000000001 0.5015625 0.3937500000000001
4 0.45 0.5421875 0.4390625 0.5421875 0.4390625 0.55625 0.45 0.55625
4 0.43125 0.3750000000000001 0.421875 0.3750000000000001 0.421875 0.3906250000000001 0.43125 0.3906250000000001
2 0.2484375000000001 0.3640625 0.22812500000000008 0.3640625 0.22812500000000008 0.3921875 0.2484375000000001 0.3921875
4 0.3328125 0.321875 0.31875 0.321875 0.31875 0.3359375 0.3328125 0.3359375
4 0.1203125 0.1125 0.109375 0.1125 0.109375 0.1328125 0.1203125 0.1328125
4 0.040625 0.006250000000000004 0.03125 0.006250000000000003 0.03125 0.020312500000000004 0.040625 0.020312500000000004
4 0.1765625 0.1671875 0.1625 0.1671875 0.1625 0.18125 0.1765625 0.18125
2 0.3046875 0.2421875 0.2890625 0.2421875 0.2890625 0.2640625 0.3046875 0.2640625
3 0.284375 0.209375 0.271875 0.209375 0.271875 0.253125 0.284375 0.253125
0 0.6390625 0.5796875 0.625 0.5796875 0.625 0.5953125 0.6390625 0.5953125
4 0.5296875 0.3609375000000001 0.5203125 0.3609375000000001 0.5203125 0.3750000000000001 0.5296875 0.3750000000000001
0 0.5625 0.3421875000000001 0.5515625 0.3421875000000001 0.5515625 0.3593750000000001 0.5625 0.3593750000000001
4 0.665625 0.2796875000000001 0.65625 0.2796875000000001 0.65625 0.2968750000000001 0.665625 0.2968750000000001
4 0.615625 0.32500000000000007 0.6046875 0.32500000000000007 0.6046875 0.3390625000000001 0.615625 0.3390625000000001
4 0.6515625 0.2671875000000001 0.6421875 0.2671875000000001 0.6421875 0.2828125000000001 0.6515625 0.2828125000000001
4 0.8078125 0.2015625000000001 0.7953125 0.2015625000000001 0.7953125 0.2156250000000001 0.8078125 0.2156250000000001
0 0.8234375 0.2093750000000001 0.8125 0.2093750000000001 0.8125 0.2296875000000001 0.8234375 0.2296875000000001
4 0.7234375 0.14843750000000008 0.7140625 0.14843750000000008 0.7140625 0.16406250000000008 0.7234375 0.16406250000000008
0 0.7359375 0.1281250000000001 0.7265625 0.1281250000000001 0.7265625 0.1515625000000001 0.7359375 0.1515625000000001
4 0.803125 0.2718750000000001 0.7953125 0.2718750000000001 0.7953125 0.2921875000000001 0.803125 0.2921875000000001
4 0.8859375 0.0640625000000001 0.8765625 0.0640625000000001 0.8765625 0.08437500000000012 0.8859375 0.08437500000000012
0 0.7921875 0.3609375000000001 0.7796875 0.3609375000000001 0.7796875 0.3812500000000001 0.7921875 0.3812500000000001
2 0.709375 0.27031250000000007 0.6921875 0.27031250000000007 0.6921875 0.2984375000000001 0.709375 0.2984375000000001
0 0.7703125 0.3843750000000001 0.7609375 0.3843750000000001 0.7609375 0.40937500000000016 0.7703125 0.40937500000000016
0 0.7765625 0.40625000000000017 0.7625 0.40625000000000017 0.7625 0.42968750000000017 0.7765625 0.42968750000000017
0 0.5484375 0.609375 0.534375 0.609375 0.534375 0.6265625 0.5484375 0.6265625
2 0.615625 0.540625 0.6 0.540625 0.6 0.565625 0.615625 0.565625
4 0.6140625 0.675 0.6046875 0.675 0.6046875 0.6921875 0.6140625 0.6921875
2 0.615625 0.3984375000000001 0.5953125 0.3984375000000001 0.5953125 0.428125 0.615625 0.428125
0 0.5359375 0.6265625 0.521875 0.6265625 0.521875 0.6453125 0.5359375 0.6453125
4 0.51875 0.6046875 0.5078125 0.6046875 0.5078125 0.6234375 0.51875 0.6234375
0 0.4328125 0.6265625 0.4234375 0.6265625 0.4234375 0.6515625 0.4328125 0.6515625
4 0.4890625 0.3671875000000001 0.478125 0.3671875000000001 0.478125 0.3843750000000001 0.4890625 0.3843750000000001
3 0.5890625 0.5046875 0.5734375 0.5046875 0.5734375 0.5203125 0.5890625 0.5203125
0 0.721875 0.65625 0.7109375 0.65625 0.7109375 0.671875 0.721875 0.671875
2 0.7109375 0.6 0.6953125 0.6 0.6953125 0.6328125 0.7109375 0.6328125
2 0.7328125 0.6203125 0.7125 0.6203125 0.7125 0.6515625 0.7328125 0.6515625000000002
0 0.6781250000000002 0.759375 0.6656250000000001 0.759375 0.6656250000000001 0.7796875 0.6781250000000002 0.7796875
4 0.81875 0.7578125000000002 0.803125 0.7578125000000002 0.803125 0.7734375000000002 0.81875 0.7734375000000002
4 0.7015625 0.6421875 0.690625 0.6421875 0.690625 0.65625 0.7015625 0.65625
4 0.671875 0.6328125 0.6609375 0.6328125 0.6609375 0.64375 0.671875 0.64375
0 0.6937500000000002 0.8328125 0.6828125000000002 0.8328125 0.6828125000000002 0.85 0.6937500000000002 0.85
0 0.7125000000000001 0.8421875 0.6984375000000002 0.8421875 0.6984375000000002 0.8609375 0.7125000000000001 0.8609375
0 0.8515625 0.7968750000000002 0.8359375 0.7968750000000002 0.8359375 0.8171875 0.8515625 0.8171875
4 0.840625 0.7640625000000002 0.8265625 0.7640625000000002 0.8265625 0.7859375000000002 0.840625 0.7859375000000002
4 0.8609375 0.7656250000000002 0.85 0.7656250000000002 0.85 0.7828125000000001 0.8609375 0.7828125000000001
4 0.7421875 0.6953125000000002 0.73125 0.6953125000000002 0.73125 0.7140625000000002 0.7421875 0.7140625000000002
3 0.3187500000000001 0.60625 0.3046875000000001 0.60625 0.3046875000000001 0.625 0.3187500000000001 0.625
0 0.2984375000000001 0.5828125 0.2828125000000001 0.5828125 0.2828125000000001 0.5984375 0.2984375000000001 0.5984375
4 0.10156250000000008 0.7609375 0.09218750000000009 0.7609375 0.09218750000000009 0.7796875 0.10156250000000008 0.7796875
2 0.2250000000000001 0.696875 0.2015625000000001 0.696875 0.2015625000000001 0.7171875 0.2250000000000001 0.7171875
0 0.07187500000000009 0.70625 0.05468750000000009 0.70625 0.05468750000000009 0.721875 0.07187500000000009 0.721875
4 0.13281250000000008 0.7609375 0.1218750000000001 0.7609375 0.1218750000000001 0.7796875 0.13281250000000008 0.7796875
4 0.3921875000000001 0.5015625 0.3828125000000001 0.5015625 0.3828125000000001 0.51875 0.3921875000000001 0.51875
4 0.3828125000000001 0.5015625 0.3734375000000001 0.5015625 0.3734375000000001 0.515625 0.3828125000000001 0.515625
0 0.3109375000000001 0.41875 0.2921875000000001 0.41875 0.2921875000000001 0.44375 0.3109375000000001 0.44375
4 0.2734375000000001 0.4171875 0.26250000000000007 0.4171875 0.26250000000000007 0.4359375 0.2734375000000001 0.4359375
4 0.4390625 0.4640625 0.4296875 0.4640625 0.4296875 0.4796875 0.4390625 0.4796875
4 0.615625 0.3390625000000001 0.6078125 0.3390625000000001 0.6078125 0.3593750000000001 0.615625 0.3593750000000001
4 0.5734375 0.4984375 0.5640625 0.4984375 0.5640625 0.509375 0.5734375 0.509375
4 0.821875 0.1781250000000001 0.8078125 0.1781250000000001 0.8078125 0.1984375000000001 0.821875 0.1984375000000001
4 0.34375 0.3484375 0.334375 0.3484375 0.334375 0.359375 0.34375 0.359375
3 0.690625 0.2218750000000001 0.6765625 0.2218750000000001 0.6765625 0.24218750000000008 0.690625 0.24218750000000008
0 0.7515625 0.08125000000000009 0.7453125 0.08125000000000009 0.7453125 0.10156250000000008 0.7515625 0.10156250000000008
0 0.8328125 0.18125000000000008 0.821875 0.18125000000000008 0.821875 0.2000000000000001 0.8328125 0.2000000000000001
0 0.775 0.05312500000000009 0.7640625 0.05312500000000009 0.7640625 0.0750000000000001 0.775 0.0750000000000001
4 0.7609375 0.05468750000000009 0.75 0.05468750000000009 0.75 0.07031250000000008 0.7609375 0.07031250000000008
0 0.6984375 0.17968750000000008 0.6828125 0.17968750000000008 0.6828125 0.20312500000000008 0.6984375 0.20312500000000008
4 0.75625 0.3859375000000001 0.75 0.3859375000000001 0.75 0.40156250000000016 0.75625 0.40156250000000016
0 0.759375 0.4859375000000002 0.75 0.4859375000000002 0.75 0.5015625000000001 0.759375 0.5015625000000001
4 0.66875 0.5875 0.6578125 0.5875 0.6578125 0.5984375 0.66875 0.5984375
4 0.6109375 0.515625 0.6 0.515625 0.6 0.5265625 0.6109375 0.5265625
4 0.675 0.5109375 0.665625 0.5109375 0.665625 0.5234375 0.675 0.5234375
4 0.678125 0.59375 0.66875 0.59375 0.66875 0.6140625 0.678125 0.6140625
2 0.4546875 0.5625 0.4328125 0.5625 0.4328125 0.5875 0.4546875 0.5875
2 0.4671875 0.65625 0.4484375 0.65625 0.4484375 0.6765625 0.4671875 0.6765625
4 0.6125 0.6390625 0.603125 0.6390625 0.603125 0.6578125 0.6125 0.6578125
3 0.7083788426058775 0.8348838549965512 0.6895656234375 0.8155181750000002 0.6817324027066227 0.8231279309409493 0.7005456218750001 0.8424936109375004
4 0.9296875 0.84375 0.9171875 0.84375 0.9171875 0.8625 0.9296875 0.8625
2 0.946875 0.890625 0.9265625 0.890625 0.9265625 0.9234375 0.946875 0.9234375
4 0.9703125 0.9375 0.9578125 0.9375 0.9578125 0.95625 0.9703125 0.95625
0 0.525 0.4 0.5125 0.4 0.5125 0.4109375 0.525 0.4109375
4 0.44375 0.4015625 0.434375 0.4015625 0.434375 0.4203125 0.44375 0.4203125
4 0.4515625 0.3921875000000001 0.440625 0.3921875000000001 0.440625 0.4078125 0.4515625 0.4078125
0 0.41875 0.534375 0.4046875 0.534375 0.4046875 0.5453125 0.41875 0.5453125
4 0.490625 0.40625 0.4828125 0.40625 0.4828125 0.425 0.490625 0.425
0 0.4546875 0.4484375 0.4421875 0.4484375 0.4421875 0.4671875 0.4546875 0.4671875
4 0.4046875 0.4890625 0.39531250000000007 0.4890625 0.39531250000000007 0.5046875 0.4046875 0.5046875
2 0.5296875 0.4671875 0.5109375 0.4671875 0.5109375 0.496875 0.5296875 0.496875
0 0.546875 0.4234375 0.5328125 0.4234375 0.5328125 0.4421875 0.546875 0.4421875
2 0.7718750000000002 0.840625 0.7453125000000002 0.840625 0.7453125000000002 0.8765625 0.7718750000000002 0.8765625
4 0.646875 0.5703125 0.6390625 0.5703125 0.6390625 0.5890625 0.646875 0.5890625
3 0.6046875 0.3734375000000001 0.5875 0.3734375000000001 0.5875 0.3937500000000001 0.6046875 0.3937500000000001
2 0.5515625 0.4609375 0.534375 0.4609375 0.534375 0.4921875 0.5515625 0.4921875
3 0.7953125 0.6812500000000001 0.78125 0.6812500000000001 0.78125 0.7015625000000002 0.7953125 0.7015625000000002
4 0.81875 0.7234375000000002 0.8078125 0.7234375000000002 0.8078125 0.7406250000000002 0.81875 0.7406250000000002
2 0.890625 0.94375 0.86875 0.94375 0.86875 0.9734375 0.890625 0.9734375
4 0.3390625 0.315625 0.3296875 0.315625 0.3296875 0.3265625 0.3390625 0.3265625
4 0.2953125 0.2828125 0.2859375 0.2828125 0.2859375 0.2953125 0.2953125 0.2953125
4 0.2921875 0.25625 0.2828125 0.25625 0.2828125 0.2671875 0.2921875 0.2671875
4 0.12187500000000004 0.2671875 0.11093750000000005 0.2671875 0.11093750000000005 0.2875 0.12187500000000004 0.2875
4 0.043750000000000025 0.153125 0.03281250000000002 0.153125 0.03281250000000002 0.1640625 0.043750000000000025 0.1640625
0 0.3687500000000001 0.671875 0.3546875000000001 0.671875 0.3546875000000001 0.684375 0.3687500000000001 0.684375
4 0.10000000000000009 0.684375 0.08593750000000008 0.684375 0.08593750000000008 0.696875 0.10000000000000009 0.696875
4 0.0750000000000001 0.76875 0.057812500000000086 0.76875 0.057812500000000086 0.7828125 0.0750000000000001 0.7828125
3 0.0593750000000001 0.815625 0.0406250000000001 0.815625 0.0406250000000001 0.8296875 0.05937500000000011 0.8296875
0 0.8125 0.2406250000000001 0.803125 0.2406250000000001 0.803125 0.2578125000000001 0.8125 0.2578125000000001
4 0.81875 0.3000000000000001 0.8078125 0.3000000000000001 0.8078125 0.3140625000000001 0.81875 0.3140625000000001
4 0.8671875 0.1359375000000001 0.8546875 0.1359375000000001 0.8546875 0.15625000000000008 0.8671875 0.15625000000000008
0 0.84375 0.18125000000000008 0.8359375 0.18125000000000008 0.8359375 0.2015625000000001 0.84375 0.2015625000000001
0 0.8558120946391865 0.13054983151603872 0.8465883875000001 0.12615640312500015 0.8330620670177714 0.1545540023787721 0.8422857741569578 0.15894743076981066
2 0.8092683166008493 0.22595098553555043 0.7975700794147288 0.22048393310852946 0.7819172034388794 0.2539774944479792 0.7936154406249999 0.25944454687500007
4 0.709375 0.17343750000000008 0.7015625 0.17343750000000008 0.7015625 0.1921875000000001 0.709375 0.1921875000000001
4 0.7875 9.586688224575374e-17 0.778125 9.529282905865343e-17 0.778125 0.017187500000000095 0.7875 0.017187500000000095
4 0.4578125 0.475 0.4453125 0.475 0.4453125 0.490625 0.4578125 0.490625
4 0.5578125 0.6265625 0.5484375 0.6265625 0.5484375 0.640625 0.5578125 0.640625
4 0.496875 0.61875 0.4859375 0.61875 0.4859375 0.6296875 0.496875 0.6296875
4 0.4796875 0.6234375 0.4703125 0.6234375 0.4703125 0.6328125 0.4796875 0.6328125
4 0.4859375 0.5625 0.478125 0.5625 0.478125 0.571875 0.4859375 0.571875
4 0.5640625 0.6234375 0.55625 0.6234375 0.55625 0.634375 0.5640625 0.634375
4 0.4984375 0.65625 0.4875 0.65625 0.4875 0.665625 0.4984375 0.665625
4 0.4859375 0.63125 0.478125 0.63125 0.478125 0.646875 0.4859375 0.646875
4 0.540625 0.6609375 0.5296875 0.6609375 0.5296875 0.678125 0.540625 0.678125
4 0.471875 0.6265625 0.459375 0.6265625 0.459375 0.6453125 0.471875 0.6453125
0 0.3734375000000001 0.5296875 0.3593750000000001 0.5296875 0.3593750000000001 0.5484375 0.3734375000000001 0.5484375
3 0.6109375 0.6796875 0.5828125 0.6796875 0.5828125 0.71875 0.6109375 0.71875
4 0.7484375 0.6250000000000002 0.7390625 0.6250000000000002 0.7390625 0.6453125000000002 0.7484375 0.6453125000000002
4 0.565625 0.48125 0.5515625 0.48125 0.5515625 0.4921875 0.565625 0.4921875
0 0.5734375 0.50625 0.5625 0.50625 0.5625 0.525 0.5734375 0.525
0 0.5640625 0.3703125000000001 0.55 0.3703125000000001 0.55 0.38750000000000007 0.5640625 0.38750000000000007
0 0.5515625 0.3781250000000001 0.5359375 0.3781250000000001 0.5359375 0.3984375000000001 0.5515625 0.3984375000000001
0 0.6859375 0.5078125 0.675 0.5078125 0.675 0.528125 0.6859375 0.528125
4 0.759375 0.4156250000000002 0.7515625 0.4156250000000002 0.7515625 0.43281250000000016 0.759375 0.43281250000000016
3 0.665625 0.5921875 0.6515625 0.5921875 0.6515625 0.61875 0.665625 0.61875
4 0.6828125 0.625 0.671875 0.625 0.671875 0.6453125 0.6828125 0.6453125
2 0.7078125 0.6671875 0.6921875 0.6671875 0.6921875 0.69375 0.7078125 0.69375
4 0.7203125 0.6734375 0.7109375 0.6734375 0.7109375 0.6875 0.7203125 0.6875
4 0.7890625000000001 0.7140625000000002 0.7796875 0.7140625000000002 0.7796875000000001 0.7328125000000002 0.7890625000000002 0.7328125000000002
0 0.98125 0.9125 0.965625 0.9125 0.965625 0.940625 0.98125 0.940625
4 0.8015625 0.86875 0.7890625000000002 0.86875 0.7890625000000002 0.8828125 0.8015625 0.8828125
4 0.7875000000000002 0.871875 0.7734375000000002 0.871875 0.7734375000000002 0.8890625 0.7875000000000002 0.8890625
2 0.7468750000000002 0.8109375 0.7265625000000002 0.8109375 0.7265625000000002 0.8375 0.7468750000000002 0.8375
2 0.7203125000000001 0.8109375 0.7015625000000002 0.8109375 0.7015625000000002 0.8375 0.7203125000000001 0.8375
2 0.7234375000000002 0.78125 0.7000000000000002 0.78125 0.7000000000000002 0.8078125 0.7234375000000002 0.8078125
4 0.6953125000000002 0.78125 0.6828125000000002 0.78125 0.6828125000000002 0.8 0.6953125000000002 0.8
4 0.6781250000000002 0.7859375 0.6656250000000001 0.7859375 0.6656250000000001 0.803125 0.6781250000000002 0.803125
2 0.6562500000000001 0.7234375 0.634375 0.7234375 0.6343750000000001 0.7546875 0.6562500000000002 0.7546875
0 0.5078125 0.6296875 0.49375 0.6296875 0.49375 0.6484375 0.5078125 0.6484375
0 0.484375 0.6453125 0.46875 0.6453125 0.46875 0.6609375 0.484375 0.6609375
0 0.7203125 0.3437500000000001 0.703125 0.3437500000000001 0.703125 0.3703125000000001 0.7203125 0.3703125000000001
4 0.7203125 0.3156250000000001 0.7109375 0.3156250000000001 0.7109375 0.3312500000000001 0.7203125 0.3312500000000001
2 0.7921875 0.27812500000000007 0.78125 0.27812500000000007 0.78125 0.3078125000000001 0.7921875 0.3078125000000001
1 0.3890625000000001 0.5984375 0.3437500000000001 0.5984375 0.3437500000000001 0.6546875 0.3890625000000001 0.6546875
5 0.4328125 0.3828125000000001 0.3890625000000001 0.3828125000000001 0.3890625000000001 0.4375 0.4328125 0.4375
0 0.2875 0.278125 0.26875 0.278125 0.26875 0.3125 0.2875 0.3125
6 0.775 0.30937500000000007 0.7359375 0.30937500000000007 0.7359375 0.3781250000000001 0.775 0.3781250000000001