1 0.2515625000000001 0.653125 0.19531250000000008 0.653125 0.19531250000000008 0.6828125 0.2515625000000001 0.6828125
1 0.30937500000000007 0.6453125 0.2531250000000001 0.6453125 0.2531250000000001 0.6765625 0.30937500000000007 0.6765625
1 0.9390625 0.85 0.875 0.85 0.875 0.88125 0.9390625 0.88125
2 0.91875 0.88125 0.8953125 0.88125 0.8953125 0.9 0.91875 0.9
2 0.7859375000000002 0.875 0.7640625000000002 0.875 0.7640625000000002 0.8953125 0.7859375000000002 0.8953125
2 0.8046875 0.8 0.7796875000000002 0.8 0.7796875000000002 0.821875 0.8046875 0.821875
2 0.6765625000000002 0.8046875 0.6562500000000002 0.8046875 0.6562500000000002 0.821875 0.6765625000000002 0.821875
2 0.5234375 0.4015625 0.5125 0.4015625 0.5125 0.4421875 0.5234375 0.4421875
2 0.2375000000000001 0.8515625 0.2140625000000001 0.8515625 0.2140625000000001 0.8734375 0.2375000000000001 0.8734375
2 0.10468750000000009 0.809375 0.08125000000000009 0.809375 0.0812500000000001 0.8296875 0.10468750000000009 0.8296875
4 0.9796875 0.7171875000000002 0.96875 0.7171875000000002 0.96875 0.7296875000000002 0.9796875 0.7296875000000002
4 0.990625 0.846875 0.9765625 0.846875 0.9765625 0.859375 0.990625 0.859375
4 0.88125 0.8890625 0.8671875 0.8890625 0.8671875 0.9 0.88125 0.9
4 0.853125 0.7906250000000001 0.84375 0.7906250000000001 0.84375 0.8015625 0.853125 0.8015625
4 0.7234375000000002 0.765625 0.7125000000000001 0.765625 0.7125000000000001 0.7765625 0.7234375000000002 0.7765625
4 0.5156250000000002 0.7859375 0.5062500000000002 0.7859375 0.5062500000000002 0.80625 0.5156250000000002 0.80625
4 0.5671875000000001 0.7171875 0.5578125 0.7171875 0.5578125 0.734375 0.5671875000000002 0.734375
4 0.6000000000000002 0.7765625 0.5890625000000002 0.7765625 0.5890625000000002 0.7875 0.6000000000000002 0.7875
4 0.5218750000000002 0.8921875 0.5109375000000002 0.8921875 0.5109375000000002 0.90625 0.5218750000000002 0.90625
4 0.64375 0.6546875 0.6328125 0.6546875 0.6328125 0.6671875 0.64375 0.6671875
4 0.5359375 0.609375 0.53125 0.609375 0.53125 0.6265625 0.5359375 0.6265625
4 0.53125 0.3468750000000001 0.528125 0.3468750000000001 0.528125 0.36406250000000007 0.53125 0.36406250000000007
4 0.5375 0.3421875000000001 0.5328125 0.3421875000000001 0.5328125 0.3609375000000001 0.5375 0.3609375000000001
4 0.5375 0.4109375 0.5328125 0.4109375 0.5328125 0.4296875 0.5375 0.4296875
4 0.4796875 0.11875000000000005 0.4734375 0.11875000000000005 0.4734375 0.13906250000000003 0.4796875 0.13906250000000003
4 0.48125 0.4625 0.475 0.4625 0.475 0.4859375 0.48125 0.4859375
5 0.3296875000000001 0.7984375 0.2843750000000001 0.7984375 0.2843750000000001 0.825 0.3296875000000001 0.825
4 0.8484375 0.7296875000000002 0.8390625 0.7296875000000002 0.8390625 0.7390625000000002 0.8484375 0.7390625000000002
4 0.1359375000000001 0.7953125 0.1218750000000001 0.7953125 0.1218750000000001 0.80625 0.1359375000000001 0.80625
4 0.1765625000000001 0.7046875 0.16562500000000008 0.7046875 0.16562500000000008 0.715625 0.1765625000000001 0.715625
4 0.0390625000000001 0.7921875 0.023437500000000094 0.7921875 0.023437500000000097 0.80625 0.0390625000000001 0.80625
0 0.1703125000000001 0.775 0.1531250000000001 0.775 0.1531250000000001 0.7921875 0.1703125000000001 0.7921875
3 0.48125 0.3421875000000001 0.4703125 0.3421875000000001 0.4703125 0.3890625000000001 0.48125 0.3890625000000001
0 0.15000000000000013 0.9546875 0.13437500000000013 0.9546875 0.13437500000000013 0.9734375 0.15000000000000013 0.9734375
4 0.11406250000000014 0.9546875 0.10312500000000013 0.9546875 0.10312500000000013 0.965625 0.11406250000000014 0.965625