2 0.01875000000000001 0.0265625 0.0031250000000000028 0.0265625 0.0031250000000000054 0.071875 0.01875000000000001 0.071875
4 0.023437500000000003 0.003125000000000002 0.009375 0.0031250000000000015 0.009375000000000001 0.0265625 0.023437500000000007 0.0265625
3 0.07968750000000005 0.296875 0.051562500000000046 0.296875 0.051562500000000046 0.36875 0.07968750000000005 0.36875
4 0.10000000000000005 0.33125 0.08593750000000004 0.33125 0.08593750000000004 0.3578125 0.10000000000000005 0.3578125
2 0.15937500000000004 0.2421875 0.13593750000000004 0.2421875 0.13593750000000004 0.2859375 0.15937500000000004 0.2859375
0 0.2000000000000001 0.365625 0.17968750000000006 0.365625 0.17968750000000006 0.3875 0.2000000000000001 0.3875
4 0.26250000000000007 0.365625 0.2468750000000001 0.365625 0.2468750000000001 0.3765625 0.26250000000000007 0.3765625
3 0.2468750000000001 0.43125 0.2156250000000001 0.43125 0.2156250000000001 0.4609375 0.2468750000000001 0.4609375
4 0.415625 0.3890625000000001 0.4015625 0.3890625000000001 0.4015625 0.4046875 0.415625 0.4046875
3 0.425 0.4484375 0.3937500000000001 0.4484375 0.3937500000000001 0.475 0.425 0.475
2 0.5078125 0.3546875000000001 0.4828125 0.3546875000000001 0.4828125 0.3812500000000001 0.5078125 0.3812500000000001
2 0.503125 0.446875 0.471875 0.446875 0.471875 0.4703125 0.503125 0.4703125
3 0.5359375 0.415625 0.5140625 0.415625 0.5140625 0.440625 0.5359375 0.440625
4 0.5359375 0.3812500000000001 0.525 0.3812500000000001 0.525 0.4 0.5359375 0.4
4 0.5796875 0.3921875000000001 0.56875 0.3921875000000001 0.56875 0.40625 0.5796875 0.40625
3 0.584375 0.4125 0.5625 0.4125 0.5625 0.434375 0.584375 0.434375
4 0.6453125 0.38750000000000007 0.63125 0.38750000000000007 0.63125 0.403125 0.6453125 0.403125
2 0.65625 0.4328125 0.625 0.4328125 0.625 0.4578125 0.65625 0.4578125
2 0.7 0.40625 0.675 0.40625 0.675 0.428125 0.7 0.428125
2 0.778125 0.15625000000000008 0.75 0.15625000000000008 0.75 0.17968750000000008 0.778125 0.17968750000000008
2 0.7875 0.23593750000000008 0.759375 0.23593750000000008 0.759375 0.2640625000000001 0.7875 0.2640625000000001
4 0.7328125 0.3781250000000001 0.71875 0.3781250000000001 0.71875 0.3906250000000001 0.7328125 0.3906250000000001
0 0.74375 0.3984375000000001 0.725 0.3984375000000001 0.725 0.41875000000000007 0.74375 0.4187500000000002
2 0.746875 0.4281250000000001 0.721875 0.428125 0.721875 0.4546875000000001 0.746875 0.4546875000000002
2 0.834375 0.4156250000000002 0.803125 0.4156250000000002 0.803125 0.44062500000000016 0.834375 0.44062500000000016
2 0.909375 0.3265625000000001 0.884375 0.3265625000000001 0.884375 0.3515625000000001 0.909375 0.3515625000000001
2 0.928125 0.3890625000000001 0.9125 0.3890625000000001 0.9125 0.4031250000000002 0.928125 0.4031250000000002
2 0.984375 0.40937500000000016 0.9546875 0.40937500000000016 0.9546875 0.4343750000000002 0.984375 0.4343750000000002
2 1 0.3765625000000001 0.9765625 0.3765625000000001 0.9765625 0.4031250000000002 1 0.4031250000000002
4 0.9625 0.5093750000000001 0.9453125 0.5093750000000001 0.9453125 0.5265625000000002 0.9625 0.5265625000000002
2 0.80625 0.4890625000000002 0.7765625 0.4890625000000002 0.7765625 0.5140625000000002 0.80625 0.5140625000000002
2 0.7015625 0.490625 0.6734375 0.490625 0.6734375 0.5171875 0.7015625 0.5171875
0 0.6828125 0.5171875 0.6640625 0.5171875 0.6640625 0.540625 0.6828125 0.540625
2 0.4953125 0.5421875 0.4671875 0.5421875 0.4671875 0.56875 0.4953125 0.56875
2 0.3359375000000001 0.515625 0.30937500000000007 0.515625 0.30937500000000007 0.5421875 0.3359375000000001 0.5421875
2 0.25468750000000007 0.5015625 0.2296875000000001 0.5015625 0.2296875000000001 0.5296875 0.25468750000000007 0.5296875
4 0.18906250000000008 0.5515625 0.1750000000000001 0.5515625 0.1750000000000001 0.56875 0.18906250000000008 0.56875
4 0.1515625000000001 0.5609375 0.1359375000000001 0.5609375 0.1359375000000001 0.575 0.1515625000000001 0.575
6 0.1375000000000001 0.5828125 0.09687500000000007 0.5828125 0.09687500000000007 0.6125 0.1375000000000001 0.6125
0 0.08437500000000006 0.5109375 0.06406250000000006 0.5109375 0.06406250000000006 0.53125 0.08437500000000006 0.53125
2 0.09218750000000006 0.5421875 0.06562500000000007 0.5421875 0.06562500000000007 0.5640625 0.09218750000000006 0.5640625
0 0.07031250000000007 0.565625 0.05156250000000007 0.565625 0.05156250000000007 0.584375 0.07031250000000007 0.584375
2 0.07031250000000007 0.525 0.048437500000000064 0.525 0.048437500000000064 0.546875 0.07031250000000007 0.546875
2 0.06562500000000007 0.546875 0.03750000000000007 0.546875 0.03750000000000007 0.5671875 0.06562500000000007 0.5671875
2 0.04687500000000007 0.525 0.015625000000000066 0.525 0.015625000000000066 0.546875 0.04687500000000007 0.546875
4 0.04375000000000007 0.5765625 0.029687500000000068 0.5765625 0.029687500000000068 0.5875 0.04375000000000007 0.5875
4 0.03593750000000007 0.56875 0.02187500000000007 0.56875 0.02187500000000007 0.578125 0.03593750000000007 0.578125
4 0.03125000000000007 0.559375 0.015625000000000066 0.559375 0.01562500000000007 0.56875 0.03125000000000007 0.56875