2 0.5781250000000002 0.9703125 0.5640625000000001 0.9703125 0.5640625000000001 1 0.5781250000000002 1
2 0.5828125000000002 0.815625 0.5734375000000002 0.815625 0.5734375000000002 0.8484375 0.5828125000000002 0.8484375
2 0.5734375000000002 0.78125 0.5640625000000001 0.78125 0.5640625000000001 0.815625 0.5734375000000002 0.815625
2 0.5562500000000001 0.765625 0.5453125000000002 0.765625 0.5453125000000002 0.7984375 0.5562500000000001 0.7984375
2 0.5828125000000002 0.7421875 0.5750000000000002 0.7421875 0.5750000000000002 0.7734375 0.5828125000000002 0.7734375
2 0.5875000000000001 0.7078125 0.578125 0.7078125 0.5781250000000001 0.7390625 0.5875000000000001 0.7390625
2 0.5750000000000001 0.7078125 0.5671875 0.7078125 0.5671875000000001 0.7390625 0.5750000000000002 0.7390625
2 0.578125 0.6703125 0.5703125 0.6703125 0.5703125 0.7015625 0.578125 0.7015625
2 0.5875 0.6734375 0.578125 0.6734375 0.578125 0.7 0.5875 0.7
2 0.578125 0.6375 0.56875 0.6375 0.56875 0.6671875 0.578125 0.6671875
2 0.56875 0.66875 0.5609375 0.66875 0.5609375 0.696875 0.56875 0.696875
2 0.5609375 0.6765625 0.5484375 0.6765625 0.5484375 0.7109375 0.5609375 0.7109375
2 0.578125 0.6359375 0.56875 0.6359375 0.56875 0.665625 0.578125 0.665625
0 0.5859375 0.65 0.578125 0.65 0.578125 0.671875 0.5859375 0.671875
0 0.56875 0.6421875 0.5609375 0.6421875 0.5609375 0.6609375 0.56875 0.6609375
0 0.5687500000000002 0.7328125 0.5593750000000002 0.7328125 0.5593750000000002 0.753125 0.5687500000000002 0.753125
0 0.5796875000000001 0.778125 0.5734375000000002 0.778125 0.5734375000000002 0.8015625 0.5796875000000001 0.8015625
4 0.6218750000000002 0.7890625 0.6171875000000002 0.7890625 0.6171875000000002 0.8078125 0.6218750000000002 0.8078125
4 0.5609375 0.6578125 0.5546875 0.6578125 0.5546875 0.6734375 0.5609375 0.6734375
4 0.5593750000000001 0.7140625 0.553125 0.7140625 0.5531250000000001 0.7328125 0.5593750000000002 0.7328125
4 0.7546875 0.5515625000000002 0.7453125 0.5515625000000002 0.7453125 0.5625000000000002 0.7546875 0.5625000000000002
4 0.7515625 0.5625000000000002 0.7375 0.5625000000000002 0.7375 0.5734375000000002 0.7515625 0.5734375000000002
4 0.790625 0.5562500000000001 0.778125 0.5562500000000001 0.778125 0.5656250000000002 0.790625 0.5656250000000002
4 0.796875 0.5390625000000002 0.784375 0.5390625000000002 0.784375 0.5484375000000001 0.796875 0.5484375000000001
4 0.828125 0.5484375000000001 0.8171875 0.5484375000000001 0.8171875 0.5578125000000002 0.828125 0.5578125000000002
4 0.8875 0.4906250000000002 0.8765625 0.4906250000000002 0.8765625 0.4984375000000002 0.8875 0.4984375000000002
4 0.8375 0.3921875000000001 0.8296875 0.3921875000000001 0.8296875 0.40156250000000016 0.8375 0.40156250000000016
4 0.79375 0.4078125000000002 0.784375 0.4078125000000002 0.784375 0.4156250000000002 0.79375 0.4156250000000002
4 0.7625 0.40156250000000016 0.7546875 0.40156250000000016 0.7546875 0.4109375000000002 0.7625 0.4109375000000002
4 0.6171875 0.46875 0.6078125 0.46875 0.6078125 0.48125 0.6171875 0.48125
4 0.3890625000000001 0.45 0.37968750000000007 0.45 0.37968750000000007 0.459375 0.3890625000000001 0.459375
4 0.3937500000000001 0.409375 0.3828125000000001 0.409375 0.3828125000000001 0.41875 0.3937500000000001 0.41875
2 0.2875000000000001 0.440625 0.2671875000000001 0.440625 0.2671875000000001 0.459375 0.2875000000000001 0.459375
4 0.2062500000000001 0.425 0.19531250000000006 0.425 0.19531250000000006 0.4359375 0.2062500000000001 0.4359375
0 0.16875000000000004 0.428125 0.15312500000000004 0.428125 0.15312500000000004 0.440625 0.16875000000000004 0.440625
0 0.16250000000000003 0.3875 0.14687500000000003 0.3875 0.14687500000000003 0.4 0.16250000000000003 0.4
2 0.2531250000000001 0.58125 0.2328125000000001 0.58125 0.2328125000000001 0.5953125 0.2531250000000001 0.5953125
4 0.415625 0.5703125 0.40625 0.5703125 0.40625 0.5796875 0.415625 0.5796875
4 0.5625000000000002 0.7765625 0.5593750000000002 0.7765625 0.5593750000000002 0.790625 0.5625000000000002 0.790625
4 0.5609375 0.6390625 0.55625 0.6390625 0.55625 0.6546875 0.5609375 0.6546875
4 0.6859375 0.5625 0.678125 0.5625 0.678125 0.5703125 0.6859375 0.5703125
4 0.690625 0.553125 0.68125 0.553125 0.68125 0.559375 0.690625 0.559375
4 0.6828125 0.55625 0.6734375 0.55625 0.6734375 0.5625 0.6828125 0.5625
4 0.690625 0.5453125 0.68125 0.5453125 0.68125 0.5515625 0.690625 0.5515625
4 0.6890625 0.5375 0.68125 0.5375 0.68125 0.54375 0.6890625 0.54375
4 0.6828125 0.540625 0.6734375 0.540625 0.6734375 0.546875 0.6828125 0.546875
4 0.6828125 0.546875 0.6734375 0.546875 0.6734375 0.553125 0.6828125 0.553125
2 0.6890625 0.521875 0.6734375 0.521875 0.6734375 0.5375 0.6890625 0.5375
2 0.7234375 0.5296875 0.70625 0.5296875 0.70625 0.5484375 0.7234375 0.5484375
2 0.746875 0.5343750000000002 0.7296875 0.5343750000000002 0.7296875 0.5484375000000001 0.746875 0.5484375000000001
2 0.78125 0.5093750000000001 0.765625 0.5093750000000001 0.765625 0.5281250000000002 0.78125 0.5281250000000002
2 0.9234375 0.5031250000000002 0.9046875 0.5031250000000002 0.9046875 0.5250000000000001 0.9234375 0.5250000000000001
2 0.99375 0.4750000000000002 0.9734375 0.4750000000000002 0.9734375 0.49531250000000016 0.99375 0.49531250000000016
2 0.8375 0.3390625000000001 0.8203125 0.3390625000000001 0.8203125 0.3593750000000001 0.8375 0.3593750000000001
2 0.7859375 0.32500000000000007 0.775 0.32500000000000007 0.775 0.3546875000000001 0.7859375 0.3546875000000001
0 0.571875 0.3687500000000001 0.559375 0.3687500000000001 0.559375 0.3859375000000001 0.571875 0.3859375000000001
2 0.2015625 0.28125 0.19062500000000004 0.28125 0.19062500000000004 0.3125 0.2015625 0.3125
2 0.01875000000000005 0.4015625 4.91772230282609e-17 0.4015625 5.0803707058378476e-17 0.428125 0.01875000000000005 0.428125
4 0.2375 0.2046875 0.23125 0.2046875 0.23125 0.221875 0.2375 0.221875
4 0.2375 0.271875 0.23125 0.271875 0.23125 0.290625 0.2375 0.290625