2 0.1062500000000001 0.5484375 0.07812500000000007 0.5484375 0.07812500000000007 0.578125 0.1062500000000001 0.578125
2 0.06093750000000007 0.5484375 0.034375000000000065 0.5484375 0.034375000000000065 0.5703125 0.06093750000000007 0.5703125
2 0.056250000000000064 0.56875 0.025000000000000067 0.56875 0.02500000000000007 0.5984375 0.056250000000000064 0.5984375
2 0.05312500000000009 0.659375 0.023437500000000083 0.659375 0.023437500000000083 0.6859375 0.05312500000000009 0.6859375
4 0.14062500000000006 0.3453125 0.12500000000000006 0.3453125 0.12500000000000006 0.3671875 0.14062500000000006 0.3671875
3 0.321875 0.359375 0.303125 0.359375 0.30312500000000003 0.384375 0.3218750000000001 0.384375
6 0.3593750000000001 0.39375 0.3343750000000001 0.39375 0.3343750000000001 0.428125 0.3593750000000001 0.428125
4 0.4 0.3859375000000001 0.3828125000000001 0.3859375000000001 0.3828125000000001 0.4078125 0.4 0.4078125
4 0.4109375 0.40625 0.39531250000000007 0.40625 0.39531250000000007 0.4296875 0.4109375 0.4296875
4 0.340625 0.2 0.3203125 0.2 0.3203125 0.2265625 0.340625 0.2265625
4 0.2375 0.13906250000000003 0.21875 0.13906250000000003 0.21875 0.16406250000000006 0.2375 0.16406250000000006
4 0.265625 0.11250000000000004 0.2484375 0.11250000000000004 0.2484375 0.13437500000000005 0.265625 0.13437500000000005
0 0.1359375 0.1078125 0.1078125 0.1078125 0.1078125 0.1390625 0.1359375 0.1390625
0 0.0546875 5.453505277453058e-18 0.034375 4.2097233720690266e-18 0.034375 0.03125000000000001 0.0546875 0.031250000000000014
4 0.025000000000000012 0.065625 0.006250000000000008 0.065625 0.00625000000000001 0.0859375 0.025000000000000012 0.0859375
4 0.02812500000000001 0.0578125 0.007812500000000009 0.0578125 0.007812500000000009 0.0734375 0.02812500000000001 0.0734375
4 0.025000000000000012 0.046875 0.0062500000000000056 0.046875 0.006250000000000007 0.0640625 0.025000000000000012 0.0640625
4 0.39375 0.2078125000000001 0.375 0.2078125000000001 0.375 0.2328125000000001 0.39375 0.2328125000000001
4 0.4125 0.15000000000000005 0.39375 0.15000000000000005 0.39375 0.17031250000000003 0.4125 0.17031250000000003
4 0.46875 0.17656250000000004 0.4546875 0.17656250000000004 0.4546875 0.2000000000000001 0.46875 0.2000000000000001
4 0.478125 0.15781250000000005 0.459375 0.15781250000000005 0.459375 0.17968750000000006 0.478125 0.17968750000000006
2 0.4859375 0.2406250000000001 0.4609375 0.2406250000000001 0.4609375 0.2812500000000001 0.4859375 0.2812500000000001
2 0.509375 0.2843750000000001 0.484375 0.2843750000000001 0.484375 0.3312500000000001 0.509375 0.3312500000000001
4 0.5203125 0.2640625000000001 0.50625 0.2640625000000001 0.50625 0.29375000000000007 0.5203125 0.29375000000000007
4 0.5375 0.28593750000000007 0.521875 0.28593750000000007 0.521875 0.3140625000000001 0.5375 0.3140625000000001
4 0.5625 0.3125000000000001 0.55 0.3125000000000001 0.55 0.3437500000000001 0.5625 0.3437500000000001
4 0.5890625 0.2671875000000001 0.575 0.2671875000000001 0.575 0.2906250000000001 0.5890625 0.2906250000000001
4 0.575 0.3109375000000001 0.5609375 0.3109375000000001 0.5609375 0.3421875000000001 0.575 0.3421875000000001
0 0.546875 0.32500000000000007 0.53125 0.32500000000000007 0.53125 0.3593750000000001 0.546875 0.3593750000000001
0 0.559375 0.4125 0.546875 0.4125 0.546875 0.4453125 0.559375 0.4453125
2 0.55 0.4046875 0.53125 0.4046875 0.53125 0.459375 0.55 0.459375
2 0.5328125 0.2921875000000001 0.5125 0.2921875000000001 0.5125 0.3359375000000001 0.5328125 0.3359375000000001
2 0.5453125 0.20468750000000008 0.5203125 0.20468750000000008 0.5203125 0.23437500000000008 0.5453125 0.23437500000000008
2 0.5734375 0.18906250000000008 0.5453125 0.18906250000000008 0.5453125 0.22031250000000008 0.5734375 0.22031250000000008
2 0.503125 0.18281250000000004 0.475 0.18281250000000004 0.475 0.2093750000000001 0.503125 0.2093750000000001
2 0.521875 0.16562500000000005 0.496875 0.16562500000000005 0.496875 0.19531250000000006 0.521875 0.19531250000000006
4 0.5296875 0.15937500000000004 0.5125 0.15937500000000004 0.5125 0.17812500000000003 0.5296875 0.17812500000000003
0 0.5171875 0.13593750000000004 0.496875 0.13593750000000004 0.496875 0.16093750000000004 0.5171875 0.16093750000000004
2 0.5734375 0.05937500000000007 0.5515625 0.05937500000000007 0.5515625 0.1140625000000001 0.5734375 0.1140625000000001
2 0.553125 6.649449417245395e-17 0.5328125 6.52507122670699e-17 0.5328125 0.021875000000000068 0.553125 0.021875000000000068
2 0.634375 7.673177600907635e-17 0.61875 7.577502069724248e-17 0.61875 0.02968750000000008 0.634375 0.02968750000000008
2 0.6484375 7.85496111015607e-17 0.634375 7.768853132091022e-17 0.634375 0.02656250000000008 0.6484375 0.02656250000000008
2 0.6296875 0.1859375000000001 0.6015625 0.1859375000000001 0.6015625 0.2156250000000001 0.6296875 0.2156250000000001
4 0.65625 0.1921875000000001 0.640625 0.1921875000000001 0.640625 0.2218750000000001 0.65625 0.2218750000000001
2 0.6796875 0.21093750000000008 0.6515625 0.21093750000000008 0.6515625 0.2453125000000001 0.6796875 0.2453125000000001
0 0.684375 0.18906250000000008 0.6625 0.18906250000000008 0.6625 0.2140625000000001 0.684375 0.2140625000000001
2 0.746875 0.2390625000000001 0.71875 0.2390625000000001 0.71875 0.2734375000000001 0.746875 0.2734375000000001
4 0.7390625 0.1906250000000001 0.7203125 0.1906250000000001 0.7203125 0.21093750000000008 0.7390625 0.21093750000000008
4 0.70625 0.11562500000000009 0.6953125 0.11562500000000009 0.6953125 0.1375000000000001 0.70625 0.1375000000000001
4 0.6890625 0.11718750000000008 0.6796875 0.11718750000000008 0.6796875 0.1453125000000001 0.6890625 0.1453125000000001
4 0.715625 0.10937500000000008 0.70625 0.10937500000000008 0.70625 0.1390625000000001 0.715625 0.1390625000000001
2 0.7921875 0.13437500000000008 0.7734375 0.13437500000000008 0.7734375 0.17968750000000008 0.7921875 0.17968750000000008
4 0.778125 0.1765625000000001 0.7609375 0.1765625000000001 0.7609375 0.1984375000000001 0.778125 0.1984375000000001
0 0.8109375 0.18906250000000008 0.7921875 0.18906250000000008 0.7921875 0.22031250000000008 0.8109375 0.22031250000000008
3 0.809375 0.2218750000000001 0.7859375 0.2218750000000001 0.7859375 0.2468750000000001 0.809375 0.2468750000000001
2 0.8578125 0.16562500000000008 0.828125 0.16562500000000008 0.828125 0.19531250000000008 0.8578125 0.19531250000000008
4 0.8265625 0.21875000000000008 0.809375 0.21875000000000008 0.809375 0.2406250000000001 0.8265625 0.2406250000000001
2 0.8234375 0.2453125000000001 0.79375 0.2453125000000001 0.79375 0.2765625000000001 0.8234375 0.2765625000000001
4 0.8703125 0.17187500000000008 0.8546875 0.17187500000000008 0.8546875 0.2000000000000001 0.8703125 0.2000000000000001
4 0.90625 0.2390625000000001 0.8890625 0.2390625000000001 0.8890625 0.2593750000000001 0.90625 0.2593750000000001
3 0.9 0.2156250000000001 0.878125 0.2156250000000001 0.878125 0.2453125000000001 0.9 0.2453125000000001
2 0.953125 0.2515625000000001 0.928125 0.2515625000000001 0.928125 0.2812500000000001 0.953125 0.2812500000000001
2 0.8359375 0.006250000000000101 0.8109375 0.0062500000000001 0.8109375 0.0515625000000001 0.8359375 0.05156250000000011
2 0.9796875 0.3968750000000001 0.946875 0.3968750000000001 0.946875 0.4312500000000002 0.9796875 0.4312500000000002
0 0.8765625 0.4234375000000002 0.85625 0.4234375000000002 0.85625 0.44843750000000016 0.8765625 0.44843750000000016
4 0.8828125 0.4046875000000002 0.865625 0.4046875000000002 0.865625 0.4281250000000002 0.8828125 0.4281250000000002
2 0.809375 0.3890625000000001 0.775 0.3890625000000001 0.775 0.4187500000000002 0.809375 0.4187500000000002
2 0.7640625 0.38750000000000007 0.7390625 0.38750000000000007 0.7390625 0.41406250000000017 0.7640625 0.41406250000000017
3 0.7234375 0.4046875 0.70625 0.4046875 0.70625 0.425 0.7234375 0.425
2 0.740625 0.4218750000000001 0.7109375 0.421875 0.7109375 0.4468750000000001 0.740625 0.4468750000000002
2 0.734375 0.3734375000000001 0.7078125 0.3734375000000001 0.7078125 0.4046875000000001 0.734375 0.4046875000000002
4 0.6421875 0.3375000000000001 0.625 0.3375000000000001 0.625 0.3625000000000001 0.6421875 0.3625000000000001
4 0.65 0.3437500000000001 0.6359375 0.3437500000000001 0.6359375 0.3609375000000001 0.65 0.3609375000000001
4 0.653125 0.3359375000000001 0.6375 0.3359375000000001 0.6375 0.3546875000000001 0.653125 0.3546875000000001
4 0.6578125 0.3703125000000001 0.64375 0.3703125000000001 0.64375 0.3859375000000001 0.6578125 0.3859375000000001
4 0.640625 0.4140625 0.6265625 0.4140625 0.6265625 0.4296875 0.640625 0.4296875
4 0.64375 0.4046875 0.6265625 0.4046875 0.6265625 0.4203125 0.64375 0.4203125
4 0.6390625 0.39531250000000007 0.621875 0.39531250000000007 0.621875 0.4109375 0.6390625 0.4109375
4 0.653125 0.4046875 0.6375 0.4046875 0.6375 0.425 0.653125 0.425
4 0.665625 0.3984375000000001 0.653125 0.3984375000000001 0.653125 0.4140625 0.665625 0.4140625
4 0.671875 0.3937500000000001 0.6578125 0.3937500000000001 0.6578125 0.4078125 0.671875 0.4078125
0 0.6765625 0.40625 0.6546875 0.40625 0.6546875 0.434375 0.6765625 0.434375
2 0.6859375 0.3781250000000001 0.6578125 0.3781250000000001 0.6578125 0.4046875 0.6859375 0.4046875
2 0.7125 0.3765625000000001 0.6828125 0.3765625000000001 0.6828125 0.40625 0.7125 0.40625
3 0.65 0.3734375000000001 0.625 0.3734375000000001 0.625 0.3984375000000001 0.65 0.3984375000000001
0 0.65625 0.3906250000000001 0.6328125 0.3906250000000001 0.6328125 0.415625 0.65625 0.415625
2 0.653125 0.3546875000000001 0.628125 0.3546875000000001 0.628125 0.3812500000000001 0.653125 0.3812500000000001
2 0.5890625 0.4875 0.5734375 0.4875 0.5734375 0.5109375 0.5890625 0.5109375
2 0.58125 0.5203125 0.5671875 0.5203125 0.5671875 0.5515625 0.58125 0.5515625
2 0.55 0.4953125 0.53125 0.4953125 0.53125 0.546875 0.55 0.546875
0 0.55 0.6171875 0.534375 0.6171875 0.534375 0.6515625 0.55 0.6515625
2 0.5484375000000001 0.6875 0.528125 0.6875 0.5281250000000001 0.7421875 0.5484375000000001 0.7421875
2 0.5265625000000002 0.7484375 0.5062500000000002 0.7484375 0.5062500000000002 0.8 0.5265625000000002 0.8
4 0.5218750000000002 0.8375 0.5093750000000001 0.8375 0.5093750000000001 0.86875 0.5218750000000002 0.86875
4 0.5312500000000002 0.8375 0.5171875000000001 0.8375 0.5171875000000001 0.86875 0.5312500000000002 0.86875
4 0.5312500000000002 0.915625 0.5203125000000002 0.915625 0.5203125000000002 0.9421875 0.5312500000000002 0.9421875
4 0.5218750000000002 0.9609375 0.5093750000000001 0.9609375 0.5093750000000001 0.9875 0.5218750000000002 0.9875
2 0.5218750000000002 0.90625 0.5000000000000002 0.90625 0.5000000000000002 0.95625 0.5218750000000002 0.95625
2 0.4734375000000002 0.934375 0.4500000000000002 0.934375 0.4500000000000002 0.990625 0.4734375000000002 0.990625
2 0.47656250000000017 0.875 0.45625000000000016 0.875 0.45625000000000016 0.9203125 0.47656250000000017 0.9203125
2 0.48437500000000017 0.8328125 0.4625000000000002 0.8328125 0.4625000000000002 0.875 0.48437500000000017 0.875
4 0.4437500000000002 0.81875 0.43281250000000016 0.81875 0.43281250000000016 0.846875 0.4437500000000002 0.846875
2 0.4656250000000002 0.734375 0.4468750000000002 0.734375 0.4468750000000002 0.7796875 0.4656250000000002 0.7796875
4 0.43750000000000017 0.9828125 0.4234375000000002 0.9828125 0.4234375000000002 1 0.43750000000000017 1
2 0.4828125000000002 0.771875 0.4656250000000002 0.771875 0.4656250000000002 0.8234375 0.4828125000000002 0.8234375
2 0.4734375000000002 0.7609375 0.45312500000000017 0.7609375 0.45312500000000017 0.80625 0.4734375000000002 0.80625
2 0.4781250000000001 0.7203125 0.459375 0.7203125 0.4593750000000001 0.7671875 0.4781250000000002 0.7671875
4 0.4593750000000001 0.7125 0.446875 0.7125 0.4468750000000001 0.734375 0.4593750000000002 0.734375
2 0.4937500000000001 0.68125 0.478125 0.68125 0.4781250000000001 0.7265625 0.4937500000000002 0.7265625
2 0.5 0.634375 0.48125 0.634375 0.48125 0.6765625 0.5 0.6765625
2 0.48125 0.6734375 0.465625 0.6734375 0.465625 0.7203125 0.48125 0.7203125
4 0.4640625 0.671875 0.4546875 0.671875 0.4546875 0.6953125 0.4640625 0.6953125
0 0.4703125 0.6765625 0.4578125 0.6765625 0.4578125 0.70625 0.4703125 0.70625
0 0.4796875 0.64375 0.4640625 0.64375 0.4640625 0.678125 0.4796875 0.678125
0 0.4765625 0.6171875 0.4625 0.6171875 0.4625 0.6515625 0.4765625 0.6515625
2 0.4609375 0.6359375 0.4453125 0.6359375 0.4453125 0.6859375 0.4609375 0.6859375
4 0.48125 0.471875 0.4671875 0.471875 0.4671875 0.4984375 0.48125 0.4984375
4 0.484375 0.4734375 0.4765625 0.4734375 0.4765625 0.4984375 0.484375 0.4984375
4 0.490625 0.471875 0.48125 0.471875 0.48125 0.5015625 0.490625 0.5015625
4 0.49375 0.4828125 0.4875 0.4828125 0.4875 0.50625 0.49375 0.50625
4 0.5015625 0.48125 0.490625 0.48125 0.490625 0.5078125 0.5015625 0.5078125
4 0.48125 0.49375 0.471875 0.49375 0.471875 0.521875 0.48125 0.521875
4 0.4890625 0.49375 0.4796875 0.49375 0.4796875 0.51875 0.4890625 0.51875
4 0.4875 0.5171875 0.4765625 0.5171875 0.4765625 0.5421875 0.4875 0.5421875
4 0.4640625 0.56875 0.4546875 0.56875 0.4546875 0.59375 0.4640625 0.59375
4 0.484375 0.5828125 0.471875 0.5828125 0.471875 0.60625 0.484375 0.60625
2 0.484375 0.540625 0.4671875 0.540625 0.4671875 0.590625 0.484375 0.590625
2 0.50625 0.5390625 0.4921875 0.5390625 0.4921875 0.5890625 0.50625 0.5890625
2 0.496875 0.5125 0.48125 0.5125 0.48125 0.55625 0.496875 0.55625
2 0.49375 0.55625 0.478125 0.55625 0.478125 0.6 0.49375 0.6
4 0.4765625 0.5953125 0.4640625 0.5953125 0.4640625 0.6265625 0.4765625 0.6265625
2 0.4703125 0.5859375 0.453125 0.5859375 0.453125 0.6296875 0.4703125 0.6296875
2 0.5078125 0.5875 0.4859375 0.5875 0.4859375 0.6359375 0.5078125 0.6359375
2 0.4890625 0.60625 0.4703125 0.60625 0.4703125 0.65 0.4890625 0.65
4 0.3125000000000001 0.5703125 0.29375000000000007 0.5703125 0.29375000000000007 0.5921875 0.3125000000000001 0.5921875
4 0.3078125000000001 0.5828125 0.2906250000000001 0.5828125 0.2906250000000001 0.5984375 0.3078125000000001 0.5984375
4 0.3078125000000001 0.5859375 0.2875000000000001 0.5859375 0.2875000000000001 0.60625 0.3078125000000001 0.60625
2 0.5109375 0.4828125 0.4953125 0.4828125 0.4953125 0.5390625 0.5109375 0.5390625
4 0.51875 0.5140625 0.5046875 0.5140625 0.5046875 0.54375 0.51875 0.54375
4 0.475 0.521875 0.4640625 0.521875 0.4640625 0.5484375 0.475 0.5484375
4 0.4796875 0.515625 0.46875 0.515625 0.46875 0.5421875 0.4796875 0.5421875