6 0.3578125000000001 0.6546875 0.33281250000000007 0.6546875 0.33281250000000007 0.6984375 0.3578125000000001 0.6984375
2 0.7 0.2328125000000001 0.6796875 0.2328125000000001 0.6796875 0.2687500000000001 0.7 0.2687500000000001
2 0.6484375 0.32500000000000007 0.6296875 0.32500000000000007 0.6296875 0.3593750000000001 0.6484375 0.3593750000000001
1 0.6484375000000002 0.7578125 0.6031250000000001 0.7578125 0.6031250000000001 0.85 0.6484375000000002 0.85
2 0.415625 0.5671875 0.39531250000000007 0.5671875 0.39531250000000007 0.5953125 0.415625 0.5953125
0 0.3468750000000001 0.5171875 0.33281250000000007 0.5171875 0.33281250000000007 0.5359375 0.3468750000000001 0.5359375
2 0.1937500000000001 0.775 0.1765625000000001 0.775 0.1765625000000001 0.80625 0.1937500000000001 0.80625
4 0.3906250000000001 0.5859375 0.3812500000000001 0.5859375 0.3812500000000001 0.6 0.3906250000000001 0.6
0 0.2375000000000001 0.6828125 0.2234375000000001 0.6828125 0.2234375000000001 0.703125 0.2375000000000001 0.703125
2 0.3281250000000001 0.7046875 0.3078125000000001 0.7046875 0.3078125000000001 0.7359375 0.3281250000000001 0.7359375
2 0.678125 0.2640625000000001 0.6609375 0.2640625000000001 0.6609375 0.29375000000000007 0.678125 0.29375000000000007
4 0.3687500000000001 0.6140625 0.3593750000000001 0.6140625 0.3593750000000001 0.6296875 0.3687500000000001 0.6296875
2 0.3781250000000001 0.6296875 0.3578125000000001 0.6296875 0.3578125000000001 0.659375 0.3781250000000001 0.659375
2 0.6265625 0.403125 0.60625 0.403125 0.60625 0.440625 0.6265625 0.440625
2 0.5718750000000001 0.7203125 0.5546875 0.7203125 0.5546875000000001 0.7546875 0.5718750000000001 0.7546875
2 0.5937500000000001 0.7234375 0.575 0.7234375 0.5750000000000001 0.759375 0.5937500000000002 0.759375
2 0.5937500000000002 0.7578125 0.5750000000000002 0.7578125 0.5750000000000002 0.7953125 0.5937500000000002 0.7953125
1 0.59375 0.640625 0.5609375 0.640625 0.5609375 0.7203125 0.59375 0.7203125
2 0.7609375000000002 0.91875 0.7421875000000002 0.91875 0.7421875000000002 0.953125 0.7609375000000002 0.953125
2 0.7375000000000002 0.85625 0.7156250000000002 0.85625 0.7156250000000002 0.8796875 0.7375000000000002 0.8796875
4 0.553125 0.65 0.5453125 0.65 0.5453125 0.6671875 0.553125 0.6671875
4 0.546875 0.665625 0.540625 0.665625 0.540625 0.6796875 0.546875 0.6796875
4 0.54375 0.684375 0.534375 0.684375 0.534375 0.7 0.54375 0.7
4 0.546875 0.7046875 0.5375 0.7046875 0.5375 0.7171875 0.546875 0.7171875
4 0.51875 0.7125 0.5125 0.7125 0.5125000000000001 0.728125 0.5187500000000002 0.728125
4 0.5515625 0.6953125 0.54375 0.6953125 0.54375 0.7140625 0.5515625 0.7140625
4 0.5421875 0.671875 0.534375 0.671875 0.534375 0.6875 0.5421875 0.6875
4 0.5375 0.70625 0.53125 0.70625 0.53125 0.721875 0.5375 0.721875
4 0.528125 0.6828125 0.521875 0.6828125 0.521875 0.696875 0.528125 0.696875
2 0.7203125 0.2093750000000001 0.7015625 0.2093750000000001 0.7015625 0.2406250000000001 0.7203125 0.2406250000000001
2 0.85 0.12031250000000009 0.8234375 0.12031250000000009 0.8234375 0.1593750000000001 0.85 0.1593750000000001
2 0.7390625 0.01562500000000009 0.7203125 0.01562500000000009 0.7203125 0.04687500000000009 0.7390625 0.04687500000000009
0 0.6921875 0.06562500000000009 0.678125 0.06562500000000009 0.678125 0.0906250000000001 0.6921875 0.0906250000000001
0 0.6765625 0.07968750000000009 0.6640625 0.07968750000000009 0.6640625 0.10468750000000009 0.6765625 0.10468750000000009
2 0.2093750000000001 0.8890625 0.18906250000000008 0.8890625 0.1890625000000001 0.925 0.2093750000000001 0.925
2 0.2484375000000001 0.83125 0.2296875000000001 0.83125 0.2296875000000001 0.8625 0.2484375000000001 0.8625
2 0.27031250000000007 0.79375 0.2453125000000001 0.79375 0.2453125000000001 0.834375 0.27031250000000007 0.834375
2 0.2093750000000001 0.6640625 0.18906250000000008 0.6640625 0.18906250000000008 0.7 0.2093750000000001 0.7
2 0.3078125000000001 0.7265625 0.2875000000000001 0.7265625 0.2875000000000001 0.7609375 0.3078125000000001 0.7609375
2 0.2890625000000001 0.765625 0.2671875000000001 0.765625 0.2671875000000001 0.796875 0.2890625000000001 0.796875
2 0.3984375000000001 0.6046875 0.37968750000000007 0.6046875 0.37968750000000007 0.6328125 0.3984375000000001 0.6328125
4 0.3781250000000001 0.603125 0.37187500000000007 0.603125 0.37187500000000007 0.615625 0.3781250000000001 0.615625
0 0.3671875 0.290625 0.353125 0.290625 0.353125 0.3140625 0.3671875 0.3140625000000001
2 0.22656250000000008 0.8546875 0.2093750000000001 0.8546875 0.2093750000000001 0.884375 0.22656250000000008 0.884375
2 0.421875 0.4203125 0.4078125 0.4203125 0.4078125 0.45625 0.421875 0.45625
5 0.6515625 0.37968750000000007 0.63125 0.37968750000000007 0.63125 0.4140625 0.6515625 0.4140625
2 0.5734375000000002 0.75 0.5562500000000001 0.75 0.5562500000000001 0.78125 0.5734375000000002 0.78125
2 0.24375000000000008 0.5 0.22812500000000008 0.5 0.22812500000000008 0.5359375 0.24375000000000008 0.5359375
4 0.3750000000000001 0.615625 0.3687500000000001 0.615625 0.3687500000000001 0.628125 0.3750000000000001 0.628125
2 0.18750000000000014 0.915625 0.16875000000000012 0.915625 0.16875000000000012 0.95 0.18750000000000014 0.95
2 0.665625 0.32500000000000007 0.6453125 0.32500000000000007 0.6453125 0.3593750000000001 0.665625 0.3593750000000001
2 0.628125 0.3750000000000001 0.609375 0.3750000000000001 0.609375 0.40625 0.628125 0.40625
4 0.5359375 0.6859375 0.5265625 0.6859375 0.5265625 0.703125 0.5359375 0.703125
0 0.646875 0.3609375000000001 0.6359375 0.3609375000000001 0.6359375 0.3781250000000001 0.646875 0.3781250000000001
4 0.6375 0.4359375 0.6265625 0.4359375 0.6265625 0.45 0.6375 0.45
4 0.6109375 0.4421875 0.6015625 0.4421875 0.6015625 0.45625 0.6109375 0.45625
4 0.753125 0.034375000000000086 0.7453125 0.034375000000000086 0.7453125 0.057812500000000086 0.753125 0.057812500000000086
2 0.17343750000000013 0.9484375 0.15312500000000012 0.9484375 0.15312500000000012 0.9859375 0.17343750000000013 0.9859375
2 0.6640625 0.2921875000000001 0.646875 0.2921875000000001 0.646875 0.3265625000000001 0.6640625 0.3265625000000001
4 0.6 0.7046875 0.5953125 0.7046875 0.5953125 0.71875 0.6 0.71875
2 0.68125 0.30156250000000007 0.6625 0.30156250000000007 0.6625 0.3312500000000001 0.68125 0.3312500000000001
2 0.37968750000000007 0.571875 0.3593750000000001 0.571875 0.3593750000000001 0.60625 0.37968750000000007 0.60625
2 0.75625 0.2078125000000001 0.7359375 0.2078125000000001 0.7359375 0.24375000000000008 0.75625 0.24375000000000008
2 0.73125 0.1828125000000001 0.715625 0.1828125000000001 0.715625 0.21093750000000008 0.73125 0.21093750000000008
1 0.7296875 0.2562500000000001 0.6828125 0.2562500000000001 0.6828125 0.3375000000000001 0.7296875 0.3375000000000001
2 0.746875 0.14843750000000008 0.7296875 0.14843750000000008 0.7296875 0.1828125000000001 0.746875 0.1828125000000001
4 0.6296875 0.4515625 0.621875 0.4515625 0.621875 0.4640625 0.6296875 0.4640625
4 0.6421875 0.4390625 0.6359375 0.4390625 0.6359375 0.453125 0.6421875 0.453125
4 0.63125 0.421875 0.625 0.421875 0.625 0.434375 0.63125 0.434375
4 0.634375 0.4578125 0.6265625 0.4578125 0.6265625 0.4703125 0.634375 0.4703125
0 0.7375 0.2484375000000001 0.728125 0.2484375000000001 0.728125 0.2656250000000001 0.7375 0.2656250000000001
2 0.7390625 0.20312500000000008 0.721875 0.20312500000000008 0.721875 0.2328125000000001 0.7390625 0.2328125000000001
4 0.6796875 0.2468750000000001 0.6734375 0.2468750000000001 0.6734375 0.26250000000000007 0.6796875 0.26250000000000007
6 0.6468750000000002 0.8484375 0.6171875000000002 0.8484375 0.6171875000000002 0.903125 0.6468750000000002 0.903125
2 0.6640625000000002 0.8953125 0.6453125000000002 0.8953125 0.6453125000000002 0.9265625 0.6640625000000002 0.9265625
2 0.3156250000000001 0.6765625 0.2953125000000001 0.6765625 0.2953125000000001 0.7109375 0.3156250000000001 0.7109375
2 0.15312500000000012 0.9703125 0.13437500000000013 0.9703125 0.13437500000000013 1 0.15312500000000012 1
4 0.6140625 0.4984375 0.6046875 0.4984375 0.6046875 0.5140625 0.6140625 0.5140625
3 0.76875 0.12500000000000008 0.75625 0.12500000000000008 0.75625 0.1437500000000001 0.76875 0.1437500000000001
2 0.759375 0.1750000000000001 0.7390625 0.1750000000000001 0.7390625 0.20312500000000008 0.759375 0.20312500000000008
4 0.415625 0.5515625 0.4078125 0.5515625 0.4078125 0.5625 0.415625 0.5625
2 0.27031250000000007 0.853125 0.2515625000000001 0.853125 0.2515625000000001 0.8890625 0.27031250000000007 0.8890625
4 0.615625 0.4484375 0.6078125 0.4484375 0.6078125 0.4609375 0.615625 0.4609375
4 0.771875 0.18906250000000008 0.7625 0.18906250000000008 0.7625 0.2062500000000001 0.771875 0.2062500000000001
0 0.7328125 0.2296875000000001 0.7234375 0.2296875000000001 0.7234375 0.2515625000000001 0.7328125 0.2515625000000001
4 0.6062500000000001 0.721875 0.596875 0.721875 0.596875 0.7359375 0.6062500000000002 0.7359375
4 0.6265625 0.4953125 0.6171875 0.4953125 0.6171875 0.50625 0.6265625 0.50625
4 0.64375 0.453125 0.6359375 0.453125 0.6359375 0.46875 0.64375 0.46875
2 0.17968750000000008 0.70625 0.1625000000000001 0.70625 0.1625000000000001 0.7453125 0.17968750000000008 0.7453125
0 0.775 0.16406250000000008 0.7609375 0.16406250000000008 0.7609375 0.1859375000000001 0.775 0.1859375000000001
0 0.7765625 0.1390625000000001 0.765625 0.1390625000000001 0.765625 0.1546875000000001 0.7765625 0.1546875000000001
1 0.7921875 0.021875000000000096 0.75 0.021875000000000096 0.75 0.0906250000000001 0.7921875 0.0906250000000001
4 0.3953125 0.3359375000000001 0.3859375 0.3359375000000001 0.3859375 0.35625000000000007 0.3953125 0.35625000000000007
2 0.2718750000000001 0.753125 0.2531250000000001 0.753125 0.2531250000000001 0.784375 0.2718750000000001 0.784375
4 0.3281250000000001 0.6875 0.31718750000000007 0.6875 0.31718750000000007 0.70625 0.3281250000000001 0.70625
2 0.790625 0.08750000000000009 0.7703125 0.08750000000000009 0.7703125 0.12343750000000009 0.790625 0.12343750000000009
2 0.3468750000000001 0.625 0.3265625000000001 0.625 0.3265625000000001 0.6546875 0.3468750000000001 0.6546875
2 0.18437500000000012 0.8953125 0.16406250000000008 0.8953125 0.1640625000000001 0.925 0.18437500000000012 0.925
4 0.803125 0.1546875000000001 0.7953125 0.1546875000000001 0.7953125 0.1750000000000001 0.803125 0.1750000000000001
4 0.7734375 0.1546875000000001 0.765625 0.1546875000000001 0.765625 0.1625000000000001 0.7734375 0.1625000000000001
4 0.6984375 0.2140625000000001 0.690625 0.2140625000000001 0.690625 0.2328125000000001 0.6984375 0.2328125000000001
4 0.709375 0.2015625000000001 0.7015625 0.2015625000000001 0.7015625 0.21250000000000008 0.709375 0.21250000000000008
4 0.7046875 0.1468750000000001 0.6921875 0.1468750000000001 0.6921875 0.16406250000000008 0.7046875 0.16406250000000008
4 0.553125 0.7125 0.546875 0.7125 0.546875 0.725 0.553125 0.725
0 0.55 0.7234375 0.5421875 0.7234375 0.5421875 0.74375 0.5500000000000002 0.74375
2 0.496875 0.3828125000000001 0.48125 0.3828125000000001 0.48125 0.4296875 0.496875 0.4296875
2 0.4859375 0.4328125 0.471875 0.4328125 0.471875 0.4765625 0.4859375 0.4765625
2 0.4203125 0.4984375 0.4015625 0.4984375 0.4015625 0.534375 0.4203125 0.534375
4 0.15468750000000014 0.9515625 0.14531250000000012 0.9515625 0.14531250000000012 0.971875 0.15468750000000014 0.971875
4 0.2406250000000001 0.81875 0.2296875000000001 0.81875 0.2296875000000001 0.8296875 0.2406250000000001 0.8296875
4 0.3046875000000001 0.8375 0.2953125000000001 0.8375 0.2953125000000001 0.85625 0.3046875000000001 0.85625
4 0.7859375 0.1750000000000001 0.7765625 0.1750000000000001 0.7765625 0.1921875000000001 0.7859375 0.1921875000000001
4 0.8078125 0.17968750000000008 0.8 0.17968750000000008 0.8 0.19531250000000008 0.8078125 0.19531250000000008
4 0.75 0.2484375000000001 0.740625 0.2484375000000001 0.740625 0.2656250000000001 0.75 0.2656250000000001
4 0.64375 0.4234375 0.6390625 0.4234375 0.6390625 0.4328125 0.64375 0.4328125
4 0.634375 0.46875 0.628125 0.46875 0.628125 0.4796875 0.634375 0.4796875
4 0.6265625 0.4765625 0.6203125 0.4765625 0.6203125 0.4875 0.6265625 0.4875
4 0.625 0.4328125 0.61875 0.4328125 0.61875 0.446875 0.625 0.446875
4 0.6203125 0.4640625 0.6125 0.4640625 0.6125 0.4734375 0.6203125 0.4734375
4 0.6421875 0.5046875 0.6359375 0.5046875 0.6359375 0.5234375 0.6421875 0.5234375
4 0.63125 0.5203125 0.621875 0.5203125 0.621875 0.53125 0.63125 0.53125
4 0.6265625 0.50625 0.6171875 0.50625 0.6171875 0.51875 0.6265625 0.51875
4 0.61875 0.5171875 0.6140625 0.5171875 0.6140625 0.5296875 0.61875 0.5296875
4 0.6390625 0.4203125 0.634375 0.4203125 0.634375 0.43125 0.6390625 0.43125
4 0.3 0.06406250000000005 0.2890625 0.06406250000000005 0.2890625 0.08437500000000005 0.3 0.08437500000000005
4 0.278125 0.031250000000000035 0.26875 0.031250000000000035 0.26875 0.05000000000000003 0.278125 0.050000000000000044
4 0.43125 0.19531250000000006 0.4171875 0.19531250000000006 0.4171875 0.2140625000000001 0.43125 0.2140625000000001
4 0.3796875 0.2515625000000001 0.3671875 0.2515625000000001 0.3671875 0.27031250000000007 0.3796875 0.27031250000000007
4 0.4390625 0.17968750000000006 0.4296875 0.17968750000000006 0.4296875 0.19843750000000004 0.4390625 0.19843750000000004
4 0.5421875000000002 0.73125 0.5343750000000002 0.73125 0.5343750000000002 0.746875 0.5421875000000002 0.746875
4 0.6000000000000002 0.778125 0.5937500000000002 0.778125 0.5937500000000002 0.79375 0.6000000000000002 0.79375
2 0.6953125000000002 0.9296875 0.6781250000000002 0.9296875 0.6781250000000002 0.959375 0.6953125000000002 0.959375
2 0.7500000000000002 0.95 0.7312500000000002 0.95 0.7312500000000002 0.9828125 0.7500000000000002 0.9828125
4 0.15781250000000013 0.9265625 0.14843750000000014 0.9265625 0.14843750000000014 0.940625 0.15781250000000013 0.940625