4 0.8546875 0.5765625000000002 0.8421875 0.5765625000000002 0.8421875 0.5984375000000002 0.8546875 0.5984375000000002
4 0.7578125 0.3687500000000001 0.753125 0.3687500000000001 0.753125 0.38750000000000007 0.7578125 0.38750000000000007
4 0.7515625 0.4203125000000002 0.746875 0.4203125000000002 0.746875 0.4359375000000002 0.7515625 0.4359375000000002
4 0.7984375 0.4187500000000002 0.790625 0.4187500000000002 0.790625 0.43750000000000017 0.7984375 0.43750000000000017
4 0.775 0.3734375000000001 0.76875 0.3734375000000001 0.76875 0.3921875000000001 0.775 0.3921875000000001
4 0.75625 0.4187500000000002 0.753125 0.4187500000000002 0.753125 0.43750000000000017 0.75625 0.43750000000000017
4 0.765625 0.3734375000000001 0.7578125 0.3734375000000001 0.7578125 0.3968750000000001 0.765625 0.3968750000000001
4 0.8 0.3734375000000001 0.79375 0.3734375000000001 0.79375 0.3890625000000001 0.8 0.3890625000000001
4 0.8125 0.3671875000000001 0.80625 0.3671875000000001 0.80625 0.3812500000000001 0.8125 0.3812500000000001
4 0.8875 0.37187500000000007 0.878125 0.37187500000000007 0.878125 0.3906250000000001 0.8875 0.3906250000000001
4 0.85 0.37187500000000007 0.840625 0.37187500000000007 0.840625 0.3859375000000001 0.85 0.3859375000000001
4 0.8625 0.37187500000000007 0.85625 0.37187500000000007 0.85625 0.3812500000000001 0.8625 0.3812500000000001
4 0.6921875 0.509375 0.68125 0.509375 0.68125 0.521875 0.6921875 0.521875
4 0.7234375 0.6296875 0.7140625 0.6296875 0.7140625 0.6484375 0.7234375 0.6484375
4 0.7109375 0.6296875 0.7 0.6296875 0.7 0.6390625 0.7109375 0.6390625
4 0.7109375 0.6515625 0.7015625 0.6515625 0.7015625 0.6625 0.7109375 0.6625
4 0.7109375 0.640625 0.7 0.640625 0.7 0.6515625 0.7109375 0.6515625
4 0.78125 0.3859375000000001 0.7765625 0.3859375000000001 0.7765625 0.4000000000000002 0.78125 0.4000000000000002
4 0.803125 0.38750000000000007 0.8 0.38750000000000007 0.8 0.4031250000000002 0.803125 0.4031250000000002
4 0.815625 0.4156250000000002 0.8109375 0.4156250000000002 0.8109375 0.4390625000000002 0.815625 0.4390625000000002
4 0.8203125 0.4156250000000002 0.815625 0.4156250000000002 0.815625 0.43750000000000017 0.8203125 0.43750000000000017
4 0.8265625 0.41718750000000016 0.821875 0.41718750000000016 0.821875 0.4343750000000002 0.8265625 0.4343750000000002
4 0.8515625 0.4156250000000002 0.8453125 0.4156250000000002 0.8453125 0.4343750000000002 0.8515625 0.4343750000000002
4 0.85625 0.4156250000000002 0.8515625 0.4156250000000002 0.8515625 0.43281250000000016 0.85625 0.43281250000000016
4 0.875 0.4125000000000002 0.8703125 0.4125000000000002 0.8703125 0.42968750000000017 0.875 0.42968750000000017
4 0.88125 0.41406250000000017 0.875 0.41406250000000017 0.875 0.4281250000000002 0.88125 0.4281250000000002
4 0.921875 0.47656250000000017 0.909375 0.47656250000000017 0.909375 0.4906250000000002 0.921875 0.4906250000000002
4 0.740625 0.6515625000000002 0.73125 0.6515625000000002 0.73125 0.6625000000000002 0.740625 0.6625000000000002
4 0.7375 0.6687500000000002 0.7296875 0.6687500000000002 0.7296875 0.6765625000000002 0.7375 0.6765625000000002
4 0.784375 0.6531250000000002 0.7796875 0.6531250000000002 0.7796875 0.6703125000000002 0.784375 0.6703125000000002
4 0.709375 0.6625 0.6984375 0.6625 0.6984375 0.6703125 0.709375 0.6703125
2 0.8078125 0.5609375000000002 0.7859375 0.5609375000000002 0.7859375 0.5828125000000002 0.8078125 0.5828125000000002
2 0.7375 0.6812500000000001 0.7234375 0.68125 0.7234375 0.721875 0.7375 0.7218750000000002
2 0.7203125000000001 0.803125 0.6968750000000001 0.803125 0.6968750000000001 0.8328125 0.7203125000000001 0.8328125
2 0.7453125 0.4546875000000001 0.71875 0.4546875 0.71875 0.4750000000000001 0.7453125 0.4750000000000002
2 0.6828125 0.5453125 0.6578125 0.5453125 0.6578125 0.56875 0.6828125 0.56875
2 0.6359375 0.525 0.6125 0.525 0.6125 0.540625 0.6359375 0.540625
2 0.6359375 0.5515625 0.615625 0.5515625 0.615625 0.5671875 0.6359375 0.5671875
2 0.6515625 0.575 0.63125 0.575 0.63125 0.5953125 0.6515625 0.5953125
0 0.6578125 0.515625 0.6390625 0.515625 0.6390625 0.534375 0.6578125 0.534375
4 0.6125 0.4796875 0.603125 0.4796875 0.603125 0.490625 0.6125 0.490625
4 0.6125 0.49375 0.603125 0.49375 0.603125 0.503125 0.6125 0.503125
4 0.63125 0.5078125 0.6203125 0.5078125 0.6203125 0.51875 0.63125 0.51875
4 0.6203125 0.5140625 0.6109375 0.5140625 0.6109375 0.5234375 0.6203125 0.5234375
4 0.6203125 0.565625 0.6109375 0.565625 0.6109375 0.575 0.6203125 0.575
4 0.646875 0.5625 0.6390625 0.5625 0.6390625 0.571875 0.646875 0.571875
4 0.6203125 0.58125 0.6078125 0.58125 0.6078125 0.5859375 0.6203125 0.5859375
4 0.621875 0.590625 0.609375 0.590625 0.609375 0.596875 0.621875 0.596875
4 0.553125 0.5359375 0.5421875 0.5359375 0.5421875 0.559375 0.553125 0.559375
0 0.778125 0.6375000000000002 0.76875 0.6375000000000002 0.76875 0.6609375000000002 0.778125 0.6609375000000002
0 0.79375 0.6312500000000002 0.784375 0.6312500000000002 0.784375 0.6562500000000002 0.79375 0.6562500000000002
0 0.5625 0.4640625 0.5484375 0.4640625 0.5484375 0.4875 0.5625 0.4875
0 0.5515625 0.4015625 0.5375 0.4015625 0.5375 0.43125 0.5515625 0.43125
0 0.53125 0.590625 0.521875 0.590625 0.521875 0.6171875 0.53125 0.6171875
0 0.4734375 0.6515625 0.4625 0.6515625 0.4625 0.6765625 0.4734375 0.6765625
0 0.5000000000000002 0.7359375 0.4906250000000002 0.7359375 0.4906250000000002 0.7578125 0.5000000000000002 0.7578125
0 0.4750000000000001 0.6953125 0.4640625 0.6953125 0.4640625000000001 0.7265625 0.4750000000000002 0.7265625
0 0.34843750000000007 0.7890625 0.3390625000000001 0.7890625 0.3390625000000001 0.8140625 0.34843750000000007 0.8140625
0 0.4031250000000002 0.8421875 0.3906250000000001 0.8421875 0.3906250000000001 0.865625 0.4031250000000002 0.865625
0 0.4812500000000002 0.9515625 0.4671875000000002 0.9515625 0.4671875000000002 0.98125 0.4812500000000002 0.98125
0 0.5140625000000001 0.7234375 0.503125 0.7234375 0.503125 0.75 0.5140625000000002 0.75
0 0.5000000000000002 0.7765625 0.48750000000000016 0.7765625 0.48750000000000016 0.8046875 0.5000000000000002 0.8046875
0 0.44062500000000016 0.7578125 0.4312500000000002 0.7578125 0.4312500000000002 0.78125 0.44062500000000016 0.78125
0 0.45625000000000016 0.7703125 0.44531250000000017 0.7703125 0.44531250000000017 0.8 0.45625000000000016 0.8
0 0.49218750000000017 0.8296875 0.4812500000000002 0.8296875 0.4812500000000002 0.8703125 0.49218750000000017 0.8703125
0 0.5203125 0.6734375 0.5109375 0.6734375 0.5109375 0.70625 0.5203125 0.70625
0 0.5328125 0.6765625 0.521875 0.6765625 0.521875 0.70625 0.5328125 0.70625
4 0.5421875 0.5640625 0.534375 0.5640625 0.534375 0.584375 0.5421875 0.584375
4 0.5421875 0.496875 0.5328125 0.496875 0.5328125 0.515625 0.5421875 0.515625
4 0.4703125 0.5546875 0.459375 0.5546875 0.459375 0.5734375 0.4703125 0.5734375
4 0.4578125 0.6390625 0.4484375 0.6390625 0.4484375 0.659375 0.4578125 0.659375
4 0.4453125 0.665625 0.4359375 0.665625 0.4359375 0.6859375 0.4453125 0.6859375
4 0.4453125 0.50625 0.4359375 0.50625 0.4359375 0.525 0.4453125 0.525
4 0.546875 0.46875 0.540625 0.46875 0.540625 0.4890625 0.546875 0.4890625
4 0.5078125 0.6734375 0.503125 0.6734375 0.503125 0.696875 0.5078125 0.696875
4 0.47968750000000016 0.85 0.4734375000000002 0.85 0.4734375000000002 0.8734375 0.47968750000000016 0.8734375
4 0.5000000000000002 0.815625 0.4937500000000002 0.815625 0.4937500000000002 0.8296875 0.5000000000000002 0.8296875
4 0.44531250000000017 0.7640625 0.44062500000000016 0.7640625 0.44062500000000016 0.7875 0.44531250000000017 0.7875
4 0.3625000000000001 0.7890625 0.3531250000000001 0.7890625 0.3531250000000001 0.8046875 0.3625000000000001 0.8046875
4 0.3828125000000001 0.8265625 0.3750000000000001 0.8265625 0.3750000000000001 0.846875 0.3828125000000001 0.846875
4 0.3750000000000001 0.8421875 0.36406250000000007 0.8421875 0.36406250000000007 0.8515625 0.3750000000000001 0.8515625
2 0.4265625000000002 0.915625 0.40625000000000017 0.915625 0.40625000000000017 0.959375 0.4265625000000002 0.959375
2 0.45312500000000017 0.91875 0.4390625000000002 0.91875 0.4390625000000002 0.9671875 0.45312500000000017 0.9671875
2 0.5046875 0.484375 0.484375 0.484375 0.484375 0.528125 0.5046875 0.528125
2 0.4921875 0.4265625 0.475 0.4265625 0.475 0.459375 0.4921875 0.459375
2 0.51875 0.5640625 0.5046875 0.5640625 0.5046875 0.621875 0.51875 0.621875
2 0.1937500000000001 0.615625 0.17187500000000008 0.615625 0.17187500000000008 0.640625 0.1937500000000001 0.640625
2 0.10781250000000009 0.653125 0.08906250000000009 0.653125 0.08906250000000009 0.6765625 0.10781250000000009 0.6765625
2 0.10312500000000009 0.6796875 0.0828125000000001 0.6796875 0.0828125000000001 0.7171875 0.10312500000000009 0.7171875
2 0.09531250000000009 0.71875 0.07343750000000009 0.71875 0.07343750000000009 0.75625 0.09531250000000009 0.75625
2 0.040625000000000064 0.540625 0.012500000000000067 0.540625 0.012500000000000067 0.565625 0.040625000000000064 0.565625
2 0.08750000000000006 0.5578125 0.06406250000000006 0.5578125 0.06406250000000006 0.578125 0.08750000000000006 0.578125
2 0.06250000000000007 0.5546875 0.040625000000000064 0.5546875 0.040625000000000064 0.5765625 0.06250000000000007 0.5765625
2 0.04687500000000007 0.58125 0.03593750000000007 0.58125 0.035937500000000074 0.6078125 0.046875000000000076 0.6078125
2 0.06093750000000007 0.5796875 0.048437500000000064 0.5796875 0.04843750000000007 0.6125 0.06093750000000007 0.6125
2 0.10312500000000009 0.5828125 0.08281250000000007 0.5828125 0.08281250000000007 0.6046875 0.10312500000000009 0.6046875
2 0.04531250000000005 0.378125 0.015625000000000045 0.378125 0.01562500000000005 0.4078125 0.04531250000000005 0.4078125
2 0.3218750000000001 0.465625 0.30156250000000007 0.465625 0.30156250000000007 0.4859375 0.3218750000000001 0.4859375
2 0.3468750000000001 0.4859375 0.3265625000000001 0.4859375 0.3265625000000001 0.5078125 0.3468750000000001 0.5078125
2 0.3203125000000001 0.4890625 0.2984375000000001 0.4890625 0.2984375000000001 0.5109375 0.3203125000000001 0.5109375
2 0.3703125000000001 0.4921875 0.3515625000000001 0.4921875 0.3515625000000001 0.5078125 0.3703125000000001 0.5078125
2 0.4015625 0.4921875 0.3828125000000001 0.4921875 0.3828125000000001 0.5078125 0.4015625 0.5078125
2 0.415625 0.409375 0.3921875000000001 0.409375 0.3921875000000001 0.4296875 0.415625 0.4296875
4 0.2312500000000001 0.565625 0.21875000000000008 0.565625 0.21875000000000008 0.58125 0.2312500000000001 0.58125
4 0.2015625000000001 0.553125 0.18750000000000008 0.553125 0.18750000000000008 0.5703125 0.2015625000000001 0.5703125
4 0.18125000000000008 0.5546875 0.1703125000000001 0.5546875 0.1703125000000001 0.56875 0.18125000000000008 0.56875
4 0.2593750000000001 0.603125 0.2468750000000001 0.603125 0.2468750000000001 0.6140625 0.2593750000000001 0.6140625
4 0.2484375000000001 0.621875 0.2375000000000001 0.621875 0.2375000000000001 0.640625 0.2484375000000001 0.640625
4 0.11250000000000004 0.3765625 0.09843750000000004 0.3765625 0.09843750000000004 0.4 0.11250000000000004 0.4
4 0.19375000000000003 0.415625 0.17812500000000003 0.415625 0.17812500000000003 0.434375 0.19375000000000003 0.434375
4 0.06718750000000007 0.51875 0.05312500000000007 0.51875 0.05312500000000007 0.540625 0.06718750000000007 0.540625
4 0.2656250000000001 0.446875 0.2562500000000001 0.446875 0.2562500000000001 0.4625 0.2656250000000001 0.4625
0 0.1750000000000001 0.5671875 0.15781250000000008 0.5671875 0.15781250000000008 0.584375 0.1750000000000001 0.584375
4 0.403125 0.609375 0.3937500000000001 0.609375 0.3937500000000001 0.6234375 0.403125 0.6234375
6 0.425 0.559375 0.3687500000000001 0.559375 0.3687500000000001 0.60625 0.425 0.60625
0 0.3812500000000001 0.5078125 0.3687500000000001 0.5078125 0.3687500000000001 0.521875 0.3812500000000001 0.521875
0 0.3968750000000001 0.5078125 0.3828125000000001 0.5078125 0.3828125000000001 0.5234375 0.3968750000000001 0.5234375
0 0.3781250000000001 0.4578125 0.36406250000000007 0.4578125 0.36406250000000007 0.4703125 0.3781250000000001 0.4703125
0 0.3828125000000001 0.471875 0.3703125000000001 0.471875 0.3703125000000001 0.4859375 0.3828125000000001 0.4859375
0 0.3984375000000001 0.475 0.3859375000000001 0.475 0.3859375000000001 0.4859375 0.3984375000000001 0.4859375
4 0.39531250000000007 0.440625 0.3859375000000001 0.440625 0.3859375000000001 0.45 0.39531250000000007 0.45
4 0.3734375000000001 0.4453125 0.36406250000000007 0.4453125 0.36406250000000007 0.4546875 0.3734375000000001 0.4546875
4 0.3828125000000001 0.45 0.3734375000000001 0.45 0.3734375000000001 0.4578125 0.3828125000000001 0.4578125
4 0.3921875000000001 0.45 0.3828125000000001 0.45 0.3828125000000001 0.4578125 0.3921875000000001 0.4578125
4 0.3906250000000001 0.4609375 0.37968750000000007 0.4609375 0.37968750000000007 0.4703125 0.3906250000000001 0.4703125
4 0.34843750000000007 0.46875 0.3375000000000001 0.46875 0.3375000000000001 0.475 0.34843750000000007 0.475
4 0.3468750000000001 0.478125 0.3375000000000001 0.478125 0.3375000000000001 0.4859375 0.3468750000000001 0.4859375
4 0.3593750000000001 0.4796875 0.3500000000000001 0.4796875 0.3500000000000001 0.4890625 0.3593750000000001 0.4890625
4 0.35625000000000007 0.46875 0.3500000000000001 0.46875 0.3500000000000001 0.478125 0.35625000000000007 0.478125
4 0.3687500000000001 0.475 0.3593750000000001 0.475 0.3593750000000001 0.484375 0.3687500000000001 0.484375
4 0.3843750000000001 0.4859375 0.3750000000000001 0.4859375 0.3750000000000001 0.49375 0.3843750000000001 0.49375
4 0.4046875 0.453125 0.3937500000000001 0.453125 0.3937500000000001 0.4609375 0.4046875 0.4609375
4 0.4015625 0.4625 0.3921875000000001 0.4625 0.3921875000000001 0.4703125 0.4015625 0.4703125
4 0.3921875000000001 0.37968750000000007 0.3859375000000001 0.37968750000000007 0.3859375000000001 0.4 0.3921875000000001 0.4
4 0.471875 0.3906250000000001 0.4625 0.3906250000000001 0.4625 0.4046875 0.471875 0.4046875
4 0.4625 0.403125 0.4546875 0.403125 0.4546875 0.415625 0.4625 0.415625
4 0.4015625 0.3781250000000001 0.39531250000000007 0.3781250000000001 0.39531250000000007 0.3984375000000001 0.4015625 0.3984375000000001
4 0.40625 0.37968750000000007 0.403125 0.37968750000000007 0.403125 0.3984375000000001 0.40625 0.3984375000000001
4 0.4109375 0.37968750000000007 0.4078125 0.37968750000000007 0.4078125 0.39531250000000007 0.4109375 0.39531250000000007
4 0.41875 0.3765625000000001 0.4140625 0.3765625000000001 0.4140625 0.39531250000000007 0.41875 0.39531250000000007
4 0.4265625 0.3765625000000001 0.421875 0.3765625000000001 0.421875 0.3921875000000001 0.4265625 0.3921875000000001
4 0.421875 0.3453125000000001 0.415625 0.3453125000000001 0.415625 0.3609375000000001 0.421875 0.3609375000000001
4 0.43125 0.34062500000000007 0.4265625 0.34062500000000007 0.4265625 0.35625000000000007 0.43125 0.35625000000000007
4 0.434375 0.3703125000000001 0.4296875 0.3703125000000001 0.4296875 0.3921875000000001 0.434375 0.3921875000000001
4 0.4546875 0.3609375000000001 0.4484375 0.3609375000000001 0.4484375 0.3750000000000001 0.4546875 0.3750000000000001
4 0.4421875 0.3515625000000001 0.4359375 0.3515625000000001 0.4359375 0.3625000000000001 0.4421875 0.3625000000000001
4 0.440625 0.3140625000000001 0.43125 0.3140625000000001 0.43125 0.3234375000000001 0.440625 0.3234375000000001
4 0.4390625 0.3296875000000001 0.4296875 0.3296875000000001 0.4296875 0.3375000000000001 0.4390625 0.3375000000000001
4 0.4609375 0.2890625000000001 0.4515625 0.2890625000000001 0.4515625 0.2984375000000001 0.4609375 0.2984375000000001
4 0.4546875 0.30156250000000007 0.4453125 0.30156250000000007 0.4453125 0.3078125000000001 0.4546875 0.3078125000000001
4 0.45 0.3109375000000001 0.440625 0.3109375000000001 0.440625 0.32500000000000007 0.45 0.32500000000000007
4 0.446875 0.3390625000000001 0.440625 0.3390625000000001 0.440625 0.3531250000000001 0.446875 0.3531250000000001
4 0.4578125 0.3265625000000001 0.4484375 0.3265625000000001 0.4484375 0.3375000000000001 0.4578125 0.3375000000000001
4 0.46875 0.2984375000000001 0.4625 0.2984375000000001 0.4625 0.30937500000000007 0.46875 0.30937500000000007
4 0.4640625 0.3156250000000001 0.4546875 0.3156250000000001 0.4546875 0.32500000000000007 0.4640625 0.32500000000000007
4 0.5359375 0.33281250000000007 0.528125 0.33281250000000007 0.528125 0.3531250000000001 0.5359375 0.3531250000000001
0 0.4984375 0.2812500000000001 0.4828125 0.2812500000000001 0.4828125 0.3125000000000001 0.4984375 0.3125000000000001
0 0.475 0.30937500000000007 0.465625 0.30937500000000007 0.465625 0.3296875000000001 0.475 0.3296875000000001
4 0.5265625 0.14062500000000006 0.5171875 0.14062500000000006 0.5171875 0.16406250000000006 0.5265625 0.16406250000000006
4 0.5 0.2312500000000001 0.49375 0.2312500000000001 0.49375 0.2500000000000001 0.5 0.2500000000000001
4 0.4875 0.2156250000000001 0.4765625 0.2156250000000001 0.4765625 0.2250000000000001 0.4875 0.2250000000000001
4 0.46875 0.25468750000000007 0.459375 0.25468750000000007 0.459375 0.2609375000000001 0.46875 0.2609375000000001
4 0.465625 0.2687500000000001 0.4578125 0.2687500000000001 0.4578125 0.2796875000000001 0.465625 0.2796875000000001
4 0.484375 0.22812500000000008 0.475 0.22812500000000008 0.475 0.2390625000000001 0.484375 0.2390625000000001
2 0.5015625 0.17968750000000006 0.484375 0.17968750000000006 0.484375 0.2140625000000001 0.5015625 0.2140625000000001
2 0.53125 0.09531250000000006 0.503125 0.09531250000000006 0.503125 0.13437500000000005 0.53125 0.13437500000000005
2 0.5734375 0.37187500000000007 0.5578125 0.37187500000000007 0.5578125 0.4203125 0.5734375 0.4203125
2 0.553125 0.2718750000000001 0.5375 0.2718750000000001 0.5375 0.3125000000000001 0.553125 0.3125000000000001
0 0.609375 0.09531250000000006 0.6 0.09531250000000006 0.6 0.1296875000000001 0.609375 0.1296875000000001
0 0.609375 0.1453125000000001 0.596875 0.1453125000000001 0.596875 0.1703125000000001 0.609375 0.1703125000000001
0 0.59375 0.15625000000000008 0.5828125 0.15625000000000008 0.5828125 0.1828125000000001 0.59375 0.1828125000000001
0 0.603125 0.1843750000000001 0.5953125 0.1843750000000001 0.5953125 0.21093750000000008 0.603125 0.21093750000000008
0 0.5890625 0.2171875000000001 0.578125 0.2171875000000001 0.578125 0.2390625000000001 0.5890625 0.2390625000000001
0 0.590625 0.2656250000000001 0.5765625 0.2656250000000001 0.5765625 0.2921875000000001 0.590625 0.2921875000000001
0 0.5671875 0.2890625000000001 0.55625 0.2890625000000001 0.55625 0.3140625000000001 0.5671875 0.3140625000000001
0 0.5578125 0.3515625000000001 0.55 0.3515625000000001 0.55 0.37968750000000007 0.5578125 0.37968750000000007
0 0.571875 0.3343750000000001 0.5609375 0.3343750000000001 0.5609375 0.3609375000000001 0.571875 0.3609375000000001
4 0.590625 0.19687500000000008 0.5828125 0.19687500000000008 0.5828125 0.2156250000000001 0.590625 0.2156250000000001
4 0.5953125 0.17968750000000008 0.5859375 0.17968750000000008 0.5859375 0.1937500000000001 0.5953125 0.1937500000000001
4 0.615625 0.10937500000000008 0.609375 0.10937500000000008 0.609375 0.13281250000000008 0.615625 0.13281250000000008
4 0.6265625 0.037500000000000075 0.6203125 0.037500000000000075 0.6203125 0.05937500000000007 0.6265625 0.05937500000000007
4 0.59375 0.2390625000000001 0.5875 0.2390625000000001 0.5875 0.2578125000000001 0.59375 0.2578125000000001
4 0.603125 0.3437500000000001 0.5953125 0.3437500000000001 0.5953125 0.3593750000000001 0.603125 0.3593750000000001
4 0.603125 0.3625000000000001 0.596875 0.3625000000000001 0.596875 0.3781250000000001 0.603125 0.3781250000000001
4 0.6125 0.37968750000000007 0.6046875 0.37968750000000007 0.6046875 0.3890625000000001 0.6125 0.3890625000000001
4 0.61875 0.39531250000000007 0.609375 0.39531250000000007 0.609375 0.4109375 0.61875 0.4109375
4 0.6140625 0.3531250000000001 0.6046875 0.3531250000000001 0.6046875 0.3625000000000001 0.6140625 0.3625000000000001
6 0.5375 0.3609375000000001 0.496875 0.3609375000000001 0.496875 0.459375 0.5375 0.459375
6 0.58125 0.17968750000000008 0.5609375 0.17968750000000008 0.5609375 0.2390625000000001 0.58125 0.2390625000000001