2 0.4390625 0.4296875 0.4125 0.4296875 0.4125 0.4578125 0.4390625 0.4578125
2 0.24218750000000008 0.575 0.21250000000000008 0.575 0.21250000000000008 0.6046875 0.24218750000000008 0.6046875
2 0.17656250000000004 0.45625 0.15000000000000005 0.45625 0.15000000000000005 0.4859375 0.17656250000000004 0.4859375
4 0.1765625000000001 0.596875 0.1609375000000001 0.596875 0.1609375000000001 0.6140625 0.1765625000000001 0.6140625
2 0.14843750000000006 0.525 0.11875000000000005 0.525 0.11875000000000006 0.5546875 0.14843750000000008 0.5546875
2 0.17656250000000007 0.540625 0.15000000000000005 0.540625 0.15000000000000008 0.5703125 0.1765625000000001 0.5703125
4 0.1296875000000001 0.6078125 0.11093750000000009 0.6078125 0.11093750000000009 0.6296875 0.1296875000000001 0.6296875
4 0.17187500000000008 0.5671875 0.1515625000000001 0.5671875 0.1515625000000001 0.590625 0.17187500000000008 0.590625
2 0.12031250000000007 0.5375 0.09218750000000006 0.5375 0.09218750000000006 0.5640625 0.12031250000000009 0.5640625
4 0.08906250000000007 0.4578125 0.07343750000000007 0.4578125 0.07343750000000007 0.4859375 0.08906250000000007 0.4859375
4 0.02500000000000007 0.575 0.009375000000000069 0.575 0.00937500000000007 0.5921875 0.025000000000000078 0.5921875
2 0.034375000000000065 0.540625 0.004687500000000067 0.540625 0.004687500000000068 0.5640625 0.034375000000000065 0.5640625
2 0.06718750000000007 0.53125 0.04531250000000007 0.53125 0.04531250000000007 0.5515625 0.06718750000000007 0.5515625
2 0.05312500000000007 0.5765625 0.029687500000000068 0.5765625 0.02968750000000007 0.596875 0.05312500000000007 0.596875
2 0.06250000000000007 0.55 0.03593750000000007 0.55 0.03593750000000007 0.575 0.06250000000000007 0.575
0 0.045312500000000075 0.596875 0.02656250000000008 0.596875 0.02656250000000008 0.6140625 0.045312500000000075 0.6140625
4 0.04375000000000008 0.6109375 0.028125000000000077 0.6109375 0.028125000000000077 0.621875 0.04375000000000008 0.621875
4 0.09375000000000007 0.6 0.07968750000000006 0.6 0.07968750000000006 0.621875 0.09375000000000007 0.621875
2 0.08125000000000007 0.5921875 0.05156250000000007 0.5921875 0.05156250000000007 0.61875 0.08125000000000007 0.61875
2 0.09687500000000007 0.571875 0.06250000000000007 0.571875 0.06250000000000007 0.5953125 0.09687500000000007 0.5953125
2 0.09375000000000007 0.5484375 0.06875000000000006 0.5484375 0.06875000000000006 0.5734375 0.09375000000000007 0.5734375
4 0.08125000000000007 0.5375 0.06718750000000007 0.5375 0.06718750000000007 0.553125 0.08125000000000007 0.553125
2 0.11718750000000008 0.5625 0.09531250000000006 0.5625 0.09531250000000006 0.5875 0.11718750000000008 0.5875
2 0.15000000000000008 0.553125 0.12343750000000009 0.553125 0.12343750000000009 0.5796875 0.15000000000000008 0.5796875
2 0.02031250000000006 0.4796875 5.87447761465996e-17 0.4796875 6.08496378326341e-17 0.5140625 0.02031250000000006 0.5140625
2 0.15781250000000005 0.2578125 0.13437500000000005 0.2578125 0.13437500000000005 0.30625 0.15781250000000005 0.30625
2 0.03750000000000003 0.2328125 0.012500000000000028 0.2328125 0.01250000000000003 0.2734375 0.03750000000000003 0.2734375
2 0.026562500000000024 0.1390625 0.006250000000000017 0.1390625 0.006250000000000019 0.184375 0.026562500000000024 0.184375
2 0.040625000000000036 0.2734375 0.018750000000000034 0.2734375 0.018750000000000037 0.325 0.04062500000000004 0.325
2 0.06250000000000003 0.0984375 0.04062500000000001 0.0984375 0.040625000000000015 0.1484375 0.06250000000000003 0.1484375
2 0.025000000000000012 0.0671875 8.228095681771279e-18 0.0671875 1.2246467991473533e-17 0.1328125 0.025000000000000012 0.1328125
2 0.012500000000000039 0.2921875 3.5782648662586727e-17 0.2921875 3.9609669909922206e-17 0.3546875 0.012500000000000044 0.3546875
0 0.023437500000000035 0.2765625 0.009375000000000033 0.2765625 0.009375000000000036 0.30625 0.023437500000000038 0.30625
4 0.03750000000000002 0.190625 0.02031250000000002 0.190625 0.020312500000000025 0.2203125 0.03750000000000002 0.2203125
4 0.007812500000000035 0.2765625 3.386913803891899e-17 0.2765625 3.5208595475486407e-17 0.2984375 0.007812500000000036 0.2984375
4 0.04375000000000007 0.528125 0.020312500000000067 0.528125 0.020312500000000067 0.5484375 0.04375000000000007 0.5484375
4 0.03906250000000007 0.5625 0.023437500000000066 0.5625 0.02343750000000007 0.578125 0.03906250000000007 0.578125
0 0.2015625000000001 0.3828125 0.17812500000000003 0.3828125 0.17812500000000003 0.4046875 0.2015625000000001 0.4046875
2 0.509375 0.3578125000000001 0.48125 0.3578125000000001 0.48125 0.38750000000000007 0.509375 0.38750000000000007
4 0.646875 0.534375 0.621875 0.534375 0.621875 0.56875 0.646875 0.56875
4 0.503125 0.40625 0.48125 0.40625 0.48125 0.425 0.503125 0.425
2 0.790625 0.2250000000000001 0.759375 0.2250000000000001 0.759375 0.25468750000000007 0.790625 0.25468750000000007
2 0.778125 0.1437500000000001 0.75 0.1437500000000001 0.75 0.17343750000000008 0.778125 0.17343750000000008
2 0.9140625 0.3078125000000001 0.8828125 0.3078125000000001 0.8828125 0.3359375000000001 0.9140625 0.3359375000000001
4 0.94375 0.3687500000000001 0.928125 0.3687500000000001 0.928125 0.3906250000000001 0.94375 0.3906250000000001
4 0.86875 0.3687500000000001 0.8484375 0.3687500000000001 0.8484375 0.3937500000000001 0.86875 0.3937500000000001
4 0.8484375 0.47656250000000017 0.828125 0.47656250000000017 0.828125 0.4968750000000002 0.8484375 0.4968750000000002
4 0.9 0.46875000000000017 0.8828125 0.46875000000000017 0.8828125 0.49218750000000017 0.9 0.49218750000000017
2 0.9671875 0.47968750000000016 0.9390625 0.47968750000000016 0.9390625 0.5109375000000002 0.9671875 0.5109375000000002
2 0.9953125 0.2968750000000001 0.9609375 0.2968750000000001 0.9609375 0.3265625000000001 0.9953125 0.3265625000000001
3 0.3109375000000001 0.4390625 0.2718750000000001 0.4390625 0.2718750000000001 0.4796875 0.3109375000000001 0.4796875