2 0.03281250000000006 0.4171875 0.01093750000000005 0.4171875 0.010937500000000051 0.43125 0.03281250000000006 0.43125
4 0.06562500000000007 0.4546875 0.05156250000000007 0.4546875 0.05156250000000007 0.4625 0.06562500000000007 0.4625
2 0.14062500000000006 0.4421875 0.11718750000000004 0.4421875 0.11718750000000004 0.4609375 0.14062500000000006 0.4609375
2 0.16093750000000004 0.421875 0.13750000000000004 0.421875 0.13750000000000004 0.440625 0.16093750000000004 0.440625
2 0.2156250000000001 0.4359375 0.18906250000000005 0.4359375 0.18906250000000005 0.4546875 0.2156250000000001 0.4546875
2 0.2828125000000001 0.4484375 0.2593750000000001 0.4484375 0.2593750000000001 0.4640625 0.2828125000000001 0.4640625
2 0.3265625000000001 0.421875 0.3046875000000001 0.421875 0.3046875000000001 0.440625 0.3265625000000001 0.440625
2 0.34062500000000007 0.44375 0.3218750000000001 0.44375 0.3218750000000001 0.459375 0.34062500000000007 0.459375
2 0.3890625000000001 0.4453125 0.3671875000000001 0.4453125 0.3671875000000001 0.4609375 0.3890625000000001 0.4609375
2 0.4 0.421875 0.3781250000000001 0.421875 0.3781250000000001 0.440625 0.4 0.440625
2 0.5078125 0.4421875 0.4828125 0.4421875 0.4828125 0.4625 0.5078125 0.4625
2 0.640625 0.4390625 0.6203125 0.4390625 0.6203125 0.4578125 0.640625 0.4578125
2 0.878125 0.4281250000000002 0.853125 0.4281250000000002 0.853125 0.44531250000000017 0.878125 0.44531250000000017
2 0.91875 0.4281250000000002 0.8953125 0.4281250000000002 0.8953125 0.4468750000000002 0.91875 0.4468750000000002
2 0.9765625 0.42187500000000017 0.95 0.42187500000000017 0.95 0.44062500000000016 0.9765625 0.44062500000000016
2 0.915625 0.38750000000000007 0.896875 0.38750000000000007 0.896875 0.4046875000000002 0.915625 0.4046875000000002
2 0.2156250000000001 0.559375 0.1921875000000001 0.559375 0.1921875000000001 0.5796875 0.2156250000000001 0.5796875
2 0.13281250000000008 0.6125 0.11093750000000009 0.6125 0.11093750000000009 0.6296875 0.13281250000000008 0.6296875
2 0.09687500000000007 0.59375 0.07343750000000007 0.59375 0.07343750000000007 0.6125 0.09687500000000007 0.6125
4 0.15312500000000004 0.4578125 0.14062500000000006 0.4578125 0.14062500000000006 0.465625 0.15312500000000004 0.465625
0 0.2656250000000001 0.428125 0.2500000000000001 0.428125 0.2500000000000001 0.4421875 0.2656250000000001 0.4421875
4 0.2812500000000001 0.403125 0.2687500000000001 0.403125 0.2687500000000001 0.4125 0.2812500000000001 0.4125
0 0.2984375000000001 0.409375 0.2828125000000001 0.409375 0.2828125000000001 0.4234375 0.2984375000000001 0.4234375
4 0.3375000000000001 0.4046875 0.3265625000000001 0.4046875 0.3265625000000001 0.4171875 0.3375000000000001 0.4171875
4 0.446875 0.434375 0.434375 0.434375 0.434375 0.4421875 0.446875 0.4421875
3 0.4703125 0.4140625 0.453125 0.4140625 0.453125 0.4328125 0.4703125 0.4328125
4 0.53125 0.403125 0.5203125 0.403125 0.5203125 0.4140625 0.53125 0.4140625
2 0.6125 0.4203125 0.59375 0.4203125 0.59375 0.4359375 0.6125 0.4359375
4 0.671875 0.39531250000000007 0.659375 0.39531250000000007 0.659375 0.40625 0.671875 0.40625
4 0.725 0.4046875 0.7109375 0.4046875 0.7109375 0.415625 0.725 0.415625
4 0.7390625 0.4125000000000002 0.7296875 0.4125000000000002 0.7296875 0.4234375000000002 0.7390625 0.4234375000000002
4 0.7515625 0.40625000000000017 0.740625 0.40625000000000017 0.740625 0.4156250000000002 0.7515625 0.4156250000000002
4 0.7703125 0.3968750000000001 0.759375 0.3968750000000001 0.759375 0.40625000000000017 0.7703125 0.40625000000000017
0 0.815625 0.4234375000000002 0.7984375 0.4234375000000002 0.7984375 0.4421875000000002 0.815625 0.4421875000000002
4 0.80625 0.4109375000000002 0.79375 0.4109375000000002 0.79375 0.41718750000000016 0.80625 0.41718750000000016
4 0.8078125 0.39531250000000007 0.7984375 0.39531250000000007 0.7984375 0.40625000000000017 0.8078125 0.40625000000000017
4 0.8375 0.38750000000000007 0.8265625 0.38750000000000007 0.8265625 0.3984375000000001 0.8375 0.3984375000000001
4 0.86875 0.4046875000000002 0.8578125 0.4046875000000002 0.8578125 0.41406250000000017 0.86875 0.41406250000000017
4 0.8609375 0.41406250000000017 0.85 0.41406250000000017 0.85 0.4234375000000002 0.8609375 0.4234375000000002
4 0.9265625 0.40937500000000016 0.915625 0.40937500000000016 0.915625 0.4203125000000002 0.9265625 0.4203125000000002
4 0.99375 0.3921875000000001 0.9828125 0.3921875000000001 0.9828125 0.4031250000000002 0.99375 0.4031250000000002
4 0.050000000000000065 0.5625 0.03593750000000007 0.5625 0.03593750000000007 0.5734375 0.050000000000000065 0.5734375
0 0.017187500000000074 0.5984375 7.328745688647442e-17 0.5984375 7.424421219830829e-17 0.6140625 0.017187500000000078 0.6140625
4 0.28593750000000007 0.5875 0.2750000000000001 0.5875 0.2750000000000001 0.5984375 0.28593750000000007 0.5984375
2 0.6875000000000002 0.7703125 0.6765625000000002 0.7703125 0.6765625000000002 0.8078125 0.6875000000000002 0.8078125
2 0.6687500000000002 0.953125 0.6578125000000001 0.953125 0.6578125000000001 0.990625 0.6687500000000002 0.990625
2 0.6562500000000002 0.9171875 0.6453125000000002 0.9171875 0.6453125000000002 0.95625 0.6562500000000002 0.95625
2 0.915625 0.3343750000000001 0.89375 0.3343750000000001 0.89375 0.3500000000000001 0.915625 0.3500000000000001