2 0.0640625000000001 0.784375 0.0296875000000001 0.784375 0.0296875000000001 0.8234375 0.0640625000000001 0.8234375
2 0.0640625000000001 0.8359375 0.0343750000000001 0.8359375 0.03437500000000011 0.871875 0.0640625000000001 0.871875
4 0.2062500000000001 0.653125 0.18906250000000008 0.653125 0.18906250000000008 0.6734375 0.2062500000000001 0.6734375
3 0.1781250000000001 0.8390625 0.14218750000000008 0.8390625 0.14218750000000008 0.8734375 0.1781250000000001 0.8734375
0 0.29375000000000007 0.665625 0.27812500000000007 0.665625 0.27812500000000007 0.6859375 0.29375000000000007 0.6859375
0 0.11250000000000009 0.8640625 0.08593750000000011 0.8640625 0.08593750000000011 0.89375 0.11250000000000009 0.89375
4 0.2296875000000001 0.7375 0.2140625000000001 0.7375 0.2140625000000001 0.7578125 0.2296875000000001 0.7578125
4 0.3187500000000001 0.73125 0.3078125000000001 0.73125 0.3078125000000001 0.75 0.3187500000000001 0.75
4 0.9609375 0.7890625000000002 0.9421875 0.7890625000000002 0.9421875 0.809375 0.9609375 0.809375
4 0.996875 0.878125 0.98125 0.878125 0.98125 0.9 0.996875 0.9
4 0.9125 0.8921875 0.89375 0.8921875 0.89375 0.909375 0.9125 0.909375
4 0.89375 0.6687500000000002 0.8765625 0.6687500000000002 0.8765625 0.6812500000000001 0.89375 0.6812500000000001
4 0.853125 0.85 0.8390625 0.85 0.8390625 0.86875 0.853125 0.86875
4 0.875 0.7609375000000002 0.8609375 0.7609375000000002 0.8609375 0.7765625000000002 0.875 0.7765625000000002
4 0.84375 0.7828125000000001 0.828125 0.7828125000000001 0.828125 0.8 0.84375 0.8
4 0.7875000000000002 0.89375 0.7734375000000002 0.89375 0.7734375000000002 0.909375 0.7875000000000002 0.909375
4 0.7437500000000001 0.7484375000000002 0.7296875000000002 0.7484375000000002 0.7296875000000002 0.7671875000000001 0.7437500000000001 0.7671875000000001
4 0.7031250000000002 0.8765625 0.6875000000000002 0.8765625 0.6875000000000002 0.8953125 0.7031250000000002 0.8953125
4 0.6812500000000001 0.88125 0.6656250000000001 0.88125 0.6656250000000001 0.9015625 0.6812500000000001 0.9015625
4 1 0.7843750000000002 0.990625 0.7843750000000002 0.990625 0.8015625 1 0.8015625
4 0.6328125000000002 0.8453125 0.6203125000000002 0.8453125 0.6203125000000002 0.85625 0.6328125000000002 0.85625
6 0.7796875000000002 0.846875 0.7281250000000001 0.846875 0.7281250000000001 0.8828125 0.7796875000000002 0.8828125
2 0.8765625 0.8015625 0.8515625 0.8015625 0.8515625 0.825 0.8765625 0.825
3 0.9265625 0.7031250000000002 0.9015625 0.7031250000000002 0.9015625 0.7265625000000002 0.9265625 0.7265625000000002
2 0.8921875 0.6828125000000002 0.8765625 0.6828125000000002 0.8765625 0.7000000000000002 0.8921875 0.7000000000000002
0 0.6046875000000002 0.73125 0.5859375000000002 0.73125 0.5859375000000002 0.759375 0.6046875000000002 0.759375
4 0.54375 0.6640625 0.5328125 0.6640625 0.5328125 0.6859375 0.54375 0.6859375
4 0.5109375000000002 0.746875 0.5015625000000001 0.746875 0.5015625000000001 0.7671875 0.5109375000000002 0.7671875
4 0.49375 0.6859375 0.4875 0.6859375 0.4875 0.70625 0.49375 0.70625
4 0.5109375 0.6390625 0.5015625 0.6390625 0.5015625 0.659375 0.5109375 0.659375
4 0.5765625000000002 0.8265625 0.5625000000000002 0.8265625 0.5625000000000002 0.840625 0.5765625000000002 0.840625
4 0.5906250000000002 0.83125 0.5812500000000002 0.83125 0.5812500000000002 0.8453125 0.5906250000000002 0.8453125
4 0.5875000000000001 0.8875 0.5734375000000002 0.8875 0.5734375000000002 0.9078125 0.5875000000000001 0.9078125
4 0.5265625 0.5359375 0.515625 0.5359375 0.515625 0.5640625 0.5265625 0.5640625
4 0.5109375 0.50625 0.5015625 0.50625 0.5015625 0.5265625 0.5109375 0.5265625
3 0.51875 0.421875 0.5015625 0.421875 0.5015625 0.4546875 0.51875 0.4546875
4 0.5125 0.2906250000000001 0.503125 0.2906250000000001 0.503125 0.3156250000000001 0.5125 0.3156250000000001
6 0.2921875000000001 0.75625 0.2578125000000001 0.75625 0.2578125000000001 0.7875 0.2921875000000001 0.7875
6 0.996875 0.7015625000000002 0.978125 0.7015625000000002 0.978125 0.7218750000000002 0.996875 0.7218750000000002
4 0.4781250000000002 0.8109375 0.4703125000000002 0.8109375 0.4703125000000002 0.83125 0.4781250000000002 0.83125