4 0.646875 0.4625 0.6375 0.4625 0.6375 0.48125 0.646875 0.48125
4 0.6890625 0.4703125 0.6734375 0.4703125 0.6734375 0.4859375 0.6890625 0.4859375
2 0.6421875 0.553125 0.6109375 0.553125 0.6109375 0.578125 0.6421875 0.578125
0 0.778125 0.6312500000000002 0.7671875 0.6312500000000002 0.7671875 0.6562500000000002 0.778125 0.6562500000000002
0 0.79375 0.6265625000000001 0.7828125 0.6265625000000001 0.7828125 0.6515625000000002 0.79375 0.6515625000000002
4 0.7859375 0.6468750000000002 0.778125 0.6468750000000002 0.778125 0.6656250000000001 0.7859375 0.6656250000000001
2 0.7375 0.6734375000000001 0.721875 0.6734375 0.721875 0.7187500000000001 0.7375 0.7187500000000002
4 0.6609375 0.5640625 0.65 0.5640625 0.65 0.5796875 0.6609375 0.5796875
2 0.7187500000000002 0.7921875 0.6937500000000002 0.7921875 0.6937500000000002 0.8234375 0.7187500000000002 0.8234375
4 0.7125 0.625 0.6984375 0.625 0.6984375 0.634375 0.7125 0.634375
4 0.7109375 0.6328125 0.7 0.6328125 0.7 0.64375 0.7109375 0.64375
4 0.7125 0.6484375 0.7015625 0.6484375 0.7015625 0.6578125 0.7125 0.6578125
4 0.7078125 0.65625 0.6953125 0.65625 0.6953125 0.6640625 0.7078125 0.6640625
4 0.7390625 0.6546875000000002 0.7265625 0.6546875000000002 0.7265625 0.6640625000000002 0.7390625 0.6640625000000002
4 0.7390625 0.6625000000000001 0.725 0.6625 0.725 0.6718750000000001 0.7390625 0.6718750000000002
2 0.7484375 0.4453125000000001 0.71875 0.4453125 0.71875 0.4750000000000001 0.7484375 0.4750000000000002
4 0.8640625 0.5671875000000002 0.8484375 0.5671875000000002 0.8484375 0.5875000000000001 0.8640625 0.5875000000000001
4 0.8734375 0.5875000000000001 0.859375 0.5875000000000001 0.859375 0.6062500000000002 0.8734375 0.6062500000000002
4 0.9546875 0.5625000000000002 0.940625 0.5625000000000002 0.940625 0.5843750000000002 0.9546875 0.5843750000000002
4 0.9703125 0.5781250000000002 0.953125 0.5781250000000002 0.953125 0.5968750000000002 0.9703125 0.5968750000000002
4 0.8859375 0.3687500000000001 0.878125 0.3687500000000001 0.878125 0.39531250000000007 0.8859375 0.39531250000000007
4 0.753125 0.4156250000000002 0.7484375 0.4156250000000002 0.7484375 0.43750000000000017 0.753125 0.43750000000000017
4 0.76875 0.3671875000000001 0.759375 0.3671875000000001 0.759375 0.3921875000000001 0.76875 0.3921875000000001
4 0.7703125 0.41406250000000017 0.759375 0.41406250000000017 0.759375 0.4359375000000002 0.7703125 0.4359375000000002
4 0.778125 0.3687500000000001 0.7703125 0.3687500000000001 0.7703125 0.3890625000000001 0.778125 0.3890625000000001
4 0.784375 0.37968750000000007 0.775 0.37968750000000007 0.775 0.40156250000000016 0.784375 0.40156250000000016
4 0.8 0.41406250000000017 0.7921875 0.41406250000000017 0.7921875 0.4359375000000002 0.8 0.4359375000000002
4 0.81875 0.4109375000000002 0.8109375 0.4109375000000002 0.8109375 0.43281250000000016 0.81875 0.43281250000000016
4 0.8140625 0.3609375000000001 0.80625 0.3609375000000001 0.80625 0.3812500000000001 0.8140625 0.3812500000000001
4 0.803125 0.3687500000000001 0.79375 0.3687500000000001 0.79375 0.3890625000000001 0.803125 0.3890625000000001
4 0.8296875 0.41406250000000017 0.821875 0.41406250000000017 0.821875 0.4343750000000002 0.8296875 0.4343750000000002
4 0.853125 0.4125000000000002 0.8453125 0.4125000000000002 0.8453125 0.4312500000000002 0.853125 0.4312500000000002
4 0.859375 0.4109375000000002 0.853125 0.4109375000000002 0.853125 0.4312500000000002 0.859375 0.4312500000000002
4 0.5375 0.40625 0.5265625 0.40625 0.5265625 0.43125 0.5375 0.43125
4 0.5296875 0.3781250000000001 0.5171875 0.3781250000000001 0.5171875 0.39531250000000007 0.5296875 0.39531250000000007
4 0.5171875 0.3593750000000001 0.50625 0.3593750000000001 0.50625 0.3765625000000001 0.5171875 0.3765625000000001
0 0.3546875000000001 0.765625 0.3343750000000001 0.765625 0.3343750000000001 0.803125 0.3546875000000001 0.803125
0 0.45312500000000017 0.8265625 0.4390625000000002 0.8265625 0.4390625000000002 0.8625 0.45312500000000017 0.8625
0 0.4359375000000002 0.753125 0.42500000000000016 0.753125 0.42500000000000016 0.7890625 0.4359375000000002 0.7890625
0 0.4703125000000002 0.7875 0.4578125000000002 0.7875 0.4578125000000002 0.821875 0.4703125000000002 0.821875
2 0.46093750000000017 0.759375 0.4515625000000002 0.759375 0.4515625000000002 0.7875 0.46093750000000017 0.7875
4 0.46875000000000017 0.759375 0.4625000000000002 0.759375 0.4625000000000002 0.784375 0.46875000000000017 0.784375
4 0.4265625000000002 0.9421875 0.41718750000000016 0.9421875 0.41718750000000016 0.965625 0.4265625000000002 0.965625
4 0.44062500000000016 0.884375 0.4312500000000002 0.884375 0.4312500000000002 0.903125 0.44062500000000016 0.903125
0 0.44062500000000016 0.9109375 0.4234375000000002 0.9109375 0.4234375000000002 0.9375 0.44062500000000016 0.9375
4 0.1984375000000001 0.553125 0.1843750000000001 0.553125 0.1843750000000001 0.571875 0.1984375000000001 0.571875
4 0.1984375000000001 0.5734375 0.17968750000000008 0.5734375 0.17968750000000008 0.5875 0.1984375000000001 0.5875
4 0.13125000000000006 0.5296875 0.10468750000000004 0.5296875 0.10468750000000007 0.553125 0.1312500000000001 0.553125
2 0.1937500000000001 0.6 0.17343750000000008 0.6 0.17343750000000008 0.628125 0.1937500000000001 0.628125
4 0.10468750000000004 0.5 0.08906250000000007 0.5 0.08906250000000007 0.5203125 0.10468750000000004 0.5203125
4 0.08906250000000007 0.509375 0.07500000000000007 0.509375 0.07500000000000007 0.525 0.08906250000000007 0.525
4 0.08125000000000007 0.515625 0.06562500000000007 0.515625 0.06562500000000007 0.5328125 0.08125000000000007 0.5328125
4 0.06093750000000007 0.5203125 0.04687500000000007 0.5203125 0.04687500000000007 0.5390625 0.06093750000000007 0.5390625
4 0.03750000000000006 0.49375 0.02187500000000006 0.49375 0.02187500000000006 0.5140625 0.03750000000000007 0.5140625
2 0.04375000000000007 0.5234375 0.018750000000000065 0.5234375 0.018750000000000065 0.5515625 0.04375000000000007 0.5515625
2 0.09062500000000007 0.540625 0.06562500000000007 0.540625 0.06562500000000007 0.5640625 0.09062500000000007 0.5640625
0 0.08281250000000004 0.3546875 0.057812500000000044 0.3546875 0.057812500000000044 0.3859375 0.08281250000000004 0.3859375
2 0.10468750000000009 0.5671875 0.08437500000000006 0.5671875 0.08437500000000006 0.59375 0.10468750000000009 0.59375
2 0.06562500000000007 0.540625 0.04375000000000007 0.540625 0.04375000000000007 0.5640625 0.06562500000000007 0.5640625
2 0.05156250000000007 0.559375 0.03593750000000007 0.559375 0.035937500000000074 0.596875 0.05156250000000007 0.596875
2 0.06562500000000007 0.5609375 0.050000000000000065 0.5609375 0.050000000000000065 0.596875 0.06562500000000007 0.596875
2 0.11250000000000009 0.6375 0.08750000000000009 0.6375 0.08750000000000009 0.6625 0.11250000000000009 0.6625
2 0.10312500000000009 0.6640625 0.0828125000000001 0.6640625 0.0828125000000001 0.7 0.10312500000000009 0.7
2 0.09687500000000009 0.703125 0.07968750000000009 0.703125 0.07968750000000009 0.7484375 0.09687500000000009 0.7484375
1 0.33281250000000007 0.496875 0.2656250000000001 0.496875 0.2656250000000001 0.5421875 0.33281250000000007 0.5421875
1 0.38750000000000007 0.5171875 0.3343750000000001 0.5171875 0.3343750000000001 0.5484375 0.38750000000000007 0.5484375
4 0.2953125000000001 0.4484375 0.2765625000000001 0.4484375 0.2765625000000001 0.4671875 0.2953125000000001 0.4671875
2 0.34843750000000007 0.4609375 0.3234375000000001 0.4609375 0.3234375000000001 0.48125 0.34843750000000007 0.48125
0 0.3671875000000001 0.4515625 0.3515625000000001 0.4515625 0.3515625000000001 0.465625 0.3671875000000001 0.465625
2 0.39531250000000007 0.4515625 0.3750000000000001 0.4515625 0.3750000000000001 0.46875 0.39531250000000007 0.46875
2 0.4015625 0.4859375 0.37968750000000007 0.4859375 0.37968750000000007 0.50625 0.4015625 0.50625
2 0.3781250000000001 0.4859375 0.3546875000000001 0.4859375 0.3546875000000001 0.503125 0.3781250000000001 0.503125
2 0.3984375000000001 0.4703125 0.3781250000000001 0.4703125 0.3781250000000001 0.4859375 0.3984375000000001 0.4859375
4 0.3765625000000001 0.4390625 0.3656250000000001 0.4390625 0.3656250000000001 0.45 0.3765625000000001 0.45
4 0.38750000000000007 0.4421875 0.3781250000000001 0.4421875 0.3781250000000001 0.4515625 0.38750000000000007 0.4515625
4 0.403125 0.440625 0.3921875000000001 0.440625 0.3921875000000001 0.4515625 0.403125 0.4515625
4 0.35625000000000007 0.471875 0.3468750000000001 0.471875 0.3468750000000001 0.4828125 0.35625000000000007 0.4828125
4 0.3671875000000001 0.465625 0.3578125000000001 0.465625 0.3578125000000001 0.4765625 0.3671875000000001 0.4765625
4 0.3781250000000001 0.465625 0.3687500000000001 0.465625 0.3687500000000001 0.475 0.3781250000000001 0.475
4 0.3765625000000001 0.475 0.3671875000000001 0.475 0.3671875000000001 0.4859375 0.3765625000000001 0.4859375
4 0.3656250000000001 0.4765625 0.35625000000000007 0.4765625 0.35625000000000007 0.4859375 0.3656250000000001 0.4859375
4 0.3937500000000001 0.3703125000000001 0.38750000000000007 0.3703125000000001 0.38750000000000007 0.3921875000000001 0.3937500000000001 0.3921875000000001
4 0.4046875 0.3671875000000001 0.3984375000000001 0.3671875000000001 0.3984375000000001 0.3906250000000001 0.4046875 0.3906250000000001
4 0.4140625 0.3671875000000001 0.409375 0.3671875000000001 0.409375 0.3890625000000001 0.4140625 0.3890625000000001
4 0.425 0.3359375000000001 0.41875 0.3359375000000001 0.41875 0.3500000000000001 0.425 0.3500000000000001
4 0.425 0.3671875000000001 0.4203125 0.3671875000000001 0.4203125 0.3859375000000001 0.425 0.3859375000000001
4 0.434375 0.3296875000000001 0.428125 0.3296875000000001 0.428125 0.34843750000000007 0.434375 0.34843750000000007
4 0.4359375 0.3625000000000001 0.43125 0.3625000000000001 0.43125 0.3828125000000001 0.4359375 0.3828125000000001
4 0.4453125 0.3421875000000001 0.4375 0.3421875000000001 0.4375 0.35625000000000007 0.4453125 0.35625000000000007
4 0.459375 0.3359375000000001 0.4515625 0.3359375000000001 0.4515625 0.3515625000000001 0.459375 0.3515625000000001
4 0.4421875 0.3187500000000001 0.4328125 0.3187500000000001 0.4328125 0.3296875000000001 0.4421875 0.3296875000000001
4 0.45 0.3296875000000001 0.44375 0.3296875000000001 0.44375 0.3437500000000001 0.45 0.3437500000000001
4 0.465625 0.2812500000000001 0.453125 0.2812500000000001 0.453125 0.2921875000000001 0.465625 0.2921875000000001
4 0.471875 0.2875000000000001 0.4640625 0.2875000000000001 0.4640625 0.3031250000000001 0.471875 0.3031250000000001
4 0.44375 0.3046875000000001 0.434375 0.3046875000000001 0.434375 0.31718750000000007 0.44375 0.31718750000000007
0 0.4625 0.36406250000000007 0.446875 0.36406250000000007 0.446875 0.3906250000000001 0.4625 0.3906250000000001
0 0.5015625 0.3375000000000001 0.490625 0.3375000000000001 0.490625 0.3656250000000001 0.5015625 0.3656250000000001
0 0.4796875 0.30156250000000007 0.4671875 0.30156250000000007 0.4671875 0.32500000000000007 0.4796875 0.32500000000000007
4 0.459375 0.3187500000000001 0.45 0.3187500000000001 0.45 0.3281250000000001 0.459375 0.3281250000000001
4 0.4546875 0.2968750000000001 0.446875 0.2968750000000001 0.446875 0.3062500000000001 0.4546875 0.3062500000000001
4 0.51875 0.20468750000000008 0.5109375 0.20468750000000008 0.5109375 0.2234375000000001 0.51875 0.2234375000000001
2 0.5109375 0.23593750000000008 0.496875 0.23593750000000008 0.496875 0.27031250000000007 0.5109375 0.27031250000000007
2 0.5 0.17500000000000004 0.4875 0.17500000000000004 0.4875 0.21093750000000008 0.5 0.21093750000000008
4 0.528125 0.18906250000000005 0.5203125 0.18906250000000005 0.5203125 0.2078125000000001 0.528125 0.2078125000000001
0 0.5265625 0.16093750000000004 0.5140625 0.16093750000000004 0.5140625 0.18906250000000005 0.5265625 0.18906250000000005
0 0.54375 0.11250000000000004 0.528125 0.11250000000000004 0.528125 0.14531250000000004 0.54375 0.14531250000000004
2 0.521875 0.08437500000000006 0.509375 0.08437500000000006 0.509375 0.12343750000000005 0.521875 0.12343750000000005
4 0.53125 0.08593750000000007 0.521875 0.08593750000000007 0.521875 0.10625000000000004 0.53125 0.10625000000000004
4 0.528125 0.10781250000000005 0.521875 0.10781250000000005 0.521875 0.12500000000000006 0.528125 0.12500000000000006
4 0.6140625 0.4140625 0.6046875 0.4140625 0.6046875 0.434375 0.6140625 0.434375
4 0.60625 0.3390625000000001 0.5953125 0.3390625000000001 0.5953125 0.3546875000000001 0.60625 0.3546875000000001
4 0.60625 0.3578125000000001 0.5984375 0.3578125000000001 0.5984375 0.37187500000000007 0.60625 0.37187500000000007
4 0.6140625 0.3750000000000001 0.6046875 0.3750000000000001 0.6046875 0.3859375000000001 0.6140625 0.3859375000000001
4 0.6140625 0.3500000000000001 0.60625 0.3500000000000001 0.60625 0.3687500000000001 0.6140625 0.3687500000000001
4 0.571875 0.3359375000000001 0.565625 0.3359375000000001 0.565625 0.35625000000000007 0.571875 0.35625000000000007
4 0.5640625 0.3203125000000001 0.5578125 0.3203125000000001 0.5578125 0.3359375000000001 0.5640625 0.3359375000000001
4 0.565625 0.3375000000000001 0.559375 0.3375000000000001 0.559375 0.3531250000000001 0.565625 0.3531250000000001
0 0.575 0.3125000000000001 0.565625 0.3125000000000001 0.565625 0.3359375000000001 0.575 0.3359375000000001
0 0.5796875 0.2890625000000001 0.56875 0.2890625000000001 0.56875 0.3109375000000001 0.5796875 0.3109375000000001
0 0.578125 0.2640625000000001 0.56875 0.2640625000000001 0.56875 0.2875000000000001 0.578125 0.2875000000000001
4 0.5828125 0.2406250000000001 0.575 0.2406250000000001 0.575 0.2609375000000001 0.5828125 0.2609375000000001
2 0.5890625 0.25468750000000007 0.5796875 0.25468750000000007 0.5796875 0.29375000000000007 0.5890625 0.29375000000000007
0 0.60625 0.1921875000000001 0.5953125 0.1921875000000001 0.5953125 0.2156250000000001 0.60625 0.2156250000000001
0 0.5953125 0.2218750000000001 0.5875 0.2218750000000001 0.5875 0.2500000000000001 0.5953125 0.2500000000000001
0 0.596875 0.1937500000000001 0.5875 0.1937500000000001 0.5875 0.2171875000000001 0.596875 0.2171875000000001
0 0.5875 0.21875000000000008 0.578125 0.21875000000000008 0.578125 0.2390625000000001 0.5875 0.2390625000000001
0 0.6125 0.1453125000000001 0.603125 0.1453125000000001 0.603125 0.1703125000000001 0.6125 0.1703125000000001
0 0.603125 0.1515625000000001 0.5921875 0.1515625000000001 0.5921875 0.1765625000000001 0.603125 0.1765625000000001
0 0.609375 0.11562500000000009 0.6 0.11562500000000009 0.6 0.1453125000000001 0.609375 0.1453125000000001
0 0.61875 0.07500000000000007 0.6109375 0.07500000000000007 0.6109375 0.10156250000000008 0.61875 0.10156250000000008
0 0.63125 0.046875000000000076 0.6203125 0.046875000000000076 0.6203125 0.07343750000000007 0.63125 0.07343750000000007
0 0.6328125 0.012500000000000077 0.6234375 0.012500000000000077 0.6234375 0.037500000000000075 0.6328125 0.037500000000000075
4 0.6125 0.10468750000000009 0.60625 0.10468750000000009 0.60625 0.12031250000000009 0.6125 0.12031250000000009
4 0.6203125 0.1296875000000001 0.6140625 0.1296875000000001 0.6140625 0.14218750000000008 0.6203125 0.14218750000000008
4 0.5953125 0.1781250000000001 0.5875 0.1781250000000001 0.5875 0.1921875000000001 0.5953125 0.1921875000000001
6 0.6203125 0.03437500000000008 0.5953125 0.03437500000000008 0.5953125 0.1140625000000001 0.6203125 0.1140625000000001
6 0.603125 0.11562500000000009 0.5796875 0.11562500000000009 0.5796875 0.1843750000000001 0.603125 0.1843750000000001
6 0.5875 0.1828125000000001 0.5609375 0.1828125000000001 0.5609375 0.2562500000000001 0.5875 0.2562500000000001
6 0.5703125 0.2609375000000001 0.540625 0.2609375000000001 0.540625 0.3515625000000001 0.5703125 0.3515625000000001
4 0.6203125 0.3906250000000001 0.6125 0.3906250000000001 0.6125 0.4015625 0.6203125 0.4015625