2 0.017187500000000005 0.021875 2.678914873134835e-18 0.021875 5.740531871003218e-18 0.071875 0.017187500000000012 0.071875
4 0.0203125 1.8178350924843522e-18 0.009375 1.1481063742006436e-18 0.009375000000000001 0.01875 0.0203125 0.01875
2 0.22656250000000008 0.5578125 0.2015625000000001 0.5578125 0.2015625000000001 0.584375 0.22656250000000008 0.584375
2 0.15781250000000005 0.2390625 0.13750000000000004 0.2390625 0.13750000000000004 0.290625 0.15781250000000005 0.290625
5 0.03281250000000003 0.1953125 2.3918882795846743e-17 0.1953125 2.9085361479749636e-17 0.2796875 0.032812500000000036 0.2796875
5 0.07656250000000005 0.2953125 0.046875000000000035 0.2953125 0.04687500000000004 0.3734375 0.07656250000000005 0.3734375
6 0.09843750000000007 0.5328125 0.048437500000000064 0.5328125 0.048437500000000064 0.5640625 0.09843750000000007 0.5640625
2 0.2531250000000001 0.503125 0.22656250000000008 0.503125 0.22656250000000008 0.5265625 0.2531250000000001 0.5265625
2 0.16093750000000007 0.540625 0.13750000000000004 0.540625 0.13750000000000007 0.5609375 0.1609375000000001 0.5609375
2 0.19218750000000004 0.5078125 0.16718750000000004 0.5078125 0.16718750000000004 0.5328125 0.19218750000000004 0.5328125
2 0.1312500000000001 0.553125 0.1062500000000001 0.553125 0.1062500000000001 0.5703125 0.1312500000000001 0.5703125
2 0.10625000000000004 0.5109375 0.07500000000000007 0.5109375 0.07500000000000007 0.5359375 0.10625000000000004 0.5359375
2 0.13125000000000003 0.509375 0.10781250000000005 0.509375 0.10781250000000005 0.5296875 0.13125000000000003 0.5296875
2 0.12812500000000007 0.53125 0.10156250000000004 0.53125 0.10156250000000007 0.5484375 0.1281250000000001 0.5484375
2 0.048437500000000064 0.5109375 0.02031250000000006 0.5109375 0.020312500000000063 0.53125 0.048437500000000064 0.53125
2 0.07343750000000007 0.5078125 0.048437500000000064 0.5078125 0.048437500000000064 0.5296875 0.07343750000000007 0.5296875
2 0.04687500000000007 0.546875 0.020312500000000067 0.546875 0.02031250000000007 0.5671875 0.04687500000000007 0.5671875
0 0.023437500000000073 0.58125 0.004687500000000071 0.58125 0.004687500000000072 0.6 0.023437500000000073 0.6
0 0.05312500000000007 0.5796875 0.03593750000000007 0.5796875 0.035937500000000074 0.5953125 0.05312500000000007 0.5953125
0 0.08281250000000007 0.5734375 0.06562500000000007 0.5734375 0.06562500000000007 0.5890625 0.08281250000000007 0.5890625
0 0.1281250000000001 0.571875 0.11093750000000009 0.571875 0.11093750000000009 0.5875 0.1281250000000001 0.5875
0 0.2000000000000001 0.365625 0.18125000000000005 0.365625 0.18125000000000005 0.38125 0.2000000000000001 0.38125
0 0.16093750000000004 0.509375 0.13281250000000006 0.509375 0.13281250000000006 0.5296875 0.16093750000000004 0.5296875
4 0.11562500000000009 0.59375 0.10156250000000008 0.59375 0.10156250000000008 0.60625 0.11562500000000009 0.60625
4 0.06562500000000007 0.584375 0.05468750000000007 0.584375 0.05468750000000007 0.59375 0.06562500000000007 0.59375
4 0.03906250000000007 0.5671875 0.026562500000000065 0.5671875 0.026562500000000065 0.5765625 0.03906250000000007 0.5765625
4 0.05156250000000007 0.571875 0.042187500000000065 0.571875 0.042187500000000065 0.5796875 0.05156250000000007 0.5796875
4 0.06093750000000007 0.5734375 0.050000000000000065 0.5734375 0.050000000000000065 0.5828125 0.06093750000000007 0.5828125
4 0.09218750000000006 0.565625 0.08125000000000007 0.565625 0.08125000000000007 0.575 0.09218750000000006 0.575
4 0.035937500000000074 0.5828125 0.026562500000000065 0.5828125 0.026562500000000072 0.59375 0.03593750000000008 0.59375
2 0.1906250000000001 0.5515625 0.16406250000000008 0.5515625 0.16406250000000008 0.571875 0.1906250000000001 0.571875
2 0.646875 0.40625 0.621875 0.40625 0.621875 0.43125 0.646875 0.43125
2 0.509375 0.3531250000000001 0.4859375 0.3531250000000001 0.4859375 0.3781250000000001 0.509375 0.3781250000000001
0 0.2453125000000001 0.5421875 0.22656250000000008 0.5421875 0.22656250000000008 0.5609375 0.2453125000000001 0.5609375
4 0.1390625000000001 0.6015625 0.1281250000000001 0.6015625 0.1281250000000001 0.6171875 0.1390625000000001 0.6171875
4 0.56875 0.33281250000000007 0.5578125 0.33281250000000007 0.5578125 0.3453125000000001 0.56875 0.3453125000000001
2 0.9109375 0.32500000000000007 0.884375 0.32500000000000007 0.884375 0.3468750000000001 0.9109375 0.3468750000000001
2 0.9953125 0.3203125000000001 0.9640625 0.3203125000000001 0.9640625 0.3453125000000001 0.9953125 0.3453125000000001
4 0.7875 0.23593750000000008 0.759375 0.23593750000000008 0.759375 0.2656250000000001 0.7875 0.2656250000000001
4 0.778125 0.15625000000000008 0.75 0.15625000000000008 0.75 0.1828125000000001 0.778125 0.1828125000000001
4 0.6 0.54375 0.5859375 0.54375 0.5859375 0.559375 0.6 0.559375
3 0.1531250000000001 0.5671875 0.1375000000000001 0.5671875 0.1375000000000001 0.584375 0.1531250000000001 0.584375
4 0.36406250000000007 0.5546875 0.3500000000000001 0.5546875 0.3500000000000001 0.5734375 0.36406250000000007 0.5734375
4 0.3781250000000001 0.4015625 0.36406250000000007 0.4015625 0.36406250000000007 0.415625 0.3781250000000001 0.415625
5 0.03281250000000008 0.5984375 0.018750000000000072 0.5984375 0.018750000000000072 0.6109375 0.03281250000000008 0.6109375