6 0.3984375000000001 0.65625 0.3625000000000001 0.65625 0.3625000000000001 0.7125 0.3984375000000001 0.7125
0 0.45 0.3656250000000001 0.43125 0.3656250000000001 0.43125 0.39531250000000007 0.45 0.39531250000000007
0 0.528125 0.465625 0.5125 0.465625 0.5125 0.4875 0.528125 0.4875
0 0.446875 0.5921875 0.4296875 0.5921875 0.4296875 0.615625 0.446875 0.615625
0 0.471875 0.6453125 0.4578125 0.6453125 0.4578125 0.6625 0.471875 0.6625
0 0.434375 0.65625 0.41875 0.65625 0.41875 0.675 0.434375 0.675
0 0.4265625 0.6359375 0.4109375 0.6359375 0.4109375 0.659375 0.4265625 0.659375
2 0.5671875 0.3968750000000001 0.5453125 0.3968750000000001 0.5453125 0.4234375 0.5671875 0.4234375
2 0.4109375 0.609375 0.3859375000000001 0.609375 0.3859375000000001 0.646875 0.4109375 0.646875
0 0.3828125000000001 0.73125 0.3671875000000001 0.73125 0.3671875000000001 0.7609375 0.3828125000000001 0.7609375
0 0.5953125 0.6765625 0.578125 0.6765625 0.578125 0.7015625 0.5953125 0.7015625
2 0.6453125 0.63125 0.625 0.63125 0.625 0.6625 0.6453125 0.6625
2 0.565625 0.584375 0.546875 0.584375 0.546875 0.628125 0.565625 0.628125
0 0.6359375 0.4125 0.6203125 0.4125 0.6203125 0.4359375 0.6359375 0.4359375
0 0.6140625 0.4703125 0.5984375 0.4703125 0.5984375 0.4953125 0.6140625 0.4953125
3 0.8109375 0.8609375 0.7890625000000002 0.8609375 0.7890625000000002 0.8921875 0.8109375 0.8921875
4 0.40625 0.58125 0.39531250000000007 0.58125 0.39531250000000007 0.6 0.40625 0.6
4 0.3515625000000001 0.5234375 0.3375000000000001 0.5234375 0.3375000000000001 0.54375 0.3515625000000001 0.54375
4 0.37187500000000007 0.471875 0.3578125000000001 0.471875 0.3578125000000001 0.4921875 0.37187500000000007 0.4921875
4 0.3781250000000001 0.44375 0.3687500000000001 0.44375 0.3687500000000001 0.4640625 0.3781250000000001 0.4640625
4 0.4046875 0.453125 0.3921875000000001 0.453125 0.3921875000000001 0.4703125 0.4046875 0.4703125
4 0.40625 0.4171875 0.3968750000000001 0.4171875 0.3968750000000001 0.440625 0.40625 0.440625
4 0.4140625 0.428125 0.40625 0.428125 0.40625 0.453125 0.4140625 0.453125
4 0.4328125 0.4234375 0.41875 0.4234375 0.41875 0.446875 0.4328125 0.446875
4 0.4171875 0.409375 0.4078125 0.409375 0.4078125 0.428125 0.4171875 0.428125
4 0.4046875 0.3421875000000001 0.3921875 0.3421875000000001 0.3921875 0.3625000000000001 0.4046875 0.3625000000000001
4 0.4109375 0.3078125000000001 0.3984375 0.3078125000000001 0.3984375 0.32500000000000007 0.4109375 0.32500000000000007
4 0.3859375 0.3375000000000001 0.378125 0.3375000000000001 0.378125 0.3578125000000001 0.3859375 0.3578125000000001
4 0.39375000000000004 0.3593750000000001 0.38125 0.3593750000000001 0.38125000000000003 0.37968750000000007 0.3937500000000001 0.37968750000000007
4 0.3921875 0.2656250000000001 0.38125 0.2656250000000001 0.38125 0.2812500000000001 0.3921875 0.2812500000000001
4 0.35 0.2203125 0.3390625 0.2203125 0.3390625 0.234375 0.35 0.234375
4 0.2984375 0.2578125 0.2890625 0.2578125 0.2890625 0.275 0.2984375 0.275
4 0.325 0.340625 0.315625 0.340625 0.315625 0.3609375 0.325 0.3609375
4 0.3453125000000001 0.3875 0.3343750000000001 0.3875 0.3343750000000001 0.40625 0.3453125000000001 0.40625
4 0.35625000000000007 0.41875 0.3437500000000001 0.41875 0.3437500000000001 0.4375 0.35625000000000007 0.4375
4 0.3390625000000001 0.4703125 0.3296875000000001 0.4703125 0.3296875000000001 0.4921875 0.3390625000000001 0.4921875
4 0.3109375000000001 0.43125 0.30156250000000007 0.43125 0.30156250000000007 0.446875 0.3109375000000001 0.446875
4 0.2890625000000001 0.446875 0.27812500000000007 0.446875 0.27812500000000007 0.4625 0.2890625000000001 0.4625
4 0.3312500000000001 0.590625 0.3218750000000001 0.590625 0.3218750000000001 0.6109375 0.3312500000000001 0.6109375
4 0.34062500000000007 0.5890625 0.3312500000000001 0.5890625 0.3312500000000001 0.6046875 0.34062500000000007 0.6046875
4 0.3515625000000001 0.5859375 0.3421875000000001 0.5859375 0.3421875000000001 0.6015625 0.3515625000000001 0.6015625
4 0.3531250000000001 0.5953125 0.3453125000000001 0.5953125 0.3453125000000001 0.615625 0.3531250000000001 0.615625
4 0.3671875000000001 0.578125 0.35625000000000007 0.578125 0.35625000000000007 0.596875 0.3671875000000001 0.596875
4 0.3687500000000001 0.55625 0.3578125000000001 0.55625 0.3578125000000001 0.575 0.3687500000000001 0.575
4 0.3750000000000001 0.5921875 0.36406250000000007 0.5921875 0.36406250000000007 0.6109375 0.3750000000000001 0.6109375
4 0.3890625000000001 0.5921875 0.3781250000000001 0.5921875 0.3781250000000001 0.6109375 0.3890625000000001 0.6109375
4 0.4046875 0.5625 0.3937500000000001 0.5625 0.3937500000000001 0.5828125 0.4046875 0.5828125
4 0.41875 0.534375 0.4078125 0.534375 0.4078125 0.5546875 0.41875 0.5546875
4 0.4140625 0.4984375 0.403125 0.4984375 0.403125 0.5234375 0.4140625 0.5234375
4 0.3968750000000001 0.475 0.38750000000000007 0.475 0.38750000000000007 0.49375 0.3968750000000001 0.49375
4 0.3984375000000001 0.4953125 0.3859375000000001 0.4953125 0.3859375000000001 0.5078125 0.3984375000000001 0.5078125
4 0.453125 0.3968750000000001 0.44375 0.3968750000000001 0.44375 0.415625 0.453125 0.415625
4 0.4671875 0.3828125000000001 0.4546875 0.3828125000000001 0.4546875 0.4 0.4671875 0.4
4 0.5015625 0.4046875 0.490625 0.4046875 0.490625 0.425 0.5015625 0.425
4 0.4953125 0.421875 0.48125 0.421875 0.48125 0.446875 0.4953125 0.446875
4 0.5453125 0.446875 0.5375 0.446875 0.5375 0.4578125 0.5453125 0.4578125
4 0.55625 0.4515625 0.5453125 0.4515625 0.5453125 0.4671875 0.55625 0.4671875
4 0.5328125 0.459375 0.5234375 0.459375 0.5234375 0.4765625 0.5328125 0.4765625
4 0.54375 0.484375 0.5328125 0.484375 0.5328125 0.5046875 0.54375 0.5046875
4 0.559375 0.48125 0.5484375 0.48125 0.5484375 0.4984375 0.559375 0.4984375
4 0.53125 0.5109375 0.5171875 0.5109375 0.5171875 0.525 0.53125 0.525
4 0.50625 0.54375 0.49375 0.54375 0.49375 0.5625 0.50625 0.5625
4 0.496875 0.5109375 0.48125 0.5109375 0.48125 0.5296875 0.496875 0.5296875
4 0.5234375 0.5484375 0.5140625 0.5484375 0.5140625 0.5703125 0.5234375 0.5703125
4 0.515625 0.5578125 0.509375 0.5578125 0.509375 0.575 0.515625 0.575
4 0.5359375 0.578125 0.5265625 0.578125 0.5265625 0.5984375 0.5359375 0.5984375
4 0.5421875 0.6 0.5328125 0.6 0.5328125 0.61875 0.5421875 0.61875
4 0.5859375 0.559375 0.5734375 0.559375 0.5734375 0.575 0.5859375 0.575
4 0.596875 0.5546875 0.5875 0.5546875 0.5875 0.571875 0.596875 0.571875
4 0.4875 0.59375 0.478125 0.59375 0.478125 0.6125 0.4875 0.6125
4 0.5 0.5890625 0.4875 0.5890625 0.4875 0.6 0.5 0.6
4 0.478125 0.54375 0.46875 0.54375 0.46875 0.5640625 0.478125 0.5640625
4 0.4796875 0.5171875 0.46875 0.5171875 0.46875 0.5390625 0.4796875 0.5390625
4 0.4703125 0.5078125 0.4578125 0.5078125 0.4578125 0.521875 0.4703125 0.521875
4 0.4546875 0.51875 0.4421875 0.51875 0.4421875 0.534375 0.4546875 0.534375
4 0.45 0.5546875 0.440625 0.5546875 0.440625 0.5734375 0.45 0.5734375
4 0.4625 0.5453125 0.4515625 0.5453125 0.4515625 0.5578125 0.4625 0.5578125
4 0.4671875 0.521875 0.45625 0.521875 0.45625 0.5359375 0.4671875 0.5359375
4 0.4640625 0.559375 0.453125 0.559375 0.453125 0.575 0.4640625 0.575
4 0.465625 0.5765625 0.4546875 0.5765625 0.4546875 0.590625 0.465625 0.590625
4 0.4625 0.609375 0.4515625 0.609375 0.4515625 0.621875 0.4625 0.621875
4 0.5125 0.65 0.5 0.65 0.5 0.66875 0.5125 0.66875
4 0.521875 0.646875 0.5140625 0.646875 0.5140625 0.6625 0.521875 0.6625
4 0.55625 0.646875 0.5453125 0.646875 0.5453125 0.6609375 0.55625 0.6609375
4 0.5734375 0.596875 0.5640625 0.596875 0.5640625 0.6171875 0.5734375 0.6171875
4 0.5921875000000001 0.7109375 0.58125 0.7109375 0.58125 0.7296875 0.5921875000000002 0.7296875
4 0.5453125 0.696875 0.5359375 0.696875 0.5359375 0.715625 0.5453125 0.715625
4 0.475 0.665625 0.4609375 0.665625 0.4609375 0.678125 0.475 0.678125
4 0.4453125 0.6625 0.434375 0.6625 0.434375 0.678125 0.4453125 0.678125
4 0.43125 0.6828125 0.421875 0.6828125 0.421875 0.703125 0.43125 0.703125
4 0.3968750000000001 0.7140625 0.3906250000000001 0.7140625 0.3906250000000001 0.7328125 0.3968750000000001 0.7328125
4 0.3906250000000001 0.728125 0.3828125000000001 0.728125 0.3828125000000001 0.746875 0.3906250000000001 0.746875
4 0.33281250000000007 0.8171875 0.3234375000000001 0.8171875 0.3234375000000001 0.8375 0.33281250000000007 0.8375
4 0.3296875000000001 0.890625 0.3203125000000001 0.890625 0.3203125000000001 0.9140625 0.3296875000000001 0.9140625
4 0.31718750000000007 0.8953125 0.3062500000000001 0.8953125 0.3062500000000001 0.9171875 0.31718750000000007 0.9171875
4 0.3078125000000001 0.9328125 0.2953125000000001 0.9328125 0.2953125000000001 0.953125 0.3078125000000001 0.953125
4 0.3203125000000001 0.9359375 0.3109375000000001 0.9359375 0.3109375000000001 0.959375 0.3203125000000001 0.959375
4 0.2968750000000001 0.9109375 0.2890625000000001 0.9109375 0.2890625000000001 0.934375 0.2968750000000001 0.934375
4 0.29375000000000007 0.8125 0.2843750000000001 0.8125 0.2843750000000001 0.8359375 0.29375000000000007 0.8359375
4 0.3109375000000001 0.7859375 0.2984375000000001 0.7859375 0.2984375000000001 0.8078125 0.3109375000000001 0.8078125
4 0.3125000000000001 0.7265625 0.3031250000000001 0.7265625 0.3031250000000001 0.7515625 0.3125000000000001 0.7515625
4 0.2828125000000001 0.7984375 0.2687500000000001 0.7984375 0.2687500000000001 0.8203125 0.2828125000000001 0.8203125
4 0.2562500000000001 0.83125 0.2453125000000001 0.83125 0.2453125000000001 0.8515625 0.2562500000000001 0.8515625
4 0.2828125000000001 0.825 0.2718750000000001 0.825 0.2718750000000001 0.846875 0.2828125000000001 0.846875
3 0.2640625000000001 0.7890625 0.2484375000000001 0.7890625 0.2484375000000001 0.8234375 0.2640625000000001 0.8234375
3 0.2875000000000001 0.6671875 0.2734375000000001 0.6671875 0.2734375000000001 0.696875 0.2875000000000001 0.696875
4 0.30937500000000007 0.703125 0.3000000000000001 0.703125 0.3000000000000001 0.7234375 0.30937500000000007 0.7234375
4 0.3156250000000001 0.6578125 0.3062500000000001 0.6578125 0.3062500000000001 0.678125 0.3156250000000001 0.678125
4 0.3421875000000001 0.6578125 0.3343750000000001 0.6578125 0.3343750000000001 0.6765625 0.3421875000000001 0.6765625
4 0.3265625000000001 0.6765625 0.31718750000000007 0.6765625 0.31718750000000007 0.696875 0.3265625000000001 0.696875
4 0.3375000000000001 0.7 0.3281250000000001 0.7 0.3281250000000001 0.71875 0.3375000000000001 0.71875
4 0.3531250000000001 0.65 0.3453125000000001 0.65 0.3453125000000001 0.665625 0.3531250000000001 0.665625
4 0.3203125000000001 0.6078125 0.3109375000000001 0.6078125 0.3109375000000001 0.628125 0.3203125000000001 0.628125
4 0.3125000000000001 0.609375 0.3046875000000001 0.609375 0.3046875000000001 0.628125 0.3125000000000001 0.628125
2 0.5296875 0.2609375000000001 0.5046875 0.2609375000000001 0.5046875 0.2906250000000001 0.5296875 0.2906250000000001
2 0.5640625 0.2296875000000001 0.5390625 0.2296875000000001 0.5390625 0.2609375000000001 0.5640625 0.2609375000000001
2 0.609375 0.2015625000000001 0.5890625 0.2015625000000001 0.5890625 0.2312500000000001 0.609375 0.2312500000000001
2 0.6296875 0.1359375000000001 0.6140625 0.1359375000000001 0.6140625 0.1765625000000001 0.6296875 0.1765625000000001
2 0.6703125 0.1359375000000001 0.6484375 0.1359375000000001 0.6484375 0.16406250000000008 0.6703125 0.16406250000000008
4 0.6890625 0.19687500000000008 0.678125 0.19687500000000008 0.678125 0.21093750000000008 0.6890625 0.21093750000000008
4 0.6125 0.2671875000000001 0.5984375 0.2671875000000001 0.5984375 0.2812500000000001 0.6125 0.2812500000000001
4 0.5515625 0.34843750000000007 0.54375 0.34843750000000007 0.54375 0.37187500000000007 0.5515625 0.37187500000000007
4 0.5859375 0.3906250000000001 0.575 0.3906250000000001 0.575 0.4015625 0.5859375 0.4015625
4 0.646875 0.26250000000000007 0.6359375 0.26250000000000007 0.6359375 0.2796875000000001 0.646875 0.2796875000000001
4 0.7 0.10937500000000008 0.6890625 0.10937500000000008 0.6890625 0.1312500000000001 0.7 0.1312500000000001
4 0.7203125 0.1703125000000001 0.7109375 0.1703125000000001 0.7109375 0.1859375000000001 0.7203125 0.1859375000000001
4 0.7359375 0.3281250000000001 0.721875 0.3281250000000001 0.721875 0.3453125000000001 0.7359375 0.3453125000000001
4 0.7578125 0.3609375000000001 0.7484375 0.3609375000000001 0.7484375 0.3812500000000001 0.7578125 0.3812500000000001
4 0.6546875 0.453125 0.64375 0.453125 0.64375 0.4671875 0.6546875 0.4671875
4 0.634375 0.4578125 0.625 0.4578125 0.625 0.46875 0.634375 0.46875
3 0.63125 0.478125 0.6125 0.478125 0.6125 0.503125 0.63125 0.503125
3 0.6390625 0.528125 0.621875 0.528125 0.621875 0.55625 0.6390625 0.55625
3 0.68125 0.565625 0.665625 0.565625 0.665625 0.5921875 0.68125 0.5921875
3 0.63125 0.6375 0.6015625 0.6375 0.6015625 0.68125 0.63125 0.68125
3 0.7046875 0.5921875 0.6828125 0.5921875 0.6828125 0.6265625 0.7046875 0.6265625
3 0.7203125 0.6109375 0.6953125 0.6109375 0.6953125 0.6515625 0.7203125 0.6515625
3 0.7421875 0.659375 0.71875 0.659375 0.71875 0.6890625000000001 0.7421875 0.6890625000000001
4 0.7312500000000002 0.8640625 0.7203125000000001 0.8640625 0.7203125000000001 0.8828125 0.7312500000000002 0.8828125
4 0.6421875000000001 0.784375 0.6296875000000002 0.784375 0.6296875000000002 0.803125 0.6421875000000001 0.803125
4 0.6500000000000001 0.778125 0.6390625000000002 0.778125 0.6390625000000002 0.79375 0.6500000000000001 0.79375
4 0.6375000000000002 0.7265625 0.6281250000000002 0.7265625 0.6281250000000002 0.746875 0.6375000000000002 0.746875
4 0.5875000000000001 0.753125 0.5718750000000001 0.753125 0.5718750000000001 0.7703125 0.5875000000000001 0.7703125
4 0.6859375 0.6953125 0.6765625 0.6953125 0.6765625 0.7109375 0.6859375 0.7109375
4 0.7046875000000001 0.728125 0.6937500000000002 0.728125 0.6937500000000002 0.7453125 0.7046875000000001 0.7453125
4 0.7296875000000002 0.7562500000000001 0.7187500000000002 0.75625 0.7187500000000002 0.7750000000000001 0.7296875000000002 0.7750000000000001
4 0.7312500000000002 0.7812500000000001 0.7187500000000002 0.78125 0.7187500000000002 0.8015625 0.7312500000000002 0.8015625
4 0.7531250000000002 0.7875000000000002 0.7406250000000002 0.7875000000000002 0.7406250000000002 0.8046875 0.7531250000000002 0.8046875
4 0.7453125 0.6937500000000002 0.73125 0.6937500000000002 0.73125 0.7046875000000001 0.7453125 0.7046875000000001
4 0.7671875000000001 0.7062500000000002 0.75625 0.7062500000000002 0.7562500000000001 0.7281250000000001 0.7671875000000001 0.7281250000000001
4 0.775 0.7062500000000002 0.7671875 0.7062500000000002 0.7671875 0.7250000000000002 0.775 0.7250000000000002
2 0.771875 0.6062500000000002 0.7515625 0.6062500000000002 0.7515625 0.6500000000000001 0.771875 0.6500000000000001
2 0.859375 0.3609375000000001 0.8375 0.3609375000000001 0.8375 0.4046875000000002 0.859375 0.4046875000000002
2 0.878125 0.2687500000000001 0.853125 0.2687500000000001 0.853125 0.2984375000000001 0.878125 0.2984375000000001
4 0.8359375 0.05625000000000011 0.821875 0.05625000000000011 0.821875 0.0718750000000001 0.8359375 0.0718750000000001
3 0.7484375 0.3687500000000001 0.7234375 0.3687500000000001 0.7234375 0.4015625000000001 0.7484375 0.40156250000000016
3 0.6859375 0.4171875 0.6609375 0.4171875 0.6609375 0.4515625 0.6859375 0.4515625
3 0.8234375 0.3125000000000001 0.8 0.3125000000000001 0.8 0.3437500000000001 0.8234375 0.3437500000000001
3 0.8546875 0.28593750000000007 0.821875 0.28593750000000007 0.821875 0.3265625000000001 0.8546875 0.3265625000000001
3 0.88125 0.30156250000000007 0.8515625 0.30156250000000007 0.8515625 0.3625000000000001 0.88125 0.3625000000000001
3 0.84375 0.41406250000000017 0.809375 0.41406250000000017 0.809375 0.4781250000000002 0.84375 0.4781250000000002
3 0.8171875 0.4859375000000002 0.8 0.4859375000000002 0.8 0.5171875000000001 0.8171875 0.5171875000000001
4 0.7718750000000002 0.9046875 0.7593750000000001 0.9046875 0.7593750000000001 0.925 0.7718750000000002 0.925
4 0.7250000000000002 0.9109375 0.7140625000000002 0.9109375 0.7140625000000002 0.9375 0.7250000000000002 0.9375
4 0.7937500000000002 0.953125 0.7812500000000002 0.953125 0.7812500000000002 0.9734375 0.7937500000000002 0.9734375
4 0.8109375 0.9015625 0.8 0.9015625 0.8 0.9203125 0.8109375 0.9203125
4 0.8515625 0.9203125 0.840625 0.9203125 0.840625 0.940625 0.8515625 0.940625
4 0.7984375000000001 0.975 0.7843750000000002 0.975 0.7843750000000002 0.9921875 0.7984375000000001 0.9921875
4 0.7843750000000002 0.7343750000000002 0.7734375000000002 0.7343750000000002 0.7734375000000002 0.7453125000000002 0.7843750000000002 0.7453125000000002
4 0.99375 0.2140625000000001 0.975 0.2140625000000001 0.975 0.2312500000000001 0.99375 0.2312500000000001
4 0.9828125 0.24375000000000008 0.96875 0.24375000000000008 0.96875 0.2656250000000001 0.9828125 0.2656250000000001
4 0.425 0.60625 0.4140625 0.60625 0.4140625 0.6265625 0.425 0.6265625
4 0.6843750000000002 0.8265625 0.6734375000000001 0.8265625 0.6734375000000001 0.84375 0.6843750000000002 0.84375
2 0.7406250000000002 0.94375 0.7156250000000002 0.94375 0.7156250000000002 0.975 0.7406250000000002 0.975
2 0.31875 0.09687500000000004 0.296875 0.09687500000000004 0.296875 0.13437500000000005 0.31875 0.13437500000000005
2 0.4171875 0.12656250000000005 0.39375 0.12656250000000005 0.39375 0.16562500000000005 0.4171875 0.16562500000000005
2 0.3265625 0.17656250000000004 0.30625 0.17656250000000004 0.30625 0.2125 0.3265625 0.2125
3 0.2640625 0.2265625 0.24375 0.2265625 0.24375 0.2625 0.2640625 0.2625
2 0.1984375 0.11562500000000002 0.178125 0.115625 0.178125 0.15000000000000002 0.1984375 0.15000000000000005
3 0.2015625 0.19687500000000002 0.17656250000000004 0.196875 0.17656250000000004 0.2359375 0.2015625 0.2359375
3 0.2265625 0.2390625 0.2015625 0.2390625 0.2015625 0.2796875 0.2265625 0.2796875
3 0.2453125 0.265625 0.21875 0.265625 0.21875 0.3109375 0.2453125 0.3109375
6 0.2046875 0.234375 0.17500000000000004 0.234375 0.17500000000000004 0.290625 0.2046875 0.290625
4 0.2046875 0.16093750000000004 0.190625 0.16093750000000004 0.190625 0.17968750000000006 0.2046875 0.17968750000000006
4 0.209375 0.10625000000000004 0.1984375 0.10625000000000004 0.1984375 0.12500000000000006 0.209375 0.12500000000000006
4 0.2046875 0.14843750000000006 0.1921875 0.14843750000000006 0.1921875 0.16250000000000003 0.2046875 0.16250000000000003
4 0.178125 0.1078125 0.16875 0.1078125 0.16875 0.13125 0.178125 0.13125
4 0.2265625 0.021875000000000026 0.215625 0.021875000000000026 0.215625 0.04062500000000002 0.2265625 0.04062500000000002
0 0.1671875 0.0015625000000000194 0.146875 0.001562500000000018 0.146875 0.025000000000000022 0.1671875 0.025000000000000022
3 0.7171875 0.3968750000000001 0.6859375 0.3968750000000001 0.6859375 0.4328125 0.7171875 0.4328125
3 0.6953125 0.565625 0.6734375 0.565625 0.6734375 0.6046875 0.6953125 0.6046875
3 0.73125 0.6250000000000001 0.709375 0.625 0.709375 0.6640625000000001 0.73125 0.6640625000000002
3 0.6796875 0.5453125 0.6578125 0.5453125 0.6578125 0.58125 0.6796875 0.58125
3 0.6421875 0.4890625 0.621875 0.4890625 0.621875 0.521875 0.6421875 0.521875
3 0.5328125 0.20312500000000008 0.509375 0.20312500000000008 0.509375 0.23437500000000008 0.5328125 0.23437500000000008
4 0.553125 0.18125000000000008 0.546875 0.18125000000000008 0.546875 0.2000000000000001 0.553125 0.2000000000000001
4 0.5203125 0.18437500000000004 0.5140625 0.18437500000000004 0.5140625 0.2062500000000001 0.5203125 0.2062500000000001
4 0.5578125 0.1750000000000001 0.5515625 0.1750000000000001 0.5515625 0.19531250000000008 0.5578125 0.19531250000000008
4 0.565625 0.1921875000000001 0.5578125 0.1921875000000001 0.5578125 0.21093750000000008 0.565625 0.21093750000000008
4 0.5703125 0.18906250000000008 0.565625 0.18906250000000008 0.565625 0.2078125000000001 0.5703125 0.2078125000000001
4 0.5765625 0.1859375000000001 0.571875 0.1859375000000001 0.571875 0.2015625000000001 0.5765625 0.2015625000000001
4 0.5921875 0.18750000000000008 0.5859375 0.18750000000000008 0.5859375 0.2062500000000001 0.5921875 0.2062500000000001
4 0.60625 0.1625000000000001 0.6 0.1625000000000001 0.6 0.1828125000000001 0.60625 0.1828125000000001
4 0.6125 0.14843750000000008 0.6078125 0.14843750000000008 0.6078125 0.1671875000000001 0.6125 0.1671875000000001
4 0.6125 0.1218750000000001 0.60625 0.1218750000000001 0.60625 0.14062500000000008 0.6125 0.14062500000000008
4 0.5984375 0.1687500000000001 0.5921875 0.1687500000000001 0.5921875 0.1843750000000001 0.5984375 0.1843750000000001
4 0.5859375 0.17968750000000008 0.5796875 0.17968750000000008 0.5796875 0.1984375000000001 0.5859375 0.1984375000000001
4 0.5828125 0.1828125000000001 0.578125 0.1828125000000001 0.578125 0.2015625000000001 0.5828125 0.2015625000000001
4 0.6390625 0.1546875000000001 0.6328125 0.1546875000000001 0.6328125 0.17187500000000008 0.6390625 0.17187500000000008
4 0.6328125 0.1281250000000001 0.628125 0.1281250000000001 0.628125 0.15000000000000008 0.6328125 0.15000000000000008
4 0.6390625 0.1312500000000001 0.6328125 0.1312500000000001 0.6328125 0.1453125000000001 0.6390625 0.1453125000000001
4 0.64375 0.12500000000000008 0.6375 0.12500000000000008 0.6375 0.14062500000000008 0.64375 0.14062500000000008
4 0.653125 0.11875000000000009 0.64375 0.11875000000000009 0.64375 0.1375000000000001 0.653125 0.1375000000000001
4 0.6578125 0.11718750000000008 0.6515625 0.11718750000000008 0.6515625 0.1359375000000001 0.6578125 0.1359375000000001
4 0.6640625 0.11562500000000009 0.659375 0.11562500000000009 0.659375 0.13281250000000008 0.6640625 0.13281250000000008
4 0.66875 0.1140625000000001 0.6625 0.1140625000000001 0.6625 0.1296875000000001 0.66875 0.1296875000000001
4 0.6828125 0.12031250000000009 0.6734375 0.12031250000000009 0.6734375 0.1390625000000001 0.6828125 0.1390625000000001
4 0.6734375 0.10937500000000008 0.66875 0.10937500000000008 0.66875 0.1281250000000001 0.6734375 0.1281250000000001
4 0.6828125 0.10000000000000009 0.678125 0.10000000000000009 0.678125 0.11875000000000009 0.6828125 0.11875000000000009
4 0.6859375 0.09687500000000009 0.68125 0.09687500000000009 0.68125 0.11718750000000008 0.6859375 0.11718750000000008
4 0.690625 0.09687500000000009 0.6859375 0.09687500000000009 0.6859375 0.11250000000000009 0.690625 0.11250000000000009
4 0.7671875 0.02656250000000009 0.7609375 0.02656250000000009 0.7609375 0.04843750000000009 0.7671875 0.04843750000000009
4 0.7765625 0.020312500000000094 0.7671875 0.020312500000000094 0.7671875 0.0390625000000001 0.7765625 0.0390625000000001
4 0.7796875 0.017187500000000095 0.7734375 0.017187500000000095 0.7734375 0.0343750000000001 0.7796875 0.0343750000000001
4 0.7875 0.5578125000000002 0.775 0.5578125000000002 0.775 0.5671875000000002 0.7875 0.5671875000000002
4 0.7921875 0.5453125000000002 0.78125 0.5453125000000002 0.78125 0.5562500000000001 0.7921875 0.5562500000000001
4 0.796875 0.5359375000000002 0.7859375 0.5359375000000002 0.7859375 0.5468750000000002 0.796875 0.5468750000000002
4 0.8359375 0.5906250000000002 0.825 0.5906250000000002 0.825 0.6015625000000002 0.8359375 0.6015625000000002
4 0.8171875 0.6390625000000002 0.80625 0.6390625000000002 0.80625 0.6531250000000002 0.8171875 0.6531250000000002
4 0.8125 0.6593750000000002 0.8 0.6593750000000002 0.8 0.6718750000000002 0.8125 0.6718750000000002
4 0.80625 0.6703125000000002 0.7953125 0.6703125000000002 0.7953125 0.6843750000000002 0.80625 0.6843750000000002
4 0.8046875 0.6828125000000002 0.7921875 0.6828125000000002 0.7921875 0.6937500000000002 0.8046875 0.6937500000000002
4 0.7890625000000002 0.7265625000000002 0.7796875000000002 0.7265625000000002 0.7796875000000002 0.7390625000000002 0.7890625000000002 0.7390625000000002
4 0.7906250000000001 0.7171875000000002 0.7796875 0.7171875000000002 0.7796875000000001 0.7281250000000001 0.7906250000000001 0.7281250000000001
4 0.7984375 0.7000000000000002 0.7875 0.7000000000000002 0.7875 0.7093750000000002 0.7984375 0.7093750000000002
4 0.7953125 0.7078125000000002 0.784375 0.7078125000000002 0.784375 0.7203125000000001 0.7953125 0.7203125000000001
4 0.8234375 0.6234375000000002 0.8140625 0.6234375000000002 0.8140625 0.6359375000000002 0.8234375 0.6359375000000002
4 0.875 0.47656250000000017 0.8625 0.47656250000000017 0.8625 0.4906250000000002 0.875 0.4906250000000002
4 0.8734375 0.45625000000000016 0.8640625 0.45625000000000016 0.8640625 0.4750000000000002 0.8734375 0.4750000000000002
4 0.896875 0.3984375000000001 0.884375 0.3984375000000001 0.884375 0.41718750000000016 0.896875 0.41718750000000016
4 0.9109375 0.37968750000000007 0.9015625 0.37968750000000007 0.9015625 0.3984375000000001 0.9109375 0.3984375000000001
4 0.9265625 0.3343750000000001 0.91875 0.3343750000000001 0.91875 0.3531250000000001 0.9265625 0.3531250000000001
4 0.93125 0.32500000000000007 0.925 0.32500000000000007 0.925 0.3453125000000001 0.93125 0.3453125000000001
4 0.9390625 0.31718750000000007 0.9296875 0.31718750000000007 0.9296875 0.3375000000000001 0.9390625 0.3375000000000001
4 0.503125 0.2671875000000001 0.4984375 0.2671875000000001 0.4984375 0.2843750000000001 0.503125 0.2843750000000001
4 0.5078125 0.2515625000000001 0.503125 0.2515625000000001 0.503125 0.2671875000000001 0.5078125 0.2671875000000001
4 0.4984375 0.2656250000000001 0.4921875 0.2656250000000001 0.4921875 0.2843750000000001 0.4984375 0.2843750000000001
4 0.478125 0.2750000000000001 0.46875 0.2750000000000001 0.46875 0.2890625000000001 0.478125 0.2890625000000001
4 0.465625 0.2734375000000001 0.4609375 0.2734375000000001 0.4609375 0.2906250000000001 0.465625 0.2906250000000001
4 0.459375 0.2890625000000001 0.453125 0.2890625000000001 0.453125 0.3078125000000001 0.459375 0.3078125000000001
4 0.4625 0.3031250000000001 0.4546875 0.3031250000000001 0.4546875 0.3218750000000001 0.4625 0.3218750000000001
4 0.4515625 0.2812500000000001 0.4453125 0.2812500000000001 0.4453125 0.30156250000000007 0.4515625 0.30156250000000007
4 0.44375 0.2843750000000001 0.4390625 0.2843750000000001 0.4390625 0.3031250000000001 0.44375 0.3031250000000001
4 0.4390625 0.28593750000000007 0.434375 0.28593750000000007 0.434375 0.3031250000000001 0.4390625 0.3031250000000001
4 0.44375 0.3125000000000001 0.4328125 0.3125000000000001 0.4328125 0.3281250000000001 0.44375 0.3281250000000001
4 0.434375 0.2812500000000001 0.4296875 0.2812500000000001 0.4296875 0.3000000000000001 0.434375 0.3000000000000001
4 0.4203125 0.2734375000000001 0.4140625 0.2734375000000001 0.4140625 0.2921875000000001 0.4203125 0.2921875000000001
4 0.4171875 0.26250000000000007 0.4109375 0.26250000000000007 0.4109375 0.28593750000000007 0.4171875 0.28593750000000007
4 0.4125 0.2531250000000001 0.4046875 0.2531250000000001 0.4046875 0.2718750000000001 0.4125 0.2718750000000001
4 0.4046875 0.24375000000000008 0.3984375 0.24375000000000008 0.3984375 0.2593750000000001 0.4046875 0.2593750000000001
4 0.4046875 0.2312500000000001 0.3984375 0.2312500000000001 0.3984375 0.2468750000000001 0.4046875 0.2468750000000001
4 0.396875 0.2296875000000001 0.390625 0.2296875000000001 0.390625 0.2453125000000001 0.396875 0.2453125000000001
4 0.3953125 0.18437500000000004 0.3859375 0.18437500000000004 0.3859375 0.20312500000000008 0.3953125 0.20312500000000008
4 0.3921875 0.12656250000000005 0.3859375 0.12656250000000005 0.3859375 0.15000000000000005 0.3921875 0.15000000000000005
4 0.3859375 0.11250000000000004 0.3796875 0.11250000000000004 0.3796875 0.13125000000000003 0.3859375 0.13125000000000003
4 0.3828125 0.09843750000000004 0.3734375 0.09843750000000004 0.3734375 0.11406250000000004 0.3828125 0.11406250000000004
4 0.3765625 0.07343750000000004 0.365625 0.07343750000000004 0.365625 0.08906250000000004 0.3765625 0.08906250000000004
4 0.3640625 0.05625000000000004 0.3578125 0.05625000000000004 0.3578125 0.07500000000000004 0.3640625 0.07500000000000004
4 0.3484375 0.06875000000000005 0.3390625 0.06875000000000005 0.3390625 0.08281250000000004 0.3484375 0.08281250000000004
4 0.35625 0.04687500000000004 0.346875 0.04687500000000004 0.346875 0.06250000000000004 0.35625 0.06250000000000004
4 0.346875 0.034375000000000044 0.3375 0.034375000000000044 0.3375 0.050000000000000044 0.346875 0.050000000000000044
4 0.3453125 0.010937500000000041 0.3375 0.010937500000000041 0.3375 0.026562500000000044 0.3453125 0.026562500000000044
4 0.2640625 0.06718750000000002 0.25 0.06718750000000002 0.25 0.08750000000000002 0.2640625 0.08750000000000002
4 0.2484375 2.985076572921673e-17 0.2390625 2.9276712542116413e-17 0.2390625 0.01093750000000003 0.2484375 0.01093750000000003
4 0.3328125 0.057812500000000044 0.325 0.057812500000000044 0.325 0.07500000000000004 0.3328125 0.07500000000000004
4 0.3359375 0.06406250000000005 0.3296875 0.06406250000000005 0.3296875 0.07968750000000005 0.3359375 0.07968750000000005
4 0.3296875 0.07031250000000004 0.31875 0.07031250000000004 0.31875 0.07812500000000004 0.3296875 0.07812500000000004
4 0.325 0.07500000000000004 0.315625 0.07500000000000004 0.315625 0.08593750000000004 0.325 0.08593750000000004
4 0.3125 0.07343750000000004 0.30625 0.07343750000000004 0.30625 0.09218750000000005 0.3125 0.09218750000000005
4 0.3484375 0.12031250000000004 0.3421875 0.12031250000000004 0.3421875 0.13593750000000004 0.3484375 0.13593750000000004
4 0.375 0.12343750000000005 0.36875 0.12343750000000005 0.36875 0.14062500000000006 0.375 0.14062500000000006
4 0.3796875 0.13281250000000006 0.3734375 0.13281250000000006 0.3734375 0.15468750000000003 0.3796875 0.15468750000000003
4 0.3703125 0.11562500000000005 0.3609375 0.11562500000000005 0.3609375 0.13125000000000003 0.3703125 0.13125000000000003
4 0.365625 0.09375000000000004 0.359375 0.09375000000000004 0.359375 0.10937500000000004 0.365625 0.10937500000000004
4 0.3625 0.08593750000000004 0.35625 0.08593750000000004 0.35625 0.10000000000000005 0.3625 0.10000000000000005
4 0.35625 0.10156250000000004 0.35 0.10156250000000004 0.35 0.11718750000000004 0.35625 0.11718750000000004
4 0.353125 0.09375000000000004 0.3453125 0.09375000000000004 0.3453125 0.10781250000000005 0.353125 0.10781250000000005
4 0.3421875 0.12500000000000006 0.334375 0.12500000000000006 0.334375 0.14062500000000006 0.3421875 0.14062500000000006
4 0.3421875 0.10000000000000005 0.3359375 0.10000000000000005 0.3359375 0.11718750000000004 0.3421875 0.11718750000000004
4 0.3515625 0.13281250000000006 0.3421875 0.13281250000000006 0.3421875 0.15781250000000005 0.3515625 0.15781250000000005
4 0.3625 0.11406250000000004 0.35625 0.11406250000000004 0.35625 0.12968750000000004 0.3625 0.12968750000000004
4 0.3046875000000001 0.603125 0.2968750000000001 0.603125 0.2968750000000001 0.6171875 0.3046875000000001 0.6171875
4 0.31718750000000007 0.56875 0.30937500000000007 0.56875 0.30937500000000007 0.5875 0.31718750000000007 0.5875
4 0.36406250000000007 0.628125 0.3546875000000001 0.628125 0.3546875000000001 0.640625 0.36406250000000007 0.640625
4 0.35625000000000007 0.621875 0.3468750000000001 0.621875 0.3468750000000001 0.634375 0.35625000000000007 0.634375
4 0.2375000000000001 0.8390625 0.2234375000000001 0.8390625 0.2234375000000001 0.8578125 0.2375000000000001 0.8578125
4 0.2375000000000001 0.825 0.22656250000000008 0.825 0.22656250000000008 0.8390625 0.2375000000000001 0.8390625
4 0.24375000000000008 0.8078125 0.2328125000000001 0.8078125 0.2328125000000001 0.81875 0.24375000000000008 0.81875
4 0.25468750000000007 0.765625 0.2453125000000001 0.765625 0.2453125000000001 0.7796875 0.25468750000000007 0.7796875
4 0.2468750000000001 0.790625 0.2375000000000001 0.790625 0.2375000000000001 0.8015625 0.2468750000000001 0.8015625
4 0.24375000000000008 0.8 0.23437500000000008 0.8 0.23437500000000008 0.8078125 0.24375000000000008 0.8078125
4 0.2906250000000001 0.64375 0.2812500000000001 0.64375 0.2812500000000001 0.6640625 0.2906250000000001 0.6640625
4 0.246875 0.2375 0.2390625 0.2375 0.2390625 0.25625 0.246875 0.25625
4 0.240625 0.24375 0.23125 0.24375 0.23125 0.2546875 0.240625 0.2546875
4 0.23125 0.2359375 0.2203125 0.2359375 0.2203125 0.2453125 0.23125 0.2453125
4 0.15000000000000005 0.1859375 0.14375000000000004 0.1859375 0.14375000000000004 0.203125 0.15000000000000005 0.203125
4 0.14687500000000003 0.178125 0.140625 0.178125 0.14062500000000003 0.1953125 0.14687500000000003 0.1953125
4 0.11875 0.1171875 0.109375 0.1171875 0.109375 0.1390625 0.11875 0.1390625
6 0.0921875 0.009375000000000008 0.05625 0.009375000000000005 0.05625 0.07031250000000001 0.0921875 0.07031250000000003
4 0.3671875 0.17500000000000004 0.3609375 0.17500000000000004 0.3609375 0.19375000000000003 0.3671875 0.19375000000000003
4 0.6578125 0.5734375 0.6484375 0.5734375 0.6484375 0.5875 0.6578125 0.5875
4 0.7171875000000002 0.9640625 0.7078125000000002 0.9640625 0.7078125000000002 0.9828125 0.7171875000000002 0.9828125