2 0.7343750000000002 0.8546875 0.7140625000000002 0.8546875 0.7140625000000002 0.8765625 0.7343750000000002 0.8765625
0 0.5734375 0.6421875 0.5640625 0.6421875 0.5640625 0.6671875 0.5734375 0.6671875
2 0.565625 0.659375 0.546875 0.659375 0.546875 0.6984375 0.565625 0.6984375
4 0.559375 0.6390625 0.5515625 0.6390625 0.5515625 0.653125 0.559375 0.653125
4 0.5421875 0.6671875 0.5359375 0.6671875 0.5359375 0.6796875 0.5421875 0.6796875
4 0.58125 0.6640625 0.5734375 0.6640625 0.5734375 0.6796875 0.58125 0.6796875
4 0.6390625 0.7 0.6328125 0.7 0.6328125 0.715625 0.6390625 0.715625
4 0.6390625 0.6515625 0.6328125 0.6515625 0.6328125 0.6609375 0.6390625 0.6609375
0 0.7906250000000001 0.978125 0.7781250000000002 0.978125 0.7781250000000002 1 0.7906250000000001 1
4 0.6906250000000002 0.7703125 0.6828125000000002 0.7703125 0.6828125000000002 0.7875 0.6906250000000002 0.7875
2 0.7046875 0.65 0.6875 0.65 0.6875 0.684375 0.7046875 0.684375
2 0.715625 0.6890625 0.7015625 0.6890625 0.7015625 0.71875 0.715625 0.71875
4 0.678125 0.625 0.6703125 0.625 0.6703125 0.6390625 0.678125 0.6390625
2 0.7359375 0.014062500000000089 0.715625 0.014062500000000089 0.715625 0.04375000000000009 0.7359375 0.04375000000000009
0 0.6875 0.06875000000000009 0.6734375 0.06875000000000009 0.6734375 0.0906250000000001 0.6875 0.0906250000000001
0 0.6734375 0.08125000000000009 0.659375 0.08125000000000009 0.659375 0.10468750000000009 0.6734375 0.10468750000000009
0 0.6296875 0.07968750000000006 0.6171875 0.07968750000000006 0.6171875 0.09843750000000007 0.6296875 0.09843750000000007
2 0.8171875 0.0468750000000001 0.796875 0.0468750000000001 0.796875 0.0750000000000001 0.8171875 0.07500000000000011
2 0.8171875 0.0718750000000001 0.796875 0.07187500000000009 0.796875 0.1062500000000001 0.8171875 0.1062500000000001
2 0.7953125 0.07812500000000008 0.775 0.07812500000000008 0.775 0.11093750000000009 0.7953125 0.11093750000000009
2 0.796875 0.10468750000000009 0.7796875 0.10468750000000009 0.7796875 0.13437500000000008 0.796875 0.13437500000000008
6 0.8453125 0.11562500000000009 0.8203125 0.11562500000000009 0.8203125 0.15625000000000008 0.8453125 0.15625000000000008
2 0.88125 0.17187500000000008 0.865625 0.17187500000000008 0.865625 0.20468750000000008 0.88125 0.20468750000000008
2 0.7546875 0.1296875000000001 0.734375 0.1296875000000001 0.734375 0.1593750000000001 0.7546875 0.1593750000000001
6 0.8015625 0.1609375000000001 0.771875 0.1609375000000001 0.771875 0.21093750000000008 0.8015625 0.21093750000000008
0 0.7765625 0.1140625000000001 0.7625 0.1140625000000001 0.7625 0.13437500000000008 0.7765625 0.13437500000000008
0 0.784375 0.1593750000000001 0.7703125 0.1593750000000001 0.7703125 0.1765625000000001 0.784375 0.1765625000000001
0 0.78125 0.1390625000000001 0.765625 0.1390625000000001 0.765625 0.15625000000000008 0.78125 0.15625000000000008
0 0.76875 0.1781250000000001 0.7546875 0.1781250000000001 0.7546875 0.1984375000000001 0.76875 0.1984375000000001
0 0.7265625 0.2015625000000001 0.7125 0.2015625000000001 0.7125 0.2218750000000001 0.7265625 0.2218750000000001
0 0.740625 0.19687500000000008 0.7265625 0.19687500000000008 0.7265625 0.22031250000000008 0.740625 0.22031250000000008
0 0.7171875 0.2218750000000001 0.7015625 0.2218750000000001 0.7015625 0.24218750000000008 0.7171875 0.24218750000000008
0 0.715625 0.2500000000000001 0.7015625 0.2500000000000001 0.7015625 0.2718750000000001 0.715625 0.2718750000000001
2 0.7359375 0.2531250000000001 0.7203125 0.2531250000000001 0.7203125 0.2750000000000001 0.7359375 0.2750000000000001
2 0.715625 0.1984375000000001 0.696875 0.1984375000000001 0.696875 0.22656250000000008 0.715625 0.22656250000000008
2 0.7 0.2296875000000001 0.6828125 0.2296875000000001 0.6828125 0.2562500000000001 0.7 0.2562500000000001
2 0.740625 0.22031250000000008 0.721875 0.22031250000000008 0.721875 0.25468750000000007 0.740625 0.25468750000000007
2 0.76875 0.1984375000000001 0.7484375 0.1984375000000001 0.7484375 0.23437500000000008 0.76875 0.23437500000000008
2 0.7609375 0.1468750000000001 0.7453125 0.1468750000000001 0.7453125 0.1765625000000001 0.7609375 0.1765625000000001
3 0.734375 0.16562500000000008 0.71875 0.16562500000000008 0.71875 0.18750000000000008 0.734375 0.18750000000000008
4 0.6953125 0.1531250000000001 0.684375 0.1531250000000001 0.684375 0.1671875000000001 0.6953125 0.1671875000000001
4 0.665625 0.17187500000000008 0.6546875 0.17187500000000008 0.6546875 0.1859375000000001 0.665625 0.1859375000000001
0 0.6734375 0.1843750000000001 0.659375 0.1843750000000001 0.659375 0.20468750000000008 0.6734375 0.20468750000000008
4 0.86875 0.04375000000000011 0.859375 0.0437500000000001 0.859375 0.057812500000000114 0.86875 0.057812500000000114
4 0.8671875 0.006250000000000105 0.85625 0.006250000000000105 0.85625 0.023437500000000104 0.8671875 0.023437500000000104
4 0.846875 0.05625000000000011 0.8375 0.05625000000000011 0.8375 0.07031250000000011 0.846875 0.07031250000000011
4 0.8265625 0.07812500000000011 0.8171875 0.07812500000000011 0.8171875 0.09218750000000012 0.8265625 0.09218750000000012
4 0.83125 0.09218750000000012 0.821875 0.09218750000000012 0.821875 0.1062500000000001 0.83125 0.1062500000000001
4 0.7875 0.1359375000000001 0.78125 0.1359375000000001 0.78125 0.1453125000000001 0.7875 0.1453125000000001
4 0.7640625 0.1140625000000001 0.7546875 0.1140625000000001 0.7546875 0.1281250000000001 0.7640625 0.1281250000000001
4 0.8015625 0.1750000000000001 0.7953125 0.1750000000000001 0.7953125 0.18906250000000008 0.8015625 0.18906250000000008
4 0.7234375 0.18906250000000008 0.7140625 0.18906250000000008 0.7140625 0.20312500000000008 0.7234375 0.20312500000000008
4 0.7484375 0.19687500000000008 0.740625 0.19687500000000008 0.740625 0.2078125000000001 0.7484375 0.2078125000000001
4 0.7484375 0.2156250000000001 0.740625 0.2156250000000001 0.740625 0.2296875000000001 0.7484375 0.2296875000000001
4 0.721875 0.2218750000000001 0.715625 0.2218750000000001 0.715625 0.2312500000000001 0.721875 0.2312500000000001
1 0.7140625 0.2734375000000001 0.6625 0.2734375000000001 0.6625 0.3500000000000001 0.7140625 0.3500000000000001
2 0.6515625 0.3156250000000001 0.634375 0.3156250000000001 0.634375 0.3515625000000001 0.6515625 0.3515625000000001
2 0.6515625 0.34062500000000007 0.634375 0.34062500000000007 0.634375 0.3765625000000001 0.6515625 0.3765625000000001
2 0.628125 0.3656250000000001 0.6109375 0.3656250000000001 0.6109375 0.39531250000000007 0.628125 0.39531250000000007
2 0.6109375 0.403125 0.59375 0.403125 0.59375 0.4375 0.6109375 0.4375
2 0.565625 0.4328125 0.546875 0.4328125 0.546875 0.4515625 0.565625 0.4515625
2 0.5890625 0.453125 0.56875 0.453125 0.56875 0.478125 0.5890625 0.478125
4 0.63125 0.3437500000000001 0.6265625 0.3437500000000001 0.6265625 0.3546875000000001 0.63125 0.3546875000000001
4 0.6359375 0.32500000000000007 0.6296875 0.32500000000000007 0.6296875 0.3359375000000001 0.6359375 0.3359375000000001
4 0.6578125 0.2875000000000001 0.6515625 0.2875000000000001 0.6515625 0.30156250000000007 0.6578125 0.30156250000000007
4 0.646875 0.3046875000000001 0.6390625 0.3046875000000001 0.6390625 0.3140625000000001 0.646875 0.3140625000000001
4 0.675 0.2453125000000001 0.66875 0.2453125000000001 0.66875 0.2593750000000001 0.675 0.2593750000000001
4 0.68125 0.23437500000000008 0.675 0.23437500000000008 0.675 0.24375000000000008 0.68125 0.24375000000000008
4 0.76875 0.034375000000000086 0.759375 0.034375000000000086 0.759375 0.04843750000000009 0.76875 0.04843750000000009
4 0.7484375 0.03750000000000009 0.740625 0.03750000000000009 0.740625 0.05156250000000009 0.7484375 0.05156250000000009
4 0.7109375 0.04375000000000009 0.703125 0.04375000000000009 0.703125 0.05468750000000009 0.7109375 0.05468750000000009
2 0.2468750000000001 0.503125 0.2296875000000001 0.503125 0.2296875000000001 0.5421875 0.2468750000000001 0.5421875
0 0.3453125000000001 0.515625 0.3312500000000001 0.515625 0.3312500000000001 0.5375 0.3453125000000001 0.5375
4 0.33281250000000007 0.5296875 0.3265625000000001 0.5296875 0.3265625000000001 0.546875 0.33281250000000007 0.546875
0 0.23593750000000008 0.6828125 0.2218750000000001 0.6828125 0.2218750000000001 0.703125 0.23593750000000008 0.703125
2 0.2062500000000001 0.66875 0.1859375000000001 0.66875 0.1859375000000001 0.7046875 0.2062500000000001 0.7046875
2 0.17968750000000008 0.7140625 0.1609375000000001 0.7140625 0.1609375000000001 0.753125 0.17968750000000008 0.753125
2 0.1937500000000001 0.7765625 0.1765625000000001 0.7765625 0.1765625000000001 0.809375 0.1937500000000001 0.809375
2 0.15156250000000013 0.9421875 0.12812500000000013 0.9421875 0.12812500000000013 0.98125 0.15156250000000013 0.98125
2 0.17343750000000013 0.9171875 0.15312500000000012 0.9171875 0.15312500000000012 0.95 0.17343750000000013 0.95
2 0.1890625000000001 0.88125 0.1687500000000001 0.88125 0.16875000000000012 0.915625 0.18906250000000013 0.915625
2 0.2062500000000001 0.8484375 0.1906250000000001 0.8484375 0.1906250000000001 0.878125 0.2062500000000001 0.878125
2 0.2296875000000001 0.83125 0.2093750000000001 0.83125 0.2093750000000001 0.8671875 0.2296875000000001 0.8671875
2 0.2093750000000001 0.890625 0.1906250000000001 0.890625 0.1906250000000001 0.9203125 0.2093750000000001 0.9203125
4 0.2156250000000001 0.953125 0.2078125000000001 0.953125 0.2078125000000001 0.96875 0.2156250000000001 0.96875
4 0.2796875000000001 0.86875 0.2734375000000001 0.86875 0.2734375000000001 0.8828125 0.2796875000000001 0.8828125
4 0.27812500000000007 0.8421875 0.2718750000000001 0.8421875 0.2718750000000001 0.8546875 0.27812500000000007 0.8546875
4 0.30937500000000007 0.8125 0.30156250000000007 0.8125 0.30156250000000007 0.8265625 0.30937500000000007 0.8265625
2 0.3390625000000001 0.86875 0.32500000000000007 0.86875 0.32500000000000007 0.9015625 0.3390625000000001 0.9015625
2 0.2593750000000001 0.8046875 0.2390625000000001 0.8046875 0.2390625000000001 0.8375 0.2593750000000001 0.8375
2 0.2796875000000001 0.771875 0.2593750000000001 0.771875 0.2593750000000001 0.8078125 0.2796875000000001 0.8078125
2 0.2843750000000001 0.7359375 0.2656250000000001 0.7359375 0.2656250000000001 0.7703125 0.2843750000000001 0.7703125
2 0.3109375000000001 0.678125 0.2921875000000001 0.678125 0.2921875000000001 0.7125 0.3109375000000001 0.7125
2 0.32500000000000007 0.6984375 0.30937500000000007 0.6984375 0.30937500000000007 0.728125 0.32500000000000007 0.728125
6 0.3078125000000001 0.728125 0.27812500000000007 0.728125 0.27812500000000007 0.7796875 0.3078125000000001 0.7796875
2 0.3390625000000001 0.6328125 0.3218750000000001 0.6328125 0.3218750000000001 0.6609375 0.3390625000000001 0.6609375
2 0.35625000000000007 0.6671875 0.3343750000000001 0.6671875 0.3343750000000001 0.696875 0.35625000000000007 0.696875
2 0.3656250000000001 0.5921875 0.3468750000000001 0.5921875 0.3468750000000001 0.6265625 0.3656250000000001 0.6265625
2 0.37968750000000007 0.6015625 0.36406250000000007 0.6015625 0.36406250000000007 0.63125 0.37968750000000007 0.63125
2 0.3984375000000001 0.540625 0.3781250000000001 0.540625 0.3781250000000001 0.5734375 0.3984375000000001 0.5734375
2 0.39531250000000007 0.5875 0.37968750000000007 0.5875 0.37968750000000007 0.615625 0.39531250000000007 0.615625
3 0.3687500000000001 0.6375 0.3500000000000001 0.6375 0.3500000000000001 0.665625 0.3687500000000001 0.665625
4 0.2531250000000001 0.7921875 0.24375000000000008 0.7921875 0.24375000000000008 0.80625 0.2531250000000001 0.80625
4 0.2578125000000001 0.775 0.2500000000000001 0.775 0.2500000000000001 0.7859375 0.2578125000000001 0.7859375
4 0.26250000000000007 0.759375 0.2531250000000001 0.759375 0.2531250000000001 0.7703125 0.26250000000000007 0.7703125
4 0.2828125000000001 0.7171875 0.2750000000000001 0.7171875 0.2750000000000001 0.73125 0.2828125000000001 0.73125
4 0.3343750000000001 0.784375 0.3281250000000001 0.784375 0.3281250000000001 0.7953125 0.3343750000000001 0.7953125
4 0.3375000000000001 0.7609375 0.3312500000000001 0.7609375 0.3312500000000001 0.7765625 0.3375000000000001 0.7765625
4 0.3390625000000001 0.7390625 0.3312500000000001 0.7390625 0.3312500000000001 0.75 0.3390625000000001 0.75
4 0.3703125000000001 0.69375 0.36406250000000007 0.69375 0.36406250000000007 0.709375 0.3703125000000001 0.709375
4 0.3781250000000001 0.7140625 0.3687500000000001 0.7140625 0.3687500000000001 0.725 0.3781250000000001 0.725
4 0.3312500000000001 0.6796875 0.3218750000000001 0.6796875 0.3218750000000001 0.6921875 0.3312500000000001 0.6921875
4 0.3359375000000001 0.6671875 0.3265625000000001 0.6671875 0.3265625000000001 0.6796875 0.3359375000000001 0.6796875
4 0.3500000000000001 0.65625 0.3421875000000001 0.65625 0.3421875000000001 0.6671875 0.3500000000000001 0.6671875
4 0.3531250000000001 0.6421875 0.3468750000000001 0.6421875 0.3468750000000001 0.653125 0.3531250000000001 0.653125
4 0.39531250000000007 0.675 0.38750000000000007 0.675 0.38750000000000007 0.6890625 0.39531250000000007 0.6890625
4 0.4078125 0.671875 0.4 0.671875 0.4 0.6859375 0.4078125 0.6859375
4 0.403125 0.646875 0.39531250000000007 0.646875 0.39531250000000007 0.6609375 0.403125 0.6609375
4 0.421875 0.61875 0.415625 0.61875 0.415625 0.6328125 0.421875 0.6328125
4 0.4296875 0.6390625 0.4234375 0.6390625 0.4234375 0.65 0.4296875 0.65
4 0.4390625 0.59375 0.4296875 0.59375 0.4296875 0.60625 0.4390625 0.60625
4 0.4453125 0.58125 0.4375 0.58125 0.4375 0.5921875 0.4453125 0.5921875
4 0.4515625 0.5671875 0.4453125 0.5671875 0.4453125 0.578125 0.4515625 0.578125
4 0.45625 0.5890625 0.446875 0.5890625 0.446875 0.6015625 0.45625 0.6015625
4 0.459375 0.60625 0.45 0.60625 0.45 0.6203125 0.459375 0.6203125
4 0.55 0.64375 0.54375 0.64375 0.54375 0.659375 0.55 0.659375
4 0.509375 0.5625 0.5 0.5625 0.5 0.5734375 0.509375 0.5734375
4 0.5109375 0.546875 0.5 0.546875 0.5 0.5578125 0.5109375 0.5578125
4 0.48125 0.5421875 0.471875 0.5421875 0.471875 0.55625 0.48125 0.55625
4 0.484375 0.5546875 0.475 0.5546875 0.475 0.5703125 0.484375 0.5703125
4 0.4546875 0.528125 0.4484375 0.528125 0.4484375 0.5390625 0.4546875 0.5390625
4 0.5078125 0.465625 0.4984375 0.465625 0.4984375 0.4765625 0.5078125 0.4765625
4 0.496875 0.4375 0.4859375 0.4375 0.4859375 0.4515625 0.496875 0.4515625
4 0.50625 0.415625 0.4953125 0.415625 0.4953125 0.428125 0.50625 0.428125
4 0.4984375 0.3968750000000001 0.4890625 0.3968750000000001 0.4890625 0.40625 0.4984375 0.40625
4 0.484375 0.40625 0.475 0.40625 0.475 0.41875 0.484375 0.41875
4 0.475 0.3765625000000001 0.465625 0.3765625000000001 0.465625 0.3906250000000001 0.475 0.3906250000000001
3 0.465625 0.3734375000000001 0.4453125 0.3734375000000001 0.4453125 0.4046875 0.465625 0.4046875
2 0.4640625 0.4078125 0.44375 0.4078125 0.44375 0.4359375 0.4640625 0.4359375
2 0.39843750000000006 0.3515625000000001 0.3828125 0.3515625000000001 0.38281250000000006 0.3906250000000001 0.3984375000000001 0.3906250000000001
2 0.4140625 0.4453125 0.4046875 0.4453125 0.4046875 0.4859375 0.4140625 0.4859375
0 0.4390625 0.3390625000000001 0.428125 0.3390625000000001 0.428125 0.3593750000000001 0.4390625 0.3593750000000001
4 0.4484375 0.3500000000000001 0.4421875 0.3500000000000001 0.4421875 0.36406250000000007 0.4484375 0.36406250000000007
4 0.4171875 0.31718750000000007 0.409375 0.31718750000000007 0.409375 0.33281250000000007 0.4171875 0.33281250000000007
4 0.4 0.2765625000000001 0.390625 0.2765625000000001 0.390625 0.2921875000000001 0.4 0.2921875000000001
4 0.4359375 0.26250000000000007 0.4296875 0.26250000000000007 0.4296875 0.2750000000000001 0.4359375 0.2750000000000001
4 0.4421875 0.2765625000000001 0.4359375 0.2765625000000001 0.4359375 0.2921875000000001 0.4421875 0.2921875000000001
4 0.440625 0.2562500000000001 0.4359375 0.2562500000000001 0.4359375 0.27031250000000007 0.440625 0.27031250000000007
4 0.4515625 0.24218750000000008 0.4421875 0.24218750000000008 0.4421875 0.2609375000000001 0.4515625 0.2609375000000001
4 0.4140625 0.2171875000000001 0.4046875 0.2171875000000001 0.4046875 0.23437500000000008 0.4140625 0.23437500000000008
4 0.4125 0.19375000000000003 0.40625 0.19375000000000003 0.40625 0.2078125000000001 0.4125 0.2078125000000001
4 0.4296875 0.12031250000000004 0.4203125 0.12031250000000004 0.4203125 0.13281250000000006 0.4296875 0.13281250000000006
4 0.434375 0.10625000000000004 0.4265625 0.10625000000000004 0.4265625 0.12500000000000006 0.434375 0.12500000000000006
4 0.3625 0.08125000000000004 0.35625 0.08125000000000004 0.35625 0.10000000000000005 0.3625 0.10000000000000005
4 0.3515625 0.057812500000000044 0.3421875 0.057812500000000044 0.3421875 0.07187500000000005 0.3515625 0.07187500000000005
4 0.3015625 0.07500000000000004 0.2921875 0.07500000000000004 0.2921875 0.08750000000000005 0.3015625 0.08750000000000005
2 0.2921875 0.017187500000000033 0.2734375 0.017187500000000033 0.2734375 0.051562500000000046 0.2921875 0.051562500000000046
3 0.3109375 3.683507950560398e-17 0.290625 3.559129760021995e-17 0.290625 0.031250000000000035 0.3109375 0.031250000000000035
2 0.325 3.884426566045511e-17 0.309375 3.788751034862124e-17 0.309375 0.02968750000000004 0.325 0.029687500000000044
2 0.3296875 0.032812500000000036 0.309375 0.032812500000000036 0.309375 0.07343750000000004 0.3296875 0.07343750000000004
2 0.35 0.014062500000000042 0.33125 0.014062500000000039 0.33125 0.051562500000000046 0.35 0.051562500000000046
2 0.3546875 0.06875000000000005 0.3390625 0.06875000000000005 0.3390625 0.09843750000000004 0.3546875 0.09843750000000004
2 0.34375 0.08125000000000004 0.328125 0.08125000000000004 0.328125 0.11250000000000004 0.34375 0.11250000000000004
2 0.3625 0.10781250000000005 0.3421875 0.10781250000000005 0.3421875 0.14531250000000004 0.3625 0.14531250000000004
2 0.3828125 0.12187500000000004 0.3640625 0.12187500000000004 0.3640625 0.15625000000000006 0.3828125 0.15625000000000006
2 0.3828125 0.09062500000000004 0.3640625 0.09062500000000004 0.3640625 0.12500000000000006 0.3828125 0.12500000000000006
2 0.3984375 0.12500000000000006 0.38125 0.12500000000000006 0.38125 0.15937500000000004 0.3984375 0.15937500000000004
2 0.3828125 0.15468750000000003 0.365625 0.15468750000000003 0.365625 0.18750000000000006 0.3828125 0.18750000000000006
2 0.4015625 0.16250000000000003 0.3828125 0.16250000000000003 0.3828125 0.2015625000000001 0.4015625 0.2015625000000001
2 0.4171875 0.16562500000000005 0.4015625 0.16562500000000005 0.4015625 0.19687500000000005 0.4171875 0.19687500000000005
2 0.3765625 0.18593750000000003 0.359375 0.18593750000000003 0.359375 0.22031250000000005 0.3765625 0.22031250000000008
2 0.378125 0.259375 0.359375 0.259375 0.359375 0.2984375 0.378125 0.2984375000000001
2 0.425 0.23437500000000008 0.4046875 0.23437500000000008 0.4046875 0.2718750000000001 0.425 0.2718750000000001
2 0.403125 0.19687500000000005 0.3859375 0.19687500000000005 0.3859375 0.2312500000000001 0.403125 0.2312500000000001
6 0.4421875 0.19062500000000004 0.4140625 0.19062500000000004 0.4140625 0.2484375000000001 0.4421875 0.2484375000000001
0 0.43125 0.17187500000000006 0.4171875 0.17187500000000006 0.4171875 0.19531250000000006 0.43125 0.19531250000000006
0 0.4640625 0.2328125000000001 0.4546875 0.2328125000000001 0.4546875 0.2531250000000001 0.4640625 0.2531250000000001
0 0.4546875 0.2593750000000001 0.4421875 0.2593750000000001 0.4421875 0.2843750000000001 0.4546875 0.2843750000000001