2 0.3484375 0.07187500000000005 0.328125 0.07187500000000005 0.328125 0.11250000000000004 0.3484375 0.11250000000000004
2 0.403125 0.04687500000000004 0.378125 0.04687500000000004 0.378125 0.09531250000000005 0.403125 0.09531250000000005
2 0.3796875 0.10625000000000004 0.3640625 0.10625000000000004 0.3640625 0.14218750000000005 0.3796875 0.14218750000000005
2 0.3625 0.10625000000000004 0.34375 0.10625000000000004 0.34375 0.14531250000000004 0.3625 0.14531250000000004
2 0.378125 0.14218750000000005 0.3609375 0.14218750000000005 0.3609375 0.17968750000000006 0.378125 0.17968750000000006
2 0.39375 0.13906250000000003 0.3765625 0.13906250000000003 0.3765625 0.17968750000000006 0.39375 0.17968750000000006
2 0.396875 0.17656250000000004 0.3796875 0.17656250000000004 0.3796875 0.2156250000000001 0.396875 0.2156250000000001
2 0.4234375 0.16562500000000005 0.4046875 0.16562500000000005 0.4046875 0.2093750000000001 0.4234375 0.2093750000000001
2 0.409375 0.17343750000000005 0.3921875 0.17343750000000005 0.3921875 0.21250000000000008 0.409375 0.21250000000000008
2 0.4203125 0.2250000000000001 0.4 0.2250000000000001 0.4 0.2609375000000001 0.4203125 0.2609375000000001
2 0.43125 0.2140625000000001 0.4109375 0.2140625000000001 0.4109375 0.2531250000000001 0.43125 0.2531250000000001
2 0.440625 0.2578125000000001 0.4203125 0.2578125000000001 0.4203125 0.2984375000000001 0.440625 0.2984375000000001
3 0.465625 0.2312500000000001 0.4453125 0.2312500000000001 0.4453125 0.27031250000000007 0.465625 0.27031250000000007
0 0.4421875 0.2218750000000001 0.43125 0.2218750000000001 0.43125 0.2453125000000001 0.4421875 0.2453125000000001
4 0.4515625 0.2734375000000001 0.4453125 0.2734375000000001 0.4453125 0.2890625000000001 0.4515625 0.2890625000000001
4 0.459375 0.2953125000000001 0.4515625 0.2953125000000001 0.4515625 0.3140625000000001 0.459375 0.3140625000000001
2 0.4546875 0.3031250000000001 0.4375 0.3031250000000001 0.4375 0.3375000000000001 0.4546875 0.3375000000000001
0 0.3671875 0.27343750000000006 0.3546875 0.2734375 0.3546875 0.2984375 0.3671875 0.2984375000000001
2 0.4734375 0.4640625 0.45 0.4640625 0.45 0.5 0.4734375 0.5
2 0.4125 0.4953125 0.3937500000000001 0.4953125 0.3937500000000001 0.5296875 0.4125 0.5296875
2 0.3890625000000001 0.55625 0.37187500000000007 0.55625 0.37187500000000007 0.58125 0.3890625000000001 0.58125
2 0.3515625000000001 0.603125 0.3359375000000001 0.603125 0.3359375000000001 0.634375 0.3515625000000001 0.634375
2 0.3671875000000001 0.640625 0.3453125000000001 0.640625 0.3453125000000001 0.675 0.3671875000000001 0.675
2 0.3203125000000001 0.7046875 0.30156250000000007 0.7046875 0.30156250000000007 0.734375 0.3203125000000001 0.734375
2 0.2890625000000001 0.715625 0.27031250000000007 0.715625 0.27031250000000007 0.753125 0.2890625000000001 0.753125
6 0.2562500000000001 0.8 0.2296875000000001 0.8 0.2296875000000001 0.8421875 0.2562500000000001 0.8421875
2 0.20468750000000008 0.8453125 0.18125000000000008 0.8453125 0.18125000000000008 0.878125 0.20468750000000008 0.878125
2 0.2156250000000001 0.8546875 0.19531250000000008 0.8546875 0.19531250000000008 0.896875 0.2156250000000001 0.896875
4 0.2468750000000001 0.7765625 0.23437500000000008 0.7765625 0.23437500000000008 0.7953125 0.2468750000000001 0.7953125
2 0.3656250000000001 0.6125 0.3468750000000001 0.6125 0.3468750000000001 0.64375 0.3656250000000001 0.64375
2 0.3984375000000001 0.584375 0.3781250000000001 0.584375 0.3781250000000001 0.615625 0.3984375000000001 0.615625
2 0.5546875 0.4140625 0.534375 0.4140625 0.534375 0.4421875 0.5546875 0.4421875
2 0.496875 0.5171875 0.4734375 0.5171875 0.4734375 0.54375 0.496875 0.54375
4 0.6640625 0.18125000000000008 0.6546875 0.18125000000000008 0.6546875 0.19687500000000008 0.6640625 0.19687500000000008
4 0.5953125 0.3203125000000001 0.5875 0.3203125000000001 0.5875 0.3390625000000001 0.5953125 0.3390625000000001
4 0.615625 0.3937500000000001 0.60625 0.3937500000000001 0.60625 0.4078125 0.615625 0.4078125
4 0.6296875 0.45625 0.6234375 0.45625 0.6234375 0.465625 0.6296875 0.465625
4 0.6171875 0.5078125 0.609375 0.5078125 0.609375 0.5171875 0.6171875 0.5171875
4 0.6390625 0.5015625 0.6296875 0.5015625 0.6296875 0.5203125 0.6390625 0.5203125
4 0.63125 0.5203125 0.621875 0.5203125 0.621875 0.5328125 0.63125 0.5328125
4 0.6375 0.4859375 0.6296875 0.4859375 0.6296875 0.5 0.6375 0.5
4 0.64375 0.4734375 0.6390625 0.4734375 0.6390625 0.4875 0.64375 0.4875
4 0.640625 0.465625 0.6328125 0.465625 0.6328125 0.4796875 0.640625 0.4796875
4 0.640625 0.45625 0.63125 0.45625 0.63125 0.465625 0.640625 0.465625
4 0.66875 0.3031250000000001 0.6625 0.3031250000000001 0.6625 0.3140625000000001 0.66875 0.3140625000000001
4 0.68125 0.32500000000000007 0.671875 0.32500000000000007 0.671875 0.33281250000000007 0.68125 0.33281250000000007
4 0.6796875 0.3359375000000001 0.6734375 0.3359375000000001 0.6734375 0.3453125000000001 0.6796875 0.3453125000000001
4 0.6859375 0.3390625000000001 0.6765625 0.3390625000000001 0.6765625 0.3500000000000001 0.6859375 0.3500000000000001
4 0.690625 0.3265625000000001 0.6828125 0.3265625000000001 0.6828125 0.3375000000000001 0.690625 0.3375000000000001
4 0.6953125 0.3187500000000001 0.6890625 0.3187500000000001 0.6890625 0.3296875000000001 0.6953125 0.3296875000000001
4 0.7015625 0.3296875000000001 0.6921875 0.3296875000000001 0.6921875 0.3437500000000001 0.7015625 0.3437500000000001
4 0.7140625 0.3078125000000001 0.7046875 0.3078125000000001 0.7046875 0.3203125000000001 0.7140625 0.3203125000000001
4 0.703125 0.3046875000000001 0.696875 0.3046875000000001 0.696875 0.3156250000000001 0.703125 0.3156250000000001
4 0.709375 0.29375000000000007 0.7015625 0.29375000000000007 0.7015625 0.3046875000000001 0.709375 0.3046875000000001
4 0.709375 0.3000000000000001 0.703125 0.3000000000000001 0.703125 0.3109375000000001 0.709375 0.3109375000000001
4 0.7171875 0.2812500000000001 0.7109375 0.2812500000000001 0.7109375 0.2921875000000001 0.7171875 0.2921875000000001
4 0.71875 0.2890625000000001 0.709375 0.2890625000000001 0.709375 0.2984375000000001 0.71875 0.2984375000000001
4 0.725 0.2812500000000001 0.71875 0.2812500000000001 0.71875 0.2921875000000001 0.725 0.2921875000000001
4 0.7234375 0.2687500000000001 0.7171875 0.2687500000000001 0.7171875 0.2796875000000001 0.7234375 0.2796875000000001
4 0.7296875 0.2593750000000001 0.7234375 0.2593750000000001 0.7234375 0.2671875000000001 0.7296875 0.2671875000000001
4 0.7390625 0.2515625000000001 0.7328125 0.2515625000000001 0.7328125 0.2609375000000001 0.7390625 0.2609375000000001
4 0.6859375 0.2718750000000001 0.678125 0.2718750000000001 0.678125 0.2828125000000001 0.6859375 0.2828125000000001
4 0.66875 0.2687500000000001 0.659375 0.2687500000000001 0.659375 0.2828125000000001 0.66875 0.2828125000000001
4 0.7234375 0.2171875000000001 0.7140625 0.2171875000000001 0.7140625 0.23437500000000008 0.7234375 0.23437500000000008
4 0.75625 0.18906250000000008 0.746875 0.18906250000000008 0.746875 0.20312500000000008 0.75625 0.20312500000000008
4 0.746875 0.06875000000000009 0.7390625 0.06875000000000009 0.7390625 0.08437500000000009 0.746875 0.08437500000000009
2 0.853125 1.0323389814687454e-16 0.8328125 1.019901162414905e-16 0.8328125 0.0281250000000001 0.853125 0.0281250000000001
2 0.8375 0.0265625000000001 0.8171875 0.0265625000000001 0.8171875 0.057812500000000114 0.8375 0.057812500000000114
2 0.8359375 0.05468750000000011 0.8171875 0.05468750000000011 0.8171875 0.08906250000000011 0.8359375 0.08906250000000011
2 0.8359375 0.0875000000000001 0.8171875 0.0875000000000001 0.8171875 0.11875000000000009 0.8359375 0.11875000000000009
2 0.7984375 0.07968750000000009 0.78125 0.07968750000000009 0.78125 0.10937500000000008 0.7984375 0.10937500000000008
2 0.7828125 0.10781250000000009 0.7625 0.10781250000000009 0.7625 0.14218750000000008 0.7828125 0.14218750000000008
2 0.7828125 0.13281250000000008 0.7625 0.13281250000000008 0.7625 0.16562500000000008 0.7828125 0.16562500000000008
2 0.8046875 0.1281250000000001 0.784375 0.1281250000000001 0.784375 0.1687500000000001 0.8046875 0.1687500000000001
2 0.8453125 0.1312500000000001 0.81875 0.1312500000000001 0.81875 0.1671875000000001 0.8453125 0.1671875000000001
2 0.784375 0.15781250000000008 0.765625 0.15781250000000008 0.765625 0.1859375000000001 0.784375 0.1859375000000001
2 0.75625 0.1359375000000001 0.7359375 0.1359375000000001 0.7359375 0.1671875000000001 0.75625 0.1671875000000001
2 0.7265625 0.1828125000000001 0.709375 0.1828125000000001 0.709375 0.2078125000000001 0.7265625 0.2078125000000001
2 0.74375 0.10468750000000009 0.7234375 0.10468750000000009 0.7234375 0.1390625000000001 0.74375 0.1390625000000001
2 0.709375 0.2093750000000001 0.6890625 0.2093750000000001 0.6890625 0.2406250000000001 0.709375 0.2406250000000001
2 0.7390625 0.1906250000000001 0.721875 0.1906250000000001 0.721875 0.22031250000000008 0.7390625 0.22031250000000008
2 0.75625 0.2156250000000001 0.7390625 0.2156250000000001 0.7390625 0.24375000000000008 0.75625 0.24375000000000008
2 0.7390625 0.2328125000000001 0.71875 0.2328125000000001 0.71875 0.2562500000000001 0.7390625 0.2562500000000001
2 0.684375 0.2531250000000001 0.66875 0.2531250000000001 0.66875 0.2828125000000001 0.684375 0.2828125000000001
2 0.66875 0.2828125000000001 0.6546875 0.2828125000000001 0.6546875 0.30937500000000007 0.66875 0.30937500000000007
2 0.6890625 0.2828125000000001 0.671875 0.2828125000000001 0.671875 0.3156250000000001 0.6890625 0.3156250000000001
2 0.7046875 0.2875000000000001 0.6875 0.2875000000000001 0.6875 0.3140625000000001 0.7046875 0.3140625000000001
2 0.6078125 0.409375 0.59375 0.409375 0.59375 0.434375 0.6078125 0.434375
2 0.63125 0.3968750000000001 0.615625 0.3968750000000001 0.615625 0.4328125 0.63125 0.4328125
2 0.6125 0.428125 0.5984375 0.428125 0.5984375 0.4546875 0.6125 0.4546875
2 0.6234375 0.4453125 0.6078125 0.4453125 0.6078125 0.46875 0.6234375 0.46875
1 0.590625 0.64375 0.5546875 0.64375 0.5546875 0.7203125 0.590625 0.7203125
2 0.6703125000000002 0.7265625 0.6484375000000002 0.7265625 0.6484375000000002 0.771875 0.6703125000000002 0.771875
2 0.7546875000000002 0.91875 0.7296875000000002 0.91875 0.7296875000000002 0.9546875 0.7546875000000002 0.9546875
4 0.6296875 0.5484375 0.6171875 0.5484375 0.6171875 0.565625 0.6296875 0.565625
4 0.6109375 0.546875 0.6015625 0.546875 0.6015625 0.5671875 0.6109375 0.5671875
4 0.7828125 0.0359375000000001 0.775 0.0359375000000001 0.775 0.050000000000000086 0.7828125 0.050000000000000086
0 0.6875 0.0750000000000001 0.675 0.0750000000000001 0.675 0.09375000000000008 0.6875 0.09375000000000008
0 0.675 0.08750000000000009 0.6640625 0.08750000000000009 0.6640625 0.10937500000000008 0.675 0.10937500000000008
2 0.7359375 0.020312500000000087 0.7171875 0.020312500000000087 0.7171875 0.050000000000000086 0.7359375 0.050000000000000086
0 0.8140625 0.05156250000000009 0.8015625 0.05156250000000009 0.8015625 0.07656250000000009 0.8140625 0.07656250000000009
2 0.85625 0.05156250000000011 0.8390625 0.05156250000000011 0.8390625 0.0796875000000001 0.85625 0.0796875000000001
0 0.7671875 0.18750000000000008 0.75625 0.18750000000000008 0.75625 0.2093750000000001 0.7671875 0.2093750000000001
4 0.765625 0.2140625000000001 0.7578125 0.2140625000000001 0.7578125 0.2328125000000001 0.765625 0.2328125000000001
3 0.7171875 0.23593750000000008 0.690625 0.23593750000000008 0.690625 0.2765625000000001 0.7171875 0.2765625000000001
1 0.6609375 0.3125000000000001 0.6171875 0.3125000000000001 0.6171875 0.4 0.6609375 0.4
2 0.3890625 0.2531250000000001 0.3734375 0.2531250000000001 0.3734375 0.2906250000000001 0.3890625 0.2906250000000001
4 0.4609375 0.4953125 0.4515625 0.4953125 0.4515625 0.515625 0.4609375 0.515625
4 0.5453125 0.6625 0.5359375 0.6625 0.5359375 0.68125 0.5453125 0.68125
4 0.5546875 0.65625 0.5453125 0.65625 0.5453125 0.6765625 0.5546875 0.6765625
0 0.621875 0.478125 0.6109375 0.478125 0.6109375 0.4984375 0.621875 0.4984375
2 0.659375 0.4859375 0.646875 0.4859375 0.646875 0.521875 0.659375 0.521875
0 0.634375 0.4234375 0.6234375 0.4234375 0.6234375 0.44375 0.634375 0.44375
2 0.8734375 0.004687500000000106 0.853125 0.004687500000000104 0.853125 0.031250000000000104 0.8734375 0.03125000000000011
4 0.65625 0.2140625000000001 0.6453125 0.2140625000000001 0.6453125 0.2328125000000001 0.65625 0.2328125000000001
4 0.696875 0.1625000000000001 0.6890625 0.1625000000000001 0.6890625 0.1781250000000001 0.696875 0.1781250000000001
4 0.6859375 0.15781250000000008 0.6765625 0.15781250000000008 0.6765625 0.1750000000000001 0.6859375 0.1750000000000001
4 0.6765625 0.20312500000000008 0.665625 0.20312500000000008 0.665625 0.21875000000000008 0.6765625 0.21875000000000008
4 0.6390625 0.2515625000000001 0.6296875 0.2515625000000001 0.6296875 0.2687500000000001 0.6390625 0.2687500000000001
2 0.6328125 0.2921875000000001 0.6125 0.2921875000000001 0.6125 0.3218750000000001 0.6328125 0.3218750000000001
2 0.425 0.546875 0.4046875 0.546875 0.4046875 0.5765625 0.425 0.5765625
4 0.1703125000000001 0.8859375 0.15781250000000008 0.8859375 0.15781250000000008 0.9 0.1703125000000001 0.9
4 0.15468750000000012 0.9046875 0.1437500000000001 0.9046875 0.1437500000000001 0.9234375 0.15468750000000014 0.9234375
2 0.415625 0.3609375000000001 0.4046875 0.3609375000000001 0.4046875 0.4 0.415625 0.4
2 0.35 0.042187500000000044 0.33125 0.042187500000000044 0.33125 0.07656250000000005 0.35 0.07656250000000005
2 0.3671875 0.06875000000000005 0.3484375 0.06875000000000005 0.3484375 0.10312500000000005 0.3671875 0.10312500000000005
2 0.2859375 0.003125000000000033 0.265625 0.003125000000000032 0.265625 0.04375000000000003 0.2859375 0.04375000000000003
4 0.41875 0.09218750000000005 0.4078125 0.09218750000000005 0.4078125 0.10937500000000004 0.41875 0.10937500000000004
2 0.39375 0.09843750000000004 0.375 0.09843750000000004 0.375 0.13437500000000005 0.39375 0.13437500000000005
4 0.3078125000000001 0.6828125 0.2984375000000001 0.6828125 0.2984375000000001 0.6984375 0.3078125000000001 0.6984375
0 0.3421875000000001 0.5125 0.3281250000000001 0.5125 0.3281250000000001 0.53125 0.3421875000000001 0.53125
2 0.2468750000000001 0.4984375 0.2296875000000001 0.4984375 0.2296875000000001 0.5359375 0.2468750000000001 0.5359375
0 0.23593750000000008 0.678125 0.21875000000000008 0.678125 0.21875000000000008 0.703125 0.23593750000000008 0.703125
4 0.2578125000000001 0.7515625 0.2468750000000001 0.7515625 0.2468750000000001 0.765625 0.2578125000000001 0.765625
4 0.58125 0.2093750000000001 0.5734375 0.2093750000000001 0.5734375 0.2328125000000001 0.58125 0.2328125000000001
2 0.7 0.18125000000000008 0.6796875 0.18125000000000008 0.6796875 0.2156250000000001 0.7 0.2156250000000001
4 0.7921875 0.010937500000000096 0.778125 0.010937500000000095 0.778125 0.0250000000000001 0.7921875 0.0250000000000001
2 0.88125 0.018750000000000107 0.859375 0.018750000000000107 0.859375 0.05312500000000011 0.88125 0.05312500000000011
4 0.771875 0.029687500000000096 0.7578125 0.02968750000000009 0.7578125 0.043750000000000094 0.771875 0.0437500000000001
4 0.5453125 0.19375000000000006 0.53125 0.19375000000000003 0.53125 0.2140625000000001 0.5453125 0.2140625000000001
4 0.621875 0.5671875 0.6140625 0.5671875 0.6140625 0.5859375 0.621875 0.5859375
2 0.3625 0.03750000000000005 0.34375 0.03750000000000005 0.34375 0.06875000000000005 0.3625 0.06875000000000005
2 0.5171875 0.18593750000000003 0.4953125 0.18593750000000003 0.4953125 0.2218750000000001 0.5171875 0.2218750000000001
4 0.3765625 0.07187500000000005 0.3671875 0.07187500000000005 0.3671875 0.09218750000000005 0.3765625 0.09218750000000005
4 0.29375000000000007 0.6859375 0.2843750000000001 0.6859375 0.2843750000000001 0.70625 0.29375000000000007 0.70625
4 0.3187500000000001 0.65 0.30937500000000007 0.65 0.30937500000000007 0.6703125 0.3187500000000001 0.6703125
4 0.3265625000000001 0.6328125 0.31718750000000007 0.6328125 0.31718750000000007 0.6484375 0.3265625000000001 0.6484375
4 0.3312500000000001 0.6453125 0.3203125000000001 0.6453125 0.3203125000000001 0.6609375 0.3312500000000001 0.6609375
4 0.3312500000000001 0.6625 0.3218750000000001 0.6625 0.3218750000000001 0.6765625 0.3312500000000001 0.6765625
4 0.1921875000000001 0.8859375 0.18125000000000008 0.8859375 0.18125000000000008 0.9046875 0.1921875000000001 0.9046875
4 0.18437500000000012 0.90625 0.1687500000000001 0.90625 0.16875000000000012 0.925 0.18437500000000012 0.925
4 0.16875000000000012 0.909375 0.15468750000000014 0.909375 0.15468750000000014 0.9265625 0.16875000000000012 0.9265625
4 0.14687500000000014 0.925 0.13437500000000013 0.925 0.13437500000000013 0.946875 0.14687500000000014 0.946875
2 0.17656250000000012 0.925 0.15625000000000014 0.925 0.15625000000000014 0.959375 0.17656250000000012 0.959375
4 0.13125000000000014 0.9625 0.11718750000000014 0.9625 0.11718750000000014 0.9796875 0.13125000000000014 0.9796875
2 0.14062500000000014 0.9703125 0.11718750000000014 0.9703125 0.11718750000000014 1 0.14062500000000014 1
4 0.709375 0.12500000000000008 0.7015625 0.12500000000000008 0.7015625 0.1390625000000001 0.709375 0.1390625000000001
4 0.7203125 0.11718750000000008 0.7109375 0.11718750000000008 0.7109375 0.1359375000000001 0.7203125 0.1359375000000001
4 0.74375 0.08437500000000009 0.7359375 0.08437500000000009 0.7359375 0.10156250000000008 0.74375 0.10156250000000008
4 0.7859375 0.0468750000000001 0.775 0.0468750000000001 0.775 0.06093750000000009 0.7859375 0.06093750000000009
4 0.803125 0.0031250000000000978 0.79375 0.0031250000000000973 0.79375 0.0234375000000001 0.803125 0.0234375000000001
4 0.828125 0.12500000000000008 0.81875 0.12500000000000008 0.81875 0.14062500000000008 0.828125 0.14062500000000008
2 0.5859375 0.56875 0.5671875 0.56875 0.5671875 0.6015625 0.5859375 0.6015625
4 0.34375 0.0015625000000000417 0.3328125 0.0015625000000000409 0.3328125 0.017187500000000043 0.34375 0.017187500000000043
4 0.3671875000000001 0.5734375 0.35625000000000007 0.5734375 0.35625000000000007 0.5890625 0.3671875000000001 0.5890625
2 0.18906250000000008 0.7703125 0.1703125000000001 0.7703125 0.1703125000000001 0.7984375 0.18906250000000008 0.7984375
2 0.20312500000000008 0.659375 0.1828125000000001 0.659375 0.1828125000000001 0.696875 0.20312500000000008 0.696875
4 0.534375 0.665625 0.5265625 0.665625 0.5265625 0.6859375 0.534375 0.6859375
4 0.5421875 0.7015625 0.534375 0.7015625 0.534375 0.7171875 0.5421875 0.7171875
4 0.6703125 0.32500000000000007 0.6640625 0.32500000000000007 0.6640625 0.3390625000000001 0.6703125 0.3390625000000001