2 0.3484375 0.2875 0.3328125 0.2875 0.3328125 0.3015625 0.3484375 0.3015625
2 0.40625 0.2500000000000001 0.396875 0.2500000000000001 0.396875 0.2687500000000001 0.40625 0.2687500000000001
2 0.3984375 0.2156250000000001 0.384375 0.2156250000000001 0.384375 0.2296875000000001 0.3984375 0.2296875000000001
2 0.509375 0.3187500000000001 0.503125 0.3187500000000001 0.503125 0.3468750000000001 0.509375 0.3468750000000001
2 0.5203125 0.31718750000000007 0.5140625 0.31718750000000007 0.5140625 0.3437500000000001 0.5203125 0.3437500000000001
2 0.5609375 0.30937500000000007 0.553125 0.30937500000000007 0.553125 0.33281250000000007 0.5609375 0.33281250000000007
2 0.5703125 0.3109375000000001 0.5640625 0.3109375000000001 0.5640625 0.33281250000000007 0.5703125 0.33281250000000007
4 0.5859375 0.2968750000000001 0.58125 0.2968750000000001 0.58125 0.3109375000000001 0.5859375 0.3109375000000001
4 0.58125 0.3031250000000001 0.578125 0.3031250000000001 0.578125 0.3156250000000001 0.58125 0.3156250000000001
4 0.5765625 0.2953125000000001 0.575 0.2953125000000001 0.575 0.3046875000000001 0.5765625 0.3046875000000001
4 0.5734375 0.2875000000000001 0.5703125 0.2875000000000001 0.5703125 0.30156250000000007 0.5734375 0.30156250000000007
4 0.5703125 0.29375000000000007 0.5671875 0.29375000000000007 0.5671875 0.3078125000000001 0.5703125 0.3078125000000001
4 0.5703125 0.27812500000000007 0.5671875 0.27812500000000007 0.5671875 0.2921875000000001 0.5703125 0.2921875000000001
4 0.5484375 0.2765625000000001 0.546875 0.2765625000000001 0.546875 0.2890625000000001 0.5484375 0.2890625000000001
4 0.546875 0.2890625000000001 0.5453125 0.2890625000000001 0.5453125 0.3046875000000001 0.546875 0.3046875000000001
4 0.54375 0.2890625000000001 0.540625 0.2890625000000001 0.540625 0.3031250000000001 0.54375 0.3031250000000001
4 0.540625 0.2906250000000001 0.5375 0.2906250000000001 0.5375 0.3046875000000001 0.540625 0.3046875000000001
4 0.5328125 0.2765625000000001 0.5296875 0.2765625000000001 0.5296875 0.2906250000000001 0.5328125 0.2906250000000001
4 0.5296875 0.2750000000000001 0.5265625 0.2750000000000001 0.5265625 0.2890625000000001 0.5296875 0.2890625000000001
4 0.528125 0.2750000000000001 0.525 0.2750000000000001 0.525 0.2890625000000001 0.528125 0.2890625000000001
4 0.5203125 0.2750000000000001 0.5171875 0.2750000000000001 0.5171875 0.2890625000000001 0.5203125 0.2890625000000001
4 0.4109375 0.2687500000000001 0.409375 0.2687500000000001 0.409375 0.2828125000000001 0.4109375 0.2828125000000001
4 0.4140625 0.2687500000000001 0.4125 0.2687500000000001 0.4125 0.2796875000000001 0.4140625 0.2796875000000001
4 0.4359375 0.20468750000000008 0.43125 0.20468750000000008 0.43125 0.2156250000000001 0.4359375 0.2156250000000001
4 0.528125 0.22656250000000008 0.525 0.22656250000000008 0.525 0.2375000000000001 0.528125 0.2375000000000001
4 0.5421875 0.2250000000000001 0.5390625 0.2250000000000001 0.5390625 0.2375000000000001 0.5421875 0.2375000000000001
4 0.565625 0.2375000000000001 0.5640625 0.2375000000000001 0.5640625 0.2515625000000001 0.565625 0.2515625000000001
4 0.56875 0.2375000000000001 0.565625 0.2375000000000001 0.565625 0.2500000000000001 0.56875 0.2500000000000001
4 0.5765625 0.2296875000000001 0.575 0.2296875000000001 0.575 0.2390625000000001 0.5765625 0.2390625000000001
4 0.575 0.2390625000000001 0.571875 0.2390625000000001 0.571875 0.2531250000000001 0.575 0.2531250000000001
4 0.5796875 0.2375000000000001 0.578125 0.2375000000000001 0.578125 0.2515625000000001 0.5796875 0.2515625000000001
4 0.5828125 0.2406250000000001 0.5796875 0.2406250000000001 0.5796875 0.2500000000000001 0.5828125 0.2500000000000001
5 0.68125 0.3781250000000001 0.640625 0.3781250000000001 0.640625 0.3968750000000001 0.68125 0.3968750000000001
5 0.7390625 0.3781250000000001 0.6953125 0.3781250000000001 0.6953125 0.39531250000000007 0.7390625 0.39531250000000007
5 0.878125 0.40156250000000016 0.840625 0.40156250000000016 0.840625 0.41718750000000016 0.878125 0.41718750000000016
2 0.8296875 0.42500000000000016 0.81875 0.42500000000000016 0.81875 0.43750000000000017 0.8296875 0.43750000000000017
2 0.80625 0.4234375000000002 0.7921875 0.4234375000000002 0.7921875 0.43750000000000017 0.80625 0.43750000000000017
3 0.803125 0.3937500000000001 0.7890625 0.3937500000000001 0.7890625 0.4046875000000002 0.803125 0.4046875000000002
4 0.834375 0.3937500000000001 0.8296875 0.3937500000000001 0.8296875 0.4031250000000002 0.834375 0.4031250000000002
4 0.9703125 0.2312500000000001 0.965625 0.2312500000000001 0.965625 0.2468750000000001 0.9703125 0.2468750000000001
3 0.9984375 0.2812500000000001 0.9890625 0.2812500000000001 0.9890625 0.3062500000000001 0.9984375 0.3062500000000001
4 0.7484375 0.4359375000000002 0.7421875 0.4359375000000002 0.7421875 0.4437500000000002 0.7484375 0.4437500000000002
3 0.734375 0.4484375000000001 0.7140625 0.4484375 0.7140625 0.4625000000000001 0.734375 0.4625000000000002
4 0.06093750000000005 0.4265625 0.051562500000000046 0.4265625 0.051562500000000046 0.4328125 0.06093750000000005 0.4328125
4 0.18906250000000008 0.5671875 0.18125000000000008 0.5671875 0.18125000000000008 0.575 0.18906250000000008 0.575
4 0.18906250000000008 0.621875 0.1828125000000001 0.621875 0.1828125000000001 0.628125 0.18906250000000008 0.628125
3 0.16875000000000004 0.509375 0.14843750000000006 0.509375 0.14843750000000006 0.5234375 0.16875000000000004 0.5234375
6 0.3765625000000001 0.5453125 0.34843750000000007 0.5453125 0.34843750000000007 0.5625 0.3765625000000001 0.5625
2 0.3765625000000001 0.5234375 0.3625000000000001 0.5234375 0.3625000000000001 0.5375 0.3765625000000001 0.5375
2 0.5078125 0.45625 0.4953125 0.45625 0.4953125 0.4671875 0.5078125 0.4671875
2 0.609375 0.4546875 0.5984375 0.4546875 0.5984375 0.4640625 0.609375 0.4640625
2 0.584375 0.621875 0.5734375 0.621875 0.5734375 0.63125 0.584375 0.63125
4 0.5921875 0.5609375 0.5859375 0.5609375 0.5859375 0.5671875 0.5921875 0.5671875
4 0.5625 0.584375 0.55625 0.584375 0.55625 0.59375 0.5625 0.59375
4 0.5921875 0.5859375 0.5859375 0.5859375 0.5859375 0.5921875 0.5921875 0.5921875
4 0.634375 0.5828125 0.6265625 0.5828125 0.6265625 0.5890625 0.634375 0.5890625
4 0.784375 0.5781250000000002 0.778125 0.5781250000000002 0.778125 0.5859375000000002 0.784375 0.5859375000000002
4 0.7921875 0.6203125000000002 0.7859375 0.6203125000000002 0.7859375 0.6296875000000002 0.7921875 0.6296875000000002
2 0.765625 0.5140625000000002 0.75 0.5140625000000002 0.75 0.5250000000000001 0.765625 0.5250000000000001
2 0.66875 0.625 0.6640625 0.625 0.6640625 0.6484375 0.66875 0.6484375
2 0.6765625 0.6234375 0.6703125 0.6234375 0.6703125 0.6453125 0.6765625 0.6453125
2 0.6765625 0.6484375 0.6703125 0.6484375 0.6703125 0.66875 0.6765625 0.66875
2 0.721875 0.6421875 0.715625 0.6421875 0.715625 0.665625 0.721875 0.665625
5 0.9984375 0.5531250000000002 0.9296875 0.5531250000000002 0.9296875 0.5734375000000002 0.9984375 0.5734375000000002
4 0.9609375 0.6031250000000001 0.9515625 0.6031250000000001 0.9515625 0.6109375000000001 0.9609375 0.6109375000000001
4 0.978125 0.6796875000000002 0.96875 0.6796875000000002 0.96875 0.6937500000000002 0.978125 0.6937500000000002
4 0.984375 0.8828125 0.9796875 0.8828125 0.9796875 0.8984375 0.984375 0.8984375
2 0.9953125 0.7984375000000001 0.98125 0.7984375000000001 0.98125 0.821875 0.9953125 0.821875
2 0.9421875 0.7890625000000002 0.93125 0.7890625000000002 0.93125 0.803125 0.9421875 0.803125
2 0.9421875 0.80625 0.93125 0.80625 0.93125 0.815625 0.9421875 0.815625
2 0.9640625 0.85625 0.95625 0.85625 0.95625 0.88125 0.9640625 0.88125
2 0.95625 0.884375 0.95 0.884375 0.95 0.9078125 0.95625 0.9078125
2 0.9484375 0.890625 0.940625 0.890625 0.940625 0.9171875 0.9484375 0.9171875
2 0.98125 0.85 0.971875 0.85 0.971875 0.8703125 0.98125 0.8703125
2 0.9765625 0.9078125 0.9671875 0.9078125 0.9671875 0.9296875 0.9765625 0.9296875
4 0.8296875 0.5781250000000002 0.821875 0.5781250000000002 0.821875 0.5890625000000002 0.8296875 0.5890625000000002
0 0.825 0.6000000000000002 0.815625 0.6000000000000002 0.815625 0.6078125000000002 0.825 0.6078125000000002
0 0.8265625 0.6406250000000002 0.815625 0.6406250000000002 0.815625 0.6515625000000002 0.8265625 0.6515625000000002
0 0.8 0.6000000000000002 0.7890625 0.6000000000000002 0.7890625 0.6109375000000001 0.8 0.6109375000000001
0 0.7625 0.6625000000000002 0.7484375 0.6625000000000002 0.7484375 0.6765625000000002 0.7625 0.6765625000000002
6 0.903125 0.6281250000000002 0.8640625 0.6281250000000002 0.8640625 0.6484375000000002 0.903125 0.6484375000000002
6 0.734375 0.5984375000000001 0.709375 0.5984375 0.709375 0.6171875000000001 0.734375 0.6171875000000002
3 0.6875 0.6125 0.678125 0.6125 0.678125 0.634375 0.6875 0.634375
3 0.7203125000000001 0.884375 0.7140625000000002 0.884375 0.7140625000000002 0.9125 0.7203125000000001 0.9125
3 0.7671875000000001 0.8484375 0.7468750000000002 0.8484375 0.7468750000000002 0.8625 0.7671875000000001 0.8625
3 0.5859375 0.6015625 0.575 0.6015625 0.575 0.6125 0.5859375 0.6125
6 0.5078125 0.615625 0.4796875 0.615625 0.4796875 0.6328125 0.5078125 0.6328125
5 0.2953125000000001 0.6328125 0.2640625000000001 0.6328125 0.2640625000000001 0.6515625 0.2953125000000001 0.6515625
5 0.1625000000000001 0.6421875 0.12656250000000008 0.6421875 0.12656250000000008 0.659375 0.1625000000000001 0.659375
5 0.1390625000000001 0.675 0.10312500000000009 0.675 0.10312500000000009 0.69375 0.1390625000000001 0.69375
5 0.07343750000000009 0.71875 0.05937500000000009 0.71875 0.05937500000000009 0.7703125 0.07343750000000009 0.7703125
5 0.04062500000000009 0.73125 0.028125000000000087 0.73125 0.028125000000000094 0.7828125 0.0406250000000001 0.7828125
5 0.035937500000000115 0.921875 0.02656250000000011 0.921875 0.026562500000000117 0.9671875 0.03593750000000012 0.9671875
2 0.007812500000000104 0.8296875 1.0160741411675695e-16 0.8296875 1.0285119602214098e-16 0.85 0.007812500000000106 0.85