2 0.19218750000000004 0.4421875 0.16718750000000004 0.4421875 0.16718750000000004 0.4734375 0.19218750000000004 0.4734375
2 0.26250000000000007 0.4578125 0.2406250000000001 0.4578125 0.2406250000000001 0.478125 0.26250000000000007 0.478125
2 0.2218750000000001 0.396875 0.2093750000000001 0.396875 0.2093750000000001 0.43125 0.2218750000000001 0.43125
2 0.020312500000000053 0.4109375 0.0015625000000000506 0.4109375 0.001562500000000053 0.453125 0.020312500000000056 0.453125
4 0.014062500000000047 0.36875 0.004687500000000046 0.36875 0.0046875000000000475 0.3921875 0.01406250000000005 0.3921875
2 0.03125000000000007 0.575 0.012500000000000072 0.575 0.012500000000000072 0.5953125 0.031250000000000076 0.5953125
4 0.06875000000000006 0.5140625 0.05156250000000007 0.5140625 0.05156250000000007 0.5390625 0.06875000000000006 0.5390625
5 0.3671875000000001 0.4875 0.3468750000000001 0.4875 0.3468750000000001 0.5109375 0.3671875000000001 0.5109375
2 0.3078125000000001 0.409375 0.29375000000000007 0.409375 0.29375000000000007 0.440625 0.3078125000000001 0.440625
2 0.3187500000000001 0.409375 0.3109375000000001 0.409375 0.3109375000000001 0.44375 0.3187500000000001 0.44375
2 0.5 0.48125 0.475 0.48125 0.475 0.5015625 0.5 0.5015625
2 0.5546875 0.4984375 0.5359375 0.4984375 0.5359375 0.5171875 0.5546875 0.5171875
2 0.59375 0.465625 0.575 0.465625 0.575 0.48125 0.59375 0.48125
2 0.596875 0.496875 0.5734375 0.496875 0.5734375 0.5125 0.596875 0.5125
0 0.5984375 0.4796875 0.5828125 0.4796875 0.5828125 0.5015625 0.5984375 0.5015625
2 0.603125 0.521875 0.578125 0.521875 0.578125 0.5484375 0.603125 0.5484375
2 0.6671875 0.48125 0.646875 0.48125 0.646875 0.5078125 0.6671875 0.5078125
2 0.671875 0.540625 0.6515625 0.540625 0.6515625 0.5640625 0.671875 0.5640625
2 0.65625 0.578125 0.6328125 0.578125 0.6328125 0.596875 0.65625 0.596875
2 0.771875 0.48750000000000016 0.75 0.48750000000000016 0.75 0.5062500000000002 0.771875 0.5062500000000002
2 0.7328125 0.47343750000000007 0.7109375 0.4734375 0.7109375 0.4937500000000001 0.7328125 0.4937500000000002
2 0.8234375 0.46875000000000017 0.803125 0.46875000000000017 0.803125 0.48750000000000016 0.8234375 0.48750000000000016
2 0.9140625 0.4265625000000002 0.8875 0.4265625000000002 0.8875 0.4437500000000002 0.9140625 0.4437500000000002
2 0.93125 0.4750000000000002 0.9125 0.4750000000000002 0.9125 0.49218750000000017 0.93125 0.49218750000000017
1 0.9359375 0.4546875000000002 0.921875 0.4546875000000002 0.921875 0.46875000000000017 0.9359375 0.46875000000000017
2 0.996875 0.4156250000000002 0.9703125 0.4156250000000002 0.9703125 0.44531250000000017 0.996875 0.44531250000000017
2 0.996875 0.5343750000000002 0.971875 0.5343750000000002 0.971875 0.5531250000000002 0.996875 0.5531250000000002
2 0.95625 0.5640625000000001 0.934375 0.5640625000000001 0.934375 0.5812500000000002 0.95625 0.5812500000000002
2 0.971875 0.5640625000000001 0.9515625 0.5640625000000001 0.9515625 0.5828125000000002 0.971875 0.5828125000000002
2 0.990625 0.5562500000000001 0.9671875 0.5562500000000001 0.9671875 0.5828125000000002 0.990625 0.5828125000000002
2 0.8640625 0.5687500000000002 0.84375 0.5687500000000002 0.84375 0.5843750000000002 0.8640625 0.5843750000000002
2 0.8453125 0.5718750000000001 0.8234375 0.5718750000000001 0.8234375 0.5906250000000002 0.8453125 0.5906250000000002
2 0.8421875 0.6046875000000002 0.83125 0.6046875000000002 0.83125 0.6375000000000002 0.8421875 0.6375000000000002
2 0.8515625 0.6031250000000001 0.840625 0.6031250000000001 0.840625 0.6359375000000002 0.8515625 0.6359375000000002
2 0.8609375 0.6046875000000002 0.8515625 0.6046875000000002 0.8515625 0.6406250000000002 0.8609375 0.6406250000000002
2 0.871875 0.6046875000000002 0.8609375 0.6046875000000002 0.8609375 0.6437500000000002 0.871875 0.6437500000000002
2 0.8859375 0.6062500000000002 0.8671875 0.6062500000000002 0.8671875 0.6421875000000001 0.8859375 0.6421875000000001
2 0.8890625 0.6718750000000002 0.8796875 0.6718750000000002 0.8796875 0.7015625000000002 0.8890625 0.7015625000000002
2 0.88125 0.6765625000000002 0.8703125 0.6765625000000002 0.8703125 0.7062500000000002 0.88125 0.7062500000000002
2 0.86875 0.6718750000000002 0.8578125 0.6718750000000002 0.8578125 0.7109375000000002 0.86875 0.7109375000000002
2 0.85625 0.6765625000000002 0.8484375 0.6765625000000002 0.8484375 0.7046875000000001 0.85625 0.7046875000000001
2 0.8515625 0.6765625000000002 0.8359375 0.6765625000000002 0.8359375 0.7093750000000002 0.8515625 0.7093750000000002
2 0.8359375 0.6750000000000002 0.821875 0.6750000000000002 0.821875 0.7062500000000002 0.8359375 0.7062500000000002
2 0.83125 0.6500000000000001 0.809375 0.6500000000000001 0.809375 0.6796875000000002 0.83125 0.6796875000000002
2 0.9921875 0.5968750000000002 0.98125 0.5968750000000002 0.98125 0.6406250000000002 0.9921875 0.6406250000000002
5 0.428125 0.4453125 0.3984375000000001 0.4453125 0.3984375000000001 0.4671875 0.428125 0.4671875
4 0.425 0.4875 0.4140625 0.4875 0.4140625 0.503125 0.425 0.503125
4 0.4375 0.475 0.4265625 0.475 0.4265625 0.4953125 0.4375 0.4953125
4 0.3375000000000001 0.4765625 0.3187500000000001 0.4765625 0.3187500000000001 0.4875 0.3375000000000001 0.4875
4 0.3125000000000001 0.4734375 0.2968750000000001 0.4734375 0.2968750000000001 0.4875 0.3125000000000001 0.4875
4 0.49375 0.55625 0.4734375 0.55625 0.4734375 0.58125 0.49375 0.58125