5 0.2453125000000001 0.6578125 0.1859375000000001 0.6578125 0.1859375000000001 0.7 0.2453125000000001 0.7
5 0.30156250000000007 0.640625 0.2468750000000001 0.640625 0.2468750000000001 0.68125 0.30156250000000007 0.68125
2 0.3859375000000001 0.6890625 0.3609375000000001 0.6890625 0.3609375000000001 0.7203125 0.3859375000000001 0.7203125
6 0.05468750000000011 0.84375 0.010937500000000103 0.84375 0.010937500000000105 0.8921875 0.05468750000000011 0.8921875
5 0.0390625000000001 0.8140625 9.969390349308921e-17 0.8140625 1.0112903646084002e-16 0.8375 0.0390625000000001 0.8375
2 0.0984375000000001 0.7890625 0.07031250000000008 0.7890625 0.0703125000000001 0.8203125 0.09843750000000011 0.8203125
2 0.11093750000000009 0.85 0.08125000000000011 0.85 0.08125000000000011 0.8890625 0.11093750000000009 0.8890625
0 0.17343750000000008 0.771875 0.15000000000000008 0.771875 0.15000000000000008 0.8125 0.17343750000000008 0.8125
0 0.14843750000000008 0.86875 0.12656250000000008 0.86875 0.12656250000000008 0.903125 0.14843750000000008 0.903125
2 0.3812500000000001 0.9109375 0.3546875000000001 0.9109375 0.3546875000000001 0.940625 0.3812500000000001 0.940625
2 0.4734375000000002 0.73125 0.44531250000000017 0.73125 0.44531250000000017 0.7828125 0.4734375000000002 0.7828125
2 0.5265625 0.6453125 0.5046875 0.6453125 0.5046875 0.70625 0.5265625 0.70625
2 0.5625000000000001 0.71875 0.5265625 0.71875 0.5265625 0.7625 0.5625000000000002 0.7625
2 0.4796875 0.540625 0.4640625 0.540625 0.4640625 0.58125 0.4796875 0.58125
4 0.478125 0.2609375000000001 0.4640625 0.2609375000000001 0.4640625 0.2875000000000001 0.478125 0.2875000000000001
4 0.525 0.16718750000000004 0.5109375 0.16718750000000004 0.5109375 0.19843750000000004 0.525 0.19843750000000004
4 0.5234375 0.014062500000000065 0.5109375 0.014062500000000061 0.5109375 0.04375000000000007 0.5234375 0.04375000000000007
4 0.4671875 0.11562500000000005 0.4515625 0.11562500000000005 0.4515625 0.14687500000000003 0.4671875 0.14687500000000003
4 0.5234375 0.51875 0.5125 0.51875 0.5125 0.5484375 0.5234375 0.5484375
4 0.4859375 0.6359375 0.4765625 0.6359375 0.4765625 0.6578125 0.4859375 0.6578125
4 0.4875 0.6046875 0.4796875 0.6046875 0.4796875 0.625 0.4875 0.625
4 0.4703125 0.6171875 0.4609375 0.6171875 0.4609375 0.634375 0.4703125 0.634375
4 0.5156250000000002 0.878125 0.5046875000000002 0.878125 0.5046875000000002 0.909375 0.5156250000000002 0.909375
4 0.5343750000000002 0.80625 0.5218750000000002 0.80625 0.5218750000000002 0.8375 0.5343750000000002 0.8375
6 0.678125 0.6796875 0.6328125 0.6796875 0.6328125 0.7171875 0.678125 0.7171875
4 0.5953125000000001 0.8890625 0.5765625000000002 0.8890625 0.5765625000000002 0.9171875 0.5953125000000001 0.9171875
4 0.6843750000000002 0.76875 0.6703125000000002 0.76875 0.6703125000000002 0.8 0.6843750000000002 0.8
4 0.7234375000000002 0.7578125 0.7093750000000002 0.7578125 0.7093750000000002 0.778125 0.7234375000000002 0.778125
3 0.81875 0.7781250000000002 0.8 0.7781250000000002 0.8 0.8046875 0.81875 0.8046875
4 0.7687500000000002 0.7953125000000002 0.7546875000000002 0.7953125000000002 0.7546875000000002 0.81875 0.7687500000000002 0.81875
4 0.7515625000000001 0.7734375000000002 0.7390625000000002 0.7734375000000002 0.7390625000000002 0.7968750000000002 0.7515625000000001 0.7968750000000002
4 0.93125 0.8109375 0.9171875 0.8109375 0.9171875 0.8265625 0.93125 0.8265625
4 0.990625 0.8828125 0.9765625 0.8828125 0.9765625 0.9125 0.990625 0.9125
2 0.8703125 0.8140625 0.840625 0.8140625 0.840625 0.846875 0.8703125 0.846875
2 0.8109375 0.8640625 0.7734375000000002 0.8640625 0.7734375000000002 0.9046875 0.8109375 0.9046875
1 0.578125 0.671875 0.5484375 0.671875 0.5484375 0.70625 0.578125 0.70625
4 0.3937500000000001 0.78125 0.3734375000000001 0.78125 0.3734375000000001 0.809375 0.3937500000000001 0.809375
2 0.9109375 0.7890625000000002 0.88125 0.7890625000000002 0.88125 0.8171875 0.9109375 0.8171875