2 0.375 0.2828125 0.35625 0.2828125 0.35625 0.29687500000000006 0.375 0.2968750000000001
2 0.43125 0.2406250000000001 0.4203125 0.2406250000000001 0.4203125 0.2609375000000001 0.43125 0.2609375000000001
2 0.4234375 0.2078125000000001 0.4078125 0.2078125000000001 0.4078125 0.22656250000000008 0.4234375 0.22656250000000008
2 0.534375 0.3109375000000001 0.5265625 0.3109375000000001 0.5265625 0.3390625000000001 0.534375 0.3390625000000001
2 0.5453125 0.30937500000000007 0.5375 0.30937500000000007 0.5375 0.3390625000000001 0.5453125 0.3390625000000001
2 0.5859375 0.3031250000000001 0.578125 0.3031250000000001 0.578125 0.3281250000000001 0.5859375 0.3281250000000001
2 0.5953125 0.3031250000000001 0.5875 0.3031250000000001 0.5875 0.3281250000000001 0.5953125 0.3281250000000001
2 0.996875 0.8609375 0.9859375 0.8609375 0.9859375 0.8875 0.996875 0.8875
2 0.98125 0.8953125 0.971875 0.8953125 0.971875 0.921875 0.98125 0.921875
2 0.746875 0.6421875000000001 0.7390625 0.6421875000000001 0.7390625 0.6656250000000001 0.746875 0.6656250000000001
6 0.9328125 0.6265625000000001 0.89375 0.6265625000000001 0.89375 0.6468750000000002 0.9328125 0.6468750000000002
5 0.7671875 0.3703125000000001 0.7203125 0.3703125000000001 0.7203125 0.3890625000000001 0.7671875 0.3890625000000001
6 0.7078125 0.3703125000000001 0.665625 0.3703125000000001 0.665625 0.3906250000000001 0.7078125 0.3906250000000001
6 0.3187500000000001 0.625 0.2890625000000001 0.625 0.2890625000000001 0.64375 0.3187500000000001 0.64375
6 0.1921875000000001 0.63125 0.1546875000000001 0.63125 0.1546875000000001 0.65 0.1921875000000001 0.65
6 0.1687500000000001 0.6625 0.1296875000000001 0.6625 0.1296875000000001 0.6875 0.1687500000000001 0.6875
4 0.5734375 0.27031250000000007 0.56875 0.27031250000000007 0.56875 0.2843750000000001 0.5734375 0.2843750000000001
3 0.7937500000000002 0.84375 0.7718750000000002 0.84375 0.7718750000000002 0.8625 0.7937500000000002 0.8625
3 0.7468750000000002 0.8796875 0.7359375000000001 0.8796875 0.7359375000000001 0.915625 0.7468750000000002 0.915625
4 0.5515625 0.27031250000000007 0.5484375 0.27031250000000007 0.5484375 0.2843750000000001 0.5515625 0.2843750000000001
4 0.56875 0.2828125000000001 0.565625 0.2828125000000001 0.565625 0.2968750000000001 0.56875 0.2968750000000001
4 0.5953125 0.2718750000000001 0.590625 0.2718750000000001 0.590625 0.2875000000000001 0.5953125 0.2875000000000001
4 0.609375 0.2906250000000001 0.6046875 0.2906250000000001 0.6046875 0.3062500000000001 0.609375 0.3062500000000001
4 0.5703125 0.23593750000000008 0.5671875 0.23593750000000008 0.5671875 0.2500000000000001 0.5703125 0.2500000000000001
4 0.5359375 0.22656250000000008 0.5328125 0.22656250000000008 0.5328125 0.23593750000000008 0.5359375 0.23593750000000008
4 0.54375 0.2250000000000001 0.5390625 0.2250000000000001 0.5390625 0.23593750000000008 0.54375 0.23593750000000008
4 0.5828125 0.2375000000000001 0.5796875 0.2375000000000001 0.5796875 0.2500000000000001 0.5828125 0.2500000000000001
4 0.54375 0.27031250000000007 0.5390625 0.27031250000000007 0.5390625 0.2843750000000001 0.54375 0.2843750000000001
4 0.4359375 0.2640625000000001 0.43125 0.2640625000000001 0.43125 0.27812500000000007 0.4359375 0.27812500000000007
4 0.5765625 0.2375000000000001 0.5734375 0.2375000000000001 0.5734375 0.2515625000000001 0.5765625 0.2515625000000001
4 0.5578125 0.2718750000000001 0.5546875 0.2718750000000001 0.5546875 0.28593750000000007 0.5578125 0.28593750000000007
4 0.5640625 0.2875000000000001 0.5609375 0.2875000000000001 0.5609375 0.3000000000000001 0.5640625 0.3000000000000001
4 0.571875 0.28593750000000007 0.56875 0.28593750000000007 0.56875 0.2984375000000001 0.571875 0.2984375000000001
0 0.85625 0.6375000000000002 0.840625 0.6375000000000002 0.840625 0.6531250000000002 0.85625 0.6531250000000002
2 0.709375 0.634375 0.703125 0.634375 0.703125 0.659375 0.709375 0.659375
2 0.7015625 0.61875 0.6953125 0.61875 0.6953125 0.64375 0.7015625 0.64375
2 0.6953125 0.621875 0.6890625 0.621875 0.6890625 0.64375 0.6953125 0.64375
2 0.7015625 0.6453125 0.6953125 0.6453125 0.6953125 0.665625 0.7015625 0.665625
0 0.8546875 0.5968750000000002 0.8421875 0.5968750000000002 0.8421875 0.6062500000000002 0.8546875 0.6062500000000002
5 1 0.5468750000000002 0.959375 0.5468750000000002 0.959375 0.5703125000000002 1 0.5703125000000002
1 0.7671875 0.5765625000000002 0.7390625 0.5765625000000002 0.7390625 0.5906250000000002 0.7671875 0.5906250000000002
6 0.45625 0.59375 0.43125 0.59375 0.43125 0.6109375 0.45625 0.6109375
4 0.4625 0.5359375 0.45625 0.5359375 0.45625 0.5453125 0.4625 0.5453125
4 0.09375000000000007 0.5703125 0.08750000000000006 0.5703125 0.08750000000000006 0.578125 0.09375000000000007 0.578125
4 0.6625 0.41875 0.6546875 0.41875 0.6546875 0.4265625 0.6625 0.4265625
2 0.9734375 0.39531250000000007 0.9578125 0.39531250000000007 0.9578125 0.40625000000000017 0.9734375 0.40625000000000017
6 0.53125 0.6109375 0.503125 0.6109375 0.503125 0.6296875 0.53125 0.6296875
2 0.06250000000000007 0.5984375 0.04843750000000008 0.5984375 0.04843750000000008 0.609375 0.06250000000000007 0.609375
6 0.578125 0.440625 0.553125 0.440625 0.553125 0.4578125 0.578125 0.4578125
4 0.86875 0.3812500000000001 0.859375 0.3812500000000001 0.859375 0.3906250000000001 0.86875 0.3906250000000001
4 0.2218750000000001 0.5875 0.2156250000000001 0.5875 0.2156250000000001 0.596875 0.2218750000000001 0.596875
4 0.5875 0.5765625 0.5796875 0.5765625 0.5796875 0.5875 0.5875 0.5875
4 0.7078125 0.58125 0.6984375 0.58125 0.6984375 0.5921875 0.7078125 0.5921875
2 0.9578125 0.5812500000000002 0.940625 0.5812500000000002 0.940625 0.5984375000000002 0.9578125 0.5984375000000002
4 0.996875 0.5765625000000002 0.990625 0.5765625000000002 0.990625 0.5875000000000001 0.996875 0.5875000000000001
2 0.4 0.2890625000000001 0.390625 0.2890625000000001 0.390625 0.3140625000000001 0.4 0.3140625000000001
3 0.8828125 0.6437500000000002 0.86875 0.6437500000000002 0.86875 0.6828125000000002 0.8828125 0.6828125000000002
6 1 0.5921875000000002 0.9640625 0.5921875000000002 0.9640625 0.6156250000000002 1 0.6156250000000002
6 0.953125 0.5218750000000002 0.91875 0.5218750000000002 0.91875 0.5390625000000002 0.953125 0.5390625000000002
4 0.684375 0.575 0.6765625 0.575 0.6765625 0.5890625 0.684375 0.5890625
4 0.60625 0.575 0.6 0.575 0.6 0.584375 0.60625 0.584375
4 0.5640625 0.5765625 0.55625 0.5765625 0.55625 0.5859375 0.5640625 0.5859375
6 0.1921875000000001 0.559375 0.17187500000000008 0.559375 0.17187500000000008 0.5765625 0.1921875000000001 0.5765625
0 0.4859375 0.4 0.478125 0.4 0.478125 0.4140625 0.4859375 0.4140625
2 0.5453125 0.3656250000000001 0.53125 0.3656250000000001 0.53125 0.3843750000000001 0.5453125 0.3843750000000001
3 0.75 0.4390625000000002 0.7328125 0.4390625000000002 0.7328125 0.4546875000000002 0.75 0.4546875000000002
6 0.7984375 0.42500000000000016 0.778125 0.42500000000000016 0.778125 0.4421875000000002 0.7984375 0.4421875000000002
3 0.890625 0.4812500000000002 0.8671875 0.4812500000000002 0.8671875 0.4968750000000002 0.890625 0.4968750000000002
0 0.875 0.825 0.86875 0.825 0.86875 0.8453125 0.875 0.8453125