2 0.36875 0.2828125 0.35 0.2828125 0.35 0.29687500000000006 0.36875 0.2968750000000001
2 0.4265625 0.24375000000000008 0.4140625 0.24375000000000008 0.4140625 0.2656250000000001 0.4265625 0.2656250000000001
2 0.4171875 0.2093750000000001 0.4015625 0.2093750000000001 0.4015625 0.22812500000000008 0.4171875 0.22812500000000008
2 0.5296875 0.3125000000000001 0.5234375 0.3125000000000001 0.5234375 0.3421875000000001 0.5296875 0.3421875000000001
2 0.540625 0.3125000000000001 0.53125 0.3125000000000001 0.53125 0.3421875000000001 0.540625 0.3421875000000001
2 0.5796875 0.3062500000000001 0.5734375 0.3062500000000001 0.5734375 0.3312500000000001 0.5796875 0.3312500000000001
2 0.590625 0.3062500000000001 0.58125 0.3062500000000001 0.58125 0.3312500000000001 0.590625 0.3312500000000001
2 0.9921875 0.8625 0.98125 0.8625 0.98125 0.8890625 0.9921875 0.8890625
2 0.9734375 0.8953125 0.9640625 0.8953125 0.9640625 0.921875 0.9734375 0.921875
2 0.74375 0.6437500000000002 0.734375 0.6437500000000002 0.734375 0.6671875000000002 0.74375 0.6671875000000002
6 0.9265625 0.6281250000000002 0.8875 0.6281250000000002 0.8875 0.6484375000000002 0.9265625 0.6484375000000002
5 0.759375 0.37187500000000007 0.7140625 0.37187500000000007 0.7140625 0.3906250000000001 0.759375 0.3906250000000001
6 0.703125 0.3750000000000001 0.6609375 0.3750000000000001 0.6609375 0.3937500000000001 0.703125 0.3937500000000001
6 0.3140625000000001 0.628125 0.2828125000000001 0.628125 0.2828125000000001 0.6484375 0.3140625000000001 0.6484375
6 0.1859375000000001 0.634375 0.1468750000000001 0.634375 0.1468750000000001 0.6546875 0.1859375000000001 0.6546875
6 0.16406250000000008 0.6671875 0.12500000000000008 0.6671875 0.12500000000000008 0.6921875 0.16406250000000008 0.6921875
4 0.56875 0.2718750000000001 0.5640625 0.2718750000000001 0.5640625 0.28593750000000007 0.56875 0.28593750000000007
3 0.7890625000000002 0.8453125 0.7671875000000001 0.8453125 0.7671875000000001 0.8640625 0.7890625000000002 0.8640625
3 0.7406250000000002 0.88125 0.7312500000000002 0.88125 0.7312500000000002 0.9171875 0.7406250000000002 0.9171875
4 0.5453125 0.2734375000000001 0.5421875 0.2734375000000001 0.5421875 0.2875000000000001 0.5453125 0.2875000000000001
4 0.5625 0.28593750000000007 0.559375 0.28593750000000007 0.559375 0.3000000000000001 0.5625 0.3000000000000001
4 0.5890625 0.2734375000000001 0.584375 0.2734375000000001 0.584375 0.2890625000000001 0.5890625 0.2890625000000001
4 0.6 0.2984375000000001 0.5953125 0.2984375000000001 0.5953125 0.3125000000000001 0.6 0.3125000000000001
4 0.5875 0.2328125000000001 0.584375 0.2328125000000001 0.584375 0.2468750000000001 0.5875 0.2468750000000001
4 0.553125 0.2234375000000001 0.55 0.2234375000000001 0.55 0.2328125000000001 0.553125 0.2328125000000001
4 0.5625 0.2218750000000001 0.5578125 0.2218750000000001 0.5578125 0.2328125000000001 0.5625 0.2328125000000001
4 0.603125 0.23437500000000008 0.6 0.23437500000000008 0.6 0.2484375000000001 0.603125 0.2484375000000001
4 0.5375 0.2718750000000001 0.534375 0.2718750000000001 0.534375 0.28593750000000007 0.5375 0.28593750000000007
4 0.434375 0.2671875000000001 0.4296875 0.2671875000000001 0.4296875 0.2812500000000001 0.434375 0.2812500000000001
4 0.5953125 0.23593750000000008 0.590625 0.23593750000000008 0.590625 0.2500000000000001 0.5953125 0.2500000000000001
4 0.5515625 0.2734375000000001 0.5484375 0.2734375000000001 0.5484375 0.2875000000000001 0.5515625 0.2875000000000001
4 0.559375 0.2890625000000001 0.55625 0.2890625000000001 0.55625 0.3031250000000001 0.559375 0.3031250000000001
4 0.5671875 0.2890625000000001 0.5640625 0.2890625000000001 0.5640625 0.30156250000000007 0.5671875 0.30156250000000007
0 0.85 0.6390625000000002 0.834375 0.6390625000000002 0.834375 0.6531250000000002 0.85 0.6531250000000002
2 0.7015625 0.6375 0.696875 0.6375 0.696875 0.6609375 0.7015625 0.6609375
2 0.696875 0.61875 0.690625 0.61875 0.690625 0.64375 0.696875 0.64375
2 0.6890625 0.6265625 0.6828125 0.6265625 0.6828125 0.6484375 0.6890625 0.6484375
2 0.696875 0.646875 0.690625 0.646875 0.690625 0.6671875 0.696875 0.6671875
0 0.846875 0.6000000000000002 0.834375 0.6000000000000002 0.834375 0.6078125000000002 0.846875 0.6078125000000002
2 0.2843750000000001 0.525 0.2687500000000001 0.525 0.2687500000000001 0.5375 0.2843750000000001 0.5375
2 0.6015625 0.61875 0.590625 0.61875 0.590625 0.6296875 0.6015625 0.6296875
6 0.5265625 0.6140625 0.496875 0.6140625 0.496875 0.6359375 0.5265625 0.6359375
2 0.5140625 0.2562500000000001 0.50625 0.2562500000000001 0.50625 0.2812500000000001 0.5140625 0.2812500000000001
2 0.6140625 0.596875 0.6 0.596875 0.6 0.6125 0.6140625 0.6125
3 0.696875 0.5875 0.6765625 0.5875 0.6765625 0.6015625 0.696875 0.6015625
2 1 0.915625 0.9890625 0.915625 0.9890625 0.940625 1 0.940625
5 0.09843750000000007 0.55 0.03750000000000007 0.55 0.03750000000000007 0.56875 0.09843750000000007 0.56875
2 0.3187500000000001 0.4046875 0.30156250000000007 0.4046875 0.30156250000000007 0.41875 0.3187500000000001 0.41875
2 0.6359375 0.45 0.6203125 0.45 0.6203125 0.4640625 0.6359375 0.4640625
4 0.5890625 0.2906250000000001 0.5859375 0.2906250000000001 0.5859375 0.3046875000000001 0.5890625 0.3046875000000001
4 0.6046875 0.2953125000000001 0.6015625 0.2953125000000001 0.6015625 0.3062500000000001 0.6046875 0.3062500000000001
4 0.5671875 0.2234375000000001 0.5640625 0.2234375000000001 0.5640625 0.2375000000000001 0.5671875 0.2375000000000001
3 0.9265625 0.3984375000000001 0.9078125 0.3984375000000001 0.9078125 0.4156250000000002 0.9265625 0.4156250000000002
2 0.8078125 0.5609375000000002 0.7921875 0.5609375000000002 0.7921875 0.5765625000000002 0.8078125 0.5765625000000002
4 0.984375 0.6015625000000002 0.975 0.6015625000000002 0.975 0.6093750000000002 0.984375 0.6093750000000002
4 0.4375 0.6125 0.4296875 0.6125 0.4296875 0.6203125 0.4375 0.6203125
6 0.5203125 0.5359375 0.4765625 0.5359375 0.4765625 0.55625 0.5203125 0.55625
0 0.51875 0.6015625 0.503125 0.6015625 0.503125 0.6109375 0.51875 0.6109375
4 0.4203125 0.5578125 0.4140625 0.5578125 0.4140625 0.56875 0.4203125 0.56875
2 0.884375 0.47656250000000017 0.86875 0.47656250000000017 0.86875 0.4906250000000002 0.884375 0.4906250000000002
4 0.934375 0.3781250000000001 0.9265625 0.3781250000000001 0.9265625 0.3843750000000001 0.934375 0.3843750000000001
4 0.9328125 0.38750000000000007 0.9265625 0.38750000000000007 0.9265625 0.3921875000000001 0.9328125 0.3921875000000001
1 0.7390625 0.4015625000000001 0.7109375 0.4015625 0.7109375 0.4218750000000001 0.7390625 0.42187500000000017
3 0.5609375 0.4484375 0.553125 0.4484375 0.553125 0.4578125 0.5609375 0.4578125
2 0.546875 0.4734375 0.53125 0.4734375 0.53125 0.4875 0.546875 0.4875
3 0.584375 0.4875 0.56875 0.4875 0.56875 0.5015625 0.584375 0.5015625
2 0.04375000000000007 0.534375 0.028125000000000067 0.534375 0.028125000000000067 0.546875 0.04375000000000007 0.546875
2 0.10781250000000005 0.5296875 0.09531250000000006 0.5296875 0.09531250000000006 0.54375 0.10781250000000005 0.54375
2 0.05312500000000007 0.571875 0.03906250000000007 0.571875 0.03906250000000007 0.58125 0.05312500000000007 0.58125
2 0.11093750000000009 0.596875 0.09687500000000007 0.596875 0.09687500000000007 0.6109375 0.11093750000000009 0.6109375
2 0.15625000000000008 0.596875 0.1390625000000001 0.596875 0.1390625000000001 0.6109375 0.15625000000000008 0.6109375
2 0.18906250000000008 0.5328125 0.17500000000000004 0.5328125 0.17500000000000007 0.546875 0.18906250000000008 0.546875
6 0.8734375 0.9171875 0.8625 0.9171875 0.8625 0.95625 0.8734375 0.95625