0 0.1281250000000001 0.6453125 0.11250000000000009 0.6453125 0.11250000000000009 0.659375 0.1281250000000001 0.659375
0 0.050000000000000086 0.7234375 0.03750000000000009 0.7234375 0.03750000000000009 0.7390625 0.050000000000000086 0.7390625
0 0.1750000000000001 0.68125 0.1609375000000001 0.68125 0.1609375000000001 0.696875 0.1750000000000001 0.696875
0 0.3265625000000001 0.6765625 0.3140625000000001 0.6765625 0.3140625000000001 0.6890625 0.3265625000000001 0.6890625
0 0.2828125000000001 0.740625 0.2656250000000001 0.740625 0.2656250000000001 0.7546875 0.2828125000000001 0.7546875
0 0.24218750000000008 0.5640625 0.2312500000000001 0.5640625 0.2312500000000001 0.584375 0.24218750000000008 0.584375
0 0.403125 0.5125 0.3906250000000001 0.5125 0.3906250000000001 0.5296875 0.403125 0.5296875
0 0.515625 0.43125 0.503125 0.43125 0.503125 0.4484375 0.515625 0.4484375
0 0.540625 0.5046875 0.528125 0.5046875 0.528125 0.5234375 0.540625 0.5234375
2 0.5734375 0.4921875 0.553125 0.4921875 0.553125 0.5203125 0.5734375 0.5203125
0 0.4515625 0.6125 0.440625 0.6125 0.440625 0.628125 0.4515625 0.628125
0 0.55625 0.6609375 0.5421875 0.6609375 0.5421875 0.684375 0.55625 0.684375
0 0.596875 0.528125 0.584375 0.528125 0.584375 0.5421875 0.596875 0.5421875
0 0.621875 0.33281250000000007 0.6109375 0.33281250000000007 0.6109375 0.3531250000000001 0.621875 0.3531250000000001
0 0.6078125 0.3546875000000001 0.5921875 0.3546875000000001 0.5921875 0.37187500000000007 0.6078125 0.37187500000000007
0 0.571875 0.453125 0.5625 0.453125 0.5625 0.4765625 0.571875 0.4765625
0 0.715625 0.2078125000000001 0.7 0.2078125000000001 0.7 0.2312500000000001 0.715625 0.2312500000000001
0 0.8 0.2718750000000001 0.7890625 0.2718750000000001 0.7890625 0.2921875000000001 0.8 0.2921875000000001
4 0.821875 0.2484375000000001 0.8140625 0.2484375000000001 0.8140625 0.2718750000000001 0.821875 0.2718750000000001
0 0.8421875 0.07031250000000011 0.828125 0.07031250000000011 0.828125 0.10000000000000009 0.8421875 0.10000000000000009
2 0.7168879327795034 0.6243398527623081 0.6980710843749999 0.6031977875000001 0.6902487703454965 0.6101597988001922 0.7090656187499998 0.6313018640625002
2 0.7332456866285773 0.6431813903742193 0.719119765625 0.6277025781250001 0.7124053539964229 0.6338301315007808 0.7265312750000001 0.6493089437500001
4 0.6787669890806456 0.6665643610345451 0.6718056031249999 0.663112796875 0.6630654484193543 0.6807406280279551 0.670026834375 0.6841921921875
4 0.2875000000000001 0.6 0.2765625000000001 0.6 0.2765625000000001 0.609375 0.2875000000000001 0.609375
4 0.21875000000000008 0.7328125 0.2078125000000001 0.7328125 0.2078125000000001 0.74375 0.21875000000000008 0.74375
0 0.2140625000000001 0.6453125 0.19531250000000008 0.6453125 0.19531250000000008 0.6734375 0.2140625000000001 0.6734375
4 0.44375 0.403125 0.4328125 0.403125 0.4328125 0.41875 0.44375 0.41875
4 0.490625 0.4625 0.48125 0.4625 0.48125 0.4765625 0.490625 0.4765625
4 0.415625 0.49375 0.403125 0.49375 0.403125 0.50625 0.415625 0.50625
4 0.515625 0.5046875 0.5078125 0.5046875 0.5078125 0.51875 0.515625 0.51875
0 0.528125 0.4046875 0.515625 0.4046875 0.515625 0.41875 0.528125 0.41875
4 0.39062500000000006 0.3609375000000001 0.38125 0.3609375000000001 0.38125000000000003 0.3781250000000001 0.3906250000000001 0.3781250000000001
4 0.3125 0.3015625 0.303125 0.3015625 0.303125 0.315625 0.3125 0.315625
4 0.2484375 0.19062500000000004 0.2359375 0.19062500000000004 0.2359375 0.2015625 0.2484375 0.2015625
4 0.2515625 0.2359375 0.240625 0.2359375 0.240625 0.253125 0.2515625 0.253125
4 0.2562500000000001 0.4109375 0.2453125000000001 0.4109375 0.2453125000000001 0.425 0.2562500000000001 0.425
2 0.22812500000000008 0.4 0.2078125000000001 0.4 0.2078125000000001 0.4296875 0.22812500000000008 0.4296875
2 0.321875 0.3234375 0.3 0.3234375 0.3 0.3484375 0.321875 0.3484375
4 0.4 0.3812500000000001 0.3843750000000001 0.3812500000000001 0.3843750000000001 0.4 0.4 0.4
4 0.5515625 0.4015625 0.5390625 0.4015625 0.5390625 0.415625 0.5515625 0.415625
0 0.596875 0.4140625 0.584375 0.4140625 0.584375 0.4296875 0.596875 0.4296875
2 0.6203125 0.5828125 0.60625 0.5828125 0.60625 0.5953125 0.6203125 0.5953125
4 0.6234375 0.5265625 0.6125 0.5265625 0.6125 0.5421875 0.6234375 0.5421875
4 0.665625 0.5734375 0.6546875 0.5734375 0.6546875 0.5890625 0.665625 0.5890625
4 0.5828125 0.3515625000000001 0.5703125 0.3515625000000001 0.5703125 0.3656250000000001 0.5828125 0.3656250000000001
4 0.671875 0.2984375000000001 0.659375 0.2984375000000001 0.659375 0.30937500000000007 0.671875 0.30937500000000007
0 0.6109375 0.53125 0.596875 0.53125 0.596875 0.5546875 0.6109375 0.5546875
2 0.7632198153810739 0.8546993555817132 0.7357773812499999 0.8312760984375 0.7278788127439262 0.840529975668287 0.7553212468750001 0.8639532328125001
2 0.7105466026389344 0.789438539287582 0.691402909375 0.7744031671875001 0.6844958467781048 0.7831975413359814 0.7036395400420391 0.7982329134360633
4 0.9109375 0.859375 0.9015625 0.859375 0.9015625 0.8734375 0.9109375 0.8734375
4 0.81875 0.8875 0.8078125 0.8875 0.8078125 0.9046875 0.81875 0.9046875
4 0.9703125 0.9046875 0.959375 0.9046875 0.959375 0.9234375 0.9703125 0.9234375
4 0.9703125 0.925 0.9609375 0.925 0.9609375 0.94375 0.9703125 0.94375
4 0.9515625 0.9125 0.940625 0.9125 0.940625 0.925 0.9515625 0.925
4 0.7343750000000002 0.840625 0.7250000000000002 0.840625 0.7250000000000002 0.853125 0.7343750000000002 0.853125
0 0.734375 0.3843750000000001 0.725 0.3843750000000001 0.725 0.4062500000000001 0.734375 0.40625000000000017
0 0.778125 0.4125000000000002 0.76875 0.4125000000000002 0.76875 0.4312500000000002 0.778125 0.4312500000000002
4 0.7609375 0.4109375000000002 0.753125 0.4109375000000002 0.753125 0.4265625000000002 0.7609375 0.4265625000000002
4 0.78125 0.34062500000000007 0.7703125 0.34062500000000007 0.7703125 0.3515625000000001 0.78125 0.3515625000000001
2 0.7453125 0.4468750000000002 0.734375 0.4468750000000002 0.734375 0.4812500000000002 0.7453125 0.4812500000000002
4 0.6703125 0.46875 0.6578125 0.46875 0.6578125 0.4796875 0.6703125 0.4796875
0 0.7609375 0.4859375000000002 0.75 0.4859375000000002 0.75 0.5093750000000001 0.7609375 0.5093750000000001
2 0.60625 0.3062500000000001 0.5890625 0.3062500000000001 0.5890625 0.3296875000000001 0.60625 0.3296875000000001
2 0.20468750000000008 0.8015625 0.1843750000000001 0.8015625 0.1843750000000001 0.8171875 0.20468750000000008 0.8171875
0 0.07656250000000009 0.715625 0.06093750000000009 0.715625 0.06093750000000009 0.728125 0.07656250000000009 0.728125
3 0.3671875000000001 0.571875 0.3531250000000001 0.571875 0.3531250000000001 0.58125 0.3671875000000001 0.58125
4 0.8578125 0.94375 0.84375 0.94375 0.84375 0.9625 0.8578125 0.9625
4 0.80625 0.7515625000000001 0.7906250000000001 0.7515625000000001 0.7906250000000001 0.7765625000000002 0.80625 0.7765625000000002
3 0.8203125 0.7468750000000002 0.8078125 0.7468750000000002 0.8078125 0.7687500000000002 0.8203125 0.7687500000000002
0 0.7250000000000002 0.815625 0.7093750000000002 0.815625 0.7093750000000002 0.8359375 0.7250000000000002 0.8359375
2 0.5828125 0.675 0.565625 0.675 0.565625 0.6828125 0.5828125 0.6828125
2 0.4671875 0.6609375 0.446875 0.6609375 0.446875 0.6875 0.4671875 0.6875
4 0.509375 0.63125 0.4984375 0.63125 0.4984375 0.646875 0.509375 0.646875
4 0.5828125 0.696875 0.56875 0.696875 0.56875 0.7109375 0.5828125 0.7109375
4 0.590625 0.6625 0.5828125 0.6625 0.5828125 0.6734375 0.590625 0.6734375
4 0.6171875 0.678125 0.6046875 0.678125 0.6046875 0.69375 0.6171875 0.69375
4 0.5921875 0.63125 0.584375 0.63125 0.584375 0.6515625 0.5921875 0.6515625
4 0.6578125 0.58125 0.64375 0.58125 0.64375 0.6015625 0.6578125 0.6015625
3 0.521875 0.4671875 0.5015625 0.4671875 0.5015625 0.496875 0.521875 0.496875
4 0.4421875 0.4765625 0.4296875 0.4765625 0.4296875 0.490625 0.4421875 0.490625
3 0.4109375 0.5375 0.3984375000000001 0.5375 0.3984375000000001 0.5484375 0.4109375 0.5484375
4 0.478125 0.5859375 0.46875 0.5859375 0.46875 0.5953125 0.478125 0.5953125
3 0.4875 0.6171875 0.46875 0.6171875 0.46875 0.6390625 0.4875 0.6390625
0 0.18125000000000005 0.375 0.17031250000000003 0.375 0.17031250000000003 0.3890625 0.18125000000000005 0.3890625
1 0.16250000000000003 0.3453125 0.14375000000000004 0.3453125 0.14375000000000004 0.36875 0.16250000000000003 0.36875
2 0.30625 0.2453125 0.2875 0.2453125 0.2875 0.265625 0.30625 0.265625
2 0.2171875 0.334375 0.19687500000000005 0.334375 0.19687500000000005 0.35625 0.2171875 0.35625
4 0.6859375 0.2578125000000001 0.671875 0.2578125000000001 0.671875 0.2718750000000001 0.6859375 0.2718750000000001
4 0.70625 0.2609375000000001 0.6953125 0.2609375000000001 0.6953125 0.2734375000000001 0.70625 0.2734375000000001
4 0.6828125 0.24375000000000008 0.66875 0.24375000000000008 0.66875 0.2593750000000001 0.6828125 0.2593750000000001
2 0.7854063367769779 0.29977650030339353 0.7794308925567958 0.29767047175698214 0.768810672967318 0.3278032683285888 0.7747861171875001 0.3299092968750001
2 0.7615275909474101 0.38388705789005884 0.756044290625 0.38212458906250013 0.7483610958066236 0.406028140697566 0.7538443961290338 0.40779060952512464
4 0.7469593670004493 0.35530801938769174 0.7414472718749998 0.3510516859375 0.7305876283120505 0.36511528998730824 0.7360997234374999 0.36937162343749996
4 0.778125 0.28593750000000007 0.7671875 0.28593750000000007 0.7671875 0.2968750000000001 0.778125 0.2968750000000001
4 0.821875 0.1906250000000001 0.815625 0.1906250000000001 0.815625 0.21093750000000008 0.821875 0.21093750000000008
0 0.5330678320104404 0.6856842183922712 0.5223488062500001 0.6783557421875002 0.5167661570520596 0.686521226920229 0.5274851828125 0.6938497031249999
0 0.45839105087096277 0.6506994195560758 0.45750999375 0.6414655625 0.4472252898717376 0.6424468871548986 0.44810634699270036 0.6516807442109743
0 0.4298292425411371 0.6173703929230857 0.4206585531250001 0.6155845765625001 0.4188189829690961 0.6250313074421847 0.42798967238523317 0.6268171238027703
0 0.7093652589948457 0.6575158649374069 0.6856396765624999 0.6131443953125002 0.6754520910051541 0.6185917335000933 0.6991776734374998 0.662963203125
2 0.5612828485187575 0.4866188327491292 0.5582134212202823 0.4723732488150317 0.5357808664515247 0.47720668325340243 0.53885029375 0.4914522671875
4 0.7187500000000002 0.75625 0.7031250000000002 0.75625 0.7031250000000002 0.771875 0.7187500000000002 0.771875
4 0.6171875 0.7015625 0.603125 0.7015625 0.603125 0.7125 0.6171875 0.7125
4 0.6156250000000001 0.71875 0.603125 0.71875 0.6031250000000001 0.7328125 0.6156250000000002 0.7328125
4 0.7484375 0.6593750000000002 0.7375 0.6593750000000002 0.7375 0.6718750000000002 0.7484375 0.6718750000000002
2 0.7078125000000002 0.7953125 0.6890625000000001 0.7953125 0.6890625000000001 0.8203125 0.7078125000000002 0.8203125
4 0.875 0.8109375 0.859375 0.8109375 0.859375 0.828125 0.875 0.828125
4 0.903125 0.825 0.8875 0.825 0.8875 0.8390625 0.903125 0.8390625
2 0.7890625000000002 0.8453125 0.7671875000000001 0.8453125 0.7671875000000001 0.8734375 0.7890625000000002 0.8734375
4 0.825 0.925 0.8109375 0.925 0.8109375 0.9390625 0.825 0.9390625
0 0.8125 0.89375 0.7937500000000002 0.89375 0.7937500000000002 0.9125 0.8125 0.9125
3 0.6099080296874999 0.5715112984375 0.6095383732208444 0.556397831090967 0.5986418853774914 0.5566643455249334 0.5990115418441471 0.5717778128714663
2 0.6329706022400561 0.5673036188257694 0.61939166875 0.5501145984375002 0.6134709823097702 0.5547918054901037 0.6270499157998263 0.5719808258783728
3 0.6543718629545374 0.5571258490458465 0.6456852185910209 0.5406883851096728 0.6400690171875 0.5436563578125 0.6487556615510164 0.5600938217486737
4 0.6484375 0.5578125 0.6390625 0.5578125 0.6390625 0.5734375 0.6484375 0.5734375
4 0.6453125 0.575 0.6359375 0.575 0.6359375 0.5875 0.6453125 0.5875
0 0.6453125 0.4046875 0.6359375 0.4046875 0.6359375 0.4390625 0.6453125 0.4390625
0 0.5359375 0.3625000000000001 0.521875 0.3625000000000001 0.521875 0.3781250000000001 0.5359375 0.3781250000000001
0 0.5625 0.3734375000000001 0.546875 0.3734375000000001 0.546875 0.38750000000000007 0.5625 0.38750000000000007
0 0.58125 0.3750000000000001 0.5671875 0.3750000000000001 0.5671875 0.3859375000000001 0.58125 0.3859375000000001
0 0.5875 0.4 0.571875 0.4 0.571875 0.4109375 0.5875 0.4109375
0 0.5484375 0.421875 0.5328125 0.421875 0.5328125 0.434375 0.5484375 0.434375
4 0.4890625 0.4359375 0.4765625 0.4359375 0.4765625 0.45 0.4890625 0.45
4 0.4640625 0.40625 0.45 0.40625 0.45 0.4203125 0.4640625 0.4203125
4 0.490625 0.45625 0.478125 0.45625 0.478125 0.465625 0.490625 0.465625
4 0.4984375 0.4265625 0.4875 0.4265625 0.4875 0.4375 0.4984375 0.4375
3 0.4140625 0.63125 0.3968750000000001 0.63125 0.3968750000000001 0.646875 0.4140625 0.646875
0 0.4015625 0.6515625 0.3828125000000001 0.6515625 0.3828125000000001 0.6703125 0.4015625 0.6703125
4 0.4296875 0.6375 0.415625 0.6375 0.415625 0.6515625 0.4296875 0.6515625
2 0.7546875 0.1687500000000001 0.7359375 0.1687500000000001 0.7359375 0.2078125000000001 0.7546875 0.2078125000000001
1 0.784375 0.2062500000000001 0.740625 0.2062500000000001 0.740625 0.2953125000000001 0.784375 0.2953125000000001
1 0.746875 0.2984375000000001 0.7015625 0.2984375000000001 0.7015625 0.3812500000000001 0.746875 0.3812500000000001
2 0.6890625 0.475 0.6734375 0.475 0.6734375 0.5015625 0.6890625 0.5015625
2 0.7078125 0.4703125 0.69375 0.4703125 0.69375 0.4984375 0.7078125 0.4984375
5 0.546875 0.56875 0.509375 0.56875 0.509375 0.640625 0.546875 0.640625
6 0.6046875 0.5953125 0.559375 0.5953125 0.559375 0.6359375 0.6046875 0.6359375
2 0.30156250000000007 0.5390625 0.27812500000000007 0.5390625 0.27812500000000007 0.5671875 0.30156250000000007 0.5671875