5 0.2484375000000001 0.659375 0.1843750000000001 0.659375 0.1843750000000001 0.7 0.2484375000000001 0.7
5 0.3031250000000001 0.6375 0.2453125000000001 0.6375 0.2453125000000001 0.6984375 0.3031250000000001 0.6984375
2 0.2468750000000001 0.7953125 0.2218750000000001 0.7953125 0.2218750000000001 0.825 0.2468750000000001 0.825
2 0.3296875000000001 0.7953125 0.30156250000000007 0.7953125 0.30156250000000007 0.840625 0.3296875000000001 0.840625
2 0.05625000000000011 0.915625 0.03125000000000011 0.915625 0.03125000000000011 0.95 0.05625000000000011 0.95
4 0.02187500000000009 0.70625 0.007812500000000087 0.70625 0.007812500000000087 0.7265625 0.02187500000000009 0.7265625
4 0.17187500000000008 0.6921875 0.14843750000000008 0.6921875 0.14843750000000008 0.721875 0.17187500000000008 0.721875
4 0.4078125 0.6609375 0.3906250000000001 0.6609375 0.3906250000000001 0.690625 0.4078125 0.690625
4 0.14062500000000008 0.775 0.12031250000000009 0.775 0.12031250000000009 0.79375 0.14062500000000008 0.79375
2 0.3828125000000001 0.9046875 0.35625000000000007 0.9046875 0.35625000000000007 0.9484375 0.3828125000000001 0.9484375
4 0.0671875000000001 0.6921875 0.05156250000000009 0.6921875 0.05156250000000009 0.73125 0.0671875000000001 0.73125
2 0.5656250000000002 0.8375 0.5468750000000002 0.8375 0.5468750000000002 0.88125 0.5656250000000002 0.88125
2 0.5859375000000002 0.740625 0.5609375000000002 0.740625 0.5609375000000002 0.7890625 0.5859375000000002 0.7890625
0 0.475 0.509375 0.4578125 0.509375 0.4578125 0.54375 0.475 0.54375
2 0.48125 0.057812500000000065 0.4625 0.057812500000000065 0.4625 0.11562500000000005 0.48125 0.11562500000000005
4 0.521875 0.29375000000000007 0.5046875 0.29375000000000007 0.5046875 0.3281250000000001 0.521875 0.3281250000000001
4 0.5234375 0.4015625 0.5109375 0.4015625 0.5109375 0.4203125 0.5234375 0.4203125
4 0.4796875 0.5890625 0.46875 0.5890625 0.46875 0.615625 0.4796875 0.615625
4 0.53125 0.6546875 0.5171875 0.6546875 0.5171875 0.6875 0.53125 0.6875
0 0.6203125000000002 0.746875 0.6015625000000002 0.746875 0.6015625000000002 0.78125 0.6203125000000002 0.78125
0 0.6796875000000002 0.8453125 0.6609375000000002 0.8453125 0.6609375000000002 0.8765625 0.6796875000000002 0.8765625
4 0.7437500000000001 0.7671875000000001 0.7265625000000002 0.7671875000000001 0.7265625000000002 0.7921875000000002 0.7437500000000001 0.7921875000000002
4 0.6421875 0.6640625 0.6296875 0.6640625 0.6296875 0.6859375 0.6421875 0.6859375
4 0.6890625 0.671875 0.6703125 0.671875 0.6703125 0.6921875 0.6890625 0.6921875
4 0.80625 0.6828125000000002 0.796875 0.6828125000000002 0.796875 0.7078125000000002 0.80625 0.7078125000000002
4 0.859375 0.84375 0.84375 0.84375 0.84375 0.8671875 0.859375 0.8671875
4 0.8765625 0.803125 0.8671875 0.803125 0.8671875 0.8234375 0.8765625 0.8234375
2 0.9546875 0.8140625 0.9296875 0.8140625 0.9296875 0.834375 0.9546875 0.834375
2 0.93125 0.7843750000000002 0.90625 0.7843750000000002 0.90625 0.8046875 0.93125 0.8046875
4 0.490625 0.6234375 0.48125 0.6234375 0.48125 0.6546875 0.490625 0.6546875
4 0.5109375000000002 0.9078125 0.4984375000000002 0.9078125 0.4984375000000002 0.9234375 0.5109375000000002 0.9234375
4 0.5343750000000002 0.828125 0.5234375000000002 0.828125 0.5234375000000002 0.853125 0.5343750000000002 0.853125
4 0.5812500000000002 0.840625 0.5703125000000002 0.840625 0.5703125000000002 0.865625 0.5812500000000002 0.865625