2 0.36875 0.2828125 0.3515625 0.2828125 0.3515625 0.29687500000000006 0.36875 0.2968750000000001
2 0.425 0.2453125000000001 0.4140625 0.2453125000000001 0.4140625 0.2656250000000001 0.425 0.2656250000000001
2 0.4171875 0.21093750000000008 0.4015625 0.21093750000000008 0.4015625 0.2296875000000001 0.4171875 0.2296875000000001
2 0.528125 0.3140625000000001 0.5203125 0.3140625000000001 0.5203125 0.3421875000000001 0.528125 0.3421875000000001
2 0.540625 0.3125000000000001 0.53125 0.3125000000000001 0.53125 0.3421875000000001 0.540625 0.3421875000000001
2 0.5796875 0.3062500000000001 0.5734375 0.3062500000000001 0.5734375 0.3312500000000001 0.5796875 0.3312500000000001
2 0.590625 0.3078125000000001 0.58125 0.3078125000000001 0.58125 0.33281250000000007 0.590625 0.33281250000000007
2 0.990625 0.8625 0.9796875 0.8625 0.9796875 0.8890625 0.990625 0.8890625
2 0.9734375 0.896875 0.9640625 0.896875 0.9640625 0.9234375 0.9734375 0.9234375
2 0.7421875 0.6437500000000002 0.7328125 0.6437500000000002 0.7328125 0.6671875000000002 0.7421875 0.6671875000000002
6 0.9265625 0.6296875000000002 0.8875 0.6296875000000002 0.8875 0.6500000000000001 0.9265625 0.6500000000000001
5 0.759375 0.3750000000000001 0.7140625 0.3750000000000001 0.7140625 0.3937500000000001 0.759375 0.3937500000000001
6 0.7 0.3750000000000001 0.6578125 0.3750000000000001 0.6578125 0.39531250000000007 0.7 0.39531250000000007
6 0.3125000000000001 0.6265625 0.2812500000000001 0.6265625 0.2812500000000001 0.646875 0.3125000000000001 0.646875
6 0.18750000000000008 0.6359375 0.14843750000000008 0.6359375 0.14843750000000008 0.6546875 0.18750000000000008 0.6546875
6 0.1609375000000001 0.6640625 0.1218750000000001 0.6640625 0.1218750000000001 0.6890625 0.1609375000000001 0.6890625
4 0.56875 0.2734375000000001 0.5640625 0.2734375000000001 0.5640625 0.2875000000000001 0.56875 0.2875000000000001
3 0.7875000000000002 0.846875 0.7656250000000002 0.846875 0.7656250000000002 0.8640625 0.7875000000000002 0.8640625
3 0.7390625000000002 0.8828125 0.7296875000000002 0.8828125 0.7296875000000002 0.9171875 0.7390625000000002 0.9171875
4 0.5453125 0.2734375000000001 0.5421875 0.2734375000000001 0.5421875 0.2875000000000001 0.5453125 0.2875000000000001
4 0.5625 0.28593750000000007 0.559375 0.28593750000000007 0.559375 0.30156250000000007 0.5625 0.30156250000000007
4 0.5890625 0.2750000000000001 0.584375 0.2750000000000001 0.584375 0.2890625000000001 0.5890625 0.2890625000000001
4 0.603125 0.29375000000000007 0.6 0.29375000000000007 0.6 0.30937500000000007 0.603125 0.30937500000000007
4 0.5875 0.23437500000000008 0.584375 0.23437500000000008 0.584375 0.2484375000000001 0.5875 0.2484375000000001
4 0.553125 0.2234375000000001 0.55 0.2234375000000001 0.55 0.23437500000000008 0.553125 0.23437500000000008
4 0.5609375 0.2234375000000001 0.55625 0.2234375000000001 0.55625 0.23437500000000008 0.5609375 0.23437500000000008
4 0.6015625 0.23593750000000008 0.5984375 0.23593750000000008 0.5984375 0.2500000000000001 0.6015625 0.2500000000000001
4 0.5375 0.2750000000000001 0.534375 0.2750000000000001 0.534375 0.2875000000000001 0.5375 0.2875000000000001
4 0.434375 0.2671875000000001 0.4296875 0.2671875000000001 0.4296875 0.2796875000000001 0.434375 0.2796875000000001
4 0.5953125 0.2375000000000001 0.5921875 0.2375000000000001 0.5921875 0.2500000000000001 0.5953125 0.2500000000000001
4 0.55 0.2750000000000001 0.546875 0.2750000000000001 0.546875 0.2890625000000001 0.55 0.2890625000000001
4 0.5578125 0.2890625000000001 0.5546875 0.2890625000000001 0.5546875 0.30156250000000007 0.5578125 0.30156250000000007
4 0.565625 0.2875000000000001 0.5625 0.2875000000000001 0.5625 0.3000000000000001 0.565625 0.3000000000000001
0 0.85 0.6390625000000002 0.834375 0.6390625000000002 0.834375 0.6531250000000002 0.85 0.6531250000000002
2 0.703125 0.6359375 0.696875 0.6359375 0.696875 0.6609375 0.703125 0.6609375
2 0.6953125 0.6203125 0.6890625 0.6203125 0.6890625 0.6453125 0.6953125 0.6453125
2 0.6875 0.625 0.68125 0.625 0.68125 0.646875 0.6875 0.646875
2 0.6953125 0.646875 0.6890625 0.646875 0.6890625 0.6671875 0.6953125 0.6671875
0 0.846875 0.6000000000000002 0.834375 0.6000000000000002 0.834375 0.6078125000000002 0.846875 0.6078125000000002
2 0.7390625 0.5875000000000001 0.725 0.5875 0.725 0.5984375000000001 0.7390625 0.5984375000000002
6 0.525 0.615625 0.496875 0.615625 0.496875 0.634375 0.525 0.634375
0 0.09687500000000007 0.615625 0.08750000000000006 0.615625 0.08750000000000006 0.625 0.09687500000000007 0.625
2 0.5984375 0.5375 0.584375 0.5375 0.584375 0.5484375 0.5984375 0.5484375
0 0.575 0.6046875 0.5640625 0.6046875 0.5640625 0.61875 0.575 0.61875
4 0.559375 0.6 0.5515625 0.6 0.5515625 0.6078125 0.559375 0.6078125
2 0.5265625 0.4765625 0.5109375 0.4765625 0.5109375 0.4875 0.5265625 0.4875
1 0.821875 0.3937500000000001 0.7921875 0.3937500000000001 0.7921875 0.4078125000000002 0.821875 0.4078125000000002
4 0.7921875 0.4078125000000002 0.7859375 0.4078125000000002 0.7859375 0.41718750000000016 0.7921875 0.41718750000000016
2 0.2093750000000001 0.4921875 0.19218750000000004 0.4921875 0.19218750000000004 0.50625 0.2093750000000001 0.50625
2 0.59375 0.5171875 0.578125 0.5171875 0.578125 0.53125 0.59375 0.53125
2 0.3421875000000001 0.5234375 0.3265625000000001 0.5234375 0.3265625000000001 0.5421875 0.3421875000000001 0.5421875
4 0.646875 0.5515625 0.6390625 0.5515625 0.6390625 0.5609375 0.646875 0.5609375
2 0.9296875 0.5890625000000002 0.9125 0.5890625000000002 0.9125 0.6046875000000002 0.9296875 0.6046875000000002
4 0.9953125 0.5828125000000002 0.9875 0.5828125000000002 0.9875 0.5906250000000002 0.9953125 0.5906250000000002
2 0.5140625 0.2562500000000001 0.5046875 0.2562500000000001 0.5046875 0.2812500000000001 0.5140625 0.2812500000000001
4 0.840625 0.4078125000000002 0.8359375 0.4078125000000002 0.8359375 0.4156250000000002 0.840625 0.4156250000000002
3 0.8171875 0.4125000000000002 0.7984375 0.4125000000000002 0.7984375 0.4265625000000002 0.8171875 0.4265625000000002
0 0.91875 0.3781250000000001 0.909375 0.3781250000000001 0.909375 0.3890625000000001 0.91875 0.3890625000000001
6 0.909375 0.46093750000000017 0.884375 0.46093750000000017 0.884375 0.4781250000000002 0.909375 0.4781250000000002
3 0.9859375 0.4656250000000002 0.9671875 0.4656250000000002 0.9671875 0.47968750000000016 0.9859375 0.47968750000000016
3 0.834375 0.5796875000000001 0.8140625 0.5796875000000001 0.8140625 0.5937500000000002 0.834375 0.5937500000000002
5 0.2734375000000001 0.5453125 0.21250000000000008 0.5453125 0.21250000000000008 0.5671875 0.2734375000000001 0.5671875
2 0.050000000000000065 0.5703125 0.03593750000000007 0.5703125 0.03593750000000007 0.58125 0.050000000000000065 0.58125
2 0.04375000000000005 0.41875 0.028125000000000056 0.41875 0.028125000000000056 0.4328125 0.04375000000000005 0.4328125
2 0.2984375000000001 0.4703125 0.2843750000000001 0.4703125 0.2843750000000001 0.48125 0.2984375000000001 0.48125
3 0.3140625000000001 0.4984375 0.3000000000000001 0.4984375 0.3000000000000001 0.5125 0.3140625000000001 0.5125
3 0.3125000000000001 0.5609375 0.2953125000000001 0.5609375 0.2953125000000001 0.571875 0.3125000000000001 0.571875
4 0.3546875000000001 0.453125 0.3468750000000001 0.453125 0.3468750000000001 0.4609375 0.3546875000000001 0.4609375
2 0.4 0.521875 0.3859375000000001 0.521875 0.3859375000000001 0.534375 0.4 0.534375
6 0.725 0.465625 0.696875 0.465625 0.696875 0.48125 0.725 0.48125
6 0.7328125 0.5312500000000001 0.690625 0.53125 0.690625 0.55 0.7328125 0.5500000000000002
2 0.7921875 0.4828125000000002 0.78125 0.4828125000000002 0.78125 0.4968750000000002 0.7921875 0.4968750000000002