4 0.9703125 0.2328125000000001 0.9640625 0.2328125000000001 0.9640625 0.2468750000000001 0.9703125 0.2468750000000001
3 0.9953125 0.2812500000000001 0.9890625 0.2812500000000001 0.9890625 0.3078125000000001 0.9953125 0.3078125000000001
4 0.8484375 0.3687500000000001 0.8453125 0.3687500000000001 0.8453125 0.37968750000000007 0.8484375 0.37968750000000007
4 0.8328125 0.3515625000000001 0.8296875 0.3515625000000001 0.8296875 0.3671875000000001 0.8328125 0.3671875000000001
0 0.8703125 0.3843750000000001 0.859375 0.3843750000000001 0.859375 0.3937500000000001 0.8703125 0.3937500000000001
4 0.89375 0.42500000000000016 0.8875 0.42500000000000016 0.8875 0.4312500000000002 0.89375 0.4312500000000002
5 0.7390625 0.3765625000000001 0.6953125 0.3765625000000001 0.6953125 0.3921875000000001 0.7390625 0.3921875000000001
5 0.68125 0.3765625000000001 0.640625 0.3765625000000001 0.640625 0.3921875000000001 0.68125 0.3921875000000001
2 0.5609375 0.3062500000000001 0.5546875 0.3062500000000001 0.5546875 0.3296875000000001 0.5609375 0.3296875000000001
2 0.5703125 0.30937500000000007 0.5625 0.30937500000000007 0.5625 0.3296875000000001 0.5703125 0.3296875000000001
2 0.5203125 0.3156250000000001 0.5140625 0.3156250000000001 0.5140625 0.34062500000000007 0.5203125 0.34062500000000007
2 0.509375 0.31718750000000007 0.503125 0.31718750000000007 0.503125 0.3437500000000001 0.509375 0.3437500000000001
2 0.4078125 0.2453125000000001 0.396875 0.2453125000000001 0.396875 0.2640625000000001 0.4078125 0.2640625000000001
2 0.3484375 0.2828125 0.3328125 0.2828125 0.3328125 0.2953125 0.3484375 0.2953125
4 0.5203125 0.2734375000000001 0.5171875 0.2734375000000001 0.5171875 0.2843750000000001 0.5203125 0.2843750000000001
4 0.5265625 0.2718750000000001 0.5234375 0.2718750000000001 0.5234375 0.2875000000000001 0.5265625 0.2875000000000001
4 0.5296875 0.2734375000000001 0.5265625 0.2734375000000001 0.5265625 0.2875000000000001 0.5296875 0.2875000000000001
4 0.53125 0.2734375000000001 0.5296875 0.2734375000000001 0.5296875 0.2875000000000001 0.53125 0.2875000000000001
4 0.540625 0.2921875000000001 0.5375 0.2921875000000001 0.5375 0.3031250000000001 0.540625 0.3031250000000001
4 0.54375 0.28593750000000007 0.540625 0.28593750000000007 0.540625 0.3000000000000001 0.54375 0.3000000000000001
4 0.5484375 0.2875000000000001 0.5453125 0.2875000000000001 0.5453125 0.30156250000000007 0.5484375 0.30156250000000007
4 0.5484375 0.2734375000000001 0.5453125 0.2734375000000001 0.5453125 0.2875000000000001 0.5484375 0.2875000000000001
4 0.5703125 0.2921875000000001 0.5671875 0.2921875000000001 0.5671875 0.3046875000000001 0.5703125 0.3046875000000001
4 0.5703125 0.2765625000000001 0.5671875 0.2765625000000001 0.5671875 0.2906250000000001 0.5703125 0.2906250000000001
4 0.571875 0.2843750000000001 0.5703125 0.2843750000000001 0.5703125 0.2968750000000001 0.571875 0.2968750000000001
4 0.5765625 0.2906250000000001 0.575 0.2906250000000001 0.575 0.30156250000000007 0.5765625 0.30156250000000007
4 0.5796875 0.2921875000000001 0.5765625 0.2921875000000001 0.5765625 0.30156250000000007 0.5796875 0.30156250000000007
4 0.5796875 0.3046875000000001 0.578125 0.3046875000000001 0.578125 0.3140625000000001 0.5796875 0.3140625000000001
4 0.584375 0.29375000000000007 0.58125 0.29375000000000007 0.58125 0.3078125000000001 0.584375 0.3078125000000001
4 0.5828125 0.2390625000000001 0.58125 0.2390625000000001 0.58125 0.2500000000000001 0.5828125 0.2500000000000001
4 0.58125 0.22656250000000008 0.5796875 0.22656250000000008 0.5796875 0.2375000000000001 0.58125 0.2375000000000001
4 0.5796875 0.2375000000000001 0.578125 0.2375000000000001 0.578125 0.2484375000000001 0.5796875 0.2484375000000001
4 0.5765625 0.22656250000000008 0.575 0.22656250000000008 0.575 0.2375000000000001 0.5765625 0.2375000000000001
4 0.575 0.2390625000000001 0.5734375 0.2390625000000001 0.5734375 0.2500000000000001 0.575 0.2500000000000001
4 0.56875 0.23437500000000008 0.565625 0.23437500000000008 0.565625 0.2484375000000001 0.56875 0.2484375000000001
4 0.565625 0.23437500000000008 0.5640625 0.23437500000000008 0.5640625 0.2484375000000001 0.565625 0.2484375000000001
4 0.5421875 0.2234375000000001 0.5390625 0.2234375000000001 0.5390625 0.23437500000000008 0.5421875 0.23437500000000008
4 0.4109375 0.2656250000000001 0.409375 0.2656250000000001 0.409375 0.2765625000000001 0.4109375 0.2765625000000001
4 0.4140625 0.2656250000000001 0.4125 0.2656250000000001 0.4125 0.27812500000000007 0.4140625 0.27812500000000007
4 0.17656250000000004 0.4109375 0.17031250000000003 0.4109375 0.17031250000000003 0.4203125 0.17656250000000004 0.4203125
4 0.06875000000000006 0.46875 0.06093750000000007 0.46875 0.06093750000000007 0.475 0.06875000000000006 0.475
6 0.2218750000000001 0.4796875 0.18906250000000005 0.4796875 0.18906250000000005 0.4953125 0.2218750000000001 0.4953125
2 0.21875000000000008 0.4984375 0.20312500000000008 0.4984375 0.20312500000000008 0.5125 0.21875000000000008 0.5125
2 0.2593750000000001 0.546875 0.2453125000000001 0.546875 0.2453125000000001 0.559375 0.2593750000000001 0.559375
3 0.3265625000000001 0.4734375 0.3078125000000001 0.4734375 0.3078125000000001 0.4875 0.3265625000000001 0.4875
4 0.3062500000000001 0.590625 0.30156250000000007 0.590625 0.30156250000000007 0.5953125 0.3062500000000001 0.5953125
2 0.4421875 0.559375 0.43125 0.559375 0.43125 0.5703125 0.4421875 0.5703125
2 0.5671875 0.5875 0.5515625 0.5875 0.5515625 0.6 0.5671875 0.6
2 0.5828125 0.61875 0.571875 0.61875 0.571875 0.63125 0.5828125 0.63125
6 0.609375 0.534375 0.571875 0.534375 0.571875 0.5515625 0.609375 0.5515625
4 0.5375 0.4453125 0.528125 0.4453125 0.528125 0.4546875 0.5375 0.4546875
6 0.7046875 0.5109375 0.6734375 0.5109375 0.6734375 0.528125 0.7046875 0.528125
6 0.7078125 0.53125 0.6734375 0.53125 0.6734375 0.55 0.7078125 0.55
6 0.8359375 0.46406250000000016 0.8 0.46406250000000016 0.8 0.4812500000000002 0.8359375 0.4812500000000002
6 0.784375 0.5671875000000002 0.7484375 0.5671875000000002 0.7484375 0.5828125000000002 0.784375 0.5828125000000002
3 0.840625 0.5140625000000002 0.8234375 0.5140625000000002 0.8234375 0.5250000000000001 0.840625 0.5250000000000001
6 0.884375 0.5281250000000002 0.85625 0.5281250000000002 0.85625 0.5437500000000002 0.884375 0.5437500000000002
5 0.996875 0.5515625000000002 0.928125 0.5515625000000002 0.928125 0.5718750000000001 0.996875 0.5718750000000001
4 0.9640625 0.6015625000000002 0.95625 0.6015625000000002 0.95625 0.6109375000000001 0.9640625 0.6109375000000001
4 0.9 0.6171875000000002 0.89375 0.6171875000000002 0.89375 0.6265625000000001 0.9 0.6265625000000001
4 0.8671875 0.5781250000000002 0.8609375 0.5781250000000002 0.8609375 0.5843750000000002 0.8671875 0.5843750000000002
6 0.9015625 0.6296875000000002 0.8625 0.6296875000000002 0.8625 0.6468750000000002 0.9015625 0.6468750000000002
2 0.8515625 0.6031250000000001 0.8421875 0.6031250000000001 0.8421875 0.6250000000000002 0.8515625 0.6250000000000002
2 0.853125 0.5781250000000002 0.8390625 0.5781250000000002 0.8390625 0.5921875000000002 0.853125 0.5921875000000002
0 0.825 0.6390625000000002 0.8140625 0.6390625000000002 0.8140625 0.6515625000000002 0.825 0.6515625000000002
0 0.7984375 0.5984375000000002 0.7875 0.5984375000000002 0.7875 0.6093750000000002 0.7984375 0.6093750000000002
0 0.821875 0.6000000000000002 0.815625 0.6000000000000002 0.815625 0.6062500000000002 0.821875 0.6062500000000002
4 0.7921875 0.6203125000000002 0.7828125 0.6203125000000002 0.7828125 0.6265625000000001 0.7921875 0.6265625000000001
4 0.846875 0.6640625000000002 0.8421875 0.6640625000000002 0.8421875 0.6765625000000002 0.846875 0.6765625000000002
3 0.7578125 0.5937500000000002 0.7390625 0.5937500000000002 0.7390625 0.6046875000000002 0.7578125 0.6046875000000002
0 0.7609375 0.6625000000000002 0.746875 0.6625000000000002 0.746875 0.6765625000000002 0.7609375 0.6765625000000002
6 0.7328125 0.596875 0.70625 0.596875 0.70625 0.6125 0.7328125 0.6125000000000002
2 0.7203125 0.6421875 0.715625 0.6421875 0.715625 0.6640625 0.7203125 0.6640625
2 0.66875 0.6234375 0.6625 0.6234375 0.6625 0.646875 0.66875 0.646875
2 0.6765625 0.6203125 0.66875 0.6203125 0.66875 0.64375 0.6765625 0.64375
2 0.6765625 0.6453125 0.66875 0.6453125 0.66875 0.665625 0.6765625 0.665625
3 0.684375 0.6109375 0.678125 0.6109375 0.678125 0.63125 0.684375 0.63125
6 0.603125 0.596875 0.5765625 0.596875 0.5765625 0.6171875 0.603125 0.6171875
5 0.2921875000000001 0.6296875 0.2640625000000001 0.6296875 0.2640625000000001 0.6453125 0.2921875000000001 0.6453125
5 0.1609375000000001 0.6375 0.12656250000000008 0.6375 0.12656250000000008 0.6546875 0.1609375000000001 0.6546875
5 0.1359375000000001 0.6703125 0.10156250000000008 0.6703125 0.10156250000000008 0.6890625 0.1359375000000001 0.6890625
5 0.07187500000000009 0.7125 0.05625000000000009 0.7125 0.05625000000000009 0.7640625 0.07187500000000009 0.7640625
5 0.037500000000000096 0.725 0.02656250000000009 0.725 0.026562500000000093 0.7734375 0.0375000000000001 0.7734375
5 0.034375000000000114 0.9171875 0.025000000000000112 0.9171875 0.025000000000000116 0.9625 0.03437500000000012 0.9625
2 0.006250000000000101 0.821875 1.0065065880492308e-16 0.821875 1.0208579177267389e-16 0.8453125 0.006250000000000103 0.8453125
2 0.990625 0.7953125000000002 0.978125 0.7953125000000002 0.978125 0.8234375 0.990625 0.8234375
2 0.9734375 0.90625 0.965625 0.90625 0.965625 0.9265625 0.9734375 0.9265625
2 0.9796875 0.85 0.9671875 0.85 0.9671875 0.86875 0.9796875 0.86875
2 0.9625 0.85625 0.9546875 0.85625 0.9546875 0.8828125 0.9625 0.8828125
2 0.953125 0.8859375 0.946875 0.8859375 0.946875 0.9078125 0.953125 0.9078125
2 0.946875 0.890625 0.940625 0.890625 0.940625 0.9171875 0.946875 0.9171875
2 0.9390625 0.7906250000000001 0.9296875 0.7906250000000001 0.9296875 0.803125 0.9390625 0.803125
2 0.9390625 0.8046875 0.928125 0.8046875 0.928125 0.81875 0.9390625 0.81875
3 0.7656250000000002 0.84375 0.7453125000000002 0.84375 0.7453125000000002 0.859375 0.7656250000000002 0.859375
3 0.7203125000000001 0.88125 0.7109375000000002 0.88125 0.7109375000000002 0.9109375 0.7203125000000001 0.9109375