4 0.042187500000000086 0.74375 0.01875000000000009 0.74375 0.018750000000000093 0.76875 0.042187500000000086 0.76875
4 0.03281250000000011 0.9171875 0.01875000000000011 0.9171875 0.018750000000000114 0.934375 0.03281250000000011 0.934375
4 0.11718750000000008 0.85 0.10156250000000008 0.85 0.10156250000000008 0.875 0.11718750000000008 0.875
4 0.3140625000000001 0.8359375 0.2984375000000001 0.8359375 0.2984375000000001 0.8546875 0.3140625000000001 0.8546875
4 0.4593750000000002 0.8828125 0.4437500000000002 0.8828125 0.4437500000000002 0.9046875 0.4593750000000002 0.9046875
4 0.484375 0.58125 0.4703125 0.58125 0.4703125 0.6078125 0.484375 0.6078125
4 0.525 0.5890625 0.515625 0.5890625 0.515625 0.615625 0.525 0.615625
4 0.5390625 0.63125 0.5265625 0.63125 0.5265625 0.6609375 0.5390625 0.6609375
4 0.534375 0.4578125 0.5234375 0.4578125 0.5234375 0.490625 0.534375 0.490625
4 0.528125 0.425 0.515625 0.425 0.515625 0.4515625 0.528125 0.4515625
0 0.4734375 0.528125 0.45625 0.528125 0.45625 0.5625 0.4734375 0.5625
4 0.4734375 0.37968750000000007 0.4578125 0.37968750000000007 0.4578125 0.415625 0.4734375 0.415625
2 0.5531250000000001 0.6765625 0.525 0.6765625 0.5250000000000001 0.73125 0.5531250000000002 0.73125
2 0.5875000000000001 0.7609375 0.5593750000000002 0.7609375 0.5593750000000002 0.809375 0.5875000000000001 0.809375
2 0.5640625000000001 0.81875 0.5343750000000002 0.81875 0.5343750000000002 0.859375 0.5640625000000001 0.859375
2 0.6250000000000002 0.840625 0.5968750000000002 0.840625 0.5968750000000002 0.8703125 0.6250000000000002 0.8703125
2 0.6734375000000001 0.84375 0.6468750000000002 0.84375 0.6468750000000002 0.878125 0.6734375000000001 0.878125
3 0.6437500000000002 0.746875 0.6218750000000002 0.746875 0.6218750000000002 0.78125 0.6437500000000002 0.78125
5 0.5265625000000002 0.7421875 0.48750000000000016 0.7421875 0.48750000000000016 0.8078125 0.5265625000000002 0.8078125
4 0.4468750000000002 0.834375 0.4312500000000002 0.834375 0.4312500000000002 0.8625 0.4468750000000002 0.8625
0 0.028125000000000105 0.859375 0.009375000000000105 0.859375 0.009375000000000107 0.88125 0.02812500000000011 0.88125
4 0.51875 0.721875 0.5046875 0.721875 0.5046875000000001 0.7421875 0.5187500000000002 0.7421875
4 0.6687500000000002 0.7453125 0.6531250000000002 0.7453125 0.6531250000000002 0.7734375 0.6687500000000002 0.7734375
4 0.6468750000000002 0.8859375 0.6265625000000001 0.8859375 0.6265625000000001 0.9125 0.6468750000000002 0.9125
2 0.7593750000000001 0.7734375000000002 0.7281250000000001 0.7734375000000002 0.7281250000000001 0.8125 0.7593750000000001 0.8125
2 0.7750000000000001 0.8765625 0.7453125000000002 0.8765625 0.7453125000000002 0.9078125 0.7750000000000001 0.9078125
2 0.9625 0.88125 0.9296875 0.88125 0.9296875 0.9171875 0.9625 0.9171875
4 0.85 0.8484375 0.828125 0.8484375 0.828125 0.86875 0.85 0.86875
3 0.51875 0.23437500000000008 0.5046875 0.23437500000000008 0.5046875 0.2906250000000001 0.51875 0.2906250000000001
2 0.5265625 0.3078125000000001 0.5140625 0.3078125000000001 0.5140625 0.3593750000000001 0.5265625 0.3593750000000001
2 0.471875 0.2656250000000001 0.4578125 0.2656250000000001 0.4578125 0.3234375000000001 0.471875 0.3234375000000001
4 0.5109375 0.19531250000000006 0.496875 0.19531250000000006 0.496875 0.2234375000000001 0.5109375 0.2234375000000001
4 0.525 0.20468750000000008 0.515625 0.20468750000000008 0.515625 0.2296875000000001 0.525 0.2296875000000001
4 0.5359375 0.19062500000000004 0.521875 0.19062500000000004 0.521875 0.2234375000000001 0.5359375 0.2234375000000001