2 0.010937500000000067 0.5390625 6.6016116516537e-17 0.5390625 6.697287182837088e-17 0.5546875 0.010937500000000067 0.5546875
2 0.3453125000000001 0.525 0.3265625000000001 0.525 0.3265625000000001 0.5421875 0.3453125000000001 0.5421875
2 0.7109375 0.440625 0.6953125 0.440625 0.6953125 0.45625 0.7109375 0.45625
2 0.7875 0.4187500000000002 0.771875 0.4187500000000002 0.771875 0.43750000000000017 0.7875 0.43750000000000017
2 0.35 0.2875 0.33125 0.2875 0.33125 0.3015625 0.35 0.3015625
2 0.4078125 0.2484375000000001 0.3953125 0.2484375000000001 0.3953125 0.2687500000000001 0.4078125 0.2687500000000001
2 0.4 0.21250000000000008 0.384375 0.21250000000000008 0.384375 0.2312500000000001 0.4 0.2312500000000001
2 0.5109375 0.3156250000000001 0.5015625 0.3156250000000001 0.5015625 0.3468750000000001 0.5109375 0.3468750000000001
2 0.521875 0.3109375000000001 0.5140625 0.3109375000000001 0.5140625 0.3468750000000001 0.521875 0.3468750000000001
2 0.5625 0.3046875000000001 0.5546875 0.3046875000000001 0.5546875 0.3343750000000001 0.5625 0.3343750000000001
2 0.571875 0.3078125000000001 0.5640625 0.3078125000000001 0.5640625 0.33281250000000007 0.571875 0.33281250000000007
2 0.9671875 0.853125 0.95625 0.853125 0.95625 0.878125 0.9671875 0.878125
2 0.9484375 0.884375 0.9421875 0.884375 0.9421875 0.9125 0.9484375 0.9125
2 0.978125 0.903125 0.9671875 0.903125 0.9671875 0.928125 0.978125 0.928125
2 0.9953125 0.7953125000000002 0.9796875 0.7953125000000002 0.9796875 0.8234375 0.9953125 0.8234375
2 0.9828125 0.8453125 0.9703125 0.8453125 0.9703125 0.8671875 0.9828125 0.8671875
2 0.7234375 0.6421875 0.7140625 0.6421875 0.7140625 0.665625 0.7234375 0.665625
6 0.1218750000000001 0.55 0.09062500000000007 0.55 0.09062500000000007 0.571875 0.1218750000000001 0.571875
6 0.9859375 0.3906250000000001 0.9453125 0.3906250000000001 0.9453125 0.4109375000000002 0.9859375 0.4109375000000002
5 1 0.5484375000000001 0.9296875 0.5484375000000001 0.9296875 0.5734375000000002 1 0.5734375000000002
6 0.903125 0.6265625000000001 0.865625 0.6265625000000001 0.865625 0.6468750000000002 0.903125 0.6468750000000002
5 0.740625 0.3765625000000001 0.69375 0.3765625000000001 0.69375 0.39531250000000007 0.740625 0.39531250000000007
6 0.6828125 0.3765625000000001 0.6421875 0.3765625000000001 0.6421875 0.3968750000000001 0.6828125 0.3968750000000001
6 0.29375000000000007 0.63125 0.2640625000000001 0.63125 0.2640625000000001 0.6515625 0.29375000000000007 0.6515625
6 0.16562500000000008 0.640625 0.12656250000000008 0.640625 0.12656250000000008 0.6609375 0.16562500000000008 0.6609375
6 0.14062500000000008 0.671875 0.10156250000000008 0.671875 0.10156250000000008 0.696875 0.14062500000000008 0.696875
6 0.7359375 0.596875 0.7078125 0.596875 0.7078125 0.6140625000000001 0.7359375 0.6140625000000002
0 0.825 0.5984375000000002 0.8140625 0.5984375000000002 0.8140625 0.6078125000000002 0.825 0.6078125000000002
0 0.8015625 0.5968750000000002 0.7875 0.5968750000000002 0.7875 0.6109375000000001 0.8015625 0.6109375000000001
3 0.496875 0.4890625 0.475 0.4890625 0.475 0.5078125 0.496875 0.5078125
4 0.55 0.2750000000000001 0.5453125 0.2750000000000001 0.5453125 0.2890625000000001 0.55 0.2890625000000001
4 0.8859375 0.3859375000000001 0.8765625 0.3859375000000001 0.8765625 0.3968750000000001 0.8859375 0.3968750000000001
4 0.825 0.5718750000000001 0.815625 0.5718750000000001 0.815625 0.5828125000000002 0.825 0.5828125000000002
4 0.9328125 0.5937500000000002 0.9234375 0.5937500000000002 0.9234375 0.6046875000000002 0.9328125 0.6046875000000002
3 0.7703125000000002 0.84375 0.7484375000000002 0.84375 0.7484375000000002 0.8625 0.7703125000000002 0.8625
3 0.7218750000000002 0.8796875 0.7109375000000002 0.8796875 0.7109375000000002 0.9140625 0.7218750000000002 0.9140625
4 0.3687500000000001 0.4109375 0.3593750000000001 0.4109375 0.3593750000000001 0.421875 0.3687500000000001 0.421875
4 0.9859375 0.3812500000000001 0.9765625 0.3812500000000001 0.9765625 0.3890625000000001 0.9859375 0.3890625000000001
4 0.528125 0.2734375000000001 0.525 0.2734375000000001 0.525 0.2875000000000001 0.528125 0.2875000000000001
4 0.5453125 0.2875000000000001 0.5421875 0.2875000000000001 0.5421875 0.30156250000000007 0.5453125 0.30156250000000007
4 0.5703125 0.27812500000000007 0.565625 0.27812500000000007 0.565625 0.29375000000000007 0.5703125 0.29375000000000007
4 0.58125 0.3000000000000001 0.578125 0.3000000000000001 0.578125 0.3140625000000001 0.58125 0.3140625000000001
4 0.56875 0.23593750000000008 0.565625 0.23593750000000008 0.565625 0.2515625000000001 0.56875 0.2515625000000001
4 0.5359375 0.22656250000000008 0.53125 0.22656250000000008 0.53125 0.2375000000000001 0.5359375 0.2375000000000001
4 0.54375 0.2250000000000001 0.5390625 0.2250000000000001 0.5390625 0.2375000000000001 0.54375 0.2375000000000001
4 0.5796875 0.2375000000000001 0.5765625 0.2375000000000001 0.5765625 0.2515625000000001 0.5796875 0.2515625000000001
4 0.5203125 0.2750000000000001 0.515625 0.2750000000000001 0.515625 0.2875000000000001 0.5203125 0.2875000000000001
4 0.415625 0.2687500000000001 0.4109375 0.2687500000000001 0.4109375 0.2828125000000001 0.415625 0.2828125000000001
4 0.5765625 0.2406250000000001 0.571875 0.2406250000000001 0.571875 0.2531250000000001 0.5765625 0.2531250000000001
4 0.5328125 0.2765625000000001 0.5296875 0.2765625000000001 0.5296875 0.2906250000000001 0.5328125 0.2906250000000001
4 0.540625 0.29375000000000007 0.5375 0.29375000000000007 0.5375 0.3062500000000001 0.540625 0.3062500000000001
4 0.5484375 0.29375000000000007 0.5453125 0.29375000000000007 0.5453125 0.3046875000000001 0.5484375 0.3046875000000001
4 0.11093750000000009 0.5796875 0.10156250000000008 0.5796875 0.10156250000000008 0.5875 0.11093750000000009 0.5875
3 0.15468750000000003 0.5078125 0.13437500000000005 0.5078125 0.13437500000000005 0.525 0.15468750000000003 0.525
2 0.3343750000000001 0.496875 0.31718750000000007 0.496875 0.31718750000000007 0.5109375 0.3343750000000001 0.5109375
2 0.6421875 0.4484375 0.6265625 0.4484375 0.6265625 0.4640625 0.6421875 0.4640625
4 0.946875 0.3671875000000001 0.9390625 0.3671875000000001 0.9390625 0.3781250000000001 0.946875 0.3781250000000001
2 0.9015625 0.4000000000000002 0.8859375 0.4000000000000002 0.8859375 0.41406250000000017 0.9015625 0.41406250000000017
3 0.859375 0.40625000000000017 0.8390625 0.40625000000000017 0.8390625 0.42500000000000016 0.859375 0.42500000000000016
6 0.7890625 0.5250000000000001 0.759375 0.5250000000000001 0.759375 0.5453125000000002 0.7890625 0.5453125000000002
0 0.8296875 0.6359375000000002 0.815625 0.6359375000000002 0.815625 0.6500000000000001 0.8296875 0.6500000000000001
6 0.509375 0.615625 0.48125 0.615625 0.48125 0.6359375 0.509375 0.6359375
4 0.6890625 0.5828125 0.6796875 0.5828125 0.6796875 0.590625 0.6890625 0.590625
4 0.7140625 0.584375 0.7046875 0.584375 0.7046875 0.59375 0.7140625 0.59375
4 0.734375 0.58125 0.725 0.58125 0.725 0.5906250000000001 0.734375 0.5906250000000002
0 0.5296875 0.6 0.5171875 0.6 0.5171875 0.6140625 0.5296875 0.6140625
2 0.684375 0.634375 0.678125 0.634375 0.678125 0.659375 0.684375 0.659375
2 0.678125 0.621875 0.671875 0.621875 0.671875 0.646875 0.678125 0.646875
2 0.6703125 0.6234375 0.6625 0.6234375 0.6625 0.6453125 0.6703125 0.6453125
2 0.6765625 0.646875 0.6703125 0.646875 0.6703125 0.665625 0.6765625 0.665625
6 0.15312500000000004 0.48125 0.10937500000000004 0.48125 0.10937500000000004 0.50625 0.15312500000000004 0.50625
5 0.2390625000000001 0.4609375 0.19218750000000004 0.4609375 0.19218750000000004 0.4796875 0.2390625000000001 0.4796875
1 0.050000000000000065 0.6015625 0.012500000000000072 0.6015625 0.012500000000000075 0.621875 0.050000000000000065 0.621875
4 0.3062500000000001 0.5671875 0.2968750000000001 0.5671875 0.2968750000000001 0.5765625 0.3062500000000001 0.5765625
3 0.696875 0.559375 0.6734375 0.559375 0.6734375 0.5796875 0.696875 0.5796875
2 0.9671875 0.5250000000000001 0.95 0.5250000000000001 0.95 0.5375000000000002 0.9671875 0.5375000000000002
2 0.9359375 0.3812500000000001 0.921875 0.3812500000000001 0.921875 0.4000000000000002 0.9359375 0.4000000000000002
3 0.8484375 0.31718750000000007 0.8375 0.31718750000000007 0.8375 0.3468750000000001 0.8484375 0.3468750000000001