5 0.2140625000000001 0.9703125 0.18437500000000012 0.9703125 0.18437500000000012 1 0.2140625000000001 1
2 0.5031250000000002 0.9609375 0.48437500000000017 0.9609375 0.48437500000000017 1 0.5031250000000002 1
2 0.5453125 0.6546875 0.528125 0.6546875 0.528125 0.7046875 0.5453125 0.7046875
2 0.4671875 0.58125 0.4484375 0.58125 0.4484375 0.6265625 0.4671875 0.6265625
4 0.475 0.571875 0.465625 0.571875 0.465625 0.6015625 0.475 0.6015625
4 0.4875 0.475 0.475 0.475 0.475 0.5015625 0.4875 0.5015625
4 0.4953125 0.48125 0.484375 0.48125 0.484375 0.509375 0.4953125 0.509375
2 0.50625 0.4859375 0.490625 0.4859375 0.490625 0.5328125 0.50625 0.5328125
2 0.5828125 0.490625 0.5609375 0.490625 0.5609375 0.534375 0.5828125 0.534375
2 0.3578125 0.315625 0.33125 0.315625 0.33125 0.346875 0.3578125 0.346875
6 0.3546875000000001 0.3953125 0.3312500000000001 0.3953125 0.3312500000000001 0.428125 0.3546875000000001 0.428125
1 0.6078125 0.35625000000000007 0.5390625 0.35625000000000007 0.5390625 0.3968750000000001 0.6078125 0.3968750000000001
1 0.6921875 0.3671875000000001 0.628125 0.3671875000000001 0.628125 0.4109375 0.6921875 0.4109375
4 0.446875 0.37187500000000007 0.4296875 0.37187500000000007 0.4296875 0.3937500000000001 0.446875 0.3937500000000001
3 0.4203125 0.35625000000000007 0.403125 0.35625000000000007 0.403125 0.3812500000000001 0.4203125 0.3812500000000001
4 0.26875 0.3234375 0.253125 0.3234375 0.253125 0.3453125 0.26875 0.3453125
4 0.2421875 0.3265625 0.2234375 0.3265625 0.2234375 0.3453125 0.2421875 0.3453125
0 0.20625000000000004 0.33125 0.18437500000000004 0.33125 0.18437500000000004 0.365625 0.2062500000000001 0.365625
4 0.21875 0.28125 0.19687500000000005 0.28125 0.19687500000000005 0.325 0.21875 0.325
2 0.19531250000000006 0.3109375 0.17031250000000003 0.3109375 0.17031250000000003 0.3328125 0.19531250000000006 0.3328125
2 0.18281250000000004 0.284375 0.15625000000000006 0.284375 0.15625000000000006 0.3078125 0.18281250000000004 0.3078125
2 0.13906250000000003 0.284375 0.10781250000000005 0.284375 0.10781250000000005 0.315625 0.13906250000000003 0.315625
4 0.12968750000000004 0.3125 0.11250000000000004 0.3125 0.11250000000000004 0.334375 0.12968750000000004 0.334375
4 0.15312500000000004 0.340625 0.13750000000000004 0.340625 0.13750000000000004 0.3640625 0.15312500000000004 0.3640625
4 0.04218750000000004 0.315625 0.025000000000000033 0.315625 0.02500000000000004 0.35 0.042187500000000044 0.35
2 0.02343750000000003 0.2484375 3.042481891631706e-17 0.2484375 3.262535613353496e-17 0.284375 0.023437500000000035 0.284375
4 0.025000000000000033 0.28125 0.006250000000000033 0.28125 0.006250000000000035 0.3015625 0.025000000000000033 0.3015625
4 0.02500000000000004 0.290625 0.006250000000000036 0.290625 0.006250000000000038 0.321875 0.025000000000000043 0.321875
1 0.09843750000000002 0.1875 0.034375000000000024 0.1875 0.03437500000000003 0.2375 0.09843750000000002 0.2375
0 0.0515625 4.592425496802574e-18 0.0234375 2.8702659355016093e-18 0.023437500000000003 0.023437500000000007 0.0515625 0.023437500000000007
4 0.035937500000000004 0.03125 0.014062500000000006 0.03125 0.014062500000000006 0.059375 0.03593750000000001 0.059375
4 0.020312500000000004 0.0484375 5.931882933369992e-18 0.0484375 6.984313776387249e-18 0.065625 0.020312500000000004 0.065625
4 0.01718750000000001 0.059375 7.271340369937409e-18 0.059375 8.802148868871602e-18 0.084375 0.017187500000000012 0.084375
4 0.115625 0.1 0.1 0.1 0.1 0.1421875 0.115625 0.1421875
4 0.165625 0.09218750000000002 0.14375 0.09218750000000002 0.14375 0.121875 0.165625 0.121875
4 0.140625 0.121875 0.121875 0.121875 0.121875 0.140625 0.140625 0.140625
0 0.1421875 0.125 0.1203125 0.125 0.1203125 0.1609375 0.1421875 0.1609375
0 0.16875 0.1125 0.1484375 0.1125 0.1484375 0.1546875 0.16875 0.1546875
0 0.1921875 0.11562500000000002 0.1703125 0.115625 0.1703125 0.16562500000000002 0.1921875 0.16562500000000005
4 0.215625 0.14531250000000004 0.1953125 0.14531250000000004 0.1953125 0.16875000000000004 0.215625 0.16875000000000004
0 0.25 0.12812500000000004 0.2203125 0.12812500000000004 0.2203125 0.16718750000000004 0.25 0.16718750000000004
4 0.2515625 0.10312500000000005 0.234375 0.10312500000000005 0.234375 0.12968750000000004 0.2515625 0.12968750000000004
4 0.3328125 0.12500000000000006 0.315625 0.12500000000000006 0.315625 0.14531250000000004 0.3328125 0.14531250000000004
4 0.346875 0.16406250000000006 0.328125 0.16406250000000006 0.328125 0.19218750000000004 0.346875 0.19218750000000004
4 0.378125 0.11562500000000005 0.3625 0.11562500000000005 0.3625 0.14218750000000005 0.378125 0.14218750000000005
4 0.40625 0.13125000000000003 0.3921875 0.13125000000000003 0.3921875 0.15156250000000004 0.40625 0.15156250000000004
4 0.4078125 0.14843750000000006 0.3890625 0.14843750000000006 0.3890625 0.16250000000000003 0.4078125 0.16250000000000003
4 0.425 0.13906250000000003 0.4078125 0.13906250000000003 0.4078125 0.15937500000000004 0.425 0.15937500000000004
4 0.425 0.14843750000000006 0.4078125 0.14843750000000006 0.4078125 0.17031250000000003 0.425 0.17031250000000003
4 0.421875 0.15781250000000005 0.4015625 0.15781250000000005 0.4015625 0.17968750000000006 0.421875 0.17968750000000006
2 0.4265625 0.16718750000000004 0.396875 0.16718750000000004 0.396875 0.19687500000000005 0.4265625 0.19687500000000005
2 0.425 0.18593750000000003 0.4 0.18593750000000003 0.4 0.2140625000000001 0.425 0.2140625000000001
0 0.425 0.20312500000000008 0.403125 0.20312500000000008 0.403125 0.2406250000000001 0.425 0.2406250000000001
0 0.409375 0.2140625000000001 0.390625 0.2140625000000001 0.390625 0.2453125000000001 0.409375 0.2453125000000001
0 0.3921875 0.2078125000000001 0.371875 0.2078125000000001 0.371875 0.23437500000000008 0.3921875 0.23437500000000008
3 0.36875 0.17656250000000004 0.3421875 0.17656250000000004 0.3421875 0.20625000000000004 0.36875 0.2062500000000001
2 0.3359375 0.2 0.3125 0.2 0.3125 0.2265625 0.3359375 0.2265625
4 0.35 0.203125 0.33125 0.203125 0.33125 0.23125 0.35 0.23125
2 0.371875 0.20625000000000004 0.3453125 0.20625 0.3453125 0.23125000000000004 0.371875 0.2312500000000001
4 0.3578125 0.19687500000000005 0.3390625 0.19687500000000005 0.3390625 0.2140625 0.3578125 0.2140625
2 0.375 0.13437500000000005 0.353125 0.13437500000000005 0.353125 0.16250000000000003 0.375 0.16250000000000003
2 0.403125 0.14843750000000006 0.378125 0.14843750000000006 0.378125 0.18281250000000004 0.403125 0.18281250000000004
2 0.5671875 0.06093750000000007 0.5484375 0.06093750000000007 0.5484375 0.09843750000000007 0.5671875 0.09843750000000007
2 0.55 6.630314311008718e-17 0.5328125 6.52507122670699e-17 0.5328125 0.021875000000000068 0.55 0.021875000000000068
2 0.6296875 7.615772282197602e-17 0.6140625 7.520096751014216e-17 0.6140625 0.02968750000000008 0.6296875 0.02968750000000008
0 0.5140625 0.13437500000000005 0.4953125 0.13437500000000005 0.4953125 0.16093750000000004 0.5140625 0.16093750000000004
4 0.5796875 0.17343750000000008 0.565625 0.17343750000000008 0.565625 0.2000000000000001 0.5796875 0.2000000000000001
6 0.63125 0.1937500000000001 0.5921875 0.1937500000000001 0.5921875 0.2406250000000001 0.63125 0.2406250000000001
2 0.840625 0.18125000000000008 0.8109375 0.18125000000000008 0.8109375 0.2171875000000001 0.840625 0.2171875000000001
2 0.8484375 0.16562500000000008 0.8234375 0.16562500000000008 0.8234375 0.19531250000000008 0.8484375 0.19531250000000008
2 0.784375 0.1359375000000001 0.76875 0.1359375000000001 0.76875 0.17968750000000008 0.784375 0.17968750000000008
4 0.809375 0.1984375000000001 0.790625 0.1984375000000001 0.790625 0.2218750000000001 0.809375 0.2218750000000001
2 0.828125 0.010937500000000102 0.809375 0.0109375000000001 0.809375 0.0546875000000001 0.828125 0.05468750000000011
4 0.7 0.11875000000000009 0.6890625 0.11875000000000009 0.6890625 0.1390625000000001 0.7 0.1390625000000001
1 1 0.3671875000000001 0.9453125 0.3671875000000001 0.9453125 0.4234375000000002 1 0.4234375000000002
1 0.80625 0.37968750000000007 0.7453125 0.37968750000000007 0.7453125 0.42187500000000017 0.80625 0.42187500000000017
2 0.9390625 0.3671875000000001 0.909375 0.3671875000000001 0.909375 0.40156250000000016 0.9390625 0.40156250000000016
2 0.9375 0.3937500000000001 0.909375 0.3937500000000001 0.909375 0.42500000000000016 0.9375 0.42500000000000016
3 0.9515625 0.4156250000000002 0.9265625 0.4156250000000002 0.9265625 0.4500000000000002 0.9515625 0.4500000000000002
2 0.878125 0.42500000000000016 0.8484375 0.42500000000000016 0.8484375 0.4546875000000002 0.878125 0.4546875000000002
3 0.871875 0.3656250000000001 0.846875 0.3656250000000001 0.846875 0.39531250000000007 0.871875 0.39531250000000007
2 0.9015625 0.39531250000000007 0.8703125 0.39531250000000007 0.8703125 0.42968750000000017 0.9015625 0.42968750000000017
4 0.8953125 0.4156250000000002 0.8671875 0.4156250000000002 0.8671875 0.44843750000000016 0.8953125 0.44843750000000016
2 0.85625 0.3859375000000001 0.8171875 0.3859375000000001 0.8171875 0.41718750000000016 0.85625 0.41718750000000016
3 0.840625 0.35625000000000007 0.8125 0.35625000000000007 0.8125 0.38750000000000007 0.840625 0.38750000000000007
2 0.909375 0.3609375000000001 0.8796875 0.3609375000000001 0.8796875 0.39531250000000007 0.909375 0.39531250000000007
2 0.84375 0.40937500000000016 0.8125 0.40937500000000016 0.8125 0.4390625000000002 0.84375 0.4390625000000002
4 0.8078125 0.4125000000000002 0.7890625 0.4125000000000002 0.7890625 0.4437500000000002 0.8078125 0.4437500000000002
2 0.7828125 0.4046875000000002 0.7546875 0.4046875000000002 0.7546875 0.44062500000000016 0.7828125 0.44062500000000016
0 0.7609375 0.41406250000000017 0.7359375 0.41406250000000017 0.7359375 0.4468750000000002 0.7609375 0.4468750000000002
0 0.7328125 0.4234375000000001 0.70625 0.4234375 0.70625 0.4515625000000001 0.7328125 0.4515625000000002
6 0.703125 0.3531250000000001 0.6734375 0.3531250000000001 0.6734375 0.3890625000000001 0.703125 0.3890625000000001
2 0.725 0.3437500000000001 0.696875 0.3437500000000001 0.696875 0.3781250000000001 0.725 0.3781250000000001
2 0.7453125 0.36406250000000007 0.715625 0.36406250000000007 0.715625 0.3937500000000001 0.7453125 0.3937500000000001
2 0.73125 0.3828125000000001 0.703125 0.3828125000000001 0.703125 0.4156250000000001 0.73125 0.4156250000000002
4 0.709375 0.3687500000000001 0.69375 0.3687500000000001 0.69375 0.3906250000000001 0.709375 0.3906250000000001
3 0.7234375 0.3906250000000001 0.696875 0.3906250000000001 0.696875 0.43125 0.7234375 0.43125
2 0.7125 0.41875 0.6796875 0.41875 0.6796875 0.446875 0.7125 0.446875
2 0.8140625 0.35625000000000007 0.7828125 0.35625000000000007 0.7828125 0.3921875000000001 0.8140625 0.3921875000000001
2 0.7765625 0.34062500000000007 0.746875 0.34062500000000007 0.746875 0.3843750000000001 0.7765625 0.3843750000000001
2 0.653125 0.4109375 0.6234375 0.4109375 0.6234375 0.4453125 0.653125 0.4453125
4 0.66875 0.40625 0.653125 0.40625 0.653125 0.4375 0.66875 0.4375
4 0.6640625 0.434375 0.646875 0.434375 0.646875 0.459375 0.6640625 0.459375
4 0.6953125 0.4296875 0.675 0.4296875 0.675 0.46875 0.6953125 0.46875
0 0.6015625 0.3859375000000001 0.571875 0.3859375000000001 0.571875 0.425 0.6015625 0.425
4 0.61875 0.3937500000000001 0.6 0.3937500000000001 0.6 0.421875 0.61875 0.421875
2 0.09687500000000007 0.5484375 0.07187500000000006 0.5484375 0.07187500000000006 0.5765625 0.09687500000000007 0.5765625
2 0.057812500000000065 0.5421875 0.025000000000000067 0.5421875 0.025000000000000067 0.5671875 0.057812500000000065 0.5671875
2 0.04843750000000007 0.565625 0.020312500000000067 0.565625 0.02031250000000007 0.5953125 0.04843750000000008 0.5953125
2 0.04375000000000008 0.6578125 0.017187500000000085 0.6578125 0.017187500000000085 0.6796875 0.04375000000000008 0.6796875
2 0.4046875 0.18593750000000003 0.3734375 0.18593750000000003 0.3734375 0.2140625000000001 0.4046875 0.2140625000000001
4 0.39375 0.17187500000000006 0.3796875 0.17187500000000006 0.3796875 0.19531250000000006 0.39375 0.19531250000000006
4 0.40625 0.17343750000000005 0.3890625 0.17343750000000005 0.3890625 0.19843750000000004 0.40625 0.19843750000000004
4 0.7109375 0.11718750000000008 0.7015625 0.11718750000000008 0.7015625 0.1453125000000001 0.7109375 0.1453125000000001
4 0.684375 0.11250000000000009 0.675 0.11250000000000009 0.675 0.1468750000000001 0.684375 0.1468750000000001
4 0.3343750000000001 0.4109375 0.3187500000000001 0.4109375 0.3187500000000001 0.43125 0.3343750000000001 0.43125
4 0.3046875000000001 0.5703125 0.2890625000000001 0.5703125 0.2890625000000001 0.5890625 0.3046875000000001 0.5890625
4 0.3000000000000001 0.578125 0.28593750000000007 0.578125 0.28593750000000007 0.59375 0.3000000000000001 0.59375
4 0.30156250000000007 0.590625 0.2843750000000001 0.590625 0.2843750000000001 0.603125 0.30156250000000007 0.603125