2 0.5265625 0.3109375000000001 0.5203125 0.3109375000000001 0.5203125 0.3390625000000001 0.5265625 0.3390625000000001
2 0.5359375 0.3109375000000001 0.53125 0.3109375000000001 0.53125 0.3375000000000001 0.5359375 0.3375000000000001
2 0.5875 0.3046875000000001 0.5796875 0.3046875000000001 0.5796875 0.32500000000000007 0.5875 0.32500000000000007
2 0.578125 0.3031250000000001 0.571875 0.3031250000000001 0.571875 0.3265625000000001 0.578125 0.3265625000000001
4 0.596875 0.3000000000000001 0.5953125 0.3000000000000001 0.5953125 0.30937500000000007 0.596875 0.30937500000000007
4 0.6015625 0.29375000000000007 0.6 0.29375000000000007 0.6 0.3046875000000001 0.6015625 0.3046875000000001
4 0.59375 0.2906250000000001 0.5921875 0.2906250000000001 0.5921875 0.2968750000000001 0.59375 0.2968750000000001
4 0.5890625 0.2843750000000001 0.5875 0.2843750000000001 0.5875 0.29375000000000007 0.5890625 0.29375000000000007
4 0.5875 0.2906250000000001 0.584375 0.2906250000000001 0.584375 0.3000000000000001 0.5875 0.3000000000000001
4 0.5859375 0.2765625000000001 0.584375 0.2765625000000001 0.584375 0.28593750000000007 0.5859375 0.28593750000000007
4 0.565625 0.2734375000000001 0.5640625 0.2734375000000001 0.5640625 0.2828125000000001 0.565625 0.2828125000000001
4 0.5640625 0.28593750000000007 0.5625 0.28593750000000007 0.5625 0.2968750000000001 0.5640625 0.2968750000000001
4 0.559375 0.2875000000000001 0.5578125 0.2875000000000001 0.5578125 0.2968750000000001 0.559375 0.2968750000000001
4 0.55625 0.2890625000000001 0.5546875 0.2890625000000001 0.5546875 0.2984375000000001 0.55625 0.2984375000000001
4 0.5453125 0.2734375000000001 0.54375 0.2734375000000001 0.54375 0.2828125000000001 0.5453125 0.2828125000000001
4 0.54375 0.2734375000000001 0.5421875 0.2734375000000001 0.5421875 0.2828125000000001 0.54375 0.2828125000000001
4 0.5359375 0.2734375000000001 0.534375 0.2734375000000001 0.534375 0.2828125000000001 0.5359375 0.2828125000000001
4 0.5484375 0.2734375000000001 0.546875 0.2734375000000001 0.546875 0.2828125000000001 0.5484375 0.2828125000000001
4 0.55 0.2218750000000001 0.5484375 0.2218750000000001 0.5484375 0.2296875000000001 0.55 0.2296875000000001
4 0.5578125 0.21875000000000008 0.55625 0.21875000000000008 0.55625 0.2296875000000001 0.5578125 0.2296875000000001
4 0.5640625 0.21875000000000008 0.5609375 0.21875000000000008 0.5609375 0.2312500000000001 0.5640625 0.2312500000000001
4 0.5828125 0.2312500000000001 0.5796875 0.2312500000000001 0.5796875 0.24218750000000008 0.5828125 0.24218750000000008
4 0.584375 0.2296875000000001 0.5828125 0.2296875000000001 0.5828125 0.24375000000000008 0.584375 0.24375000000000008
4 0.5921875 0.2328125000000001 0.590625 0.2328125000000001 0.590625 0.2453125000000001 0.5921875 0.2453125000000001
4 0.596875 0.2296875000000001 0.59375 0.2296875000000001 0.59375 0.24375000000000008 0.596875 0.24375000000000008
4 0.6 0.2328125000000001 0.596875 0.2328125000000001 0.596875 0.24375000000000008 0.6 0.24375000000000008
2 0.365625 0.2828125 0.35 0.2828125 0.35 0.29375000000000007 0.365625 0.29375000000000007
2 0.3921875 0.2750000000000001 0.3859375 0.2750000000000001 0.3859375 0.2921875000000001 0.3921875 0.2921875000000001
4 0.33281250000000007 0.4296875 0.3265625000000001 0.4296875 0.3265625000000001 0.434375 0.33281250000000007 0.434375
4 0.34843750000000007 0.45625 0.3421875000000001 0.45625 0.3421875000000001 0.4625 0.34843750000000007 0.4625
2 0.7125 0.3937500000000001 0.703125 0.3937500000000001 0.703125 0.4 0.7125 0.4
5 0.7 0.37187500000000007 0.659375 0.37187500000000007 0.659375 0.3906250000000001 0.7 0.3906250000000001
5 0.7578125 0.3734375000000001 0.7140625 0.3734375000000001 0.7140625 0.38750000000000007 0.7578125 0.38750000000000007
4 0.865625 0.3078125000000001 0.8609375 0.3078125000000001 0.8609375 0.31718750000000007 0.865625 0.31718750000000007
4 0.9953125 0.2234375000000001 0.9890625 0.2234375000000001 0.9890625 0.23593750000000008 0.9953125 0.23593750000000008
2 0.007812500000000059 0.471875 5.778802083476573e-17 0.471875 5.845774955304943e-17 0.4828125 0.007812500000000059 0.4828125
5 0.11406250000000004 0.478125 0.06093750000000007 0.478125 0.06093750000000007 0.496875 0.11406250000000004 0.496875
2 0.18593750000000003 0.5 0.17187500000000006 0.5 0.17187500000000006 0.5125 0.18593750000000003 0.5125
6 0.4234375 0.471875 0.3968750000000001 0.471875 0.3968750000000001 0.4875 0.4234375 0.4875
2 0.625 0.4828125 0.609375 0.4828125 0.609375 0.4953125 0.625 0.4953125
2 0.9421875 0.47656250000000017 0.9265625 0.47656250000000017 0.9265625 0.48750000000000016 0.9421875 0.48750000000000016
5 1 0.5468750000000002 0.95 0.5468750000000002 0.95 0.5671875000000002 1 0.5671875000000002
2 0.884375 0.5656250000000002 0.86875 0.5656250000000002 0.86875 0.5828125000000002 0.884375 0.5828125000000002
2 0.85 0.5546875000000002 0.8359375 0.5546875000000002 0.8359375 0.5687500000000002 0.85 0.5687500000000002
1 0.8515625 0.5718750000000001 0.825 0.5718750000000001 0.825 0.5875000000000001 0.8515625 0.5875000000000001
6 0.8015625 0.5468750000000002 0.7765625 0.5468750000000002 0.7765625 0.5640625000000001 0.8015625 0.5640625000000001
4 0.8015625 0.5781250000000002 0.7953125 0.5781250000000002 0.7953125 0.5843750000000002 0.8015625 0.5843750000000002
4 0.8140625 0.5812500000000002 0.8078125 0.5812500000000002 0.8078125 0.5875000000000001 0.8140625 0.5875000000000001
4 0.746875 0.5546875000000002 0.7421875 0.5546875000000002 0.7421875 0.5609375000000002 0.746875 0.5609375000000002
5 0.7359375 0.5468750000000001 0.6984375 0.546875 0.6984375 0.5625000000000001 0.7359375 0.5625000000000002
4 0.534375 0.58125 0.5296875 0.58125 0.5296875 0.5859375 0.534375 0.5859375
6 0.3671875000000001 0.540625 0.34062500000000007 0.540625 0.34062500000000007 0.5546875 0.3671875000000001 0.5546875
2 0.0281250000000001 0.81875 0.0218750000000001 0.81875 0.021875000000000103 0.8390625 0.0281250000000001 0.8390625
5 0.05625000000000011 0.9109375 0.04687500000000011 0.9109375 0.04687500000000012 0.9546875 0.05625000000000011 0.9546875
5 0.05937500000000009 0.7234375 0.050000000000000086 0.7234375 0.050000000000000086 0.771875 0.05937500000000009 0.771875
5 0.0906250000000001 0.7078125 0.07968750000000009 0.7078125 0.07968750000000009 0.7578125 0.0906250000000001 0.7578125
5 0.11718750000000008 0.709375 0.1062500000000001 0.709375 0.1062500000000001 0.7609375 0.11718750000000008 0.7609375
3 0.07968750000000009 0.73125 0.06875000000000009 0.73125 0.06875000000000009 0.76875 0.07968750000000009 0.76875
5 0.15781250000000008 0.6671875 0.12343750000000009 0.6671875 0.12343750000000009 0.6859375 0.15781250000000008 0.6859375
5 0.18125000000000008 0.634375 0.1453125000000001 0.634375 0.1453125000000001 0.653125 0.18125000000000008 0.653125
3 0.2531250000000001 0.5921875 0.22812500000000008 0.5921875 0.22812500000000008 0.6078125 0.2531250000000001 0.6078125
5 0.3109375000000001 0.628125 0.2812500000000001 0.628125 0.2812500000000001 0.64375 0.3109375000000001 0.64375
2 0.440625 0.5859375 0.4296875 0.5859375 0.4296875 0.596875 0.440625 0.596875
2 0.6875 0.621875 0.68125 0.621875 0.68125 0.6421875 0.6875 0.6421875
2 0.696875 0.61875 0.6875 0.61875 0.6875 0.6421875 0.696875 0.6421875
2 0.6953125 0.64375 0.6890625 0.64375 0.6890625 0.6640625 0.6953125 0.6640625
2 0.740625 0.6406250000000002 0.7328125 0.6406250000000002 0.7328125 0.6609375000000002 0.740625 0.6609375000000002
4 0.696875 0.5859375 0.690625 0.5859375 0.690625 0.590625 0.696875 0.590625
2 0.6 0.615625 0.5875 0.615625 0.5875 0.6265625 0.6 0.6265625
6 0.5234375 0.6125 0.4984375 0.6125 0.4984375 0.628125 0.5234375 0.628125
0 0.78125 0.6593750000000002 0.7671875 0.6593750000000002 0.7671875 0.6734375000000001 0.78125 0.6734375000000001
0 0.846875 0.6390625000000002 0.8359375 0.6390625000000002 0.8359375 0.6484375000000002 0.846875 0.6484375000000002
0 0.8703125 0.6359375000000002 0.8640625 0.6359375000000002 0.8640625 0.6515625000000002 0.8703125 0.6515625000000002
0 0.84375 0.5953125000000001 0.834375 0.5953125000000001 0.834375 0.6046875000000002 0.84375 0.6046875000000002
4 0.8140625 0.5937500000000002 0.809375 0.5937500000000002 0.809375 0.6031250000000001 0.8140625 0.6031250000000001
4 0.7796875 0.6015625000000002 0.771875 0.6015625000000002 0.771875 0.6078125000000002 0.7796875 0.6078125000000002
4 0.765625 0.5906250000000002 0.759375 0.5906250000000002 0.759375 0.5968750000000002 0.765625 0.5968750000000002
4 0.8671875 0.6921875000000002 0.8609375 0.6921875000000002 0.8609375 0.7046875000000001 0.8671875 0.7046875000000001
4 0.9 0.6015625000000002 0.8921875 0.6015625000000002 0.8921875 0.6093750000000002 0.9 0.6093750000000002
4 0.9046875 0.5921875000000002 0.896875 0.5921875000000002 0.896875 0.6000000000000002 0.9046875 0.6000000000000002
4 0.9328125 0.5906250000000002 0.9234375 0.5906250000000002 0.9234375 0.5984375000000002 0.9328125 0.5984375000000002
4 0.9640625 0.5765625000000002 0.95625 0.5765625000000002 0.95625 0.5859375000000002 0.9640625 0.5859375000000002
3 0.8765625 0.821875 0.865625 0.821875 0.865625 0.8515625 0.8765625 0.8515625
3 0.7859375000000002 0.8453125 0.7656250000000002 0.8453125 0.7656250000000002 0.859375 0.7859375000000002 0.859375
3 0.7375000000000002 0.88125 0.7312500000000002 0.88125 0.7312500000000002 0.9125 0.7375000000000002 0.9125
2 0.9640625 0.7906250000000001 0.953125 0.7906250000000001 0.953125 0.8015625 0.9640625 0.8015625
2 0.9640625 0.8046875 0.953125 0.8046875 0.953125 0.815625 0.9640625 0.815625
2 0.9875 0.8578125 0.978125 0.8578125 0.978125 0.8828125 0.9875 0.8828125
2 0.978125 0.8859375 0.971875 0.8859375 0.971875 0.9109375 0.978125 0.9109375
2 1 0.909375 0.990625 0.909375 0.990625 0.93125 1 0.93125
6 0.925 0.6250000000000002 0.8859375 0.6250000000000002 0.8859375 0.6453125000000002 0.925 0.6453125000000002