2 0.2140625000000001 0.59375 0.2000000000000001 0.59375 0.2000000000000001 0.609375 0.2140625000000001 0.609375
2 0.365625 0.28437500000000004 0.3484375 0.284375 0.3484375 0.30000000000000004 0.365625 0.3000000000000001
2 0.421875 0.2468750000000001 0.4109375 0.2468750000000001 0.4109375 0.2687500000000001 0.421875 0.2687500000000001
2 0.4140625 0.21250000000000008 0.3984375 0.21250000000000008 0.3984375 0.2312500000000001 0.4140625 0.2312500000000001
2 0.528125 0.3156250000000001 0.5171875 0.3156250000000001 0.5171875 0.3468750000000001 0.528125 0.3468750000000001
2 0.5375 0.30937500000000007 0.528125 0.30937500000000007 0.528125 0.3453125000000001 0.5375 0.3453125000000001
2 0.5765625 0.3046875000000001 0.5703125 0.3046875000000001 0.5703125 0.3343750000000001 0.5765625 0.3343750000000001
2 0.5859375 0.3078125000000001 0.578125 0.3078125000000001 0.578125 0.33281250000000007 0.5859375 0.33281250000000007
2 0.9859375 0.8625 0.975 0.8625 0.975 0.8890625 0.9859375 0.8890625
2 0.9703125 0.8953125 0.9609375 0.8953125 0.9609375 0.9234375 0.9703125 0.9234375
2 0.7390625 0.6453125000000002 0.7296875 0.6453125000000002 0.7296875 0.6687500000000002 0.7390625 0.6687500000000002
6 0.921875 0.6312500000000002 0.88125 0.6312500000000002 0.88125 0.6515625000000002 0.921875 0.6515625000000002
5 0.75625 0.3765625000000001 0.7109375 0.3765625000000001 0.7109375 0.39531250000000007 0.75625 0.39531250000000007
6 0.696875 0.3765625000000001 0.65625 0.3765625000000001 0.65625 0.39531250000000007 0.696875 0.39531250000000007
6 0.30937500000000007 0.6296875 0.27812500000000007 0.6296875 0.27812500000000007 0.6484375 0.30937500000000007 0.6484375
6 0.1843750000000001 0.6375 0.1453125000000001 0.6375 0.1453125000000001 0.65625 0.1843750000000001 0.65625
6 0.15781250000000008 0.665625 0.12031250000000009 0.665625 0.12031250000000009 0.690625 0.15781250000000008 0.690625
4 0.565625 0.2750000000000001 0.5609375 0.2750000000000001 0.5609375 0.2890625000000001 0.565625 0.2890625000000001
3 0.7843750000000002 0.8484375 0.7625000000000002 0.8484375 0.7625000000000002 0.865625 0.7843750000000002 0.865625
3 0.7375000000000002 0.884375 0.7265625000000002 0.884375 0.7265625000000002 0.9203125 0.7375000000000002 0.9203125
4 0.5421875 0.2750000000000001 0.5390625 0.2750000000000001 0.5390625 0.2890625000000001 0.5421875 0.2890625000000001
4 0.559375 0.2890625000000001 0.55625 0.2890625000000001 0.55625 0.3031250000000001 0.559375 0.3031250000000001
4 0.5859375 0.2765625000000001 0.58125 0.2765625000000001 0.58125 0.2921875000000001 0.5859375 0.2921875000000001
4 0.596875 0.3000000000000001 0.5921875 0.3000000000000001 0.5921875 0.3140625000000001 0.596875 0.3140625000000001
4 0.584375 0.23593750000000008 0.58125 0.23593750000000008 0.58125 0.2500000000000001 0.584375 0.2500000000000001
4 0.55 0.2250000000000001 0.546875 0.2250000000000001 0.546875 0.23593750000000008 0.55 0.23593750000000008
4 0.5578125 0.2250000000000001 0.5546875 0.2250000000000001 0.5546875 0.23593750000000008 0.5578125 0.23593750000000008
4 0.5984375 0.2375000000000001 0.5953125 0.2375000000000001 0.5953125 0.2500000000000001 0.5984375 0.2500000000000001
4 0.534375 0.2734375000000001 0.53125 0.2734375000000001 0.53125 0.2875000000000001 0.534375 0.2875000000000001
4 0.43125 0.27031250000000007 0.4265625 0.27031250000000007 0.4265625 0.2828125000000001 0.43125 0.2828125000000001
4 0.590625 0.2375000000000001 0.5875 0.2375000000000001 0.5875 0.2515625000000001 0.590625 0.2515625000000001
4 0.5484375 0.2750000000000001 0.5453125 0.2750000000000001 0.5453125 0.2890625000000001 0.5484375 0.2890625000000001
4 0.5546875 0.2921875000000001 0.5515625 0.2921875000000001 0.5515625 0.3046875000000001 0.5546875 0.3046875000000001
4 0.5625 0.2906250000000001 0.559375 0.2906250000000001 0.559375 0.30156250000000007 0.5625 0.30156250000000007
6 0.5765625 0.471875 0.55625 0.471875 0.55625 0.4875 0.5765625 0.4875
0 0.846875 0.6406250000000002 0.83125 0.6406250000000002 0.83125 0.6562500000000002 0.846875 0.6562500000000002
6 0.5234375 0.6140625 0.4953125 0.6140625 0.4953125 0.634375 0.5234375 0.634375
2 0.7 0.6375 0.69375 0.6375 0.69375 0.6625 0.7 0.6625
2 0.69375 0.621875 0.6875 0.621875 0.6875 0.646875 0.69375 0.646875
2 0.684375 0.6265625 0.678125 0.6265625 0.678125 0.6484375 0.684375 0.6484375
2 0.6921875 0.6484375 0.6859375 0.6484375 0.6859375 0.66875 0.6921875 0.66875
4 0.9046875 0.6093750000000002 0.8953125 0.6093750000000002 0.8953125 0.6187500000000001 0.9046875 0.6187500000000001
2 0.5125 0.2593750000000001 0.5 0.2593750000000001 0.5 0.2828125000000001 0.5125 0.2828125000000001
0 0.84375 0.6015625000000002 0.8328125 0.6015625000000002 0.8328125 0.6093750000000002 0.84375 0.6093750000000002
2 0.7921875 0.40156250000000016 0.7734375 0.40156250000000016 0.7734375 0.4156250000000002 0.7921875 0.4156250000000002
3 0.440625 0.603125 0.4203125 0.603125 0.4203125 0.6171875 0.440625 0.6171875
3 0.17968750000000006 0.484375 0.15468750000000003 0.484375 0.15468750000000003 0.4984375 0.17968750000000006 0.4984375
2 0.2328125000000001 0.5 0.21250000000000008 0.5 0.21250000000000008 0.515625 0.2328125000000001 0.515625
2 0.996875 0.9140625 0.9890625 0.9140625 0.9890625 0.9375 0.996875 0.9375
2 0.85625 0.4859375000000002 0.840625 0.4859375000000002 0.840625 0.5000000000000002 0.85625 0.5000000000000002
6 0.7 0.5375 0.6546875 0.5375 0.6546875 0.5578125 0.7 0.5578125
2 0.5484375 0.584375 0.534375 0.584375 0.534375 0.5984375 0.5484375 0.5984375
2 0.4875 0.584375 0.475 0.584375 0.475 0.6 0.4875 0.6
6 0.8703125 0.7796875000000002 0.8578125 0.7796875000000002 0.8578125 0.8171875 0.8703125 0.8171875
2 0.21093750000000008 0.5546875 0.19531250000000008 0.5546875 0.19531250000000008 0.571875 0.21093750000000008 0.571875
0 0.1921875000000001 0.6125 0.18125000000000008 0.6125 0.18125000000000008 0.6265625 0.1921875000000001 0.6265625
5 0.8734375 0.871875 0.859375 0.871875 0.859375 0.946875 0.8734375 0.946875
6 0.903125 0.5796875000000001 0.8796875 0.5796875000000001 0.8796875 0.6015625000000002 0.903125 0.6015625000000002
4 0.959375 0.6046875000000002 0.9484375 0.6046875000000002 0.9484375 0.6187500000000001 0.959375 0.6187500000000001
4 0.9984375 0.6031250000000001 0.9890625 0.6031250000000001 0.9890625 0.6156250000000002 0.9984375 0.6156250000000002
2 1 0.85625 0.9890625 0.85625 0.9890625 0.8765625 1 0.8765625
6 0.64375 0.453125 0.6140625 0.453125 0.6140625 0.4703125 0.64375 0.4703125
1 0.6203125 0.3390625000000001 0.60625 0.3390625000000001 0.60625 0.3859375000000001 0.6203125 0.3859375000000001
4 0.3031250000000001 0.4140625 0.2921875000000001 0.4140625 0.2921875000000001 0.4234375 0.3031250000000001 0.4234375