4 0.1218750000000001 0.7671875 0.0984375000000001 0.7671875 0.0984375000000001 0.7953125 0.1218750000000001 0.7953125
4 0.1875000000000001 0.89375 0.1703125000000001 0.89375 0.17031250000000012 0.921875 0.18750000000000014 0.921875
4 0.2828125000000001 0.871875 0.2640625000000001 0.871875 0.2640625000000001 0.909375 0.2828125000000001 0.909375
4 0.2828125000000001 0.9046875 0.2812500000000001 0.9046875 0.2812500000000001 0.909375 0.2828125000000001 0.909375
4 0.06093750000000011 0.9234375 0.04531250000000011 0.9234375 0.04531250000000011 0.9421875 0.06093750000000011 0.9421875
4 0.4250000000000001 0.7015625 0.4109375 0.7015625 0.41093750000000007 0.7296875 0.42500000000000016 0.7296875
4 0.471875 0.6046875 0.4609375 0.6046875 0.4609375 0.6265625 0.471875 0.6265625
4 0.4703125 0.49375 0.45625 0.49375 0.45625 0.5328125 0.4703125 0.5328125
4 0.534375 0.509375 0.5203125 0.509375 0.5203125 0.546875 0.534375 0.546875
4 0.4890625 0.615625 0.4765625 0.615625 0.4765625 0.64375 0.4890625 0.64375
4 0.5000000000000001 0.7046875 0.484375 0.7046875 0.4843750000000001 0.734375 0.5000000000000002 0.734375
4 0.46406250000000016 0.875 0.44843750000000016 0.875 0.44843750000000016 0.9125 0.46406250000000016 0.9125
4 0.5562500000000001 0.9 0.5375000000000002 0.9 0.5375000000000002 0.9234375 0.5562500000000001 0.9234375
4 0.6093750000000002 0.884375 0.5921875000000002 0.884375 0.5921875000000002 0.9078125 0.6093750000000002 0.9078125
4 0.6296875000000002 0.7328125 0.6140625000000002 0.7328125 0.6140625000000002 0.765625 0.6296875000000002 0.765625
4 0.5171875000000001 0.7234375 0.5015625 0.7234375 0.5015625000000001 0.7546875 0.5171875000000001 0.7546875
4 0.5 0.6796875 0.4875 0.6796875 0.4875 0.7046875 0.5 0.7046875
2 0.5718750000000001 0.7046875 0.5484375 0.7046875 0.5484375000000001 0.7453125 0.5718750000000001 0.7453125
4 0.7843750000000002 0.7375000000000002 0.7671875000000001 0.7375000000000002 0.7671875000000001 0.7625000000000002 0.7843750000000002 0.7625000000000002
4 0.7593750000000001 0.8640625 0.7390625000000002 0.8640625 0.7390625000000002 0.89375 0.7593750000000001 0.89375
2 0.8578125 0.7734375000000002 0.828125 0.7734375000000002 0.828125 0.8125 0.8578125 0.8125
3 0.9296875 0.840625 0.8953125 0.840625 0.8953125 0.8796875 0.9296875 0.8796875
0 0.990625 0.7609375000000002 0.9703125 0.7609375000000002 0.9703125 0.7921875000000002 0.990625 0.7921875000000002
2 1 0.8640625 0.975 0.8640625 0.975 0.8984375 1 0.8984375
0 0.5359375 0.5703125 0.521875 0.5703125 0.521875 0.60625 0.5359375 0.60625