3 0.3515625000000001 0.584375 0.33281250000000007 0.584375 0.33281250000000007 0.6203125 0.3515625000000001 0.6203125
3 0.3156250000000001 0.725 0.3000000000000001 0.725 0.3000000000000001 0.75625 0.3156250000000001 0.75625
3 0.2890625000000001 0.6625 0.2687500000000001 0.6625 0.2687500000000001 0.6984375 0.2890625000000001 0.6984375
3 0.2640625000000001 0.784375 0.24218750000000008 0.784375 0.24218750000000008 0.8234375 0.2640625000000001 0.8234375
3 0.2562500000000001 0.8390625 0.23437500000000008 0.8390625 0.23437500000000008 0.8796875 0.2562500000000001 0.8796875
0 0.4015625 0.6984375 0.3859375000000001 0.6984375 0.3859375000000001 0.715625 0.4015625 0.715625
0 0.2890625 0.2640625 0.2734375 0.2640625 0.2734375 0.2953125 0.2890625 0.2953125
0 0.9046875 0.03125000000000011 0.8875 0.03125000000000011 0.8875 0.06093750000000011 0.9046875 0.06093750000000011
2 0.9734375 0.20312500000000008 0.940625 0.20312500000000008 0.940625 0.2500000000000001 0.9734375 0.2500000000000001
2 0.9234375 0.2828125000000001 0.896875 0.2828125000000001 0.896875 0.3234375000000001 0.9234375 0.3234375000000001
0 0.5953125 0.2640625000000001 0.578125 0.2640625000000001 0.578125 0.29375000000000007 0.5953125 0.29375000000000007
2 0.40625 0.4375 0.3859375000000001 0.4375 0.3859375000000001 0.471875 0.40625 0.471875
2 0.3484375 0.2203125 0.328125 0.2203125 0.328125 0.253125 0.3484375 0.253125
2 0.265625 0.17656250000000004 0.24375 0.17656250000000004 0.24375 0.2171875 0.265625 0.2171875
2 0.2390625 0.17500000000000004 0.2140625 0.17500000000000004 0.2140625 0.209375 0.2390625 0.209375
2 0.1984375 0.11406250000000002 0.1765625 0.1140625 0.1765625 0.14843750000000003 0.1984375 0.14843750000000006
2 0.303125 0.19843750000000004 0.2796875 0.19843750000000004 0.2796875 0.2390625 0.303125 0.2390625
2 0.315625 0.09843750000000004 0.296875 0.09843750000000004 0.296875 0.13437500000000005 0.315625 0.13437500000000005
2 0.765625 0.6093750000000002 0.74375 0.6093750000000002 0.74375 0.6500000000000001 0.765625 0.6500000000000001
2 0.8609375 0.3609375000000001 0.83125 0.3609375000000001 0.83125 0.41718750000000016 0.8609375 0.41718750000000016
2 0.8796875 0.26250000000000007 0.8484375 0.26250000000000007 0.8484375 0.3078125000000001 0.8796875 0.3078125000000001
3 0.746875 0.3750000000000001 0.7203125 0.3750000000000001 0.7203125 0.41093750000000007 0.746875 0.4109375000000002
3 0.6859375 0.41875 0.653125 0.41875 0.653125 0.4609375 0.6859375 0.4609375
3 0.6296875 0.4796875 0.6046875 0.4796875 0.6046875 0.509375 0.6296875 0.509375
3 0.7375 0.659375 0.7171875 0.659375 0.7171875 0.690625 0.7375 0.6906250000000002
3 0.675 0.5453125 0.653125 0.5453125 0.653125 0.5796875 0.675 0.5796875
3 0.7140625 0.615625 0.696875 0.615625 0.696875 0.6515625 0.7140625 0.6515625
3 0.3276650999515214 0.6459790848958274 0.3119152109375 0.6410254 0.29616532192347866 0.6911010526041726 0.3119152109375 0.6960547375000001
4 0.2750000000000001 0.865625 0.2609375000000001 0.865625 0.2609375000000001 0.8890625 0.2750000000000001 0.8890625
4 0.32500000000000007 0.85625 0.3109375000000001 0.85625 0.3109375000000001 0.8828125 0.32500000000000007 0.8828125
4 0.3421875000000001 0.853125 0.3312500000000001 0.853125 0.3312500000000001 0.8703125 0.3421875000000001 0.8703125
4 0.34843750000000007 0.803125 0.3375000000000001 0.803125 0.3375000000000001 0.821875 0.34843750000000007 0.821875
4 0.2921875000000001 0.9765625 0.2812500000000001 0.9765625 0.2812500000000001 1 0.2921875000000001 1
4 0.3156250000000001 0.9359375 0.3031250000000001 0.9359375 0.3031250000000001 0.959375 0.3156250000000001 0.959375
4 0.2656250000000001 0.915625 0.25468750000000007 0.915625 0.25468750000000007 0.9390625 0.2656250000000001 0.9390625
4 0.2500000000000001 0.9203125 0.2390625000000001 0.9203125 0.2390625000000001 0.94375 0.2500000000000001 0.94375
4 0.23437500000000008 0.9640625 0.21875000000000008 0.9640625 0.21875000000000008 0.9875 0.23437500000000008 0.9875
4 0.2609375000000001 0.8828125 0.2468750000000001 0.8828125 0.2468750000000001 0.90625 0.2609375000000001 0.90625
4 0.29375000000000007 0.8078125 0.2796875000000001 0.8078125 0.2796875000000001 0.834375 0.29375000000000007 0.834375
4 0.3109375000000001 0.784375 0.2984375000000001 0.784375 0.2984375000000001 0.803125 0.3109375000000001 0.803125
4 0.30937500000000007 0.7625 0.3000000000000001 0.7625 0.3000000000000001 0.78125 0.30937500000000007 0.78125
4 0.3656250000000001 0.734375 0.3531250000000001 0.734375 0.3531250000000001 0.753125 0.3656250000000001 0.753125
4 0.37187500000000007 0.7109375 0.3593750000000001 0.7109375 0.3593750000000001 0.73125 0.37187500000000007 0.73125
4 0.3453125000000001 0.6609375 0.33281250000000007 0.6609375 0.33281250000000007 0.6828125 0.3453125000000001 0.6828125
4 0.3312500000000001 0.6625 0.3218750000000001 0.6625 0.3218750000000001 0.684375 0.3312500000000001 0.684375
4 0.33281250000000007 0.68125 0.3234375000000001 0.68125 0.3234375000000001 0.70625 0.33281250000000007 0.70625
4 0.421875 0.6328125 0.40625 0.6328125 0.40625 0.65 0.421875 0.65
4 0.478125 0.64375 0.4578125 0.64375 0.4578125 0.6625 0.478125 0.6625
4 0.4640625 0.68125 0.446875 0.68125 0.446875 0.703125 0.4640625 0.703125
4 0.4875 0.565625 0.4734375 0.565625 0.4734375 0.5859375 0.4875 0.5859375
4 0.5046875 0.50625 0.4921875 0.50625 0.4921875 0.5296875 0.5046875 0.5296875
4 0.4015625 0.4984375 0.38750000000000007 0.4984375 0.38750000000000007 0.51875 0.4015625 0.51875
4 0.425 0.4984375 0.40625 0.4984375 0.40625 0.51875 0.425 0.51875
4 0.41875 0.459375 0.409375 0.459375 0.409375 0.4828125 0.41875 0.4828125
4 0.421875 0.3937500000000001 0.4046875 0.3937500000000001 0.4046875 0.415625 0.421875 0.415625
4 0.3734375000000001 0.4015625 0.3609375000000001 0.4015625 0.3609375000000001 0.41875 0.3734375000000001 0.41875
4 0.3359375000000001 0.4578125 0.3265625000000001 0.4578125 0.3265625000000001 0.4796875 0.3359375000000001 0.4796875
4 0.4578125 0.4015625 0.44375 0.4015625 0.44375 0.4171875 0.4578125 0.4171875
4 0.471875 0.3984375000000001 0.459375 0.3984375000000001 0.459375 0.4140625 0.471875 0.4140625
4 0.4625 0.3828125000000001 0.4453125 0.3828125000000001 0.4453125 0.3984375000000001 0.4625 0.3984375000000001
4 0.5140625 0.425 0.496875 0.425 0.496875 0.446875 0.5140625 0.446875
4 0.5359375 0.459375 0.5234375 0.459375 0.5234375 0.4890625 0.5359375 0.4890625
4 0.553125 0.4625 0.5375 0.4625 0.5375 0.478125 0.553125 0.478125
4 0.603125 0.4625 0.5890625 0.4625 0.5890625 0.4734375 0.603125 0.4734375
4 0.61875 0.4578125 0.603125 0.4578125 0.603125 0.4765625 0.61875 0.4765625
4 0.484375 0.5046875 0.4703125 0.5046875 0.4703125 0.51875 0.484375 0.51875
4 0.484375 0.45625 0.4734375 0.45625 0.4734375 0.478125 0.484375 0.478125
4 0.4234375 0.440625 0.4109375 0.440625 0.4109375 0.4609375 0.4234375 0.4609375
4 0.353125 0.3203125 0.340625 0.3203125 0.340625 0.3390625 0.353125 0.3390625
4 0.4109375 0.3203125000000001 0.3953125 0.3203125000000001 0.3953125 0.3390625000000001 0.4109375 0.3390625000000001
4 0.3421875000000001 0.384375 0.3312500000000001 0.384375 0.3312500000000001 0.40625 0.3421875000000001 0.40625
4 0.3265625000000001 0.409375 0.3125000000000001 0.409375 0.3125000000000001 0.43125 0.3265625000000001 0.43125
4 0.3078125000000001 0.4296875 0.29375000000000007 0.4296875 0.29375000000000007 0.4484375 0.3078125000000001 0.4484375
4 0.3296875 0.325 0.3171875 0.325 0.3171875 0.34375 0.3296875 0.34375
4 0.340625 0.3 0.33125 0.3 0.33125 0.31875 0.340625 0.31875
4 0.325 0.290625 0.3109375 0.290625 0.3109375 0.3109375 0.325 0.3109375
4 0.39375 0.2484375000000001 0.38125 0.2484375000000001 0.38125 0.2687500000000001 0.39375 0.2687500000000001
4 0.3296875 0.16406250000000006 0.31875 0.16406250000000006 0.31875 0.18281250000000004 0.3296875 0.18281250000000004
3 0.3140625 0.12343750000000005 0.29375 0.12343750000000005 0.29375 0.16093750000000004 0.3140625 0.16093750000000004
6 0.5859375000000002 0.921875 0.5421875000000002 0.921875 0.5421875000000002 0.9859375 0.5859375000000002 0.9859375
4 0.6671875000000002 0.8046875 0.6515625000000002 0.8046875 0.6515625000000002 0.8234375 0.6671875000000002 0.8234375
4 0.5859375000000002 0.73125 0.5750000000000002 0.73125 0.5750000000000002 0.753125 0.5859375000000002 0.753125
4 0.6218750000000001 0.7234375 0.609375 0.7234375 0.6093750000000001 0.7421875 0.6218750000000002 0.7421875
4 0.6484375000000002 0.778125 0.6343750000000001 0.778125 0.6343750000000001 0.796875 0.6484375000000002 0.796875
4 0.571875 0.675 0.55625 0.675 0.55625 0.69375 0.571875 0.69375
4 0.7218750000000002 0.859375 0.7109375000000002 0.859375 0.7109375000000002 0.8765625 0.7218750000000002 0.8765625
4 0.7265625000000002 0.9265625 0.7140625000000002 0.9265625 0.7140625000000002 0.9453125 0.7265625000000002 0.9453125
4 0.7640625000000002 0.9359375 0.7500000000000002 0.9359375 0.7500000000000002 0.9515625 0.7640625000000002 0.9515625
4 0.8015625 0.959375 0.7859375000000002 0.959375 0.7859375000000002 0.9828125 0.8015625 0.9828125
4 0.84375 0.928125 0.8296875 0.928125 0.8296875 0.9453125 0.84375 0.9453125
4 0.8671875 0.95 0.8546875 0.95 0.8546875 0.9734375 0.8671875 0.9734375
2 0.80625 0.8375 0.7765625000000002 0.8375 0.7765625000000002 0.878125 0.80625 0.878125
4 0.746875 0.6828125000000002 0.734375 0.6828125000000002 0.734375 0.7015625000000002 0.746875 0.7015625000000002
4 0.6453125 0.634375 0.6328125 0.634375 0.6328125 0.6546875 0.6453125 0.6546875
4 0.7078125000000002 0.7359375 0.6937500000000002 0.7359375 0.6937500000000002 0.75625 0.7078125000000002 0.75625
4 0.496875 0.3734375000000001 0.4828125 0.3734375000000001 0.4828125 0.3906250000000001 0.496875 0.3906250000000001
4 0.490625 0.3609375000000001 0.478125 0.3609375000000001 0.478125 0.3750000000000001 0.490625 0.3750000000000001
4 0.5 0.3359375000000001 0.490625 0.3359375000000001 0.490625 0.3578125000000001 0.5 0.3578125000000001
4 0.521875 0.3421875000000001 0.509375 0.3421875000000001 0.509375 0.3609375000000001 0.521875 0.3609375000000001
4 0.4921875 0.3234375000000001 0.4796875 0.3234375000000001 0.4796875 0.3421875000000001 0.4921875 0.3421875000000001
4 0.34375000000000006 0.3484375 0.334375 0.3484375 0.33437500000000003 0.36875 0.3437500000000001 0.36875
4 0.334375 0.30625 0.3234375 0.30625 0.3234375 0.325 0.334375 0.325
4 0.38125 0.2234375000000001 0.371875 0.2234375000000001 0.371875 0.24375000000000008 0.38125 0.24375000000000008
4 0.2765625 0.11718750000000004 0.2671875 0.11718750000000004 0.2671875 0.13593750000000004 0.2765625 0.13593750000000004
4 0.2890625 0.12187500000000004 0.2796875 0.12187500000000004 0.2796875 0.14062500000000006 0.2890625 0.14062500000000006
4 0.31875 0.2359375 0.309375 0.2359375 0.309375 0.25625 0.31875 0.25625
4 0.2578125 0.15312500000000004 0.2484375 0.15312500000000004 0.2484375 0.17031250000000003 0.2578125 0.17031250000000003
4 0.3312500000000001 0.7078125 0.3203125000000001 0.7078125 0.3203125000000001 0.7265625 0.3312500000000001 0.7265625
4 0.2750000000000001 0.9859375 0.2687500000000001 0.9859375 0.2687500000000001 1 0.2750000000000001 1
2 0.2171875000000001 0.91875 0.2015625000000001 0.91875 0.2015625000000001 0.9625 0.2171875000000001 0.9625
2 0.3359375000000001 0.9046875 0.3187500000000001 0.9046875 0.3187500000000001 0.940625 0.3359375000000001 0.940625
4 0.3546875000000001 0.6265625 0.3453125000000001 0.6265625 0.3453125000000001 0.65 0.3546875000000001 0.65
4 0.3656250000000001 0.571875 0.35625000000000007 0.571875 0.35625000000000007 0.5921875 0.3656250000000001 0.5921875
4 0.30937500000000007 0.6 0.30156250000000007 0.6 0.30156250000000007 0.621875 0.30937500000000007 0.621875
4 0.30937500000000007 0.578125 0.3031250000000001 0.578125 0.3031250000000001 0.596875 0.30937500000000007 0.596875
4 0.3828125000000001 0.53125 0.3703125000000001 0.53125 0.3703125000000001 0.55 0.3828125000000001 0.55
4 0.3765625000000001 0.6296875 0.3671875000000001 0.6296875 0.3671875000000001 0.65 0.3765625000000001 0.65
4 0.425 0.69375 0.415625 0.69375 0.415625 0.7125 0.425 0.7125
4 0.3609375000000001 0.809375 0.3515625000000001 0.809375 0.3515625000000001 0.8328125 0.3609375000000001 0.8328125
3 0.7015625 0.590625 0.6796875 0.590625 0.6796875 0.628125 0.7015625 0.628125
3 0.88125 0.3062500000000001 0.846875 0.3062500000000001 0.846875 0.3656250000000001 0.88125 0.3656250000000001
3 0.853125 0.2906250000000001 0.8171875 0.2906250000000001 0.8171875 0.3265625000000001 0.853125 0.3265625000000001
3 0.8234375 0.3140625000000001 0.7953125 0.3140625000000001 0.7953125 0.3453125000000001 0.8234375 0.3453125000000001
3 0.8359375 0.41718750000000016 0.8078125 0.41718750000000016 0.8078125 0.4781250000000002 0.8359375 0.4781250000000002
4 0.84375 0.4671875000000002 0.8296875 0.4671875000000002 0.8296875 0.4906250000000002 0.84375 0.4906250000000002
4 0.8765625 0.3921875000000001 0.8609375 0.3921875000000001 0.8609375 0.40937500000000016 0.8765625 0.40937500000000016
4 0.8703125 0.4187500000000002 0.8578125 0.4187500000000002 0.8578125 0.4390625000000002 0.8703125 0.4390625000000002
3 0.815625 0.4859375000000002 0.796875 0.4859375000000002 0.796875 0.5187500000000002 0.815625 0.5187500000000002
3 0.6359375 0.5296875 0.6203125 0.5296875 0.6203125 0.5578125 0.6359375 0.5578125
2 0.528125 0.2593750000000001 0.503125 0.2593750000000001 0.503125 0.2921875000000001 0.528125 0.2921875000000001
2 0.5609375 0.23437500000000008 0.5328125 0.23437500000000008 0.5328125 0.26250000000000007 0.5609375 0.26250000000000007
2 0.6078125 0.2062500000000001 0.584375 0.2062500000000001 0.584375 0.2312500000000001 0.6078125 0.2312500000000001
2 0.66875 0.1375000000000001 0.6453125 0.1375000000000001 0.6453125 0.16562500000000008 0.66875 0.16562500000000008
4 0.7390625 0.1468750000000001 0.7234375 0.1468750000000001 0.7234375 0.16406250000000008 0.7390625 0.16406250000000008
4 0.6359375 0.2015625000000001 0.625 0.2015625000000001 0.625 0.2156250000000001 0.6359375 0.2156250000000001
4 0.7515625 0.1593750000000001 0.7375 0.1593750000000001 0.7375 0.1765625000000001 0.7515625 0.1765625000000001
4 0.8390625 0.0312500000000001 0.825 0.0312500000000001 0.825 0.0453125000000001 0.8390625 0.0453125000000001
4 0.890625 0.023437500000000108 0.875 0.023437500000000104 0.875 0.04375000000000011 0.890625 0.04375000000000011
4 0.871875 0.1828125000000001 0.8546875 0.1828125000000001 0.8546875 0.2015625000000001 0.871875 0.2015625000000001
4 0.9796875 0.2515625000000001 0.9640625 0.2515625000000001 0.9640625 0.2718750000000001 0.9796875 0.2718750000000001
4 0.7890625000000002 0.884375 0.7796875000000002 0.884375 0.7796875000000002 0.9046875 0.7890625000000002 0.9046875
4 0.54375 0.7015625 0.5328125 0.7015625 0.5328125 0.7171875 0.54375 0.7171875
3 0.259375 0.2234375 0.2421875 0.2234375 0.2421875 0.259375 0.259375 0.259375
3 0.19843750000000004 0.19375000000000003 0.17500000000000004 0.19375 0.17500000000000004 0.234375 0.19843750000000004 0.234375
3 0.2234375 0.2375 0.19843750000000004 0.2375 0.19843750000000004 0.2765625 0.2234375 0.2765625
6 0.2015625 0.234375 0.17500000000000004 0.234375 0.17500000000000004 0.28125 0.2015625 0.28125
2 0.4109375 0.12968750000000004 0.390625 0.12968750000000004 0.390625 0.16562500000000005 0.4109375 0.16562500000000005
2 0.6296875 0.14218750000000008 0.6125 0.14218750000000008 0.6125 0.18125000000000008 0.6296875 0.18125000000000008
4 0.765625 0.2890625000000001 0.7484375 0.2890625000000001 0.7484375 0.30937500000000007 0.765625 0.30937500000000007
4 0.2515625000000001 0.7640625 0.2375000000000001 0.7640625 0.2375000000000001 0.7765625 0.2515625000000001 0.7765625
4 0.24375000000000008 0.7890625 0.2328125000000001 0.7890625 0.2328125000000001 0.7984375 0.24375000000000008 0.7984375
4 0.2406250000000001 0.8 0.2296875000000001 0.8 0.2296875000000001 0.8078125 0.2406250000000001 0.8078125
4 0.2390625000000001 0.80625 0.22812500000000008 0.80625 0.22812500000000008 0.815625 0.2390625000000001 0.815625
4 0.2296875000000001 0.8375 0.2171875000000001 0.8375 0.2171875000000001 0.8515625 0.2296875000000001 0.8515625
4 0.23437500000000008 0.825 0.22031250000000008 0.825 0.22031250000000008 0.834375 0.23437500000000008 0.834375
4 0.2875000000000001 0.6421875 0.27812500000000007 0.6421875 0.27812500000000007 0.6609375 0.2875000000000001 0.6609375
4 0.14843750000000006 0.1828125 0.14218750000000005 0.1828125 0.14218750000000005 0.2 0.14843750000000006 0.2
4 0.1453125 0.178125 0.1359375 0.178125 0.13593750000000002 0.19375 0.14531250000000004 0.19375
4 0.1171875 0.11875 0.1078125 0.11875 0.1078125 0.1390625 0.1171875 0.1390625
4 0.2015625 0.16250000000000003 0.1921875 0.16250000000000003 0.1921875 0.17343750000000005 0.2015625 0.17343750000000005
4 0.2015625 0.15000000000000005 0.190625 0.15000000000000005 0.190625 0.16093750000000004 0.2015625 0.16093750000000004
4 0.1765625 0.109375 0.1671875 0.109375 0.1671875 0.128125 0.1765625 0.128125
6 0.0921875 0.006250000000000008 0.0546875 0.0062500000000000056 0.0546875 0.06718750000000001 0.0921875 0.06718750000000002
4 0.3453125 0.06718750000000004 0.3359375 0.06718750000000004 0.3359375 0.08125000000000004 0.3453125 0.08125000000000004
4 0.3546875 0.04687500000000004 0.3453125 0.04687500000000004 0.3453125 0.06250000000000004 0.3546875 0.06250000000000004
4 0.3640625 0.05625000000000004 0.3546875 0.05625000000000004 0.3546875 0.07656250000000005 0.3640625 0.07656250000000005
4 0.371875 0.07343750000000004 0.3640625 0.07343750000000004 0.3640625 0.08906250000000004 0.371875 0.08906250000000004
4 0.4140625 0.2656250000000001 0.4078125 0.2656250000000001 0.4078125 0.2843750000000001 0.4140625 0.2843750000000001
4 0.3765625 0.13750000000000004 0.371875 0.13750000000000004 0.371875 0.15625000000000006 0.3765625 0.15625000000000006
4 0.371875 0.12343750000000005 0.3671875 0.12343750000000005 0.3671875 0.14218750000000005 0.371875 0.14218750000000005
4 0.3671875 0.11406250000000004 0.3609375 0.11406250000000004 0.3609375 0.12968750000000004 0.3671875 0.12968750000000004
4 0.359375 0.11406250000000004 0.353125 0.11406250000000004 0.353125 0.13125000000000003 0.359375 0.13125000000000003
4 0.359375 0.08437500000000005 0.353125 0.08437500000000005 0.353125 0.10468750000000004 0.359375 0.10468750000000004
4 0.3640625 0.09062500000000004 0.3578125 0.09062500000000004 0.3578125 0.10781250000000005 0.3640625 0.10781250000000005
4 0.35 0.09062500000000004 0.34375 0.09062500000000004 0.34375 0.10937500000000004 0.35 0.10937500000000004
4 0.3296875 0.05468750000000004 0.3234375 0.05468750000000004 0.3234375 0.07343750000000004 0.3296875 0.07343750000000004
4 0.325 0.06875000000000005 0.315625 0.06875000000000005 0.315625 0.07812500000000004 0.325 0.07812500000000004
4 0.3234375 0.07500000000000004 0.3125 0.07500000000000004 0.3125 0.08437500000000005 0.3234375 0.08437500000000005
4 0.3109375 0.07500000000000004 0.303125 0.07500000000000004 0.303125 0.09062500000000004 0.3109375 0.09062500000000004
4 0.340625 0.10156250000000004 0.33125 0.10156250000000004 0.33125 0.12031250000000004 0.340625 0.12031250000000004
4 0.346875 0.12031250000000004 0.3390625 0.12031250000000004 0.3390625 0.13750000000000004 0.346875 0.13750000000000004
4 0.340625 0.12187500000000004 0.33125 0.12187500000000004 0.33125 0.14062500000000006 0.340625 0.14062500000000006
4 0.3484375 0.13593750000000004 0.340625 0.13593750000000004 0.340625 0.15312500000000004 0.3484375 0.15312500000000004
4 0.3796875 0.09843750000000004 0.371875 0.09843750000000004 0.371875 0.11562500000000005 0.3796875 0.11562500000000005
4 0.34375 0.034375000000000044 0.334375 0.034375000000000044 0.334375 0.05312500000000005 0.34375 0.05312500000000005
4 0.334375 0.06093750000000005 0.328125 0.06093750000000005 0.328125 0.07968750000000005 0.334375 0.07968750000000005
4 0.33125 0.10625000000000004 0.325 0.10625000000000004 0.325 0.12500000000000006 0.33125 0.12500000000000006
4 0.4234375 0.2796875000000001 0.415625 0.2796875000000001 0.415625 0.2984375000000001 0.4234375 0.2984375000000001
4 0.4171875 0.2718750000000001 0.4109375 0.2718750000000001 0.4109375 0.2921875000000001 0.4171875 0.2921875000000001
4 0.390625 0.18593750000000003 0.3828125 0.18593750000000003 0.3828125 0.20312500000000008 0.390625 0.20312500000000008
4 0.4578125 0.29375000000000007 0.45 0.29375000000000007 0.45 0.30937500000000007 0.4578125 0.30937500000000007
4 0.446875 0.2843750000000001 0.440625 0.2843750000000001 0.440625 0.3031250000000001 0.446875 0.3031250000000001
4 0.4375 0.2828125000000001 0.43125 0.2828125000000001 0.43125 0.3031250000000001 0.4375 0.3031250000000001
4 0.4328125 0.2843750000000001 0.428125 0.2843750000000001 0.428125 0.3031250000000001 0.4328125 0.3031250000000001
4 0.4796875 0.2656250000000001 0.4734375 0.2656250000000001 0.4734375 0.2875000000000001 0.4796875 0.2875000000000001
4 0.4734375 0.2750000000000001 0.4671875 0.2750000000000001 0.4671875 0.2906250000000001 0.4734375 0.2906250000000001
4 0.4640625 0.2750000000000001 0.4578125 0.2750000000000001 0.4578125 0.2921875000000001 0.4640625 0.2921875000000001
4 0.5015625 0.2687500000000001 0.4953125 0.2687500000000001 0.4953125 0.2890625000000001 0.5015625 0.2890625000000001
3 0.53125 0.2078125000000001 0.509375 0.2078125000000001 0.509375 0.23437500000000008 0.53125 0.23437500000000008
3 0.7125 0.4015625 0.68125 0.4015625 0.68125 0.4375 0.7125 0.4375
3 0.640625 0.490625 0.6171875 0.490625 0.6171875 0.521875 0.640625 0.521875
3 0.6796875 0.5703125 0.6640625 0.5703125 0.6640625 0.59375 0.6796875 0.59375
3 0.6921875 0.56875 0.671875 0.56875 0.671875 0.609375 0.6921875 0.609375
3 0.7265625 0.628125 0.7046875 0.628125 0.7046875 0.6687500000000001 0.7265625 0.6687500000000002
4 0.5546875 0.1781250000000001 0.5484375 0.1781250000000001 0.5484375 0.19687500000000008 0.5546875 0.19687500000000008
4 0.55 0.18125000000000008 0.54375 0.18125000000000005 0.54375 0.2000000000000001 0.55 0.2000000000000001
4 0.5625 0.1937500000000001 0.55625 0.1937500000000001 0.55625 0.21250000000000008 0.5625 0.21250000000000008
4 0.5765625 0.18750000000000008 0.5703125 0.18750000000000008 0.5703125 0.20468750000000008 0.5765625 0.20468750000000008
4 0.5890625 0.18906250000000008 0.584375 0.18906250000000008 0.584375 0.2093750000000001 0.5890625 0.2093750000000001
4 0.603125 0.16562500000000008 0.5984375 0.16562500000000008 0.5984375 0.1859375000000001 0.603125 0.1859375000000001
4 0.609375 0.12343750000000009 0.6046875 0.12343750000000009 0.6046875 0.1453125000000001 0.609375 0.1453125000000001
4 0.6109375 0.14843750000000008 0.603125 0.14843750000000008 0.603125 0.1703125000000001 0.6109375 0.1703125000000001
4 0.596875 0.1687500000000001 0.590625 0.1687500000000001 0.590625 0.18906250000000008 0.596875 0.18906250000000008
4 0.5796875 0.1843750000000001 0.5734375 0.1843750000000001 0.5734375 0.2015625000000001 0.5796875 0.2015625000000001
4 0.590625 0.16562500000000008 0.5859375 0.16562500000000008 0.5859375 0.18750000000000008 0.590625 0.18750000000000008
4 0.5828125 0.1750000000000001 0.578125 0.1750000000000001 0.578125 0.1937500000000001 0.5828125 0.1937500000000001
4 0.6421875 0.12343750000000009 0.634375 0.12343750000000009 0.634375 0.1468750000000001 0.6421875 0.1468750000000001
4 0.65 0.12031250000000009 0.6421875 0.12031250000000009 0.6421875 0.14062500000000008 0.65 0.14062500000000008
4 0.65625 0.11875000000000009 0.65 0.11875000000000009 0.65 0.14062500000000008 0.65625 0.14062500000000008
4 0.6609375 0.11875000000000009 0.65625 0.11875000000000009 0.65625 0.1390625000000001 0.6609375 0.1390625000000001
4 0.6671875 0.11718750000000008 0.6609375 0.11718750000000008 0.6609375 0.1359375000000001 0.6671875 0.1359375000000001
4 0.68125 0.12343750000000009 0.6703125 0.12343750000000009 0.6703125 0.1390625000000001 0.68125 0.1390625000000001
4 0.6765625 0.10156250000000008 0.6703125 0.10156250000000008 0.6703125 0.12343750000000009 0.6765625 0.12343750000000009
4 0.68125 0.10156250000000008 0.675 0.10156250000000008 0.675 0.1218750000000001 0.68125 0.1218750000000001
4 0.71875 0.11093750000000009 0.7046875 0.11093750000000009 0.7046875 0.12500000000000008 0.71875 0.12500000000000008
4 0.7640625 0.03281250000000009 0.759375 0.03281250000000009 0.759375 0.05312500000000009 0.7640625 0.05312500000000009
4 0.771875 0.021875000000000096 0.7640625 0.021875000000000096 0.7640625 0.043750000000000094 0.771875 0.0437500000000001
4 0.778125 0.017187500000000095 0.7703125 0.017187500000000095 0.7703125 0.0390625000000001 0.778125 0.0390625000000001
4 0.753125 0.36406250000000007 0.7453125 0.36406250000000007 0.7453125 0.38750000000000007 0.753125 0.38750000000000007
4 0.7890625 0.5484375000000001 0.7765625 0.5484375000000001 0.7765625 0.5593750000000002 0.7890625 0.5593750000000002
4 0.79375 0.5390625000000002 0.784375 0.5390625000000002 0.784375 0.5531250000000002 0.79375 0.5531250000000002
4 0.83125 0.5937500000000002 0.8203125 0.5937500000000002 0.8203125 0.6078125000000002 0.83125 0.6078125000000002
4 0.7781250000000002 0.7390625000000002 0.7671875000000001 0.7390625000000002 0.7671875000000001 0.7500000000000002 0.7781250000000002 0.7500000000000002