2 0.4 0.671875 0.3812500000000001 0.671875 0.3812500000000001 0.7109375 0.4 0.7109375
0 0.3781250000000001 0.6359375 0.3656250000000001 0.6359375 0.3656250000000001 0.6703125 0.3781250000000001 0.6703125
0 0.4875 0.64375 0.471875 0.64375 0.471875 0.6703125 0.4875 0.6703125
0 0.6187500000000001 0.7515625 0.6046875000000002 0.7515625 0.6046875000000002 0.778125 0.6187500000000001 0.778125
2 0.6468750000000002 0.7296875 0.6218750000000002 0.7296875 0.6218750000000002 0.7703125 0.6468750000000002 0.7703125
2 0.6796875000000002 0.790625 0.6593750000000002 0.790625 0.6593750000000002 0.8171875 0.6796875000000002 0.8171875
6 0.7046875000000001 0.703125 0.6546875 0.703125 0.6546875000000001 0.771875 0.7046875000000001 0.771875
0 0.609375 0.4609375 0.596875 0.4609375 0.596875 0.496875 0.609375 0.496875
0 0.45625 0.3156250000000001 0.4375 0.3156250000000001 0.4375 0.3375000000000001 0.45625 0.3375000000000001
0 0.7875 0.2656250000000001 0.76875 0.2656250000000001 0.76875 0.2906250000000001 0.7875 0.2906250000000001
0 0.9734375 0.14531250000000012 0.953125 0.14531250000000012 0.953125 0.17187500000000014 0.9734375 0.17187500000000014
0 0.8796875 0.05156250000000011 0.8578125 0.05156250000000011 0.8578125 0.08125000000000011 0.8796875 0.08125000000000011
0 0.75 0.14218750000000008 0.725 0.14218750000000008 0.725 0.17187500000000008 0.75 0.17187500000000008
3 0.2562500000000001 0.840625 0.23593750000000008 0.840625 0.23593750000000008 0.878125 0.2562500000000001 0.878125
3 0.2609375000000001 0.7890625 0.24218750000000008 0.7890625 0.24218750000000008 0.825 0.2609375000000001 0.825
2 0.3515625 0.19218750000000004 0.33125 0.19218750000000004 0.33125 0.2265625 0.3515625 0.2265625
2 0.3140625 0.10156250000000004 0.2921875 0.10156250000000004 0.2921875 0.13593750000000004 0.3140625 0.13593750000000004
2 0.196875 0.11718750000000003 0.175 0.1171875 0.175 0.14843750000000003 0.196875 0.14843750000000006
2 0.6078125 0.20312500000000008 0.5875 0.20312500000000008 0.5875 0.2296875000000001 0.6078125 0.2296875000000001
2 0.559375 0.2296875000000001 0.534375 0.2296875000000001 0.534375 0.26250000000000007 0.559375 0.26250000000000007
3 0.6046875 0.6875 0.5765625 0.6875 0.5765625000000001 0.73125 0.6046875000000002 0.73125
3 0.7375 0.6578125000000001 0.7171875 0.6578125 0.7171875 0.6890625000000001 0.7375 0.6890625000000001
0 0.8375 0.903125 0.81875 0.903125 0.81875 0.928125 0.8375 0.928125
4 0.5515625 0.3921875000000001 0.5375 0.3921875000000001 0.5375 0.403125 0.5515625 0.403125
4 0.528125 0.3500000000000001 0.51875 0.3500000000000001 0.51875 0.3828125000000001 0.528125 0.3828125000000001
4 0.5171875 0.3281250000000001 0.503125 0.3281250000000001 0.503125 0.3593750000000001 0.5171875 0.3593750000000001
4 0.590625 0.2812500000000001 0.5796875 0.2812500000000001 0.5796875 0.3109375000000001 0.590625 0.3109375000000001
4 0.6703125 0.2015625000000001 0.6546875 0.2015625000000001 0.6546875 0.22656250000000008 0.6703125 0.22656250000000008
4 0.6375 0.21250000000000008 0.6234375 0.21250000000000008 0.6234375 0.2312500000000001 0.6375 0.2312500000000001
4 0.7078125 0.3531250000000001 0.690625 0.3531250000000001 0.690625 0.3703125000000001 0.7078125 0.3703125000000001
4 0.7078125 0.3234375000000001 0.69375 0.3234375000000001 0.69375 0.34062500000000007 0.7078125 0.34062500000000007
4 0.6578125 0.3656250000000001 0.6453125 0.3656250000000001 0.6453125 0.38750000000000007 0.6578125 0.38750000000000007
4 0.6421875 0.3609375000000001 0.6265625 0.3609375000000001 0.6265625 0.3812500000000001 0.6421875 0.3812500000000001
4 0.6296875 0.3390625000000001 0.6140625 0.3390625000000001 0.6140625 0.3578125000000001 0.6296875 0.3578125000000001
4 0.546875 0.46875 0.5359375 0.46875 0.5359375 0.49375 0.546875 0.49375
4 0.5328125 0.5015625 0.5234375 0.5015625 0.5234375 0.5375 0.5328125 0.5375
4 0.5265625 0.4578125 0.5171875 0.4578125 0.5171875 0.484375 0.5265625 0.484375
4 0.509375 0.471875 0.4984375 0.471875 0.4984375 0.496875 0.509375 0.496875
4 0.5046875 0.540625 0.4921875 0.540625 0.4921875 0.5625 0.5046875 0.5625
4 0.5109375 0.5875 0.496875 0.5875 0.496875 0.609375 0.5109375 0.609375
4 0.4828125 0.5515625 0.46875 0.5515625 0.46875 0.5671875 0.4828125 0.5671875
4 0.4421875 0.496875 0.43125 0.496875 0.43125 0.51875 0.4421875 0.51875
4 0.41875 0.45 0.4046875 0.45 0.4046875 0.4734375 0.41875 0.4734375
4 0.434375 0.4234375 0.421875 0.4234375 0.421875 0.453125 0.434375 0.453125
4 0.40625 0.30156250000000007 0.390625 0.30156250000000007 0.390625 0.3265625000000001 0.40625 0.3265625000000001
4 0.3265625 0.3046875 0.3109375 0.3046875 0.3109375 0.328125 0.3265625 0.328125
4 0.3265625 0.2765625 0.315625 0.2765625 0.315625 0.2984375 0.3265625 0.2984375
4 0.309375 0.2421875 0.29375 0.2421875 0.29375 0.259375 0.309375 0.259375
4 0.2671875 0.06875000000000002 0.2515625 0.06875000000000002 0.2515625 0.09375000000000003 0.2671875 0.09375000000000003
3 0.7171875 0.609375 0.69375 0.609375 0.69375 0.6484375 0.7171875 0.6484375
3 0.6921875 0.5640625 0.671875 0.5640625 0.671875 0.6078125 0.6921875 0.6078125
3 0.684375 0.4140625 0.653125 0.4140625 0.653125 0.4578125 0.684375 0.4578125
3 0.8267342128524374 0.32621648734555664 0.8146978140624999 0.3102795156250001 0.7861982152725624 0.33180383921694345 0.7982346140625 0.3477408109374999
2 0.6265625 0.1390625000000001 0.609375 0.1390625000000001 0.609375 0.1781250000000001 0.6265625 0.1781250000000001
2 0.6671875 0.1296875000000001 0.646875 0.1296875000000001 0.646875 0.16562500000000008 0.6671875 0.16562500000000008
3 0.259375 0.2265625 0.240625 0.2265625 0.240625 0.2578125 0.259375 0.2578125
3 0.19531250000000006 0.19687500000000002 0.17500000000000004 0.196875 0.17500000000000004 0.23125 0.19531250000000006 0.23125
2 0.3359375000000001 0.9046875 0.3218750000000001 0.9046875 0.3218750000000001 0.940625 0.3359375000000001 0.940625
4 0.884375 0.2250000000000001 0.86875 0.2250000000000001 0.86875 0.2484375000000001 0.884375 0.2484375000000001
4 0.8625 0.2140625000000001 0.8484375 0.2140625000000001 0.8484375 0.24375000000000008 0.8625 0.24375000000000008
4 0.81875 0.10468750000000009 0.80625 0.10468750000000009 0.80625 0.12500000000000008 0.81875 0.12500000000000008
4 0.83125 0.0875000000000001 0.815625 0.08750000000000009 0.815625 0.1062500000000001 0.83125 0.1062500000000001
4 0.8328125 0.06875000000000012 0.8203125 0.06875000000000012 0.8203125 0.09062500000000011 0.8328125 0.09062500000000011
4 0.8046875 0.05156250000000009 0.7875 0.05156250000000009 0.7875 0.0750000000000001 0.8046875 0.0750000000000001
2 0.875 0.2656250000000001 0.8484375 0.2656250000000001 0.8484375 0.30156250000000007 0.875 0.30156250000000007
2 0.85625 0.3625000000000001 0.8296875 0.3625000000000001 0.8296875 0.40625000000000017 0.85625 0.40625000000000017
3 0.8484375 0.2828125000000001 0.81875 0.2828125000000001 0.81875 0.32500000000000007 0.8484375 0.32500000000000007
3 0.8796875 0.3000000000000001 0.85 0.3000000000000001 0.85 0.3656250000000001 0.8796875 0.3656250000000001
3 0.8359375 0.40937500000000016 0.80625 0.40937500000000016 0.80625 0.47656250000000017 0.8359375 0.47656250000000017
3 0.7453125 0.3703125000000001 0.71875 0.3703125000000001 0.71875 0.40312500000000007 0.7453125 0.4031250000000002
2 0.7375000000000002 0.9453125 0.7140625000000002 0.9453125 0.7140625000000002 0.975 0.7375000000000002 0.975
4 0.6656250000000001 0.809375 0.6531250000000002 0.809375 0.6531250000000002 0.828125 0.6656250000000001 0.828125
4 0.6718750000000002 0.8296875 0.6625000000000002 0.8296875 0.6625000000000002 0.8484375 0.6718750000000002 0.8484375
4 0.6828125000000002 0.8265625 0.6687500000000002 0.8265625 0.6687500000000002 0.8421875 0.6828125000000002 0.8421875
4 0.7171875000000002 0.8671875 0.7046875000000001 0.8671875 0.7046875000000001 0.8859375 0.7171875000000002 0.8859375
4 0.7250000000000002 0.8921875 0.7125000000000001 0.8921875 0.7125000000000001 0.9125 0.7250000000000002 0.9125
4 0.7250000000000002 0.9203125 0.7140625000000002 0.9203125 0.7140625000000002 0.940625 0.7250000000000002 0.940625
4 0.8 0.8828125 0.7890625000000002 0.8828125 0.7890625000000002 0.903125 0.8 0.903125
4 0.7921875000000002 0.95625 0.7781250000000002 0.95625 0.7781250000000002 0.9765625 0.7921875000000002 0.9765625
4 0.8171875 0.971875 0.8015625 0.971875 0.8015625 0.9921875 0.8171875 0.9921875
4 0.859375 0.9625 0.846875 0.9625 0.846875 0.984375 0.859375 0.984375
4 0.871875 0.95625 0.8609375 0.95625 0.8609375 0.9734375 0.871875 0.9734375
4 0.7750000000000001 0.8515625 0.7640625000000002 0.8515625 0.7640625000000002 0.875 0.7750000000000001 0.875
4 0.7843750000000002 0.8359375 0.7687500000000002 0.8359375 0.7687500000000002 0.8546875 0.7843750000000002 0.8546875
4 0.7828125000000001 0.8125 0.7687500000000002 0.8125 0.7687500000000002 0.834375 0.7828125000000001 0.834375
4 0.7781250000000002 0.7343750000000002 0.7671875000000001 0.7343750000000002 0.7671875000000001 0.7484375000000002 0.7781250000000002 0.7484375000000002
4 0.8078125 0.5593750000000002 0.79375 0.5593750000000002 0.79375 0.5828125000000002 0.8078125 0.5828125000000002
4 0.7875 0.5421875000000002 0.775 0.5421875000000002 0.775 0.5578125000000002 0.7875 0.5578125000000002
4 0.7921875 0.5328125000000001 0.78125 0.5328125000000001 0.78125 0.5484375000000001 0.7921875 0.5484375000000001
4 0.83125 0.5890625000000002 0.8203125 0.5890625000000002 0.8203125 0.6046875000000002 0.83125 0.6046875000000002
2 0.7671875 0.6062500000000002 0.74375 0.6062500000000002 0.74375 0.6484375000000002 0.7671875 0.6484375000000002
3 0.640625 0.490625 0.61875 0.490625 0.61875 0.5234375 0.640625 0.5234375
4 0.6515625 0.453125 0.6375 0.453125 0.6375 0.46875 0.6515625 0.46875
4 0.7015625 0.3843750000000001 0.6859375 0.3843750000000001 0.6859375 0.4015625 0.7015625 0.4015625
2 0.5265625 0.2593750000000001 0.5015625 0.2593750000000001 0.5015625 0.29375000000000007 0.5265625 0.29375000000000007
4 0.446875 0.3375000000000001 0.4359375 0.3375000000000001 0.4359375 0.3531250000000001 0.446875 0.3531250000000001
4 0.3968750000000001 0.546875 0.3828125000000001 0.546875 0.3828125000000001 0.5625 0.3968750000000001 0.5625
4 0.4015625 0.521875 0.3890625000000001 0.521875 0.3890625000000001 0.5421875 0.4015625 0.5421875
4 0.40625 0.4796875 0.39531250000000007 0.4796875 0.39531250000000007 0.5046875 0.40625 0.5046875
4 0.39531250000000007 0.5078125 0.3812500000000001 0.5078125 0.3812500000000001 0.53125 0.39531250000000007 0.53125
4 0.3656250000000001 0.6109375 0.3531250000000001 0.6109375 0.3531250000000001 0.63125 0.3656250000000001 0.63125
4 0.3140625000000001 0.646875 0.3046875000000001 0.646875 0.3046875000000001 0.671875 0.3140625000000001 0.671875
4 0.29375000000000007 0.6890625 0.2828125000000001 0.6890625 0.2828125000000001 0.7171875 0.29375000000000007 0.7171875
4 0.31718750000000007 0.6734375 0.3062500000000001 0.6734375 0.3062500000000001 0.6921875 0.31718750000000007 0.6921875
4 0.3281250000000001 0.6671875 0.3187500000000001 0.6671875 0.3187500000000001 0.6921875 0.3281250000000001 0.6921875
4 0.34062500000000007 0.671875 0.3312500000000001 0.671875 0.3312500000000001 0.6921875 0.34062500000000007 0.6921875
4 0.3062500000000001 0.7484375 0.2968750000000001 0.7484375 0.2968750000000001 0.7765625 0.3062500000000001 0.7765625
4 0.2890625000000001 0.821875 0.2796875000000001 0.821875 0.2796875000000001 0.85 0.2890625000000001 0.85
4 0.2843750000000001 0.78125 0.2734375000000001 0.78125 0.2734375000000001 0.8046875 0.2843750000000001 0.8046875
4 0.27812500000000007 0.8640625 0.2640625000000001 0.8640625 0.2640625000000001 0.8890625 0.27812500000000007 0.8890625
4 0.3078125000000001 0.9234375 0.2953125000000001 0.9234375 0.2953125000000001 0.9484375 0.3078125000000001 0.9484375
4 0.2890625000000001 0.95625 0.2796875000000001 0.95625 0.2796875000000001 0.9796875 0.2890625000000001 0.9796875
2 0.21875000000000008 0.9234375 0.20312500000000008 0.9234375 0.20312500000000008 0.971875 0.21875000000000008 0.971875
4 0.3375000000000001 0.8125 0.3234375000000001 0.8125 0.3234375000000001 0.8421875 0.3375000000000001 0.8421875
4 0.3046875000000001 0.978125 0.29375000000000007 0.978125 0.29375000000000007 1 0.3046875000000001 1
4 0.3218750000000001 0.946875 0.3125000000000001 0.946875 0.3125000000000001 0.9671875 0.3218750000000001 0.9671875
4 0.434375 0.6265625 0.4203125 0.6265625 0.4203125 0.64375 0.434375 0.64375
4 0.4546875 0.5828125 0.44375 0.5828125 0.44375 0.6 0.4546875 0.6
4 0.45 0.6453125 0.4390625 0.6453125 0.4390625 0.6609375 0.45 0.6609375
4 0.4328125 0.659375 0.4234375 0.659375 0.4234375 0.6734375 0.4328125 0.6734375
4 0.4140625 0.6765625 0.4046875 0.6765625 0.4046875 0.6953125 0.4140625 0.6953125
4 0.5125 0.659375 0.5 0.659375 0.5 0.6734375 0.5125 0.6734375
4 0.5546875 0.640625 0.546875 0.640625 0.546875 0.6609375 0.5546875 0.6609375
4 0.5703125 0.6609375 0.5625 0.6609375 0.5625 0.6859375 0.5703125 0.6859375
4 0.5625 0.671875 0.5515625 0.671875 0.5515625 0.7 0.5625 0.7
4 0.5359375 0.6359375 0.521875 0.6359375 0.521875 0.65625 0.5359375 0.65625
4 0.5421875 0.6953125 0.5296875 0.6953125 0.5296875 0.7171875 0.5421875 0.7171875
4 0.6 0.5953125 0.584375 0.5953125 0.584375 0.6078125 0.6 0.6078125
4 0.6125 0.640625 0.6015625 0.640625 0.6015625 0.659375 0.6125 0.659375
4 0.6296875 0.6515625 0.61875 0.6515625 0.61875 0.6703125 0.6296875 0.6703125
4 0.6359375 0.6125 0.628125 0.6125 0.628125 0.63125 0.6359375 0.63125
3 0.53125 0.690625 0.5046875 0.690625 0.5046875 0.7234375 0.53125 0.7234375
4 0.503125 0.3734375000000001 0.4890625 0.3734375000000001 0.4890625 0.3906250000000001 0.503125 0.3906250000000001
4 0.46875 0.37187500000000007 0.4578125 0.37187500000000007 0.4578125 0.38750000000000007 0.46875 0.38750000000000007
4 0.48125 0.3843750000000001 0.4703125 0.3843750000000001 0.4703125 0.403125 0.48125 0.403125
4 0.459375 0.39531250000000007 0.4453125 0.39531250000000007 0.4453125 0.4140625 0.459375 0.4140625
2 0.32812500000000006 0.33125 0.309375 0.33125 0.30937500000000007 0.36875 0.3281250000000001 0.36875
6 0.2015625 0.2328125 0.17500000000000004 0.2328125 0.17500000000000004 0.28125 0.2015625 0.28125
4 0.25 0.16250000000000003 0.2390625 0.16250000000000003 0.2390625 0.18125000000000005 0.25 0.18125000000000005
4 0.2 0.16406250000000006 0.1875 0.16406250000000006 0.1875 0.17968750000000006 0.2 0.17968750000000006
4 0.2 0.14843750000000006 0.1859375 0.14843750000000006 0.1859375 0.16406250000000006 0.2 0.16406250000000006
4 0.1765625 0.109375 0.1671875 0.109375 0.1671875 0.128125 0.1765625 0.128125
4 0.384375 0.11093750000000005 0.3765625 0.11093750000000005 0.3765625 0.12968750000000004 0.384375 0.12968750000000004
4 0.378125 0.09687500000000004 0.3703125 0.09687500000000004 0.3703125 0.11562500000000005 0.378125 0.11562500000000005
4 0.371875 0.07031250000000004 0.3625 0.07031250000000004 0.3625 0.08906250000000004 0.371875 0.08906250000000004
4 0.3640625 0.05468750000000004 0.353125 0.05468750000000004 0.353125 0.07343750000000004 0.3640625 0.07343750000000004
4 0.35625 0.04531250000000005 0.3421875 0.04531250000000005 0.3421875 0.06406250000000005 0.35625 0.06406250000000005
4 0.34375 0.034375000000000044 0.334375 0.034375000000000044 0.334375 0.05312500000000005 0.34375 0.05312500000000005
4 0.34375 0.06562500000000004 0.334375 0.06562500000000004 0.334375 0.08281250000000004 0.34375 0.08281250000000004
4 0.3296875 0.05468750000000004 0.3234375 0.05468750000000004 0.3234375 0.07343750000000004 0.3296875 0.07343750000000004
4 0.325 0.06875000000000005 0.315625 0.06875000000000005 0.315625 0.07968750000000005 0.325 0.07968750000000005
4 0.375 0.13437500000000005 0.36875 0.13437500000000005 0.36875 0.15312500000000004 0.375 0.15312500000000004
4 0.3703125 0.12343750000000005 0.3640625 0.12343750000000005 0.3640625 0.14375000000000004 0.3703125 0.14375000000000004
4 0.365625 0.11250000000000004 0.3578125 0.11250000000000004 0.3578125 0.13125000000000003 0.365625 0.13125000000000003
4 0.359375 0.11406250000000004 0.3515625 0.11406250000000004 0.3515625 0.12968750000000004 0.359375 0.12968750000000004
4 0.3625 0.09375000000000004 0.3546875 0.09375000000000004 0.3546875 0.10937500000000004 0.3625 0.10937500000000004
4 0.390625 0.18437500000000004 0.38125 0.18437500000000004 0.38125 0.20468750000000008 0.390625 0.20468750000000008
4 0.4015625 0.2328125000000001 0.3921875 0.2328125000000001 0.3921875 0.2515625000000001 0.4015625 0.2515625000000001
4 0.35625 0.253125 0.3453125 0.253125 0.3453125 0.2703125 0.35625 0.2703125
4 0.33125 0.2078125 0.3171875 0.2078125 0.3171875 0.2265625 0.33125 0.2265625
4 0.490625 0.2890625000000001 0.48125 0.2890625000000001 0.48125 0.3109375000000001 0.490625 0.3109375000000001
4 0.4734375 0.2750000000000001 0.4640625 0.2750000000000001 0.4640625 0.2906250000000001 0.4734375 0.2906250000000001
4 0.4359375 0.2828125000000001 0.43125 0.2828125000000001 0.43125 0.3046875000000001 0.4359375 0.3046875000000001
4 0.4421875 0.3046875000000001 0.43125 0.3046875000000001 0.43125 0.31718750000000007 0.4421875 0.31718750000000007
4 0.4578125 0.2921875000000001 0.4484375 0.2921875000000001 0.4484375 0.3078125000000001 0.4578125 0.3078125000000001
4 0.4640625 0.2921875000000001 0.4546875 0.2921875000000001 0.4546875 0.3109375000000001 0.4640625 0.3109375000000001
4 0.4234375 0.2968750000000001 0.4125 0.2968750000000001 0.4125 0.3109375000000001 0.4234375 0.3109375000000001
2 0.409375 0.12812500000000004 0.3890625 0.12812500000000004 0.3890625 0.16562500000000005 0.409375 0.16562500000000005
4 0.3140625000000001 0.9390625 0.3078125000000001 0.9390625 0.3078125000000001 0.959375 0.3140625000000001 0.959375
4 0.23437500000000008 0.828125 0.2218750000000001 0.828125 0.2218750000000001 0.8359375 0.23437500000000008 0.8359375
4 0.2406250000000001 0.7984375 0.2296875000000001 0.7984375 0.2296875000000001 0.80625 0.2406250000000001 0.80625
4 0.2390625000000001 0.80625 0.22812500000000008 0.80625 0.22812500000000008 0.8171875 0.2390625000000001 0.8171875
4 0.2515625000000001 0.7671875 0.2375000000000001 0.7671875 0.2375000000000001 0.7765625 0.2515625000000001 0.7765625
4 0.30156250000000007 0.6 0.2921875000000001 0.6 0.2921875000000001 0.6203125 0.30156250000000007 0.6203125
4 0.30937500000000007 0.6078125 0.3000000000000001 0.6078125 0.3000000000000001 0.628125 0.30937500000000007 0.628125
4 0.3062500000000001 0.4296875 0.2968750000000001 0.4296875 0.2968750000000001 0.4484375 0.3062500000000001 0.4484375
3 0.2828125000000001 0.665625 0.2687500000000001 0.665625 0.2687500000000001 0.696875 0.2828125000000001 0.696875
3 0.2421875 0.26875 0.2171875 0.26875 0.2171875 0.3125 0.2421875 0.3125
3 0.21875 0.2375 0.19687500000000005 0.2375 0.19687500000000005 0.2765625 0.21875 0.2765625
3 0.225 0.265625 0.2046875 0.265625 0.2046875 0.3046875 0.225 0.3046875
6 0.0890625 0.009375000000000008 0.053125 0.009375000000000005 0.053125 0.0703125 0.0890625 0.0703125
4 0.1140625 0.1171875 0.1078125 0.1171875 0.1078125 0.1375 0.1140625 0.1375
4 0.14218750000000002 0.1796875 0.1359375 0.1796875 0.13593750000000002 0.1953125 0.14218750000000005 0.1953125
4 0.14687500000000003 0.1828125 0.13750000000000004 0.1828125 0.13750000000000004 0.2015625 0.14687500000000003 0.2015625
4 0.3125000000000001 0.571875 0.3031250000000001 0.571875 0.3031250000000001 0.590625 0.3125000000000001 0.590625
4 0.3109375000000001 0.5921875 0.30156250000000007 0.5921875 0.30156250000000007 0.6078125 0.3109375000000001 0.6078125
4 0.28593750000000007 0.64375 0.27812500000000007 0.64375 0.27812500000000007 0.6625 0.28593750000000007 0.6625
4 0.24375000000000008 0.7890625 0.2328125000000001 0.7890625 0.2328125000000001 0.8 0.24375000000000008 0.8
4 0.2312500000000001 0.8421875 0.2171875000000001 0.8421875 0.2171875000000001 0.853125 0.2312500000000001 0.853125
4 0.2500000000000001 0.9671875 0.2390625000000001 0.9671875 0.2390625000000001 0.984375 0.2500000000000001 0.984375
4 0.3375000000000001 0.3859375 0.3312500000000001 0.3859375 0.3312500000000001 0.40625 0.3375000000000001 0.40625
0 0.3468750000000001 0.3828125 0.3375000000000001 0.3828125 0.3375000000000001 0.4140625 0.3468750000000001 0.4140625
4 0.3109375 0.07187500000000005 0.3015625 0.07187500000000005 0.3015625 0.09218750000000005 0.3109375 0.09218750000000005
4 0.3203125 0.07343750000000004 0.3109375 0.07343750000000004 0.3109375 0.08593750000000004 0.3203125 0.08593750000000004
4 0.3328125 0.06093750000000005 0.3265625 0.06093750000000005 0.3265625 0.07968750000000005 0.3328125 0.07968750000000005
4 0.31875 0.09062500000000004 0.3109375 0.09062500000000004 0.3109375 0.10937500000000004 0.31875 0.10937500000000004
4 0.321875 0.09531250000000005 0.315625 0.09531250000000005 0.315625 0.11250000000000004 0.321875 0.11250000000000004
4 0.3578125 0.08437500000000005 0.35 0.08437500000000005 0.35 0.10000000000000005 0.3578125 0.10000000000000005
4 0.3390625 0.10000000000000005 0.3296875 0.10000000000000005 0.3296875 0.11875000000000005 0.3390625 0.11875000000000005
4 0.3484375 0.13437500000000005 0.3390625 0.13437500000000005 0.3390625 0.15312500000000004 0.3484375 0.15312500000000004
4 0.3625 0.17500000000000004 0.3578125 0.17500000000000004 0.3578125 0.19531250000000006 0.3625 0.19531250000000006
4 0.3484375 0.16718750000000004 0.340625 0.16718750000000004 0.340625 0.19062500000000004 0.3484375 0.19062500000000004
4 0.35 0.09062500000000004 0.340625 0.09062500000000004 0.340625 0.10625000000000004 0.35 0.10625000000000004
4 0.3515625 0.09843750000000004 0.3453125 0.09843750000000004 0.3453125 0.11406250000000004 0.3515625 0.11406250000000004
4 0.34375 0.10781250000000005 0.3375 0.10781250000000005 0.3375 0.12187500000000004 0.34375 0.12187500000000004
4 0.3453125 0.12031250000000004 0.3390625 0.12031250000000004 0.3390625 0.13593750000000004 0.3453125 0.13593750000000004
4 0.3375 0.12187500000000004 0.33125 0.12187500000000004 0.33125 0.14062500000000006 0.3375 0.14062500000000006
4 0.3296875 0.10625000000000004 0.3234375 0.10625000000000004 0.3234375 0.12656250000000005 0.3296875 0.12656250000000005
4 0.6171875 0.51875 0.60625 0.51875 0.60625 0.5328125 0.6171875 0.5328125
3 0.5296875 0.2078125000000001 0.50625 0.2078125000000001 0.50625 0.2328125000000001 0.5296875 0.2328125000000001
4 0.5484375 0.18437500000000007 0.54375 0.18437500000000004 0.54375 0.2000000000000001 0.5484375 0.2000000000000001
4 0.553125 0.17968750000000008 0.5484375 0.17968750000000008 0.5484375 0.19531250000000008 0.553125 0.19531250000000008
4 0.5609375 0.1937500000000001 0.55625 0.1937500000000001 0.55625 0.21093750000000008 0.5609375 0.21093750000000008
4 0.56875 0.18906250000000008 0.5625 0.18906250000000008 0.5625 0.2078125000000001 0.56875 0.2078125000000001
4 0.575 0.1859375000000001 0.56875 0.1859375000000001 0.56875 0.20468750000000008 0.575 0.20468750000000008
4 0.5890625 0.18750000000000008 0.584375 0.18750000000000008 0.584375 0.2078125000000001 0.5890625 0.2078125000000001
4 0.5953125 0.1687500000000001 0.5890625 0.1687500000000001 0.5890625 0.18750000000000008 0.5953125 0.18750000000000008
4 0.6015625 0.16406250000000008 0.596875 0.16406250000000008 0.596875 0.18125000000000008 0.6015625 0.18125000000000008
4 0.6078125 0.12343750000000009 0.603125 0.12343750000000009 0.603125 0.14062500000000008 0.6078125 0.14062500000000008
4 0.609375 0.14843750000000008 0.603125 0.14843750000000008 0.603125 0.16562500000000008 0.609375 0.16562500000000008
4 0.590625 0.16562500000000008 0.584375 0.16562500000000008 0.584375 0.1843750000000001 0.590625 0.1843750000000001
4 0.584375 0.1781250000000001 0.5765625 0.1781250000000001 0.5765625 0.19687500000000008 0.584375 0.19687500000000008
4 0.634375 0.15625000000000008 0.6296875 0.15625000000000008 0.6296875 0.1750000000000001 0.634375 0.1750000000000001
4 0.6296875 0.1312500000000001 0.6234375 0.1312500000000001 0.6234375 0.15000000000000008 0.6296875 0.15000000000000008
4 0.6421875 0.12343750000000009 0.6328125 0.12343750000000009 0.6328125 0.14062500000000008 0.6421875 0.14062500000000008
4 0.6484375 0.1218750000000001 0.6421875 0.1218750000000001 0.6421875 0.1390625000000001 0.6484375 0.1390625000000001
4 0.6546875 0.11562500000000009 0.65 0.11562500000000009 0.65 0.1359375000000001 0.6546875 0.1359375000000001
4 0.659375 0.11562500000000009 0.6546875 0.11562500000000009 0.6546875 0.1312500000000001 0.659375 0.1312500000000001
4 0.6640625 0.1140625000000001 0.659375 0.1140625000000001 0.659375 0.1312500000000001 0.6640625 0.1312500000000001
4 0.675 0.10312500000000009 0.6703125 0.10312500000000009 0.6703125 0.12031250000000009 0.675 0.12031250000000009
4 0.6796875 0.10468750000000009 0.6734375 0.10468750000000009 0.6734375 0.12343750000000009 0.6796875 0.12343750000000009
4 0.6828125 0.10000000000000009 0.678125 0.10000000000000009 0.678125 0.12031250000000009 0.6828125 0.12031250000000009
4 0.6875 0.09687500000000009 0.6828125 0.09687500000000009 0.6828125 0.11562500000000009 0.6875 0.11562500000000009
3 0.6265625 0.478125 0.609375 0.478125 0.609375 0.503125 0.6265625 0.503125
3 0.6359375 0.5296875 0.61875 0.5296875 0.61875 0.5546875 0.6359375 0.5546875
3 0.6734375 0.546875 0.65625 0.546875 0.65625 0.575 0.6734375 0.575
3 0.6765625 0.5671875 0.6625 0.5671875 0.6625 0.59375 0.6765625 0.59375
3 0.709375 0.3968750000000001 0.6828125 0.3968750000000001 0.6828125 0.4375 0.709375 0.4375
4 0.753125 0.3609375000000001 0.74375 0.3609375000000001 0.74375 0.3828125000000001 0.753125 0.3828125000000001
4 0.7640625 0.02968750000000009 0.75625 0.02968750000000009 0.75625 0.050000000000000086 0.7640625 0.050000000000000086
4 0.771875 0.021875000000000096 0.7640625 0.021875000000000096 0.7640625 0.0468750000000001 0.771875 0.0468750000000001
4 0.7765625 0.015625000000000094 0.7703125 0.015625000000000094 0.7703125 0.037500000000000096 0.7765625 0.0375000000000001
4 0.7140625000000002 0.9640625 0.7000000000000002 0.9640625 0.7000000000000002 0.9828125 0.7140625000000002 0.9828125
4 0.6078125000000002 0.8328125 0.6015625000000002 0.8328125 0.6015625000000002 0.8515625 0.6078125000000002 0.8515625
4 0.6015625000000002 0.8296875 0.5953125000000001 0.8296875 0.5953125000000001 0.8484375 0.6015625000000002 0.8484375
4 0.4296875 0.68125 0.4203125 0.68125 0.4203125 0.696875 0.4296875 0.696875
4 0.4078125000000002 0.7375 0.3984375000000001 0.7375 0.3984375000000001 0.746875 0.4078125000000002 0.746875
4 0.7765625 0.5718750000000001 0.7671875 0.5718750000000001 0.7671875 0.5828125000000002 0.7765625 0.5828125000000002
4 0.784375 0.5578125000000002 0.771875 0.5578125000000002 0.771875 0.5671875000000002 0.784375 0.5671875000000002
4 0.8125 0.6406250000000002 0.8 0.6406250000000002 0.8 0.6531250000000002 0.8125 0.6531250000000002
4 0.8171875 0.6328125000000002 0.8078125 0.6328125000000002 0.8078125 0.6437500000000002 0.8171875 0.6437500000000002
4 0.8203125 0.6265625000000001 0.8109375 0.6265625000000001 0.8109375 0.6375000000000002 0.8203125 0.6375000000000002
4 0.8234375 0.6187500000000001 0.8125 0.6187500000000001 0.8125 0.6296875000000002 0.8234375 0.6296875000000002
4 0.7953125 0.5265625000000002 0.7828125 0.5265625000000002 0.7828125 0.5375000000000002 0.7953125 0.5375000000000002
4 0.8 0.5125000000000002 0.7875 0.5125000000000002 0.7875 0.5265625000000002 0.8 0.5265625000000002
4 0.815625 0.4750000000000002 0.8015625 0.4750000000000002 0.8015625 0.48750000000000016 0.815625 0.48750000000000016
3 0.8109375 0.4890625000000002 0.7953125 0.4890625000000002 0.7953125 0.5171875000000001 0.8109375 0.5171875000000001
4 0.90625 0.3781250000000001 0.896875 0.3781250000000001 0.896875 0.4000000000000002 0.90625 0.4000000000000002
4 0.8921875 0.4031250000000002 0.8796875 0.4031250000000002 0.8796875 0.41718750000000016 0.8921875 0.41718750000000016
4 0.8953125 0.42187500000000017 0.88125 0.42187500000000017 0.88125 0.43750000000000017 0.8953125 0.43750000000000017
4 0.86875 0.4593750000000002 0.859375 0.4593750000000002 0.859375 0.4781250000000002 0.86875 0.4781250000000002
4 0.8703125 0.47968750000000016 0.859375 0.47968750000000016 0.859375 0.4906250000000002 0.8703125 0.4906250000000002
4 0.8484375 0.4859375000000002 0.840625 0.4859375000000002 0.840625 0.5046875000000002 0.8484375 0.5046875000000002
4 0.9796875 0.2468750000000001 0.965625 0.2468750000000001 0.965625 0.2671875000000001 0.9796875 0.2671875000000001
4 0.9234375 0.3359375000000001 0.9140625 0.3359375000000001 0.9140625 0.3531250000000001 0.9234375 0.3531250000000001
4 0.934375 0.3187500000000001 0.9234375 0.3187500000000001 0.9234375 0.3390625000000001 0.934375 0.3390625000000001
4 0.7859375000000001 0.7187500000000002 0.7765625 0.7187500000000002 0.7765625 0.7281250000000001 0.7859375000000002 0.7281250000000001
4 0.7890625 0.7093750000000002 0.778125 0.7093750000000002 0.778125 0.7218750000000002 0.7890625 0.7218750000000002
4 0.7953125 0.7000000000000002 0.7828125 0.7000000000000002 0.7828125 0.7140625000000002 0.7953125 0.7140625000000002
4 0.8015625 0.6843750000000002 0.7875 0.6843750000000002 0.7875 0.6953125000000002 0.8015625 0.6953125000000002
4 0.8 0.6718750000000002 0.7921875 0.6718750000000002 0.7921875 0.6875000000000002 0.8 0.6875000000000002
4 0.7781250000000002 0.7593750000000001 0.7671875000000001 0.7593750000000001 0.7671875000000001 0.7750000000000001 0.7781250000000002 0.7750000000000001
4 0.7796875000000002 0.7453125000000002 0.7671875000000001 0.7453125000000002 0.7671875000000001 0.7593750000000001 0.7796875000000002 0.7593750000000001
4 0.7843750000000002 0.7265625000000002 0.7718750000000002 0.7265625000000002 0.7718750000000002 0.7375000000000002 0.7843750000000002 0.7375000000000002
2 0.7343750000000002 0.846875 0.7062500000000002 0.846875 0.7062500000000002 0.878125 0.7343750000000002 0.878125
3 0.7 0.5953125 0.6796875 0.5953125 0.6796875 0.625 0.7 0.625
3 0.728125 0.628125 0.7015625 0.628125 0.7015625 0.6656250000000001 0.728125 0.6656250000000001
4 0.54375 0.26250000000000007 0.5328125 0.26250000000000007 0.5328125 0.28593750000000007 0.54375 0.28593750000000007
4 0.515625 0.24218750000000008 0.5078125 0.24218750000000008 0.5078125 0.2578125000000001 0.515625 0.2578125000000001
4 0.5046875 0.2531250000000001 0.4984375 0.2531250000000001 0.4984375 0.27031250000000007 0.5046875 0.27031250000000007
4 0.4984375 0.2656250000000001 0.49375 0.2656250000000001 0.49375 0.2828125000000001 0.4984375 0.2828125000000001
4 0.4953125 0.2656250000000001 0.490625 0.2656250000000001 0.490625 0.28593750000000007 0.4953125 0.28593750000000007
4 0.45625 0.27812500000000007 0.446875 0.27812500000000007 0.446875 0.2953125000000001 0.45625 0.2953125000000001
4 0.4640625 0.27031250000000007 0.4578125 0.27031250000000007 0.4578125 0.2906250000000001 0.4640625 0.2906250000000001
4 0.4453125 0.2843750000000001 0.440625 0.2843750000000001 0.440625 0.30156250000000007 0.4453125 0.30156250000000007
4 0.4421875 0.2828125000000001 0.4359375 0.2828125000000001 0.4359375 0.3000000000000001 0.4421875 0.3000000000000001
4 0.4109375 0.2515625000000001 0.4015625 0.2515625000000001 0.4015625 0.2718750000000001 0.4109375 0.2718750000000001
4 0.4140625 0.2656250000000001 0.4046875 0.2656250000000001 0.4046875 0.2843750000000001 0.4140625 0.2843750000000001
4 0.43125 0.2843750000000001 0.4265625 0.2843750000000001 0.4265625 0.3078125000000001 0.43125 0.3078125000000001