0 0.21093750000000008 0.759375 0.18750000000000008 0.759375 0.18750000000000008 0.7890625 0.21093750000000008 0.7890625
4 0.10156250000000014 0.91875 0.0875000000000001 0.91875 0.0875000000000001 0.934375 0.10156250000000014 0.934375
4 0.2687500000000001 0.86875 0.2500000000000001 0.86875 0.2500000000000001 0.8921875 0.2687500000000001 0.8921875
4 0.37968750000000007 0.828125 0.36406250000000007 0.828125 0.36406250000000007 0.85 0.37968750000000007 0.85
4 0.4078125000000002 0.8265625 0.3906250000000001 0.8265625 0.3906250000000001 0.846875 0.4078125000000002 0.846875
4 0.40156250000000016 0.884375 0.3906250000000001 0.884375 0.3906250000000001 0.9015625 0.40156250000000016 0.9015625
4 0.4312500000000002 0.878125 0.4156250000000002 0.878125 0.4156250000000002 0.8984375 0.4312500000000002 0.8984375
4 0.4421875000000002 0.81875 0.42968750000000017 0.81875 0.42968750000000017 0.84375 0.4421875000000002 0.84375
4 0.4500000000000002 0.7375 0.4359375000000002 0.7375 0.4359375000000002 0.7640625 0.4500000000000002 0.7640625
4 0.5093750000000001 0.884375 0.4937500000000002 0.884375 0.4937500000000002 0.9078125 0.5093750000000001 0.9078125
4 0.4812500000000002 0.771875 0.4703125000000002 0.771875 0.4703125000000002 0.79375 0.4812500000000002 0.79375
4 0.5140625000000001 0.7109375 0.5015625 0.7109375 0.5015625000000001 0.7328125 0.5140625000000002 0.7328125
4 0.5218750000000001 0.6984375 0.5109375 0.6984375 0.5109375 0.7265625 0.5218750000000002 0.7265625
4 0.5156250000000002 0.7390625 0.5062500000000002 0.7390625 0.5062500000000002 0.7609375 0.5156250000000002 0.7609375
4 0.4671875 0.6046875 0.4578125 0.6046875 0.4578125 0.6328125 0.4671875 0.6328125
2 0.3671875000000001 0.7859375 0.3421875000000001 0.7859375 0.3421875000000001 0.8125 0.3671875000000001 0.8125
4 0.5375 0.07968750000000006 0.5265625 0.07968750000000006 0.5265625 0.10781250000000005 0.5375 0.10781250000000005
4 0.515625 0.571875 0.50625 0.571875 0.50625 0.5953125 0.515625 0.5953125
3 0.4984375000000002 0.7296875 0.48437500000000017 0.7296875 0.48437500000000017 0.7640625 0.4984375000000002 0.7640625
6 0.6093750000000002 0.846875 0.5562500000000001 0.846875 0.5562500000000001 0.8828125 0.6093750000000002 0.8828125
4 0.6609375000000002 0.7578125 0.6468750000000002 0.7578125 0.6468750000000002 0.771875 0.6609375000000002 0.771875
4 0.7187500000000002 0.803125 0.7031250000000002 0.803125 0.7031250000000002 0.8203125 0.7187500000000002 0.8203125
4 0.6625000000000002 0.8375 0.6484375000000002 0.8375 0.6484375000000002 0.8515625 0.6625000000000002 0.8515625
4 0.6687500000000002 0.8890625 0.6578125000000001 0.8890625 0.6578125000000001 0.903125 0.6687500000000002 0.903125
4 0.6953125000000002 0.9 0.6812500000000001 0.9 0.6812500000000001 0.91875 0.6953125000000002 0.91875
0 0.8 0.7546875000000002 0.7812500000000002 0.7546875000000002 0.7812500000000002 0.7765625000000002 0.8 0.7765625000000002
4 0.4734375 0.525 0.4671875 0.525 0.4671875 0.546875 0.4734375 0.546875