2 0.8875 0.7187500000000002 0.859375 0.7187500000000002 0.859375 0.7531250000000002 0.8875 0.7531250000000002
2 0.871875 0.7578125000000002 0.846875 0.7578125000000002 0.846875 0.8078125 0.871875 0.8078125
2 0.88125 0.7421875000000002 0.8546875 0.7421875000000002 0.8546875 0.7890625000000002 0.88125 0.7890625000000002
2 0.9265625 0.8296875 0.90625 0.8296875 0.90625 0.8640625 0.9265625 0.8640625
2 0.94375 0.8515625 0.9171875 0.8515625 0.9171875 0.9015625 0.94375 0.9015625
2 0.95625 0.86875 0.93125 0.86875 0.93125 0.9140625 0.95625 0.9140625
2 0.9890625 0.9140625 0.9640625 0.9140625 0.9640625 0.9640625 0.9890625 0.9640625
2 0.996875 0.9328125 0.9765625 0.9328125 0.9765625 0.978125 0.996875 0.978125
2 0.909375 0.9390625 0.8796875 0.9390625 0.8796875 0.984375 0.909375 0.984375
2 0.7812500000000002 0.8796875 0.7515625000000001 0.8796875 0.7515625000000001 0.915625 0.7812500000000002 0.915625
2 0.815625 0.9328125 0.7812500000000002 0.9328125 0.7812500000000002 0.975 0.815625 0.975
2 0.8140625 0.6656250000000001 0.790625 0.6656250000000001 0.790625 0.7062500000000002 0.8140625 0.7062500000000002
2 0.840625 0.7015625000000002 0.8109375 0.7015625000000002 0.8109375 0.7343750000000002 0.840625 0.7343750000000002
2 0.7125 0.54375 0.6921875 0.54375 0.6921875 0.5890625 0.7125 0.5890625
2 0.7453125 0.5890625 0.725 0.5890625 0.725 0.6250000000000001 0.7453125 0.6250000000000002
2 0.6328125 0.3421875000000001 0.609375 0.3421875000000001 0.609375 0.3921875000000001 0.6328125 0.3921875000000001
2 0.609375 0.18750000000000008 0.59375 0.18750000000000008 0.59375 0.2453125000000001 0.609375 0.2453125000000001
2 0.7796875 0.2953125000000001 0.7546875 0.2953125000000001 0.7546875 0.3421875000000001 0.7796875 0.3421875000000001
2 0.83125 0.1593750000000001 0.8171875 0.1593750000000001 0.8171875 0.2093750000000001 0.83125 0.2093750000000001
2 0.584375 0.3390625000000001 0.5578125 0.3390625000000001 0.5578125 0.3750000000000001 0.584375 0.3750000000000001
2 0.584375 0.2984375000000001 0.5609375 0.2984375000000001 0.5609375 0.33281250000000007 0.584375 0.33281250000000007
2 0.6234375 0.3828125000000001 0.5984375 0.3828125000000001 0.5984375 0.4234375 0.6234375 0.4234375
2 0.5203125 0.29375000000000007 0.4953125 0.29375000000000007 0.4953125 0.3187500000000001 0.5203125 0.3187500000000001
2 0.534375 0.2734375000000001 0.5125 0.2734375000000001 0.5125 0.30156250000000007 0.534375 0.30156250000000007
2 0.4875 0.2515625000000001 0.465625 0.2515625000000001 0.465625 0.2796875000000001 0.4875 0.2796875000000001
2 0.4921875 0.2718750000000001 0.4640625 0.2718750000000001 0.4640625 0.3000000000000001 0.4921875 0.3000000000000001
2 0.4390625 0.2687500000000001 0.41875 0.2687500000000001 0.41875 0.3125000000000001 0.4390625 0.3125000000000001
2 0.4328125 0.6796875 0.403125 0.6796875 0.403125 0.7171875 0.4328125 0.7171875
2 0.2750000000000001 0.4953125 0.2562500000000001 0.4953125 0.2562500000000001 0.55625 0.2750000000000001 0.55625
2 0.3062500000000001 0.4609375 0.2921875000000001 0.4609375 0.2921875000000001 0.5078125 0.3062500000000001 0.5078125
2 0.34843750000000007 0.465625 0.3281250000000001 0.465625 0.3281250000000001 0.5171875 0.34843750000000007 0.5171875
2 0.3859375000000001 0.4484375 0.3609375000000001 0.4484375 0.3609375000000001 0.503125 0.3859375000000001 0.503125
2 0.425 0.3281250000000001 0.4015625 0.3281250000000001 0.4015625 0.3734375000000001 0.425 0.3734375000000001
2 0.3734375 0.20468750000000005 0.35 0.2046875 0.35 0.23281250000000003 0.3734375 0.2328125000000001
2 0.34375 0.15937500000000004 0.3140625 0.15937500000000004 0.3140625 0.209375 0.34375 0.209375
2 0.2171875 0.13437500000000005 0.1921875 0.13437500000000005 0.1921875 0.18281250000000004 0.2171875 0.18281250000000004
2 0.2875 0.08750000000000004 0.2625 0.08750000000000002 0.2625 0.12343750000000005 0.2875 0.12343750000000005
2 0.3328125 0.04843750000000004 0.31875 0.04843750000000004 0.31875 0.10468750000000004 0.3328125 0.10468750000000004
2 0.3515625 0.06093750000000005 0.328125 0.06093750000000005 0.328125 0.10625000000000004 0.3515625 0.10625000000000004
2 0.3671875 0.06875000000000005 0.3375 0.06875000000000005 0.3375 0.11406250000000004 0.3671875 0.11406250000000004
2 0.3828125 0.07031250000000004 0.3578125 0.07031250000000004 0.3578125 0.11875000000000005 0.3828125 0.11875000000000005
2 0.3750000000000001 0.56875 0.3500000000000001 0.56875 0.3500000000000001 0.615625 0.3750000000000001 0.615625
2 0.26250000000000007 0.6875 0.2390625000000001 0.6875 0.2390625000000001 0.734375 0.26250000000000007 0.734375
2 0.34062500000000007 0.9296875 0.3187500000000001 0.9296875 0.3187500000000001 0.965625 0.34062500000000007 0.965625
2 0.3984375000000001 0.840625 0.3750000000000001 0.840625 0.3750000000000001 0.8734375 0.3984375000000001 0.8734375
4 0.3421875000000001 0.853125 0.3312500000000001 0.853125 0.3312500000000001 0.875 0.3421875000000001 0.875
4 0.2953125000000001 0.959375 0.2843750000000001 0.959375 0.2843750000000001 0.978125 0.2953125000000001 0.978125
4 0.3984375000000001 0.8171875 0.3890625000000001 0.8171875 0.3890625000000001 0.83125 0.3984375000000001 0.83125
4 0.4312500000000002 0.7921875 0.4203125000000002 0.7921875 0.4203125000000002 0.809375 0.4312500000000002 0.809375
4 0.4437500000000002 0.815625 0.43281250000000016 0.815625 0.43281250000000016 0.8359375 0.4437500000000002 0.8359375
4 0.47968750000000016 0.7265625 0.4671875000000002 0.7265625 0.4671875000000002 0.7421875 0.47968750000000016 0.7421875
4 0.434375 0.6640625 0.4171875 0.6640625 0.4171875 0.690625 0.434375 0.690625
4 0.45625 0.6859375 0.4453125 0.6859375 0.4453125 0.7015625 0.45625 0.7015625
4 0.4828125 0.70625 0.4734375 0.70625 0.4734375 0.7234375 0.4828125 0.7234375
4 0.2906250000000001 0.56875 0.2812500000000001 0.56875 0.2812500000000001 0.5921875 0.2906250000000001 0.5921875
4 0.2984375000000001 0.60625 0.2890625000000001 0.60625 0.2890625000000001 0.634375 0.2984375000000001 0.634375
4 0.3656250000000001 0.609375 0.3531250000000001 0.609375 0.3531250000000001 0.6296875 0.3656250000000001 0.6296875
4 0.3390625000000001 0.5328125 0.3265625000000001 0.5328125 0.3265625000000001 0.55625 0.3390625000000001 0.55625
4 0.3593750000000001 0.5328125 0.34843750000000007 0.5328125 0.34843750000000007 0.5546875 0.3593750000000001 0.5546875
4 0.2828125000000001 0.5359375 0.2734375000000001 0.5359375 0.2734375000000001 0.55625 0.2828125000000001 0.55625
4 0.3453125000000001 0.4140625 0.3359375000000001 0.4140625 0.3359375000000001 0.4375 0.3453125000000001 0.4375
4 0.36406250000000007 0.384375 0.3531250000000001 0.384375 0.3531250000000001 0.40625 0.36406250000000007 0.40625
4 0.2859375 0.303125 0.2765625 0.303125 0.2765625 0.321875 0.2859375 0.321875
4 0.26875 0.246875 0.259375 0.246875 0.259375 0.2734375 0.26875 0.2734375
4 0.2953125 0.2578125 0.2859375 0.2578125 0.2859375 0.2796875 0.2953125 0.2796875
4 0.3875 0.3125000000000001 0.3765625 0.3125000000000001 0.3765625 0.3312500000000001 0.3875 0.3312500000000001
4 0.390625 0.3390625000000001 0.38125 0.3390625000000001 0.38125 0.3578125000000001 0.390625 0.3578125000000001
4 0.3921875 0.28593750000000007 0.3828125 0.28593750000000007 0.3828125 0.3078125000000001 0.3921875 0.3078125000000001
4 0.4046875 0.2718750000000001 0.3953125 0.2718750000000001 0.3953125 0.2906250000000001 0.4046875 0.2906250000000001
4 0.4390625 0.29375000000000007 0.43125 0.29375000000000007 0.43125 0.3140625000000001 0.4390625 0.3140625000000001
4 0.446875 0.30156250000000007 0.4390625 0.30156250000000007 0.4390625 0.3218750000000001 0.446875 0.3218750000000001
4 0.453125 0.3281250000000001 0.4421875 0.3281250000000001 0.4421875 0.3437500000000001 0.453125 0.3437500000000001
4 0.4359375 0.3468750000000001 0.425 0.3468750000000001 0.425 0.36406250000000007 0.4359375 0.36406250000000007
4 0.4015625 0.2218750000000001 0.3921875 0.2218750000000001 0.3921875 0.24218750000000008 0.4015625 0.24218750000000008
4 0.4125 0.2640625000000001 0.4046875 0.2640625000000001 0.4046875 0.2890625000000001 0.4125 0.2890625000000001
4 0.3984375 0.30156250000000007 0.3890625 0.30156250000000007 0.3890625 0.3187500000000001 0.3984375 0.3187500000000001
4 0.3953125 0.3218750000000001 0.3859375 0.3218750000000001 0.3859375 0.3359375000000001 0.3953125 0.3359375000000001
4 0.4765625 0.2984375000000001 0.4625 0.2984375000000001 0.4625 0.3140625000000001 0.4765625 0.3140625000000001
4 0.4234375 0.2296875000000001 0.4140625 0.2296875000000001 0.4140625 0.2515625000000001 0.4234375 0.2515625000000001
4 0.41875 0.18281250000000004 0.4078125 0.18281250000000004 0.4078125 0.20312500000000008 0.41875 0.20312500000000008
4 0.403125 0.18437500000000004 0.39375 0.18437500000000004 0.39375 0.2062500000000001 0.403125 0.2062500000000001
4 0.5375 0.3000000000000001 0.5265625 0.3000000000000001 0.5265625 0.3187500000000001 0.5375 0.3187500000000001
4 0.553125 0.3312500000000001 0.54375 0.3312500000000001 0.54375 0.3546875000000001 0.553125 0.3546875000000001
4 0.559375 0.2765625000000001 0.546875 0.2765625000000001 0.546875 0.2921875000000001 0.559375 0.2921875000000001
4 0.5625 0.2578125000000001 0.55 0.2578125000000001 0.55 0.27812500000000007 0.5625 0.27812500000000007
4 0.58125 0.2796875000000001 0.5703125 0.2796875000000001 0.5703125 0.2984375000000001 0.58125 0.2984375000000001
4 0.6265625 0.2750000000000001 0.6171875 0.2750000000000001 0.6171875 0.2984375000000001 0.6265625 0.2984375000000001
4 0.60625 0.3546875000000001 0.5953125 0.3546875000000001 0.5953125 0.37187500000000007 0.60625 0.37187500000000007
4 0.6 0.4 0.5921875 0.4 0.5921875 0.4203125 0.6 0.4203125
4 0.6859375 0.2468750000000001 0.675 0.2468750000000001 0.675 0.2578125000000001 0.6859375 0.2578125000000001
4 0.6859375 0.2640625000000001 0.671875 0.2640625000000001 0.671875 0.2734375000000001 0.6859375 0.2734375000000001
4 0.703125 0.2687500000000001 0.69375 0.2687500000000001 0.69375 0.27812500000000007 0.703125 0.27812500000000007
4 0.703125 0.2765625000000001 0.690625 0.2765625000000001 0.690625 0.28593750000000007 0.703125 0.28593750000000007
4 0.70625 0.2500000000000001 0.6921875 0.2500000000000001 0.6921875 0.2593750000000001 0.70625 0.2593750000000001
4 0.7078125 0.21875000000000008 0.6953125 0.21875000000000008 0.6953125 0.2296875000000001 0.7078125 0.2296875000000001
4 0.7109375 0.1984375000000001 0.696875 0.1984375000000001 0.696875 0.2093750000000001 0.7109375 0.2093750000000001
4 0.7109375 0.1859375000000001 0.6953125 0.1859375000000001 0.6953125 0.2000000000000001 0.7109375 0.2000000000000001
4 0.7109375 0.1703125000000001 0.7 0.1703125000000001 0.7 0.18125000000000008 0.7109375 0.18125000000000008
4 0.615625 0.19531250000000008 0.6109375 0.19531250000000008 0.6109375 0.2218750000000001 0.615625 0.2218750000000001
4 0.61875 0.07968750000000006 0.6125 0.07968750000000006 0.6125 0.10468750000000009 0.61875 0.10468750000000009
4 0.5156250000000001 0.7203125 0.5 0.7203125 0.5000000000000001 0.7359375 0.5156250000000002 0.7359375
4 0.5390625000000002 0.8171875 0.5234375000000002 0.8171875 0.5234375000000002 0.83125 0.5390625000000002 0.83125
4 0.5921875000000002 0.8140625 0.5781250000000002 0.8140625 0.5781250000000002 0.8296875 0.5921875000000002 0.8296875
4 0.6187500000000001 0.740625 0.6046875000000002 0.740625 0.6046875000000002 0.7625 0.6187500000000001 0.7625
4 0.596875 0.6796875 0.58125 0.6796875 0.58125 0.7015625 0.596875 0.7015625
4 0.5984375 0.6078125 0.5875 0.6078125 0.5875 0.63125 0.5984375 0.63125
1 0.571875 0.671875 0.5390625 0.671875 0.5390625 0.7203125 0.571875 0.7203125
0 0.35625000000000007 0.878125 0.34062500000000007 0.878125 0.34062500000000007 0.9078125 0.35625000000000007 0.9078125
4 0.865625 0.8515625 0.8515625 0.8515625 0.8515625 0.86875 0.865625 0.86875
4 0.8140625 0.7828125000000001 0.8015625 0.7828125000000001 0.8015625 0.7984375000000001 0.8140625 0.7984375000000001
4 0.759375 0.6984375000000002 0.7484375 0.6984375000000002 0.7484375 0.7203125000000001 0.759375 0.7203125000000001
4 0.7484375 0.6406250000000002 0.7375 0.6406250000000002 0.7375 0.6625000000000002 0.7484375 0.6625000000000002
4 0.734375 0.6234375000000001 0.7234375 0.6234375 0.7234375 0.64375 0.734375 0.6437500000000002
4 0.90625 0.8140625 0.8953125 0.8140625 0.8953125 0.834375 0.90625 0.834375
4 0.9015625 0.828125 0.8875 0.828125 0.8875 0.846875 0.9015625 0.846875
4 0.8453125 0.7296875000000002 0.8359375 0.7296875000000002 0.8359375 0.7578125000000002 0.8453125 0.7578125000000002
4 0.85 0.7375000000000002 0.840625 0.7375000000000002 0.840625 0.7640625000000002 0.85 0.7640625000000002
4 0.853125 0.7437500000000001 0.84375 0.7437500000000001 0.84375 0.7703125000000002 0.853125 0.7703125000000002
4 0.8109375 0.5546875000000002 0.8015625 0.5546875000000002 0.8015625 0.5750000000000002 0.8109375 0.5750000000000002
0 0.784375 0.6562500000000002 0.7703125 0.6562500000000002 0.7703125 0.6875000000000002 0.784375 0.6875000000000002
4 0.6203125 0.5765625 0.6109375 0.5765625 0.6109375 0.6046875 0.6203125 0.6046875
4 0.6375 0.4671875 0.6296875 0.4671875 0.6296875 0.4953125 0.6375 0.4953125
4 0.6828125 0.54375 0.66875 0.54375 0.66875 0.5703125 0.6828125 0.5703125
2 0.7390625 0.5390625000000001 0.71875 0.5390625 0.71875 0.5796875000000001 0.7390625 0.5796875000000001
0 0.6265625 0.4359375 0.6109375 0.4359375 0.6109375 0.4703125 0.6265625 0.4703125
0 0.628125 0.10468750000000009 0.6171875 0.10468750000000009 0.6171875 0.1390625000000001 0.628125 0.1390625000000001
0 0.4453125 0.04375000000000005 0.434375 0.04375000000000005 0.434375 0.07343750000000004 0.4453125 0.07343750000000004
0 0.4875 0.05937500000000007 0.4703125 0.05937500000000007 0.4703125 0.08906250000000007 0.4875 0.08906250000000007
0 0.46875 0.09687500000000006 0.45 0.09687500000000004 0.45 0.12656250000000005 0.46875 0.12656250000000005
2 0.41875 0.04531250000000005 0.3890625 0.04531250000000005 0.3890625 0.09375000000000004 0.41875 0.09375000000000004
2 0.3625 0.14062500000000006 0.334375 0.14062500000000006 0.334375 0.17031250000000003 0.3625 0.17031250000000003
0 0.4453125 0.2140625000000001 0.425 0.2140625000000001 0.425 0.23437500000000008 0.4453125 0.23437500000000008
0 0.4484375 0.2453125000000001 0.4328125 0.2453125000000001 0.4328125 0.2640625000000001 0.4484375 0.2640625000000001
0 0.4265625 0.2531250000000001 0.4125 0.2531250000000001 0.4125 0.2828125000000001 0.4265625 0.2828125000000001
0 0.4140625 0.2296875000000001 0.3984375 0.2296875000000001 0.3984375 0.2593750000000001 0.4140625 0.2593750000000001
0 0.5578125 0.3078125000000001 0.540625 0.3078125000000001 0.540625 0.3343750000000001 0.5578125 0.3343750000000001
0 0.253125 0.240625 0.2390625 0.240625 0.2390625 0.2703125 0.253125 0.2703125
4 0.2359375 0.17031250000000003 0.225 0.17031250000000003 0.225 0.19062500000000004 0.2359375 0.19062500000000004
4 0.259375 0.06718750000000002 0.25 0.06718750000000002 0.25 0.08750000000000002 0.259375 0.08750000000000002
4 0.296875 0.06406250000000005 0.2890625 0.06406250000000005 0.2890625 0.07968750000000005 0.296875 0.07968750000000005
4 0.2921875 0.059375000000000046 0.2828125 0.059375000000000046 0.2828125 0.07812500000000004 0.2921875 0.07812500000000004
4 0.290625 0.05468750000000004 0.278125 0.05468750000000004 0.278125 0.06875000000000005 0.290625 0.06875000000000005
4 0.2859375 0.046875000000000035 0.275 0.046875000000000035 0.275 0.06250000000000004 0.2859375 0.06250000000000004
4 0.2828125 0.032812500000000036 0.271875 0.032812500000000036 0.271875 0.048437500000000036 0.2828125 0.048437500000000036
4 0.2765625 0.023437500000000035 0.2640625 0.023437500000000035 0.2640625 0.03437500000000003 0.2765625 0.03437500000000003
4 0.271875 0.014062500000000033 0.259375 0.014062500000000033 0.259375 0.029687500000000033 0.271875 0.029687500000000033
4 0.2671875 0.007812500000000031 0.25625 0.007812500000000031 0.25625 0.020312500000000032 0.2671875 0.020312500000000032
2 0.24375 0.006250000000000029 0.21875 0.006250000000000028 0.21875 0.050000000000000024 0.24375 0.050000000000000024
4 0.1890625 0.10312500000000002 0.178125 0.103125 0.178125 0.12343750000000002 0.1890625 0.12343750000000005
0 0.496875 0.22812500000000008 0.475 0.22812500000000008 0.475 0.25468750000000007 0.496875 0.25468750000000007
0 0.525 0.23593750000000008 0.503125 0.23593750000000008 0.503125 0.2656250000000001 0.525 0.2656250000000001
3 0.4171875 0.3046875000000001 0.390625 0.3046875000000001 0.390625 0.3625000000000001 0.4171875 0.3625000000000001