2 0.3484375 0.284375 0.3328125 0.284375 0.3328125 0.2953125 0.3484375 0.2953125
2 0.40625 0.2453125000000001 0.396875 0.2453125000000001 0.396875 0.26250000000000007 0.40625 0.26250000000000007
2 0.3984375 0.21093750000000008 0.384375 0.21093750000000008 0.384375 0.22656250000000008 0.3984375 0.22656250000000008
2 0.5078125 0.3156250000000001 0.503125 0.3156250000000001 0.503125 0.3421875000000001 0.5078125 0.3421875000000001
2 0.5203125 0.3140625000000001 0.5125 0.3140625000000001 0.5125 0.3390625000000001 0.5203125 0.3390625000000001
2 0.5609375 0.3062500000000001 0.5515625 0.3062500000000001 0.5515625 0.3312500000000001 0.5609375 0.3312500000000001
2 0.56875 0.3078125000000001 0.5625 0.3078125000000001 0.5625 0.3312500000000001 0.56875 0.3312500000000001
4 0.584375 0.2968750000000001 0.58125 0.2968750000000001 0.58125 0.30937500000000007 0.584375 0.30937500000000007
4 0.5796875 0.3000000000000001 0.5765625 0.3000000000000001 0.5765625 0.3125000000000001 0.5796875 0.3125000000000001
4 0.5765625 0.2921875000000001 0.5734375 0.2921875000000001 0.5734375 0.3000000000000001 0.5765625 0.3000000000000001
4 0.571875 0.2843750000000001 0.5703125 0.2843750000000001 0.5703125 0.2968750000000001 0.571875 0.2968750000000001
4 0.56875 0.27812500000000007 0.565625 0.27812500000000007 0.565625 0.2890625000000001 0.56875 0.2890625000000001
4 0.56875 0.2921875000000001 0.565625 0.2921875000000001 0.565625 0.3062500000000001 0.56875 0.3062500000000001
4 0.546875 0.2875000000000001 0.54375 0.2875000000000001 0.54375 0.30156250000000007 0.546875 0.30156250000000007
4 0.546875 0.2750000000000001 0.5453125 0.2750000000000001 0.5453125 0.28593750000000007 0.546875 0.28593750000000007
4 0.54375 0.28593750000000007 0.540625 0.28593750000000007 0.540625 0.3000000000000001 0.54375 0.3000000000000001
4 0.5390625 0.2890625000000001 0.5359375 0.2890625000000001 0.5359375 0.30156250000000007 0.5390625 0.30156250000000007
4 0.5296875 0.2718750000000001 0.5265625 0.2718750000000001 0.5265625 0.28593750000000007 0.5296875 0.28593750000000007
4 0.5265625 0.2718750000000001 0.5234375 0.2718750000000001 0.5234375 0.28593750000000007 0.5265625 0.28593750000000007
4 0.51875 0.2718750000000001 0.515625 0.2718750000000001 0.515625 0.2843750000000001 0.51875 0.2843750000000001
4 0.4109375 0.2656250000000001 0.4078125 0.2656250000000001 0.4078125 0.2765625000000001 0.4109375 0.2765625000000001
4 0.4359375 0.2000000000000001 0.43125 0.2000000000000001 0.43125 0.21093750000000008 0.4359375 0.21093750000000008
4 0.53125 0.2250000000000001 0.5296875 0.2250000000000001 0.5296875 0.23437500000000008 0.53125 0.23437500000000008
4 0.534375 0.2250000000000001 0.53125 0.2250000000000001 0.53125 0.23593750000000008 0.534375 0.23593750000000008
4 0.5421875 0.2250000000000001 0.5390625 0.2250000000000001 0.5390625 0.23437500000000008 0.5421875 0.23437500000000008
4 0.5453125 0.2218750000000001 0.54375 0.2218750000000001 0.54375 0.23593750000000008 0.5453125 0.23593750000000008
4 0.565625 0.23437500000000008 0.5625 0.23437500000000008 0.5625 0.2484375000000001 0.565625 0.2484375000000001
4 0.56875 0.23437500000000008 0.565625 0.23437500000000008 0.565625 0.2484375000000001 0.56875 0.2484375000000001
4 0.575 0.2375000000000001 0.571875 0.2375000000000001 0.571875 0.2500000000000001 0.575 0.2500000000000001
4 0.5796875 0.23593750000000008 0.5765625 0.23593750000000008 0.5765625 0.2468750000000001 0.5796875 0.2468750000000001
4 0.5828125 0.23437500000000008 0.5796875 0.23437500000000008 0.5796875 0.2484375000000001 0.5828125 0.2484375000000001
5 0.6796875 0.3750000000000001 0.640625 0.3750000000000001 0.640625 0.3937500000000001 0.6796875 0.3937500000000001
5 0.7375 0.3765625000000001 0.69375 0.3765625000000001 0.69375 0.3921875000000001 0.7375 0.3921875000000001
2 0.73125 0.4375000000000001 0.715625 0.4375 0.715625 0.4484375000000001 0.73125 0.44843750000000016
6 0.7484375 0.4687500000000001 0.7125 0.46875 0.7125 0.4828125000000001 0.7484375 0.4828125000000002
4 0.8328125 0.3609375000000001 0.828125 0.3609375000000001 0.828125 0.3671875000000001 0.8328125 0.3671875000000001
4 0.896875 0.40156250000000016 0.8921875 0.40156250000000016 0.8921875 0.4109375000000002 0.896875 0.4109375000000002
4 0.96875 0.23593750000000008 0.9640625 0.23593750000000008 0.9640625 0.2453125000000001 0.96875 0.2453125000000001
3 0.9953125 0.2843750000000001 0.9875 0.2843750000000001 0.9875 0.30937500000000007 0.9953125 0.30937500000000007
0 0.86875 0.3843750000000001 0.8578125 0.3843750000000001 0.8578125 0.3937500000000001 0.86875 0.3937500000000001
4 0.2171875000000001 0.4015625 0.2093750000000001 0.4015625 0.2093750000000001 0.4109375 0.2171875000000001 0.4109375
2 0.06406250000000006 0.5046875 0.04531250000000007 0.5046875 0.04531250000000007 0.515625 0.06406250000000006 0.515625
2 0.006250000000000101 0.8171875 1.0007660561782277e-16 0.8171875 1.0160741411675695e-16 0.8421875 0.006250000000000103 0.8421875
5 0.0390625000000001 0.7234375 0.028125000000000087 0.7234375 0.028125000000000094 0.7734375 0.0390625000000001 0.7734375
5 0.034375000000000114 0.9140625 0.02343750000000011 0.9140625 0.023437500000000114 0.9578125 0.03437500000000012 0.9578125
5 0.1375000000000001 0.66875 0.10156250000000008 0.66875 0.10156250000000008 0.6890625 0.1375000000000001 0.6890625
5 0.1609375000000001 0.6359375 0.12656250000000008 0.6359375 0.12656250000000008 0.6515625 0.1609375000000001 0.6515625
6 0.11406250000000004 0.4828125 0.07343750000000007 0.4828125 0.07343750000000007 0.4984375 0.11406250000000004 0.4984375
3 0.1531250000000001 0.553125 0.1390625000000001 0.553125 0.1390625000000001 0.5640625 0.1531250000000001 0.5640625
6 0.28593750000000007 0.4765625 0.2500000000000001 0.4765625 0.2500000000000001 0.4921875 0.28593750000000007 0.4921875
5 0.29375000000000007 0.6265625 0.26250000000000007 0.6265625 0.26250000000000007 0.64375 0.29375000000000007 0.64375
2 0.3515625000000001 0.4953125 0.3375000000000001 0.4953125 0.3375000000000001 0.50625 0.3515625000000001 0.50625
2 0.5828125 0.6203125 0.56875 0.6203125 0.56875 0.6296875 0.5828125 0.6296875
2 0.6046875 0.5609375 0.5921875 0.5609375 0.5921875 0.571875 0.6046875 0.571875
6 0.575 0.4875 0.5484375 0.4875 0.5484375 0.503125 0.575 0.503125
6 0.53125 0.4671875 0.5015625 0.4671875 0.5015625 0.484375 0.53125 0.484375
6 0.678125 0.51875 0.6484375 0.51875 0.6484375 0.5328125 0.678125 0.5328125
6 0.690625 0.56875 0.6625 0.56875 0.6625 0.5875 0.690625 0.5875
6 0.7390625 0.5296875000000001 0.709375 0.5296875 0.709375 0.5468750000000001 0.7390625 0.5468750000000002
6 0.7328125 0.5984375000000001 0.7078125 0.5984375 0.7078125 0.6125 0.7328125 0.6125000000000002
3 0.65625 0.446875 0.6359375 0.446875 0.6359375 0.4578125 0.65625 0.4578125
3 0.75625 0.5921875000000002 0.7375 0.5921875000000002 0.7375 0.6062500000000002 0.75625 0.6062500000000002
3 0.6859375 0.6109375 0.6765625 0.6109375 0.6765625 0.63125 0.6859375 0.63125
3 0.7171875000000002 0.88125 0.7093750000000002 0.88125 0.7093750000000002 0.9109375 0.7171875000000002 0.9109375
3 0.7640625000000002 0.8453125 0.7453125000000002 0.8453125 0.7453125000000002 0.859375 0.7640625000000002 0.859375
4 0.6234375 0.546875 0.615625 0.546875 0.615625 0.5546875 0.6234375 0.5546875
4 0.7875 0.5781250000000002 0.78125 0.5781250000000002 0.78125 0.5859375000000002 0.7875 0.5859375000000002
2 0.6671875 0.625 0.6609375 0.625 0.6609375 0.6453125 0.6671875 0.6453125
2 0.675 0.621875 0.66875 0.621875 0.66875 0.646875 0.675 0.646875
2 0.6796875 0.6546875 0.6734375 0.6546875 0.6734375 0.68125 0.6796875 0.68125
2 0.721875 0.64375 0.7125 0.64375 0.7125 0.665625 0.721875 0.665625
0 0.7609375 0.6609375000000002 0.7453125 0.6609375000000002 0.7453125 0.6750000000000002 0.7609375 0.6750000000000002
0 0.796875 0.5984375000000002 0.7859375 0.5984375000000002 0.7859375 0.6125000000000002 0.796875 0.6125000000000002
0 0.821875 0.5984375000000002 0.8109375 0.5984375000000002 0.8109375 0.6093750000000002 0.821875 0.6093750000000002
0 0.825 0.6406250000000002 0.8140625 0.6406250000000002 0.8140625 0.6515625000000002 0.825 0.6515625000000002
4 0.828125 0.5656250000000002 0.8203125 0.5656250000000002 0.8203125 0.5734375000000002 0.828125 0.5734375000000002
4 0.790625 0.6203125000000002 0.78125 0.6203125000000002 0.78125 0.6265625000000001 0.790625 0.6265625000000001
3 0.85 0.5796875000000001 0.8359375 0.5796875000000001 0.8359375 0.5937500000000002 0.85 0.5937500000000002
2 0.865625 0.5984375000000002 0.8484375 0.5984375000000002 0.8484375 0.6156250000000002 0.865625 0.6156250000000002
2 0.884375 0.5765625000000002 0.86875 0.5765625000000002 0.86875 0.5921875000000002 0.884375 0.5921875000000002
6 0.9 0.6296875000000002 0.8625 0.6296875000000002 0.8625 0.6468750000000002 0.9 0.6468750000000002
6 1 0.4812500000000002 0.984375 0.4812500000000002 0.984375 0.5000000000000002 1 0.5000000000000002
5 0.9953125 0.5500000000000002 0.9265625 0.5500000000000002 0.9265625 0.5718750000000001 0.9953125 0.5718750000000001
2 0.9375 0.7921875000000002 0.928125 0.7921875000000002 0.928125 0.803125 0.9375 0.803125
2 0.9375 0.8046875 0.9265625 0.8046875 0.9265625 0.81875 0.9375 0.81875
2 0.9890625 0.7984375000000001 0.9765625 0.7984375000000001 0.9765625 0.8234375 0.9890625 0.8234375
2 0.978125 0.85 0.9671875 0.85 0.9671875 0.86875 0.978125 0.86875
2 0.959375 0.85625 0.9515625 0.85625 0.9515625 0.8828125 0.959375 0.8828125
2 1 0.9 0.99375 0.9 0.99375 0.9203125 1 0.9203125
2 0.971875 0.90625 0.965625 0.90625 0.965625 0.93125 0.971875 0.93125
2 0.9453125 0.8921875 0.9375 0.8921875 0.9375 0.9171875 0.9453125 0.9171875
2 0.953125 0.8875 0.9453125 0.8875 0.9453125 0.9078125 0.953125 0.9078125