0 0.2093750000000001 0.6515625 0.19687500000000008 0.6515625 0.19687500000000008 0.6625 0.2093750000000001 0.6625
0 0.07968750000000009 0.6484375 0.06406250000000009 0.6484375 0.06406250000000009 0.6640625 0.07968750000000009 0.6640625
0 0.22812500000000008 0.7109375 0.21250000000000008 0.7109375 0.21250000000000008 0.725 0.22812500000000008 0.725
4 0.428125 0.4859375 0.41875 0.4859375 0.41875 0.5015625 0.428125 0.5015625
0 0.36406250000000007 0.653125 0.34843750000000007 0.653125 0.34843750000000007 0.6671875 0.36406250000000007 0.6671875
0 0.4203125 0.64375 0.4078125 0.64375 0.4078125 0.659375 0.4203125 0.659375
4 0.565625 0.4890625 0.55625 0.4890625 0.55625 0.5046875 0.565625 0.5046875
4 0.6671875 0.3203125000000001 0.65625 0.3203125000000001 0.65625 0.3343750000000001 0.6671875 0.3343750000000001
0 0.665625 0.2531250000000001 0.6546875 0.2531250000000001 0.6546875 0.2687500000000001 0.665625 0.2687500000000001
0 0.7375 0.3765625000000001 0.7265625 0.3765625000000001 0.7265625 0.3984375000000001 0.7375 0.3984375000000001
0 0.618126461356352 0.32095300624756273 0.6099172346035823 0.31430691291844093 0.5950100576222302 0.33272019573337824 0.6032192843749999 0.33936628906250005
4 0.3968750000000001 0.496875 0.3859375000000001 0.496875 0.3859375000000001 0.5078125 0.3968750000000001 0.5078125
0 0.27031250000000007 0.696875 0.2593750000000001 0.696875 0.2593750000000001 0.70625 0.27031250000000007 0.70625
4 0.4234375 0.503125 0.4125 0.503125 0.4125 0.5171875 0.4234375 0.5171875
2 0.3109375 0.2375 0.290625 0.2375 0.290625 0.2578125 0.3109375 0.2578125
0 0.2203125 0.328125 0.209375 0.328125 0.209375 0.3453125 0.2203125 0.3453125
4 0.08593750000000003 0.2390625 0.07500000000000002 0.2390625 0.07500000000000002 0.2546875 0.08593750000000003 0.2546875
4 0.03593750000000001 0.05 0.025000000000000012 0.05 0.025000000000000012 0.0640625 0.03593750000000001 0.0640625
2 0.2296875000000001 0.3921875 0.2093750000000001 0.3921875 0.2093750000000001 0.421875 0.2296875000000001 0.421875
0 0.640625 0.409375 0.628125 0.409375 0.628125 0.421875 0.640625 0.421875
4 0.778125 0.6812500000000001 0.76875 0.6812500000000001 0.76875 0.7000000000000002 0.778125 0.7000000000000002
4 0.74375 0.6937500000000002 0.734375 0.6937500000000002 0.734375 0.7125000000000001 0.74375 0.7125000000000001
2 0.678125 0.65 0.665625 0.65 0.665625 0.6703125 0.678125 0.6703125
0 0.5390625 0.5984375 0.525 0.5984375 0.525 0.61875 0.5390625 0.61875
2 0.709375 0.6015625 0.69375 0.6015625 0.69375 0.6328125 0.709375 0.6328125
0 0.6640625 0.55 0.6546875 0.55 0.6546875 0.571875 0.6640625 0.571875
4 0.6359375 0.4578125 0.6265625 0.4578125 0.6265625 0.478125 0.6359375 0.478125
0 0.7609375 0.4890625000000002 0.753125 0.4890625000000002 0.753125 0.5078125000000002 0.7609375 0.5078125000000002
0 0.7796875 0.4078125000000002 0.76875 0.4078125000000002 0.76875 0.4312500000000002 0.7796875 0.4312500000000002
3 0.16250000000000003 0.3171875 0.14531250000000004 0.3171875 0.14531250000000004 0.3375 0.16250000000000003 0.3375
4 0.40625 0.471875 0.4 0.471875 0.4 0.4890625 0.40625 0.4890625
4 0.696875 0.21250000000000008 0.6875 0.21250000000000008 0.6875 0.2234375000000001 0.696875 0.2234375000000001
4 0.5984375 0.3390625000000001 0.5875 0.3390625000000001 0.5875 0.3500000000000001 0.5984375 0.3500000000000001
4 0.7375 0.7093750000000001 0.725 0.709375 0.725 0.721875 0.7375 0.7218750000000002
0 0.7640625000000002 0.8328125 0.7484375000000002 0.8328125 0.7484375000000002 0.846875 0.7640625000000002 0.846875
4 0.75625 0.7015625000000002 0.7484375 0.7015625000000002 0.7484375 0.7171875000000002 0.75625 0.7171875000000002
4 0.2640625000000001 0.3984375 0.25468750000000007 0.3984375 0.25468750000000007 0.4140625 0.2640625000000001 0.4140625
3 0.5734375 0.45625 0.55625 0.45625 0.55625 0.478125 0.5734375 0.478125
4 0.3687500000000001 0.5515625 0.3593750000000001 0.5515625 0.3593750000000001 0.5671875 0.3687500000000001 0.5671875
3 0.2078125000000001 0.753125 0.1937500000000001 0.753125 0.1937500000000001 0.775 0.2078125000000001 0.775
0 0.3203125000000001 0.5859375 0.3078125000000001 0.5859375 0.3078125000000001 0.6015625 0.3203125000000001 0.6015625
4 0.49375 0.51875 0.4828125 0.51875 0.4828125 0.5296875 0.49375 0.5296875
4 0.6859375 0.3921875000000001 0.6765625 0.3921875000000001 0.6765625 0.4109375 0.6859375 0.4109375
4 0.521875 0.4375 0.5109375 0.4375 0.5109375 0.453125 0.521875 0.453125
0 0.7343122357907681 0.6956722187613161 0.7175752625 0.6754067453125 0.707767179834232 0.683507104676184 0.724504153125 0.703772578125
4 0.653125 0.3359375000000001 0.64375 0.3359375000000001 0.64375 0.3515625000000001 0.653125 0.3515625000000001
4 0.7265625 0.2015625000000001 0.715625 0.2015625000000001 0.715625 0.2171875000000001 0.7265625 0.2171875000000001
2 0.6484375000000002 0.7328125 0.6265625000000001 0.7328125 0.6265625000000001 0.7609375 0.6484375000000002 0.7609375
4 0.8046875 0.7296875000000002 0.7953125000000002 0.7296875000000002 0.7953125000000002 0.7437500000000001 0.8046875 0.7437500000000001
4 0.703125 0.6703125 0.69375 0.6703125 0.69375 0.690625 0.703125 0.690625
0 0.7640625000000002 0.865625 0.7500000000000002 0.865625 0.7500000000000002 0.8875 0.7640625000000002 0.8875
4 0.615625 0.584375 0.603125 0.584375 0.603125 0.5953125 0.615625 0.5953125
4 0.3531250000000001 0.5796875 0.3437500000000001 0.5796875 0.3437500000000001 0.5921875 0.3531250000000001 0.5921875
4 0.53125 0.471875 0.5203125 0.471875 0.5203125 0.490625 0.53125 0.490625
4 0.65 0.5578125 0.6421875 0.5578125 0.6421875 0.5734375 0.65 0.5734375
4 0.7046875 0.6546875 0.7 0.6546875 0.7 0.6734375 0.7046875 0.6734375
4 0.5875 0.5203125 0.58125 0.5203125 0.58125 0.534375 0.5875 0.534375
4 0.5796875 0.6078125 0.571875 0.6078125 0.571875 0.6234375 0.5796875 0.6234375
4 0.6328125 0.5625 0.625 0.5625 0.625 0.575 0.6328125 0.575
4 0.7765625 0.3593750000000001 0.7671875 0.3593750000000001 0.7671875 0.37187500000000007 0.7765625 0.37187500000000007
0 0.8609375 0.1781250000000001 0.85 0.1781250000000001 0.85 0.19687500000000008 0.8609375 0.19687500000000008
0 0.740625 0.12500000000000008 0.728125 0.12500000000000008 0.728125 0.14062500000000008 0.740625 0.14062500000000008
0 0.8265625 0.2656250000000001 0.809375 0.2656250000000001 0.809375 0.2812500000000001 0.8265625 0.2812500000000001
0 0.7109375000000002 0.8 0.6953125000000002 0.8 0.6953125000000002 0.81875 0.7109375000000002 0.81875
4 0.10312500000000009 0.6765625 0.08750000000000009 0.6765625 0.08750000000000009 0.690625 0.10312500000000009 0.690625
2 0.184375 0.10937500000000003 0.1640625 0.109375 0.1640625 0.13906250000000003 0.184375 0.13906250000000003
4 0.045312500000000006 0.0296875 0.03125 0.0296875 0.03125000000000001 0.05 0.04531250000000001 0.05
0 0.6875 0.4921875 0.678125 0.4921875 0.678125 0.5203125 0.6875 0.5203125
0 0.6578125 0.578125 0.64375 0.578125 0.64375 0.6015625 0.6578125 0.6015625
4 0.6328125 0.628125 0.61875 0.628125 0.61875 0.64375 0.6328125 0.64375
3 0.7890662997224002 0.9219627578062213 0.7647150296875 0.896534196875 0.7539003049651 0.9068907515687785 0.7782515750000001 0.9323193124999998
0 0.3287448006445008 0.6401669264384435 0.3147350187500001 0.63524630625 0.30627622435549934 0.6593298282490566 0.32028600625000003 0.6642504484375001
4 0.4671875 0.496875 0.4578125 0.496875 0.4578125 0.515625 0.4671875 0.515625
4 0.45625 0.3968750000000001 0.446875 0.3968750000000001 0.446875 0.409375 0.45625 0.409375
4 0.1750000000000001 0.6453125 0.16406250000000008 0.6453125 0.16406250000000008 0.65625 0.1750000000000001 0.65625
2 0.7421308195065538 0.8337656972630769 0.71980148125 0.8100324875 0.710158226696051 0.8191053223579374 0.7324875649526048 0.8428385321210143
3 0.792200081209321 0.7244824442626914 0.7716951671875001 0.6991085718750001 0.7605722491613471 0.708097128068286 0.781077163183168 0.7334710004559771
0 0.5358270436926466 0.45326807305522515 0.5248377359375002 0.45275288281250015 0.5243612656823536 0.4629162706947752 0.5353505734375001 0.4634314609375002
3 0.524779264601609 0.40212908943299164 0.5149770301541912 0.39906810291866657 0.5058983655525822 0.42814082129817504 0.5157006 0.43120180781250006
4 0.5125 0.4796875 0.503125 0.4796875 0.503125 0.49375 0.5125 0.49375
4 0.471875 0.4265625 0.4609375 0.4265625 0.4609375 0.440625 0.471875 0.440625
4 0.37187500000000007 0.4546875 0.3671875000000001 0.4546875 0.3671875000000001 0.471875 0.37187500000000007 0.471875
0 0.11093750000000009 0.7359375 0.09531250000000009 0.7359375 0.09531250000000009 0.746875 0.11093750000000009 0.746875
4 0.11250000000000009 0.671875 0.10312500000000009 0.671875 0.10312500000000009 0.68125 0.11250000000000009 0.68125
0 0.2968750000000001 0.55625 0.2812500000000001 0.55625 0.2812500000000001 0.5703125 0.2968750000000001 0.5703125
3 0.4640625 0.540625 0.4453125 0.540625 0.4453125 0.5578125 0.4640625 0.5578125
0 0.3765625000000001 0.5078125 0.3656250000000001 0.5078125 0.3656250000000001 0.5265625 0.3765625000000001 0.5265625
3 0.44375 0.4984375 0.425 0.4984375 0.425 0.5265625 0.44375 0.5265625
0 0.703125 0.2390625000000001 0.6890625 0.2390625000000001 0.6890625 0.2640625000000001 0.703125 0.2640625000000001
4 0.821875 0.1359375000000001 0.815625 0.1359375000000001 0.815625 0.15625000000000008 0.821875 0.15625000000000008
4 0.7796875 0.07187500000000009 0.7640625 0.07187500000000009 0.7640625 0.08437500000000009 0.7796875 0.08437500000000009
0 0.890625 0.09843750000000011 0.88125 0.09843750000000011 0.88125 0.12343750000000009 0.890625 0.12343750000000009
4 0.4984375 0.4453125 0.4890625 0.4453125 0.4890625 0.4609375 0.4984375 0.4609375
0 0.8046875 0.7687500000000002 0.7937500000000002 0.7687500000000002 0.7937500000000002 0.7890625000000002 0.8046875 0.7890625000000002
2 0.8732389174090496 0.8481000303252362 0.855189490625 0.8284102765625004 0.8467750263409503 0.8361237431122645 0.8648244531249999 0.8558134968750002
0 0.8893458099828535 0.8303165632439928 0.8755802678409441 0.826892282306671 0.8716629094205908 0.8426399862501786 0.8854284515625002 0.8460642671875004
0 0.9272045850052942 0.8874813830223058 0.9116651890625 0.8692516031249999 0.9029315014675581 0.8766963572768882 0.9184708974103521 0.894926137174194
2 0.2468750000000001 0.3828125 0.2375000000000001 0.3828125 0.2375000000000001 0.396875 0.2468750000000001 0.396875
0 0.40692400548670465 0.3852290444859687 0.39464642656250004 0.3700816390625 0.3870702972654597 0.3762223953692056 0.3993478761896643 0.39136980079267425
4 0.5296875 0.56875 0.5203125 0.56875 0.5203125 0.584375 0.5296875 0.584375
6 0.55625 0.3531250000000001 0.515625 0.3531250000000001 0.515625 0.3906250000000001 0.55625 0.3906250000000001
1 0.6625 0.4640625 0.621875 0.4640625 0.621875 0.5484375 0.6625 0.5484375
2 0.6015625 0.684375 0.58125 0.684375 0.58125 0.709375 0.6015625 0.709375
2 0.5640625 0.6234375 0.540625 0.6234375 0.540625 0.6546875 0.5640625 0.6546875
2 0.559375 0.646875 0.534375 0.646875 0.534375 0.6796875 0.559375 0.6796875
2 0.509375 0.5953125 0.484375 0.5953125 0.484375 0.6296875 0.509375 0.6296875
2 0.7328125 0.6109375000000001 0.7140625 0.6109375 0.7140625 0.6546875000000001 0.7328125 0.6546875000000002
1 0.7859375000000001 0.7187500000000002 0.7421875 0.7187500000000002 0.7421875000000001 0.7765625000000002 0.7859375000000002 0.7765625000000002
2 0.81875 0.7468750000000002 0.7984375000000001 0.7468750000000002 0.7984375000000001 0.7765625000000002 0.81875 0.7765625000000002
3 0.871875 0.7625000000000002 0.846875 0.7625000000000002 0.846875 0.8 0.871875 0.8
6 0.36406250000000007 0.33437500000000003 0.3328125 0.334375 0.33281250000000007 0.37500000000000006 0.36406250000000007 0.3750000000000001
2 0.27031250000000007 0.3609375 0.2421875 0.3609375 0.24218750000000006 0.3921875 0.27031250000000007 0.3921875
2 0.30937500000000007 0.5203125 0.2796875000000001 0.5203125 0.2796875000000001 0.5515625 0.30937500000000007 0.5515625