3 0.2328125000000001 0.8203125 0.1984375000000001 0.8203125 0.1984375000000001 0.8421875 0.2328125000000001 0.8421875
1 0.2500000000000001 0.6609375 0.1921875000000001 0.6609375 0.1921875000000001 0.690625 0.2500000000000001 0.690625
1 0.3078125000000001 0.6546875 0.2500000000000001 0.6546875 0.2500000000000001 0.6859375 0.3078125000000001 0.6859375
2 0.07656250000000012 0.915625 0.057812500000000114 0.915625 0.057812500000000114 0.9359375 0.07656250000000012 0.9359375
0 0.15000000000000013 0.9546875 0.13437500000000013 0.9546875 0.13437500000000013 0.9734375 0.15000000000000013 0.9734375
4 0.2843750000000001 0.946875 0.2734375000000001 0.946875 0.2734375000000001 0.95625 0.2843750000000001 0.95625
4 0.3843750000000001 0.9484375 0.3734375000000001 0.9484375 0.3734375000000001 0.9578125 0.3843750000000001 0.9578125
0 0.5156250000000002 0.9515625 0.5015625000000001 0.9515625 0.5015625000000001 0.9625 0.5156250000000002 0.9625
2 0.4343750000000002 0.8078125 0.40937500000000016 0.8078125 0.40937500000000016 0.8328125 0.4343750000000002 0.8328125
0 0.5046875000000002 0.7765625 0.4968750000000002 0.7765625 0.4968750000000002 0.8015625 0.5046875000000002 0.8015625
2 0.6578125 0.6828125 0.6359375 0.6828125 0.6359375 0.703125 0.6578125 0.703125
2 0.7640625000000002 0.8171875 0.7437500000000001 0.8171875 0.7437500000000001 0.8375 0.7640625000000002 0.8375
2 0.8609375 0.7859375000000002 0.840625 0.7859375000000002 0.840625 0.80625 0.8609375 0.80625
2 0.9171875 0.8046875 0.896875 0.8046875 0.896875 0.825 0.9171875 0.825
4 0.4796875 0.2718750000000001 0.4734375 0.2718750000000001 0.4734375 0.2906250000000001 0.4796875 0.2906250000000001
4 0.51875 0.3890625000000001 0.515625 0.3890625000000001 0.515625 0.4109375 0.51875 0.4109375
4 0.53125 0.403125 0.525 0.403125 0.525 0.421875 0.53125 0.421875
4 0.4765625 0.4265625 0.471875 0.4265625 0.471875 0.4453125 0.4765625 0.4453125
4 0.4890625 0.5046875 0.484375 0.5046875 0.484375 0.5265625 0.4890625 0.5265625
4 0.4796875 0.5703125 0.4734375 0.5703125 0.4734375 0.590625 0.4796875 0.590625
4 0.4765625 0.6484375 0.4703125 0.6484375 0.4703125 0.6640625 0.4765625 0.6640625
4 0.4765625 0.671875 0.4703125 0.671875 0.4703125 0.6890625 0.4765625 0.6890625
4 0.5140625 0.66875 0.509375 0.66875 0.509375 0.6890625 0.5140625 0.6890625
4 0.53125 0.6203125 0.5265625 0.6203125 0.5265625 0.640625 0.53125 0.640625
4 0.057812500000000086 0.7078125 0.04531250000000009 0.7078125 0.04531250000000009 0.715625 0.057812500000000086 0.715625
4 0.015625000000000097 0.7859375 0.0031250000000000956 0.7859375 0.0031250000000000965 0.796875 0.0156250000000001 0.796875
4 0.10312500000000009 0.796875 0.08906250000000009 0.796875 0.08906250000000009 0.809375 0.10312500000000009 0.809375
4 0.1765625000000001 0.8109375 0.1625000000000001 0.8109375 0.1625000000000001 0.8203125 0.1765625000000001 0.8203125
4 0.21250000000000008 0.7828125 0.1984375000000001 0.7828125 0.1984375000000001 0.79375 0.21250000000000008 0.79375
4 0.2375000000000001 0.803125 0.2234375000000001 0.803125 0.2234375000000001 0.8125 0.2375000000000001 0.8125
4 0.2500000000000001 0.775 0.23593750000000008 0.775 0.23593750000000008 0.7859375 0.2500000000000001 0.7859375
4 0.2906250000000001 0.715625 0.27812500000000007 0.715625 0.27812500000000007 0.7234375 0.2906250000000001 0.7234375
4 0.3515625000000001 0.775 0.3375000000000001 0.775 0.3375000000000001 0.7859375 0.3515625000000001 0.7859375
4 0.3906250000000001 0.79375 0.3812500000000001 0.79375 0.3812500000000001 0.8046875 0.3906250000000001 0.8046875
4 0.4078125000000002 0.7859375 0.3968750000000001 0.7859375 0.3968750000000001 0.796875 0.4078125000000002 0.796875
4 0.40937500000000016 0.8015625 0.3968750000000001 0.8015625 0.3968750000000001 0.8109375 0.40937500000000016 0.8109375
4 0.4343750000000002 0.75 0.4234375000000002 0.75 0.4234375000000002 0.7640625 0.4343750000000002 0.7640625
4 0.5000000000000002 0.7671875 0.4890625000000002 0.7671875 0.4890625000000002 0.78125 0.5000000000000002 0.78125
4 0.5093750000000001 0.753125 0.5031250000000002 0.753125 0.5031250000000002 0.771875 0.5093750000000001 0.771875
4 0.5796875000000001 0.7828125 0.5703125000000002 0.7828125 0.5703125000000002 0.79375 0.5796875000000001 0.79375
4 0.4437500000000002 0.8578125 0.43281250000000016 0.8578125 0.43281250000000016 0.86875 0.4437500000000002 0.86875
4 0.02656250000000011 0.921875 0.01562500000000011 0.921875 0.015625000000000114 0.93125 0.02656250000000011 0.93125
4 0.678125 0.709375 0.6640625 0.709375 0.6640625 0.71875 0.678125 0.71875
4 0.8453125 0.7421875000000002 0.834375 0.7421875000000002 0.834375 0.7531250000000002 0.8453125 0.7531250000000002