2 0.03906250000000007 0.5203125 0.028125000000000067 0.5203125 0.028125000000000067 0.565625 0.03906250000000007 0.565625
2 0.2156250000000001 0.3671875 0.20312500000000008 0.3671875 0.20312500000000008 0.4015625 0.2156250000000001 0.4015625
2 0.2250000000000001 0.4640625 0.2171875000000001 0.4640625 0.2171875000000001 0.5078125 0.2250000000000001 0.5078125
2 0.2250000000000001 0.5046875 0.2140625000000001 0.5046875 0.2140625000000001 0.5375 0.2250000000000001 0.5375
2 0.060937500000000075 0.628125 0.037500000000000075 0.628125 0.037500000000000075 0.640625 0.06093750000000009 0.640625
2 0.02968750000000008 0.6421875 0.009375000000000078 0.6421875 0.00937500000000008 0.6609375 0.02968750000000008 0.6609375
2 0.4265625 0.45625 0.415625 0.45625 0.415625 0.4875 0.4265625 0.4875
2 0.425 0.4984375 0.415625 0.4984375 0.415625 0.534375 0.425 0.534375
2 0.46875 0.3828125000000001 0.45625 0.3828125000000001 0.45625 0.4171875 0.46875 0.4171875
2 0.4359375 0.3984375000000001 0.425 0.3984375000000001 0.425 0.4234375 0.4359375 0.4234375
2 0.4640625 0.56875 0.4546875 0.56875 0.4546875 0.6046875 0.4640625 0.6046875
2 0.46875 0.6234375 0.4546875 0.6234375 0.4546875 0.659375 0.46875 0.659375
2 0.4578125 0.6390625 0.4453125 0.6390625 0.4453125 0.6796875 0.4578125 0.6796875
2 0.4593750000000001 0.7 0.44375 0.7 0.4437500000000001 0.7390625 0.4593750000000002 0.7390625
2 0.4625000000000002 0.7578125 0.4468750000000002 0.7578125 0.4468750000000002 0.8046875 0.4625000000000002 0.8046875
2 0.44843750000000016 0.79375 0.4390625000000002 0.79375 0.4390625000000002 0.8296875 0.44843750000000016 0.8296875
2 0.3984375000000001 0.7546875 0.3890625000000001 0.7546875 0.3890625000000001 0.790625 0.3984375000000001 0.790625
2 0.20468750000000008 0.7125 0.1843750000000001 0.7125 0.1843750000000001 0.7359375 0.20468750000000008 0.7359375
2 0.3937500000000001 0.8359375 0.3843750000000001 0.8359375 0.3843750000000001 0.8578125 0.3937500000000001 0.8578125
2 0.39531250000000007 0.85625 0.3843750000000001 0.85625 0.3843750000000001 0.875 0.39531250000000007 0.875
2 0.3968750000000001 0.86875 0.3843750000000001 0.86875 0.3843750000000001 0.8984375 0.3968750000000001 0.8984375
2 0.3921875000000001 0.934375 0.37968750000000007 0.934375 0.37968750000000007 0.9625 0.3921875000000001 0.9625
2 0.5359375 0.3437500000000001 0.515625 0.3437500000000001 0.515625 0.3656250000000001 0.5359375 0.3656250000000001
2 0.5296875 0.37968750000000007 0.5125 0.37968750000000007 0.5125 0.40625 0.5296875 0.40625
2 0.5453125 0.40625 0.528125 0.40625 0.528125 0.4328125 0.5453125 0.4328125
2 0.5796875 0.4546875 0.5625 0.4546875 0.5625 0.478125 0.5796875 0.478125
2 0.615625 0.4546875 0.5953125 0.4546875 0.5953125 0.478125 0.615625 0.478125
2 0.525 0.565625 0.5109375 0.565625 0.5109375 0.6 0.525 0.6
2 0.5484375000000001 0.725 0.534375 0.725 0.534375 0.75625 0.5484375000000001 0.75625
2 0.5343750000000002 0.728125 0.5234375000000002 0.728125 0.5234375000000002 0.7640625 0.5343750000000002 0.7640625
2 0.5484375000000001 0.7625 0.5343750000000002 0.7625 0.5343750000000002 0.7828125 0.5484375000000001 0.7828125
2 0.5328125000000001 0.8375 0.5234375000000002 0.8375 0.5234375000000002 0.8703125 0.5328125000000001 0.8703125
2 0.5234375000000002 0.915625 0.5156250000000002 0.915625 0.5156250000000002 0.95625 0.5234375000000002 0.95625
2 0.5718750000000001 0.965625 0.5515625000000002 0.965625 0.5515625000000002 0.9828125 0.5718750000000001 0.9828125
2 0.5718750000000001 0.9828125 0.5562500000000001 0.9828125 0.5562500000000001 0.9984375 0.5718750000000001 0.9984375
2 0.8171875 0.878125 0.80625 0.878125 0.80625 0.9125 0.8171875 0.9125
2 0.8453125 0.890625 0.83125 0.890625 0.83125 0.928125 0.8453125 0.928125
2 0.853125 0.8875 0.8421875 0.8875 0.8421875 0.93125 0.853125 0.93125
2 0.8140625 0.94375 0.7953125000000002 0.94375 0.7953125000000002 0.9625 0.8140625 0.9625
2 0.8109375 0.965625 0.7921875000000002 0.965625 0.7921875000000002 0.98125 0.8109375 0.98125
2 0.8046875 0.9828125 0.7921875000000002 0.9828125 0.7921875000000002 1 0.8046875 1
2 0.840625 0.5171875000000001 0.815625 0.5171875000000001 0.815625 0.5375000000000002 0.840625 0.5375000000000002
2 0.91875 0.3437500000000001 0.896875 0.3437500000000001 0.896875 0.3671875000000001 0.91875 0.3671875000000001
2 0.925 0.32500000000000007 0.9078125 0.32500000000000007 0.9078125 0.34843750000000007 0.925 0.34843750000000007
2 0.840625 0.2828125000000001 0.821875 0.2828125000000001 0.821875 0.3156250000000001 0.840625 0.3156250000000001
2 0.8328125 0.2593750000000001 0.825 0.2593750000000001 0.825 0.2890625000000001 0.8328125 0.2890625000000001
2 0.8140625 0.34843750000000007 0.7953125 0.34843750000000007 0.7953125 0.3687500000000001 0.8140625 0.3687500000000001
2 0.7453125 0.3468750000000001 0.7203125 0.3468750000000001 0.7203125 0.3703125000000001 0.7453125 0.3703125000000001
2 0.6453125 0.3312500000000001 0.625 0.3312500000000001 0.625 0.34843750000000007 0.6453125 0.34843750000000007
2 0.68125 0.5 0.665625 0.5 0.665625 0.521875 0.68125 0.521875
2 0.69375 0.509375 0.678125 0.509375 0.678125 0.528125 0.69375 0.528125
2 0.696875 0.5265625 0.6828125 0.5265625 0.6828125 0.565625 0.696875 0.565625
2 0.903125 0.5234375000000002 0.884375 0.5234375000000002 0.884375 0.5421875000000002 0.903125 0.5421875000000002
2 0.53125 0.2875000000000001 0.5203125 0.2875000000000001 0.5203125 0.3218750000000001 0.53125 0.3218750000000001
0 0.5578125 0.2750000000000001 0.546875 0.2750000000000001 0.546875 0.30156250000000007 0.5578125 0.30156250000000007
0 0.6984375 0.3109375000000001 0.684375 0.3109375000000001 0.684375 0.3281250000000001 0.6984375 0.3281250000000001
2 0.7140625 0.2718750000000001 0.7046875 0.2718750000000001 0.7046875 0.30156250000000007 0.7140625 0.30156250000000007
3 0.7125 0.3000000000000001 0.6984375 0.3000000000000001 0.6984375 0.3156250000000001 0.7125 0.3156250000000001
0 0.775 0.26250000000000007 0.7640625 0.26250000000000007 0.7640625 0.2875000000000001 0.775 0.2875000000000001
0 0.6328125 0.48125 0.6171875 0.48125 0.6171875 0.4984375 0.6328125 0.4984375
0 0.728125 0.5078125000000001 0.7171875 0.5078125 0.7171875 0.5250000000000001 0.728125 0.5250000000000001
0 0.5578125 0.4890625 0.546875 0.4890625 0.546875 0.5125 0.5578125 0.5125
0 0.5453125 0.528125 0.5359375 0.528125 0.5359375 0.5515625 0.5453125 0.5515625
0 0.5375 0.5703125 0.5296875 0.5703125 0.5296875 0.590625 0.5375 0.590625
0 0.5421875 0.6390625 0.534375 0.6390625 0.534375 0.6625 0.5421875 0.6625
0 0.5375 0.32500000000000007 0.5265625 0.32500000000000007 0.5265625 0.3515625000000001 0.5375 0.3515625000000001
0 0.5171875 0.696875 0.5109375 0.696875 0.5109375 0.7171875 0.5171875 0.7171875
0 0.5218750000000002 0.765625 0.5109375000000002 0.765625 0.5109375000000002 0.796875 0.5218750000000002 0.796875
0 0.5390625000000002 0.784375 0.5281250000000002 0.784375 0.5281250000000002 0.8078125 0.5390625000000002 0.8078125
0 0.5421875000000002 0.80625 0.5359375000000002 0.80625 0.5359375000000002 0.828125 0.5421875000000002 0.828125
0 0.5453125000000002 0.8328125 0.5359375000000002 0.8328125 0.5359375000000002 0.853125 0.5453125000000002 0.853125
0 0.5468750000000002 0.8515625 0.5375000000000002 0.8515625 0.5375000000000002 0.8734375 0.5468750000000002 0.8734375
0 0.5484375000000001 0.878125 0.5343750000000002 0.878125 0.5343750000000002 0.9015625 0.5484375000000001 0.9015625
0 0.5453125000000002 0.890625 0.5343750000000002 0.890625 0.5343750000000002 0.9203125 0.5453125000000002 0.9203125
0 0.4671875 0.525 0.45625 0.525 0.45625 0.5546875 0.4671875 0.5546875
0 0.4203125 0.5859375 0.40625 0.5859375 0.40625 0.6140625 0.4203125 0.6140625
0 0.403125 0.596875 0.3890625000000001 0.596875 0.3890625000000001 0.615625 0.403125 0.615625
0 0.3984375000000001 0.696875 0.3859375000000001 0.696875 0.3859375000000001 0.7140625 0.3984375000000001 0.7140625
2 0.528125 0.428125 0.515625 0.428125 0.515625 0.4546875 0.528125 0.4546875
0 0.32500000000000007 0.6734375 0.3062500000000001 0.6734375 0.3062500000000001 0.690625 0.32500000000000007 0.690625
0 0.2656250000000001 0.678125 0.2484375000000001 0.678125 0.2484375000000001 0.7015625 0.2656250000000001 0.7015625
0 0.5312500000000002 0.953125 0.5218750000000002 0.953125 0.5218750000000002 0.9765625 0.5312500000000002 0.9765625
0 0.5296875000000002 0.971875 0.5187500000000002 0.971875 0.5187500000000002 1 0.5296875000000002 1
0 0.5421875000000002 0.9515625 0.5312500000000002 0.9515625 0.5312500000000002 0.978125 0.5421875000000002 0.978125
0 0.29375000000000007 0.696875 0.27812500000000007 0.696875 0.27812500000000007 0.715625 0.29375000000000007 0.715625
4 0.012500000000000084 0.6796875 8.323771212954667e-17 0.6796875 8.448149403493069e-17 0.7 0.012500000000000084 0.7
4 0.03906250000000008 0.678125 0.028125000000000077 0.678125 0.028125000000000084 0.696875 0.03906250000000009 0.696875
4 0.02656250000000009 0.6921875 0.015625000000000083 0.6921875 0.015625000000000087 0.70625 0.02656250000000009 0.70625
4 0.07187500000000009 0.671875 0.06093750000000009 0.671875 0.06093750000000009 0.690625 0.07187500000000009 0.690625
4 0.08125000000000009 0.6890625 0.07187500000000009 0.6890625 0.07187500000000009 0.703125 0.08125000000000009 0.703125
4 0.10312500000000009 0.6828125 0.0906250000000001 0.6828125 0.0906250000000001 0.6921875 0.10312500000000009 0.6921875
4 0.10156250000000008 0.7 0.09218750000000009 0.7 0.09218750000000009 0.7171875 0.10156250000000008 0.7171875
4 0.1437500000000001 0.6671875 0.13281250000000008 0.6671875 0.13281250000000008 0.6859375 0.1437500000000001 0.6859375
4 0.1750000000000001 0.6796875 0.1609375000000001 0.6796875 0.1609375000000001 0.6984375 0.1750000000000001 0.6984375
4 0.2015625000000001 0.671875 0.18906250000000008 0.671875 0.18906250000000008 0.684375 0.2015625000000001 0.684375
4 0.21093750000000008 0.6796875 0.19687500000000008 0.6796875 0.19687500000000008 0.69375 0.21093750000000008 0.69375
4 0.2296875000000001 0.66875 0.21875000000000008 0.66875 0.21875000000000008 0.6828125 0.2296875000000001 0.6828125
4 0.2500000000000001 0.68125 0.23593750000000008 0.68125 0.23593750000000008 0.6953125 0.2500000000000001 0.6953125
4 0.2578125000000001 0.665625 0.24375000000000008 0.665625 0.24375000000000008 0.68125 0.2578125000000001 0.68125
4 0.2734375000000001 0.671875 0.26250000000000007 0.671875 0.26250000000000007 0.6890625 0.2734375000000001 0.6890625
4 0.2968750000000001 0.6640625 0.2875000000000001 0.6640625 0.2875000000000001 0.68125 0.2968750000000001 0.68125
4 0.3062500000000001 0.6421875 0.2968750000000001 0.6421875 0.2968750000000001 0.6546875 0.3062500000000001 0.6546875
4 0.3187500000000001 0.6296875 0.3062500000000001 0.6296875 0.3062500000000001 0.64375 0.3187500000000001 0.64375
4 0.3265625000000001 0.6375 0.3140625000000001 0.6375 0.3140625000000001 0.6609375 0.3265625000000001 0.6609375
4 0.32500000000000007 0.6578125 0.3125000000000001 0.6578125 0.3125000000000001 0.6796875 0.32500000000000007 0.6796875
4 0.35625000000000007 0.61875 0.34062500000000007 0.61875 0.34062500000000007 0.6375 0.35625000000000007 0.6375
4 0.35625000000000007 0.5953125 0.3468750000000001 0.5953125 0.3468750000000001 0.6125 0.35625000000000007 0.6125
4 0.37187500000000007 0.6125 0.3625000000000001 0.6125 0.3625000000000001 0.63125 0.37187500000000007 0.63125
4 0.38750000000000007 0.621875 0.3734375000000001 0.621875 0.3734375000000001 0.64375 0.38750000000000007 0.64375
4 0.36406250000000007 0.6671875 0.3531250000000001 0.6671875 0.3531250000000001 0.6828125 0.36406250000000007 0.6828125
4 0.3859375000000001 0.6625 0.3750000000000001 0.6625 0.3750000000000001 0.6828125 0.3859375000000001 0.6828125
4 0.4109375 0.6609375 0.4015625 0.6609375 0.4015625 0.675 0.4109375 0.675
4 0.440625 0.671875 0.4328125 0.671875 0.4328125 0.6921875 0.440625 0.6921875
4 0.4437500000000002 0.7328125 0.4390625000000002 0.7328125 0.4390625000000002 0.759375 0.4437500000000002 0.759375
4 0.45 0.615625 0.440625 0.615625 0.440625 0.6390625 0.45 0.6390625
4 0.446875 0.5765625 0.4421875 0.5765625 0.4421875 0.5953125 0.446875 0.5953125
4 0.4546875 0.5765625 0.45 0.5765625 0.45 0.5984375 0.4546875 0.5984375
4 0.453125 0.5625 0.4453125 0.5625 0.4453125 0.5796875 0.453125 0.5796875
4 0.4578125 0.5484375 0.45 0.5484375 0.45 0.565625 0.4578125 0.565625
4 0.4546875 0.5265625 0.4421875 0.5265625 0.4421875 0.5484375 0.4546875 0.5484375
4 0.4421875 0.5203125 0.434375 0.5203125 0.434375 0.534375 0.4421875 0.534375
4 0.4390625 0.5484375 0.428125 0.5484375 0.428125 0.5734375 0.4390625 0.5734375
4 0.4671875 0.41875 0.4578125 0.41875 0.4578125 0.4375 0.4671875 0.4375
4 0.54375 0.4796875 0.5328125 0.4796875 0.5328125 0.5015625 0.54375 0.5015625
4 0.546875 0.471875 0.540625 0.471875 0.540625 0.496875 0.546875 0.496875
4 0.5484375 0.453125 0.5375 0.453125 0.5375 0.475 0.5484375 0.475
4 0.5578125 0.453125 0.5484375 0.453125 0.5484375 0.4734375 0.5578125 0.4734375
4 0.565625 0.4328125 0.5515625 0.4328125 0.5515625 0.4578125 0.565625 0.4578125
4 0.5421875 0.50625 0.53125 0.50625 0.53125 0.5265625 0.5421875 0.5265625
4 0.546875 0.496875 0.540625 0.496875 0.540625 0.5203125 0.546875 0.5203125
4 0.590625 0.4796875 0.5828125 0.4796875 0.5828125 0.496875 0.590625 0.496875
4 0.56875 0.4875 0.559375 0.4875 0.559375 0.50625 0.56875 0.50625
4 0.5703125 0.4984375 0.5546875 0.4984375 0.5546875 0.521875 0.5703125 0.521875
4 0.5640625 0.475 0.5546875 0.475 0.5546875 0.4890625 0.5640625 0.4890625
4 0.55625 0.3375000000000001 0.5453125 0.3375000000000001 0.5453125 0.3593750000000001 0.55625 0.3593750000000001
4 0.5171875000000001 0.746875 0.5109375000000002 0.746875 0.5109375000000002 0.765625 0.5171875000000001 0.765625
4 0.5171875000000001 0.85 0.5109375000000002 0.85 0.5109375000000002 0.871875 0.5171875000000001 0.871875
4 0.5125000000000002 0.846875 0.5046875000000002 0.846875 0.5046875000000002 0.8671875 0.5125000000000002 0.8671875
4 0.5062500000000002 0.83125 0.5015625000000001 0.83125 0.5015625000000001 0.85 0.5062500000000002 0.85
4 0.5296875000000002 0.9234375 0.5218750000000002 0.9234375 0.5218750000000002 0.94375 0.5296875000000002 0.94375
4 0.5390625000000002 0.925 0.5312500000000002 0.925 0.5312500000000002 0.9484375 0.5390625000000002 0.9484375
4 0.5171875000000001 0.978125 0.5078125000000002 0.978125 0.5078125000000002 1 0.5171875000000001 1
2 0.44843750000000016 0.9703125 0.4343750000000002 0.9703125 0.4343750000000002 1 0.44843750000000016 1
4 0.5265625 0.6546875 0.5171875 0.6546875 0.5171875 0.6828125 0.5265625 0.6828125
4 0.5328125 0.6875 0.51875 0.6875 0.51875 0.7140625 0.5328125 0.7140625
4 0.878125 0.48437500000000017 0.8640625 0.48437500000000017 0.8640625 0.5046875000000002 0.878125 0.5046875000000002
4 0.9046875 0.4984375000000002 0.8890625 0.4984375000000002 0.8890625 0.5140625000000002 0.9046875 0.5140625000000002
4 0.86875 0.35625000000000007 0.8578125 0.35625000000000007 0.8578125 0.37968750000000007 0.86875 0.37968750000000007
4 0.8953125 0.36406250000000007 0.878125 0.36406250000000007 0.878125 0.3812500000000001 0.8953125 0.3812500000000001
4 0.8078125 0.30937500000000007 0.79375 0.30937500000000007 0.79375 0.3281250000000001 0.8078125 0.3281250000000001
4 0.7421875 0.3046875000000001 0.7296875 0.3046875000000001 0.7296875 0.31718750000000007 0.7421875 0.31718750000000007
4 0.609375 0.3453125000000001 0.596875 0.3453125000000001 0.596875 0.36406250000000007 0.609375 0.36406250000000007
4 0.5921875 0.3140625000000001 0.578125 0.3140625000000001 0.578125 0.33281250000000007 0.5921875 0.33281250000000007
4 0.5765625 0.3437500000000001 0.5625 0.3437500000000001 0.5625 0.3656250000000001 0.5765625 0.3656250000000001
4 0.5546875 0.3125000000000001 0.5421875 0.3125000000000001 0.5421875 0.3375000000000001 0.5546875 0.3375000000000001
4 0.5390625 0.2828125000000001 0.5296875 0.2828125000000001 0.5296875 0.3046875000000001 0.5390625 0.3046875000000001
4 0.54375 0.25468750000000007 0.5328125 0.25468750000000007 0.5328125 0.2796875000000001 0.54375 0.2796875000000001
4 0.534375 0.2312500000000001 0.5265625 0.2312500000000001 0.5265625 0.2531250000000001 0.534375 0.2531250000000001
4 0.540625 0.2296875000000001 0.534375 0.2296875000000001 0.534375 0.2500000000000001 0.540625 0.2500000000000001
4 0.5421875 0.16406250000000006 0.534375 0.16406250000000006 0.534375 0.18750000000000006 0.5421875 0.18750000000000006
4 0.534375 0.15468750000000003 0.5265625 0.15468750000000003 0.5265625 0.17812500000000003 0.534375 0.17812500000000003
4 0.534375 0.09375000000000007 0.5234375 0.09375000000000007 0.5234375 0.12343750000000005 0.534375 0.12343750000000005
4 0.521875 0.06875000000000006 0.5140625 0.06875000000000006 0.5140625 0.09375000000000007 0.521875 0.09375000000000007
4 0.528125 0.034375000000000065 0.515625 0.034375000000000065 0.515625 0.07031250000000007 0.528125 0.07031250000000007
2 0.5484375 0.017187500000000067 0.5375 0.017187500000000067 0.5375 0.06718750000000007 0.5484375 0.06718750000000007
2 0.6265625 7.558366963487571e-17 0.6078125 7.443556326067507e-17 0.6078125 0.021875000000000075 0.6265625 0.02187500000000008
2 0.634375 0.023437500000000076 0.6109375 0.023437500000000073 0.6109375 0.039062500000000076 0.634375 0.039062500000000076
2 0.6203125 0.046875000000000076 0.603125 0.046875000000000076 0.603125 0.06093750000000007 0.6203125 0.06093750000000007
2 0.6015625 0.045312500000000075 0.5765625 0.04531250000000007 0.5765625 0.06718750000000007 0.6015625 0.06718750000000007
2 0.5875 0.09843750000000007 0.571875 0.09843750000000007 0.571875 0.1140625000000001 0.5875 0.1140625000000001
2 0.578125 0.10468750000000009 0.559375 0.10468750000000009 0.559375 0.12656250000000008 0.578125 0.12656250000000008
2 0.5734375 0.12031250000000009 0.5578125 0.12031250000000009 0.5578125 0.14218750000000008 0.5734375 0.14218750000000008
2 0.578125 0.1375000000000001 0.5515625 0.1375000000000001 0.5515625 0.1546875000000001 0.578125 0.1546875000000001
2 0.578125 0.1531250000000001 0.55625 0.1531250000000001 0.55625 0.17343750000000008 0.578125 0.17343750000000008
2 0.578125 0.1750000000000001 0.5609375 0.1750000000000001 0.5609375 0.20312500000000008 0.578125 0.20312500000000008
2 0.571875 0.1906250000000001 0.5578125 0.1906250000000001 0.5578125 0.22031250000000008 0.571875 0.22031250000000008
3 0.5875 0.24218750000000008 0.571875 0.24218750000000008 0.571875 0.2828125000000001 0.5875 0.2828125000000001
3 0.815625 0.21093750000000008 0.8015625 0.21093750000000008 0.8015625 0.2390625000000001 0.815625 0.2390625000000001
0 0.875 0.1609375000000001 0.8625 0.1609375000000001 0.8625 0.19531250000000008 0.875 0.19531250000000008
4 0.7578125 0.47187500000000016 0.740625 0.47187500000000016 0.740625 0.49531250000000016 0.7578125 0.49531250000000016
4 0.64375 0.471875 0.634375 0.471875 0.634375 0.49375 0.64375 0.49375
4 0.603125 0.4875 0.5921875 0.4875 0.5921875 0.503125 0.603125 0.503125
4 0.596875 0.4953125 0.5890625 0.4953125 0.5890625 0.5140625 0.596875 0.5140625
4 0.590625 0.5 0.575 0.5 0.575 0.5171875 0.590625 0.5171875
4 0.459375 0.15625000000000006 0.4546875 0.15625000000000006 0.4546875 0.17812500000000003 0.459375 0.17812500000000003
4 0.4578125 0.08750000000000005 0.45 0.08750000000000005 0.45 0.11406250000000004 0.4578125 0.11406250000000004
4 0.459375 0.053125000000000054 0.45 0.05312500000000005 0.45 0.07656250000000006 0.459375 0.07656250000000006
2 0.46875 0.04218750000000006 0.4578125 0.04218750000000006 0.4578125 0.08281250000000007 0.46875 0.08281250000000007
4 0.4546875 0.2531250000000001 0.4390625 0.2531250000000001 0.4390625 0.2890625000000001 0.4546875 0.2890625000000001
4 0.45 0.17031250000000003 0.4421875 0.17031250000000003 0.4421875 0.18906250000000005 0.45 0.18906250000000005
3 0.45625 0.30156250000000007 0.4453125 0.30156250000000007 0.4453125 0.3375000000000001 0.45625 0.3375000000000001
3 0.4421875 0.3078125000000001 0.4296875 0.3078125000000001 0.4296875 0.3437500000000001 0.4421875 0.3437500000000001
4 0.9453125 0.3312500000000001 0.93125 0.3312500000000001 0.93125 0.3500000000000001 0.9453125 0.3500000000000001
4 0.990625 0.3750000000000001 0.9765625 0.3750000000000001 0.9765625 0.3890625000000001 0.990625 0.3890625000000001
2 0.4359375 0.16875000000000004 0.4203125 0.16875000000000004 0.4203125 0.19218750000000004 0.4359375 0.19218750000000004
2 0.415625 0.16562500000000005 0.4078125 0.16562500000000005 0.4078125 0.19843750000000004 0.415625 0.19843750000000004
2 0.4125 0.14218750000000005 0.4 0.14218750000000005 0.4 0.18593750000000003 0.4125 0.18593750000000003
2 0.346875 0.09218750000000005 0.3265625 0.09218750000000005 0.3265625 0.11562500000000005 0.346875 0.11562500000000005
2 0.36875 0.03906250000000004 0.353125 0.03906250000000004 0.353125 0.08593750000000004 0.36875 0.08593750000000004
2 0.346875 0.03750000000000005 0.3328125 0.03750000000000005 0.3328125 0.07031250000000004 0.346875 0.07031250000000004
2 0.3015625 0.08125000000000004 0.2828125 0.08125000000000004 0.2828125 0.10000000000000005 0.3015625 0.10000000000000005
2 0.3140625 0.07968750000000005 0.3 0.07968750000000005 0.3 0.10937500000000004 0.3140625 0.10937500000000004
2 0.2375 0.06250000000000003 0.215625 0.06250000000000003 0.215625 0.07968750000000002 0.2375 0.07968750000000002
2 0.2 0.05312500000000002 0.1828125 0.05312500000000002 0.1828125 0.07031250000000003 0.2 0.07031250000000003
2 0.2171875 0.05312500000000002 0.1984375 0.05312500000000002 0.1984375 0.07343750000000002 0.2171875 0.07343750000000002
2 0.196875 0.07343750000000002 0.1765625 0.07343750000000002 0.1765625 0.09687500000000002 0.196875 0.09687500000000002
2 0.1046875 0.02031250000000001 0.084375 0.02031250000000001 0.084375 0.046875000000000014 0.1046875 0.046875000000000014
2 0.046875000000000014 0.065625 0.039062500000000014 0.065625 0.039062500000000014 0.1015625 0.046875000000000014 0.1015625
2 0.048437500000000015 0.1046875 0.039062500000000014 0.1046875 0.039062500000000014 0.140625 0.04843750000000002 0.140625
2 0.04687500000000003 0.196875 0.03906250000000002 0.196875 0.03906250000000003 0.234375 0.046875000000000035 0.234375
2 0.234375 0.2390625 0.225 0.2390625 0.225 0.2703125 0.234375 0.2703125
2 0.21875 0.2875 0.209375 0.2875 0.209375 0.315625 0.21875 0.315625