0 0.0546875 5.1664786839028965e-18 0.0296875 3.6356701849687045e-18 0.0296875 0.034375 0.0546875 0.03437500000000001
4 0.06406250000000002 0.125 0.046875000000000014 0.125 0.046875000000000014 0.146875 0.06406250000000002 0.146875
4 0.06718750000000002 0.0984375 0.04843750000000001 0.0984375 0.04843750000000001 0.1171875 0.06718750000000002 0.1171875
4 0.146875 0.121875 0.13125 0.121875 0.13125 0.140625 0.146875 0.140625
4 0.146875 0.159375 0.13125 0.159375 0.13125 0.1796875 0.146875 0.1796875
4 0.2078125 0.16718750000000004 0.190625 0.16718750000000004 0.19062500000000002 0.18593750000000003 0.2078125 0.18593750000000003
4 0.020312500000000004 0.046875 0.0062500000000000056 0.046875 0.006250000000000007 0.065625 0.020312500000000004 0.065625
4 0.02187500000000001 0.059375 0.006250000000000008 0.059375 0.006250000000000008 0.0734375 0.021875000000000012 0.0734375
4 0.021875000000000012 0.06875 0.0015625000000000083 0.06875 0.0015625000000000094 0.0875 0.021875000000000012 0.0875
4 0.284375 0.14375000000000004 0.271875 0.14375000000000004 0.271875 0.16406250000000006 0.284375 0.16406250000000006
4 0.30625 0.13593750000000004 0.290625 0.13593750000000004 0.290625 0.15312500000000004 0.30625 0.15312500000000004
4 0.321875 0.12031250000000004 0.30625 0.12031250000000004 0.30625 0.14062500000000006 0.321875 0.14062500000000006
2 0.325 0.15625000000000006 0.2953125 0.15625000000000006 0.2953125 0.18125000000000005 0.325 0.18125000000000005
2 0.3625 0.14375000000000004 0.340625 0.14375000000000004 0.340625 0.17031250000000003 0.3625 0.17031250000000003
2 0.409375 0.15312500000000004 0.3828125 0.15312500000000004 0.3828125 0.18281250000000004 0.409375 0.18281250000000004
2 0.4046875 0.18437500000000004 0.3765625 0.18437500000000004 0.3765625 0.21093750000000008 0.4046875 0.21093750000000008
2 0.4078125 0.20468750000000008 0.38125 0.20468750000000008 0.38125 0.23593750000000008 0.4078125 0.23593750000000008
2 0.4515625 0.16250000000000003 0.425 0.16250000000000003 0.425 0.19062500000000004 0.4515625 0.19062500000000004
4 0.471875 0.14531250000000004 0.45625 0.14531250000000004 0.45625 0.16562500000000005 0.471875 0.16562500000000005
4 0.4453125 0.19218750000000004 0.43125 0.19218750000000004 0.43125 0.2078125000000001 0.4453125 0.2078125000000001
4 0.4390625 0.20468750000000008 0.425 0.20468750000000008 0.425 0.2218750000000001 0.4390625 0.2218750000000001
2 0.4484375 0.2171875000000001 0.41875 0.2171875000000001 0.41875 0.2468750000000001 0.4484375 0.2468750000000001
4 0.56875 0.17343750000000008 0.5546875 0.17343750000000008 0.5546875 0.1937500000000001 0.56875 0.1937500000000001
0 0.503125 0.21093750000000008 0.484375 0.21093750000000008 0.484375 0.2406250000000001 0.503125 0.2406250000000001
0 0.4984375 0.23593750000000008 0.4828125 0.23593750000000008 0.4828125 0.2640625000000001 0.4984375 0.2640625000000001
2 0.4859375 0.2484375000000001 0.4609375 0.2484375000000001 0.4609375 0.2984375000000001 0.4859375 0.2984375000000001
2 0.471875 0.2015625000000001 0.446875 0.2015625000000001 0.446875 0.2375000000000001 0.471875 0.2375000000000001
2 0.49375 0.17500000000000004 0.4640625 0.17500000000000004 0.4640625 0.2062500000000001 0.49375 0.2062500000000001
0 0.515625 0.13593750000000004 0.4953125 0.13593750000000004 0.4953125 0.15781250000000005 0.515625 0.15781250000000005
0 0.5125 0.16406250000000006 0.4921875 0.16406250000000006 0.4921875 0.18593750000000003 0.5125 0.18593750000000003
2 0.540625 0.2218750000000001 0.5125 0.2218750000000001 0.5125 0.2515625000000001 0.540625 0.2515625000000001
4 0.5625 0.3125000000000001 0.5484375 0.3125000000000001 0.5484375 0.3375000000000001 0.5625 0.3375000000000001
4 0.5875 0.2671875000000001 0.5734375 0.2671875000000001 0.5734375 0.2906250000000001 0.5875 0.2906250000000001
4 0.5890625 0.3234375000000001 0.575 0.3234375000000001 0.575 0.3421875000000001 0.5890625 0.3421875000000001
2 0.571875 0.06406250000000006 0.5515625 0.06406250000000006 0.5515625 0.10781250000000009 0.571875 0.10781250000000009
2 0.528125 0.3187500000000001 0.503125 0.3187500000000001 0.503125 0.3656250000000001 0.528125 0.3656250000000001
0 0.5453125 0.35625000000000007 0.5296875 0.35625000000000007 0.5296875 0.38750000000000007 0.5453125 0.38750000000000007
2 0.596875 0.2218750000000001 0.571875 0.2218750000000001 0.571875 0.2500000000000001 0.596875 0.2500000000000001
3 0.35781250000000003 0.3578125 0.3390625 0.3578125 0.33906250000000004 0.3859375 0.3578125000000001 0.3859375
6 0.3593750000000001 0.3984375 0.3343750000000001 0.3984375 0.3343750000000001 0.421875 0.3593750000000001 0.421875
2 0.64375 0.05000000000000008 0.625 0.050000000000000065 0.625 0.08906250000000007 0.64375 0.08906250000000009
2 0.6328125 7.644474941552619e-17 0.615625 7.539231857250894e-17 0.615625 0.028125000000000077 0.6328125 0.028125000000000077
2 0.5515625 6.630314311008718e-17 0.53125 6.505936120470313e-17 0.53125 0.018750000000000065 0.5515625 0.018750000000000065
4 0.7046875 0.11562500000000009 0.6921875 0.11562500000000009 0.6921875 0.1375000000000001 0.7046875 0.1375000000000001
4 0.6875 0.1140625000000001 0.6765625 0.1140625000000001 0.6765625 0.14218750000000008 0.6875 0.14218750000000008
4 0.7140625 0.11250000000000009 0.7046875 0.11250000000000009 0.7046875 0.1390625000000001 0.7140625 0.1390625000000001
4 0.778125 0.21875000000000008 0.7640625 0.21875000000000008 0.7640625 0.2406250000000001 0.778125 0.2406250000000001
4 0.8078125 0.23437500000000008 0.7953125 0.23437500000000008 0.7953125 0.2531250000000001 0.8078125 0.2531250000000001
4 0.66875 0.2140625000000001 0.6546875 0.2140625000000001 0.6546875 0.2328125000000001 0.66875 0.2328125000000001
4 0.6125 0.18125000000000008 0.5984375 0.18125000000000008 0.5984375 0.20468750000000008 0.6125 0.20468750000000008
3 0.628125 0.20312500000000008 0.603125 0.20312500000000008 0.603125 0.22812500000000008 0.628125 0.22812500000000008
0 0.68125 0.17343750000000008 0.6609375 0.17343750000000008 0.6609375 0.1984375000000001 0.68125 0.1984375000000001
3 0.7015625 0.2000000000000001 0.678125 0.2000000000000001 0.678125 0.22656250000000008 0.7015625 0.22656250000000008
4 0.7375 0.1515625000000001 0.71875 0.1515625000000001 0.71875 0.1781250000000001 0.7375 0.1781250000000001
4 0.775 0.1750000000000001 0.7609375 0.1750000000000001 0.7609375 0.1937500000000001 0.775 0.1937500000000001
4 0.79375 0.1671875000000001 0.7828125 0.1671875000000001 0.7828125 0.18906250000000008 0.79375 0.18906250000000008
2 0.790625 0.1312500000000001 0.76875 0.1312500000000001 0.76875 0.1765625000000001 0.790625 0.1765625000000001
2 0.83125 0.009375000000000102 0.8125 0.0093750000000001 0.8125 0.0468750000000001 0.83125 0.0468750000000001
2 0.8515625 0.16562500000000008 0.8265625 0.16562500000000008 0.8265625 0.1906250000000001 0.8515625 0.1906250000000001
2 0.7671875 0.2375000000000001 0.7421875 0.2375000000000001 0.7421875 0.2656250000000001 0.7671875 0.2656250000000001
2 0.7109375 0.23437500000000008 0.68125 0.23437500000000008 0.68125 0.26250000000000007 0.7109375 0.26250000000000007
2 0.8265625 0.3750000000000001 0.8 0.3750000000000001 0.8 0.40625000000000017 0.8265625 0.40625000000000017
2 0.8875 0.3843750000000001 0.8546875 0.3843750000000001 0.8546875 0.41406250000000017 0.8875 0.41406250000000017
4 0.890625 0.40937500000000016 0.8734375 0.40937500000000016 0.8734375 0.42500000000000016 0.890625 0.42500000000000016
2 0.7609375 0.3781250000000001 0.7296875 0.3781250000000001 0.7296875 0.4031250000000002 0.7609375 0.4031250000000002
4 0.7421875 0.3984375000000001 0.7265625 0.3984375000000001 0.7265625 0.4156250000000002 0.7421875 0.4156250000000002
4 0.746875 0.4234375000000002 0.7328125 0.4234375000000002 0.7328125 0.4437500000000002 0.746875 0.4437500000000002
4 0.90625 0.24218750000000008 0.8921875 0.24218750000000008 0.8921875 0.2671875000000001 0.90625 0.2671875000000001
4 0.953125 0.21250000000000008 0.9375 0.21250000000000008 0.9375 0.2312500000000001 0.953125 0.2312500000000001
2 0.984375 0.2328125000000001 0.9546875 0.2328125000000001 0.9546875 0.2609375000000001 0.984375 0.2609375000000001
4 0.9796875 0.19062500000000013 0.9609375 0.19062500000000013 0.9609375 0.21250000000000008 0.9796875 0.21250000000000008
2 1 0.40937500000000016 0.984375 0.40937500000000016 0.984375 0.4343750000000002 1 0.4343750000000002
4 0.86875 0.1765625000000001 0.8515625 0.1765625000000001 0.8515625 0.2000000000000001 0.86875 0.2000000000000001
2 0.71875 0.3750000000000001 0.684375 0.3750000000000001 0.684375 0.4 0.71875 0.4
2 0.6875 0.3781250000000001 0.6546875 0.3781250000000001 0.6546875 0.4 0.6875 0.4
4 0.6765625 0.3453125000000001 0.6609375 0.3453125000000001 0.6609375 0.36406250000000007 0.6765625 0.36406250000000007
4 0.65625 0.3453125000000001 0.6421875 0.3453125000000001 0.6421875 0.3609375000000001 0.65625 0.3609375000000001
4 0.6390625 0.3437500000000001 0.6234375 0.3437500000000001 0.6234375 0.3593750000000001 0.6390625 0.3593750000000001
2 0.653125 0.3515625000000001 0.628125 0.3515625000000001 0.628125 0.3765625000000001 0.653125 0.3765625000000001
4 0.65625 0.3671875000000001 0.6421875 0.3671875000000001 0.6421875 0.3828125000000001 0.65625 0.3828125000000001
3 0.6484375 0.3750000000000001 0.6234375 0.3750000000000001 0.6234375 0.3968750000000001 0.6484375 0.3968750000000001
4 0.6359375 0.3937500000000001 0.621875 0.3937500000000001 0.621875 0.4078125 0.6359375 0.4078125
4 0.640625 0.4046875 0.6265625 0.4046875 0.6265625 0.41875 0.640625 0.41875
4 0.65 0.4171875 0.6328125 0.4171875 0.6328125 0.4296875 0.65 0.4296875
4 0.653125 0.40625 0.6359375 0.40625 0.6359375 0.421875 0.653125 0.421875
4 0.703125 0.4265625 0.6875 0.4265625 0.6875 0.446875 0.703125 0.446875
0 0.7203125 0.4078125 0.6984375 0.4078125 0.6984375 0.4296875 0.7203125 0.4296875
4 0.665625 0.3937500000000001 0.6515625 0.3937500000000001 0.6515625 0.415625 0.665625 0.415625
2 0.5578125 0.428125 0.5359375 0.428125 0.5359375 0.4703125 0.5578125 0.4703125
2 0.60625 0.45625 0.575 0.45625 0.575 0.49375 0.60625 0.49375
4 0.5515625 0.5109375 0.5375 0.5109375 0.5375 0.5375 0.5515625 0.5375
2 0.5187500000000002 0.8671875 0.5000000000000002 0.8671875 0.5000000000000002 0.9125 0.5187500000000002 0.9125
2 0.5390625000000002 0.8 0.5187500000000002 0.8 0.5187500000000002 0.85 0.5390625000000002 0.85
4 0.5328125000000001 0.7515625 0.5203125000000002 0.7515625 0.5203125000000002 0.778125 0.5328125000000001 0.778125
4 0.4468750000000002 0.8921875 0.43281250000000016 0.8921875 0.43281250000000016 0.9171875 0.4468750000000002 0.9171875
2 0.4859375000000002 0.8296875 0.4671875000000002 0.8296875 0.4671875000000002 0.875 0.4859375000000002 0.875
2 0.47187500000000016 0.8921875 0.4546875000000002 0.8921875 0.4546875000000002 0.940625 0.47187500000000016 0.940625
0 0.5406250000000001 0.7046875 0.525 0.7046875 0.5250000000000001 0.740625 0.5406250000000001 0.740625
4 0.4546875000000002 0.7421875 0.4421875000000002 0.7421875 0.4421875000000002 0.76875 0.4546875000000002 0.76875
2 0.46093750000000017 0.78125 0.4421875000000002 0.78125 0.4421875000000002 0.8234375 0.46093750000000017 0.8234375
2 0.4671875000000002 0.784375 0.45625000000000016 0.784375 0.45625000000000016 0.828125 0.4671875000000002 0.828125
2 0.48437500000000017 0.7734375 0.46406250000000016 0.7734375 0.46406250000000016 0.8203125 0.48437500000000017 0.8203125
0 0.4671875000000001 0.7109375 0.4515625 0.7109375 0.4515625000000001 0.746875 0.4671875000000002 0.746875
2 0.4765625000000001 0.721875 0.45625 0.721875 0.4562500000000001 0.7671875 0.47656250000000017 0.7671875
2 0.4890625000000002 0.7265625 0.47187500000000016 0.7265625 0.47187500000000016 0.7734375 0.4890625000000002 0.7734375
4 0.546875 0.6421875 0.534375 0.6421875 0.534375 0.665625 0.546875 0.665625
4 0.56875 0.6046875 0.5546875 0.6046875 0.5546875 0.6328125 0.56875 0.6328125
2 0.459375 0.66875 0.440625 0.66875 0.440625 0.71875 0.459375 0.71875
4 0.465625 0.6609375 0.453125 0.6609375 0.453125 0.6890625 0.465625 0.6890625
2 0.4640625 0.6109375 0.4484375 0.6109375 0.4484375 0.6546875 0.4640625 0.6546875
2 0.496875 0.634375 0.48125 0.634375 0.48125 0.684375 0.496875 0.684375
4 0.46875 0.6375 0.4578125 0.6375 0.4578125 0.6640625 0.46875 0.6640625
4 0.4765625 0.5984375 0.4640625 0.5984375 0.4640625 0.6234375 0.4765625 0.6234375
4 0.4828125 0.5828125 0.4671875 0.5828125 0.4671875 0.609375 0.4828125 0.609375
0 0.478125 0.6421875 0.4640625 0.6421875 0.4640625 0.6765625 0.478125 0.6765625
2 0.4796875 0.6734375 0.4640625 0.6734375 0.4640625 0.721875 0.4796875 0.721875
2 0.4921875 0.678125 0.475 0.678125 0.475 0.7234375 0.4921875 0.7234375
2 0.4859375 0.60625 0.4703125 0.60625 0.4703125 0.6515625 0.4859375 0.6515625
2 0.5250000000000001 0.6921875 0.5109375 0.6921875 0.5109375 0.7375 0.5250000000000001 0.7375
4 0.48125 0.48125 0.4671875 0.48125 0.4671875 0.50625 0.48125 0.50625
4 0.484375 0.478125 0.4734375 0.478125 0.4734375 0.5 0.484375 0.5
4 0.490625 0.478125 0.4796875 0.478125 0.4796875 0.503125 0.490625 0.503125
4 0.49375 0.484375 0.4875 0.484375 0.4875 0.5078125 0.49375 0.5078125
4 0.5 0.4828125 0.4890625 0.4828125 0.4890625 0.509375 0.5 0.509375
4 0.48125 0.4953125 0.471875 0.4953125 0.471875 0.525 0.48125 0.525
4 0.4875 0.4921875 0.478125 0.4921875 0.478125 0.515625 0.4875 0.515625
4 0.4734375 0.5375 0.4640625 0.5375 0.4640625 0.5578125 0.4734375 0.5578125
4 0.48125 0.5203125 0.4671875 0.5203125 0.4671875 0.5453125 0.48125 0.5453125
4 0.4859375 0.515625 0.475 0.515625 0.475 0.540625 0.4859375 0.540625
2 0.48125 0.54375 0.4671875 0.54375 0.4671875 0.5890625 0.48125 0.5890625
2 0.490625 0.55625 0.478125 0.55625 0.478125 0.5953125 0.490625 0.5953125
2 0.496875 0.5109375 0.4828125 0.5109375 0.4828125 0.55625 0.496875 0.55625
2 0.509375 0.4828125 0.4953125 0.4828125 0.4953125 0.5359375 0.509375 0.5359375
2 0.5078125 0.5359375 0.49375 0.5359375 0.49375 0.5859375 0.5078125 0.5859375
4 0.496875 0.55 0.4859375 0.55 0.4859375 0.575 0.496875 0.575
0 0.4765625 0.6140625 0.4609375 0.6140625 0.4609375 0.65 0.4765625 0.65
2 0.55625 0.5734375 0.540625 0.5734375 0.540625 0.628125 0.55625 0.628125
4 0.5421875 0.58125 0.534375 0.58125 0.534375 0.6078125 0.5421875 0.6078125
2 0.5375 0.5640625 0.5203125 0.5640625 0.5203125 0.61875 0.5375 0.61875
2 0.503125 0.590625 0.4859375 0.590625 0.4859375 0.634375 0.503125 0.634375
4 0.3984375000000001 0.3859375000000001 0.3828125000000001 0.3859375000000001 0.3828125000000001 0.40625 0.3984375000000001 0.40625
4 0.4125 0.4046875 0.3937500000000001 0.4046875 0.3937500000000001 0.4328125 0.4125 0.4328125
4 0.14062500000000006 0.34375 0.12343750000000005 0.34375 0.12343750000000005 0.3625 0.14062500000000006 0.3625
2 0.10312500000000009 0.5515625 0.07812500000000007 0.5515625 0.07812500000000007 0.58125 0.10312500000000009 0.58125
2 0.06093750000000007 0.5453125 0.03125000000000007 0.5453125 0.03125000000000007 0.5703125 0.06093750000000007 0.5703125
2 0.05468750000000007 0.571875 0.025000000000000067 0.571875 0.02500000000000007 0.6 0.05468750000000007 0.6
2 0.050000000000000086 0.6625 0.020312500000000084 0.6625 0.020312500000000084 0.6875 0.050000000000000086 0.6875
4 0.3078125000000001 0.5734375 0.2953125000000001 0.5734375 0.2953125000000001 0.5890625 0.3078125000000001 0.5890625
4 0.3062500000000001 0.584375 0.2921875000000001 0.584375 0.2921875000000001 0.5953125 0.3062500000000001 0.5953125
4 0.3078125000000001 0.59375 0.2890625000000001 0.59375 0.2890625000000001 0.6046875 0.3078125000000001 0.6046875
4 0.5125 0.521875 0.50625 0.521875 0.50625 0.5421875 0.5125 0.5421875
4 0.5171875 0.5046875 0.50625 0.5046875 0.50625 0.5265625 0.5171875 0.5265625
4 0.4359375 0.22656250000000008 0.421875 0.22656250000000008 0.421875 0.2468750000000001 0.4359375 0.2468750000000001