2 0.99375 0.29375000000000007 0.9609375 0.29375000000000007 0.9609375 0.3156250000000001 0.99375 0.3156250000000001
2 0.9125 0.3031250000000001 0.884375 0.3031250000000001 0.884375 0.3234375000000001 0.9125 0.3234375000000001
2 0.7859375 0.2250000000000001 0.7625 0.2250000000000001 0.7625 0.24375000000000008 0.7859375 0.24375000000000008
2 0.7765625 0.14218750000000008 0.7515625 0.14218750000000008 0.7515625 0.1609375000000001 0.7765625 0.1609375000000001
4 0.978125 0.3656250000000001 0.965625 0.3656250000000001 0.965625 0.3765625000000001 0.978125 0.3765625000000001
4 0.7046875 0.4875 0.690625 0.4875 0.690625 0.5015625 0.7046875 0.5015625
4 0.625 0.4125 0.6125 0.4125 0.6125 0.4265625 0.625 0.4265625
4 0.5703125 0.32500000000000007 0.55625 0.32500000000000007 0.55625 0.3421875000000001 0.5703125 0.3421875000000001
0 0.19687500000000005 0.378125 0.17812500000000003 0.378125 0.17812500000000003 0.4 0.19687500000000005 0.4
4 0.12656250000000008 0.6015625 0.10937500000000008 0.6015625 0.10937500000000008 0.6203125 0.12656250000000008 0.6203125
4 0.025000000000000078 0.615625 0.010937500000000076 0.615625 0.010937500000000076 0.63125 0.025000000000000078 0.63125
4 0.05468750000000007 0.5859375 0.03906250000000007 0.5859375 0.03906250000000007 0.6046875 0.05468750000000007 0.6046875
2 0.15312500000000004 0.2609375 0.13906250000000003 0.2609375 0.13906250000000003 0.303125 0.15312500000000004 0.303125
2 0.03593750000000003 0.265625 0.020312500000000032 0.265625 0.020312500000000035 0.2984375 0.03593750000000003 0.2984375
2 0.014062500000000037 0.259375 3.1764276352884476e-17 0.259375 3.3964813570102376e-17 0.2953125 0.014062500000000039 0.2953125
2 0.0953125 0.012500000000000011 0.0765625 0.012500000000000011 0.0765625 0.05156250000000001 0.0953125 0.051562500000000025
2 0.0765625 0.0734375 0.0625 0.0734375 0.06250000000000001 0.115625 0.07656250000000002 0.115625
2 0.057812500000000024 0.1359375 0.04375000000000001 0.1359375 0.04375000000000002 0.175 0.057812500000000024 0.175
2 0.034375000000000024 0.1640625 0.02031250000000002 0.1640625 0.02031250000000002 0.203125 0.034375000000000024 0.203125
2 0.04843750000000003 0.1921875 0.03281250000000002 0.1921875 0.03281250000000003 0.2359375 0.048437500000000036 0.2359375
2 0.06875000000000006 0.5640625 0.04375000000000007 0.5640625 0.04375000000000007 0.5828125 0.06875000000000006 0.5828125
4 0.048437500000000036 0.2609375 0.039062500000000035 0.2609375 0.039062500000000035 0.2890625 0.048437500000000036 0.2890625