2 0.74375 0.44218750000000007 0.7171875 0.4421875 0.7171875 0.4718750000000001 0.74375 0.47187500000000016
2 0.928125 0.5609375000000002 0.9 0.5609375000000002 0.9 0.5812500000000002 0.928125 0.5812500000000002
2 0.6359375 0.515625 0.6109375 0.515625 0.6109375 0.5359375 0.6359375 0.5359375
2 0.6328125 0.54375 0.6125 0.54375 0.6125 0.559375 0.6328125 0.559375
2 0.6609375 0.5390625 0.6375 0.5390625 0.6375 0.55625 0.6609375 0.55625
2 0.6625 0.5578125 0.6390625 0.5578125 0.6390625 0.571875 0.6625 0.571875
2 0.640625 0.5703125 0.6203125 0.5703125 0.6203125 0.5875 0.640625 0.5875
2 0.7203125000000001 0.7875 0.6921875000000002 0.7875 0.6921875000000002 0.8265625 0.7203125000000001 0.8265625
2 0.7375 0.675 0.7203125 0.675 0.7203125 0.7171875000000001 0.7375 0.7171875000000002
0 0.7546875 0.4734375000000002 0.7390625 0.4734375000000002 0.7390625 0.4968750000000002 0.7546875 0.4968750000000002
0 0.775 0.6250000000000002 0.7640625 0.6250000000000002 0.7640625 0.6562500000000002 0.775 0.6562500000000002
0 0.79375 0.6250000000000002 0.78125 0.6250000000000002 0.78125 0.6500000000000001 0.79375 0.6500000000000001
0 0.646875 0.50625 0.6296875 0.50625 0.6296875 0.521875 0.646875 0.521875
4 0.734375 0.5312500000000001 0.7234375 0.53125 0.7234375 0.55 0.734375 0.5500000000000002
4 0.7125 0.6234375 0.6984375 0.6234375 0.6984375 0.634375 0.7125 0.634375
4 0.740625 0.6437500000000002 0.7296875 0.6437500000000002 0.7296875 0.6546875000000002 0.740625 0.6546875000000002
4 0.7109375 0.6453125 0.7 0.6453125 0.7 0.6546875 0.7109375 0.6546875
4 0.7109375 0.634375 0.6984375 0.634375 0.6984375 0.6421875 0.7109375 0.6421875
4 0.7375 0.6609375000000002 0.7265625 0.6609375000000002 0.7265625 0.6718750000000002 0.7375 0.6718750000000002
4 0.7078125 0.65625 0.6953125 0.65625 0.6953125 0.6640625 0.7078125 0.6640625
4 0.7375 0.6531250000000002 0.7265625 0.6531250000000002 0.7265625 0.6625000000000002 0.7375 0.6625000000000002
4 0.5984375 0.4703125 0.590625 0.4703125 0.590625 0.4875 0.5984375 0.4875
4 0.65 0.453125 0.6359375 0.453125 0.6359375 0.46875 0.65 0.46875
4 0.61875 0.5046875 0.609375 0.5046875 0.609375 0.5125 0.61875 0.5125
4 0.628125 0.4984375 0.61875 0.4984375 0.61875 0.5109375 0.628125 0.5109375
4 0.55625 0.5484375 0.54375 0.5484375 0.54375 0.559375 0.55625 0.559375
4 0.75625 0.3578125000000001 0.75 0.3578125000000001 0.75 0.37968750000000007 0.75625 0.37968750000000007
4 0.7734375 0.3656250000000001 0.7671875 0.3656250000000001 0.7671875 0.3859375000000001 0.7734375 0.3859375000000001
4 0.75 0.4109375000000002 0.74375 0.4109375000000002 0.74375 0.4359375000000002 0.75 0.4359375000000002
4 0.7984375 0.4125000000000002 0.7890625 0.4125000000000002 0.7890625 0.4312500000000002 0.7984375 0.4312500000000002
4 0.75625 0.4109375000000002 0.7515625 0.4109375000000002 0.7515625 0.42968750000000017 0.75625 0.42968750000000017
4 0.8265625 0.4078125000000002 0.8203125 0.4078125000000002 0.8203125 0.4312500000000002 0.8265625 0.4312500000000002
4 0.8109375 0.3578125000000001 0.8046875 0.3578125000000001 0.8046875 0.3812500000000001 0.8109375 0.3812500000000001
4 0.7984375 0.3656250000000001 0.79375 0.3656250000000001 0.79375 0.3859375000000001 0.7984375 0.3859375000000001
4 0.7796875 0.37968750000000007 0.775 0.37968750000000007 0.775 0.39531250000000007 0.7796875 0.39531250000000007
4 0.884375 0.3671875000000001 0.8765625 0.3671875000000001 0.8765625 0.3859375000000001 0.884375 0.3859375000000001
4 0.846875 0.3656250000000001 0.8390625 0.3656250000000001 0.8390625 0.37968750000000007 0.846875 0.37968750000000007
4 0.8640625 0.3656250000000001 0.8546875 0.3656250000000001 0.8546875 0.37968750000000007 0.8640625 0.37968750000000007
4 0.8359375 0.3765625000000001 0.83125 0.3765625000000001 0.83125 0.3937500000000001 0.8359375 0.3937500000000001
4 0.8765625 0.4046875000000002 0.871875 0.4046875000000002 0.871875 0.42187500000000017 0.8765625 0.42187500000000017
4 0.8140625 0.40937500000000016 0.8078125 0.40937500000000016 0.8078125 0.42968750000000017 0.8140625 0.42968750000000017
4 0.85 0.40937500000000016 0.8421875 0.40937500000000016 0.8421875 0.42968750000000017 0.85 0.42968750000000017
4 0.81875 0.4109375000000002 0.8140625 0.4109375000000002 0.8140625 0.42968750000000017 0.81875 0.42968750000000017
4 0.85625 0.40937500000000016 0.85 0.40937500000000016 0.85 0.4281250000000002 0.85625 0.4281250000000002
4 0.63125 0.559375 0.621875 0.559375 0.621875 0.5703125 0.63125 0.5703125
4 0.61875 0.5609375 0.609375 0.5609375 0.609375 0.56875 0.61875 0.56875
4 0.615625 0.5796875 0.603125 0.5796875 0.603125 0.59375 0.615625 0.59375
4 0.6171875 0.5703125 0.6046875 0.5703125 0.6046875 0.5796875 0.6171875 0.5796875
4 0.5546875 0.35625000000000007 0.546875 0.35625000000000007 0.546875 0.37187500000000007 0.5546875 0.37187500000000007
4 0.509375 0.415625 0.4984375 0.415625 0.4984375 0.43125 0.509375 0.43125
4 0.475 0.3703125000000001 0.4640625 0.3703125000000001 0.4640625 0.3890625000000001 0.475 0.3890625000000001
4 0.475 0.3906250000000001 0.4640625 0.3906250000000001 0.4640625 0.40625 0.475 0.40625
4 0.553125 0.3859375000000001 0.5453125 0.3859375000000001 0.5453125 0.4015625 0.553125 0.4015625
4 0.5671875 0.4203125 0.5578125 0.4203125 0.5578125 0.440625 0.5671875 0.440625
4 0.6015625 0.3375000000000001 0.5953125 0.3375000000000001 0.5953125 0.3515625000000001 0.6015625 0.3515625000000001
4 0.6015625 0.3578125000000001 0.5953125 0.3578125000000001 0.5953125 0.3687500000000001 0.6015625 0.3687500000000001
4 0.609375 0.3734375000000001 0.603125 0.3734375000000001 0.603125 0.37968750000000007 0.609375 0.37968750000000007
4 0.6109375 0.3531250000000001 0.6046875 0.3531250000000001 0.6046875 0.3656250000000001 0.6109375 0.3656250000000001
4 0.5671875 0.2843750000000001 0.559375 0.2843750000000001 0.559375 0.3031250000000001 0.5671875 0.3031250000000001
4 0.553125 0.3125000000000001 0.5453125 0.3125000000000001 0.5453125 0.3265625000000001 0.553125 0.3265625000000001
4 0.6171875 0.3859375000000001 0.609375 0.3859375000000001 0.609375 0.4046875 0.6171875 0.4046875
0 0.5484375 0.440625 0.5359375 0.440625 0.5359375 0.46875 0.5484375 0.46875
0 0.5390625 0.49375 0.521875 0.49375 0.521875 0.521875 0.5390625 0.521875
0 0.5453125 0.5609375 0.53125 0.5609375 0.53125 0.584375 0.5453125 0.584375
0 0.5296875 0.5875 0.515625 0.5875 0.515625 0.61875 0.5296875 0.61875
0 0.4734375 0.6234375 0.4625 0.6234375 0.4625 0.6484375 0.4734375 0.6484375
0 0.4125 0.5703125 0.3984375000000001 0.5703125 0.3984375000000001 0.590625 0.4125 0.590625
0 0.5140625 0.625 0.5046875 0.625 0.5046875 0.653125 0.5140625 0.653125
0 0.51875 0.684375 0.5078125 0.684375 0.5078125 0.7140625 0.51875 0.7140625
0 0.5062500000000002 0.7375 0.49218750000000017 0.7375 0.49218750000000017 0.7640625 0.5062500000000002 0.7640625
0 0.475 0.6828125 0.4640625 0.6828125 0.4640625 0.7171875 0.475 0.7171875
0 0.4390625000000002 0.7484375 0.42968750000000017 0.7484375 0.42968750000000017 0.778125 0.4390625000000002 0.778125
0 0.4515625000000002 0.7640625 0.4421875000000002 0.7640625 0.4421875000000002 0.7875 0.4515625000000002 0.7875
0 0.4593750000000002 0.8 0.4468750000000002 0.8 0.4468750000000002 0.828125 0.4593750000000002 0.828125
0 0.4437500000000002 0.8453125 0.4312500000000002 0.8453125 0.4312500000000002 0.875 0.4437500000000002 0.875
0 0.3515625000000001 0.7796875 0.3359375000000001 0.7796875 0.3359375000000001 0.8078125 0.3515625000000001 0.8078125
0 0.43281250000000016 0.9125 0.42187500000000017 0.9125 0.42187500000000017 0.9453125 0.43281250000000016 0.9453125
0 0.4421875000000002 0.9171875 0.4343750000000002 0.9171875 0.4343750000000002 0.95 0.4421875000000002 0.95
0 0.4828125000000002 0.9046875 0.4734375000000002 0.9046875 0.4734375000000002 0.93125 0.4828125000000002 0.93125
4 0.4468750000000002 0.890625 0.43750000000000017 0.890625 0.43750000000000017 0.909375 0.4468750000000002 0.909375
4 0.4859375000000002 0.8359375 0.47656250000000017 0.8359375 0.47656250000000017 0.8578125 0.4859375000000002 0.8578125
4 0.4906250000000002 0.8828125 0.4812500000000002 0.8828125 0.4812500000000002 0.903125 0.4906250000000002 0.903125
4 0.47187500000000016 0.9046875 0.4656250000000002 0.9046875 0.4656250000000002 0.921875 0.47187500000000016 0.921875
4 0.47187500000000016 0.934375 0.4671875000000002 0.934375 0.4671875000000002 0.953125 0.47187500000000016 0.953125
4 0.49218750000000017 0.83125 0.48750000000000016 0.83125 0.48750000000000016 0.8546875 0.49218750000000017 0.8546875
2 0.4906250000000002 0.7796875 0.47656250000000017 0.7796875 0.47656250000000017 0.825 0.4906250000000002 0.825
2 0.46406250000000016 0.903125 0.44531250000000017 0.903125 0.44531250000000017 0.934375 0.46406250000000016 0.934375
0 0.5015625000000001 0.771875 0.49218750000000017 0.771875 0.49218750000000017 0.796875 0.5015625000000001 0.796875
6 0.4671875 0.4984375 0.4375 0.4984375 0.4375 0.553125 0.4671875 0.553125
6 0.3937500000000001 0.5796875 0.3375000000000001 0.5796875 0.3375000000000001 0.6296875 0.3937500000000001 0.6296875
4 0.4453125 0.64375 0.4359375 0.64375 0.4359375 0.675 0.4453125 0.675
2 0.23437500000000008 0.5625 0.2093750000000001 0.5625 0.2093750000000001 0.584375 0.23437500000000008 0.584375
2 0.1906250000000001 0.6078125 0.1671875000000001 0.6078125 0.1671875000000001 0.6296875 0.1906250000000001 0.6296875
2 0.26250000000000007 0.5890625 0.2406250000000001 0.5890625 0.2406250000000001 0.61875 0.26250000000000007 0.61875
2 0.03750000000000007 0.5296875 0.014062500000000066 0.5296875 0.014062500000000066 0.553125 0.03750000000000007 0.553125
2 0.08437500000000006 0.546875 0.06250000000000007 0.546875 0.06250000000000007 0.5671875 0.08437500000000006 0.5671875
2 0.05937500000000007 0.54375 0.03750000000000007 0.54375 0.03750000000000007 0.5640625 0.05937500000000007 0.5640625
2 0.045312500000000075 0.565625 0.03593750000000007 0.565625 0.035937500000000074 0.5984375 0.045312500000000075 0.5984375
2 0.057812500000000065 0.56875 0.04687500000000007 0.56875 0.04687500000000007 0.5984375 0.057812500000000065 0.5984375
2 0.10156250000000008 0.5734375 0.08125000000000007 0.5734375 0.08125000000000007 0.59375 0.10156250000000008 0.59375
2 0.10312500000000009 0.6390625 0.08750000000000009 0.6390625 0.08750000000000009 0.66875 0.10312500000000009 0.66875
2 0.0984375000000001 0.671875 0.0828125000000001 0.671875 0.0828125000000001 0.7078125 0.0984375000000001 0.7078125
2 0.09218750000000009 0.7125 0.07812500000000008 0.7125 0.07812500000000008 0.7453125 0.09218750000000009 0.7453125
0 0.17968750000000008 0.559375 0.1593750000000001 0.559375 0.1593750000000001 0.5828125 0.17968750000000008 0.5828125
0 0.11406250000000007 0.5375 0.10000000000000005 0.5375 0.10000000000000006 0.55625 0.1140625000000001 0.55625
4 0.13906250000000006 0.5265625 0.12500000000000006 0.5265625 0.12500000000000006 0.5453125 0.1390625000000001 0.5453125
4 0.12500000000000008 0.5671875 0.11250000000000009 0.5671875 0.11250000000000009 0.58125 0.12500000000000008 0.58125
4 0.07968750000000006 0.5296875 0.07187500000000006 0.5296875 0.07187500000000006 0.540625 0.07968750000000006 0.540625
6 0.10000000000000005 0.496875 0.057812500000000065 0.496875 0.057812500000000065 0.534375 0.10000000000000005 0.534375
0 0.043750000000000046 0.3640625 0.025000000000000043 0.3640625 0.025000000000000043 0.3828125 0.043750000000000046 0.3828125
4 0.17656250000000004 0.3921875 0.15937500000000004 0.3921875 0.15937500000000004 0.415625 0.17656250000000004 0.415625
4 0.22031250000000008 0.428125 0.21093750000000008 0.428125 0.21093750000000008 0.440625 0.22031250000000008 0.440625
2 0.2453125000000001 0.4421875 0.22656250000000008 0.4421875 0.22656250000000008 0.4703125 0.2453125000000001 0.4703125
4 0.23437500000000008 0.590625 0.2218750000000001 0.590625 0.2218750000000001 0.6078125 0.23437500000000008 0.6078125
2 0.3218750000000001 0.4578125 0.2968750000000001 0.4578125 0.2968750000000001 0.4796875 0.3218750000000001 0.4796875
2 0.3437500000000001 0.4421875 0.3203125000000001 0.4421875 0.3203125000000001 0.4625 0.3437500000000001 0.4625
2 0.31718750000000007 0.48125 0.2968750000000001 0.48125 0.2968750000000001 0.5015625 0.31718750000000007 0.5015625
2 0.3421875000000001 0.48125 0.3218750000000001 0.48125 0.3218750000000001 0.5 0.3421875000000001 0.5
2 0.3687500000000001 0.4828125 0.3515625000000001 0.4828125 0.3515625000000001 0.4984375 0.3687500000000001 0.4984375
2 0.4015625 0.4796875 0.3812500000000001 0.4796875 0.3812500000000001 0.4984375 0.4015625 0.4984375
0 0.3765625000000001 0.45 0.3625000000000001 0.45 0.3625000000000001 0.4625 0.3765625000000001 0.4625
0 0.3781250000000001 0.4984375 0.3687500000000001 0.4984375 0.3687500000000001 0.5125 0.3781250000000001 0.5125
0 0.3921875000000001 0.5 0.3812500000000001 0.5 0.3812500000000001 0.5171875 0.3921875000000001 0.5171875
4 0.4125 0.3984375000000001 0.3984375000000001 0.3984375000000001 0.3984375000000001 0.4140625 0.4125 0.4140625
4 0.3937500000000001 0.43125 0.3828125000000001 0.43125 0.3828125000000001 0.440625 0.3937500000000001 0.440625
4 0.3703125000000001 0.4390625 0.3625000000000001 0.4390625 0.3625000000000001 0.4484375 0.3703125000000001 0.4484375
4 0.37968750000000007 0.4421875 0.3734375000000001 0.4421875 0.3734375000000001 0.45 0.37968750000000007 0.45
4 0.3906250000000001 0.440625 0.3812500000000001 0.440625 0.3812500000000001 0.4484375 0.3906250000000001 0.4484375
4 0.403125 0.44375 0.3937500000000001 0.44375 0.3937500000000001 0.453125 0.403125 0.453125
4 0.38750000000000007 0.4515625 0.37968750000000007 0.4515625 0.37968750000000007 0.4609375 0.38750000000000007 0.4609375
4 0.4 0.4546875 0.3906250000000001 0.4546875 0.3906250000000001 0.4640625 0.4 0.4640625
4 0.3625000000000001 0.4421875 0.3531250000000001 0.4421875 0.3531250000000001 0.4484375 0.3625000000000001 0.4484375
4 0.3468750000000001 0.4609375 0.3375000000000001 0.4609375 0.3375000000000001 0.4671875 0.3468750000000001 0.4671875
4 0.34843750000000007 0.4671875 0.34062500000000007 0.4671875 0.34062500000000007 0.4765625 0.34843750000000007 0.4765625
4 0.3609375000000001 0.4515625 0.3515625000000001 0.4515625 0.3515625000000001 0.4609375 0.3609375000000001 0.4609375
4 0.3687500000000001 0.4671875 0.3593750000000001 0.4671875 0.3593750000000001 0.4765625 0.3687500000000001 0.4765625
4 0.3578125000000001 0.4734375 0.3500000000000001 0.4734375 0.3500000000000001 0.4828125 0.3578125000000001 0.4828125
4 0.3578125000000001 0.4625 0.34843750000000007 0.4625 0.34843750000000007 0.4703125 0.3578125000000001 0.4703125
4 0.37968750000000007 0.4765625 0.3734375000000001 0.4765625 0.3734375000000001 0.4859375 0.37968750000000007 0.4859375
4 0.3656250000000001 0.5 0.3578125000000001 0.5 0.3578125000000001 0.5125 0.3656250000000001 0.5125
0 0.3828125000000001 0.4640625 0.3687500000000001 0.4640625 0.3687500000000001 0.478125 0.3828125000000001 0.478125
0 0.3984375000000001 0.465625 0.3843750000000001 0.465625 0.3843750000000001 0.4796875 0.3984375000000001 0.4796875
0 0.4796875 0.30156250000000007 0.4640625 0.30156250000000007 0.4640625 0.3234375000000001 0.4796875 0.3234375000000001
0 0.621875 0.06093750000000007 0.6109375 0.06093750000000007 0.6109375 0.08750000000000006 0.621875 0.08750000000000006
2 0.5375 0.10937500000000004 0.5171875 0.10937500000000004 0.5171875 0.14843750000000006 0.5375 0.14843750000000006
2 0.525 0.2078125000000001 0.503125 0.2078125000000001 0.503125 0.2484375000000001 0.525 0.2484375000000001
2 0.4984375 0.17500000000000004 0.4796875 0.17500000000000004 0.4796875 0.2078125000000001 0.4984375 0.2078125000000001
2 0.51875 0.08750000000000006 0.4984375 0.08750000000000006 0.4984375 0.12343750000000005 0.51875 0.12343750000000005
4 0.5109375 0.2687500000000001 0.503125 0.2687500000000001 0.503125 0.2875000000000001 0.5109375 0.2875000000000001
4 0.3890625000000001 0.3734375000000001 0.3843750000000001 0.3734375000000001 0.3843750000000001 0.3906250000000001 0.3890625000000001 0.3906250000000001
4 0.4015625 0.37187500000000007 0.3968750000000001 0.37187500000000007 0.3968750000000001 0.3890625000000001 0.4015625 0.3890625000000001
4 0.4203125 0.3375000000000001 0.4140625 0.3375000000000001 0.4140625 0.3500000000000001 0.4203125 0.3500000000000001
4 0.4109375 0.3687500000000001 0.40625 0.3687500000000001 0.40625 0.3890625000000001 0.4109375 0.3890625000000001
4 0.4171875 0.3687500000000001 0.4140625 0.3687500000000001 0.4140625 0.3828125000000001 0.4171875 0.3828125000000001
4 0.425 0.3671875000000001 0.4203125 0.3671875000000001 0.4203125 0.3828125000000001 0.425 0.3828125000000001
4 0.434375 0.36406250000000007 0.428125 0.36406250000000007 0.428125 0.3828125000000001 0.434375 0.3828125000000001
4 0.440625 0.3453125000000001 0.4328125 0.3453125000000001 0.4328125 0.3546875000000001 0.440625 0.3546875000000001
4 0.4296875 0.3343750000000001 0.4234375 0.3343750000000001 0.4234375 0.34843750000000007 0.4296875 0.34843750000000007
4 0.4390625 0.3078125000000001 0.4296875 0.3078125000000001 0.4296875 0.31718750000000007 0.4390625 0.31718750000000007
4 0.446875 0.3046875000000001 0.440625 0.3046875000000001 0.440625 0.3156250000000001 0.446875 0.3156250000000001
4 0.4546875 0.3375000000000001 0.446875 0.3375000000000001 0.446875 0.34843750000000007 0.4546875 0.34843750000000007
4 0.4453125 0.33281250000000007 0.4375 0.33281250000000007 0.4375 0.3437500000000001 0.4453125 0.3437500000000001
4 0.4546875 0.31718750000000007 0.4484375 0.31718750000000007 0.4484375 0.3296875000000001 0.4546875 0.3296875000000001
4 0.4609375 0.2828125000000001 0.45 0.2828125000000001 0.45 0.2906250000000001 0.4609375 0.2906250000000001
4 0.4515625 0.29375000000000007 0.4421875 0.29375000000000007 0.4421875 0.2984375000000001 0.4515625 0.2984375000000001
4 0.4671875 0.2921875000000001 0.459375 0.2921875000000001 0.459375 0.30156250000000007 0.4671875 0.30156250000000007
4 0.4609375 0.3062500000000001 0.453125 0.3062500000000001 0.453125 0.31718750000000007 0.4609375 0.31718750000000007
4 0.4640625 0.26250000000000007 0.4546875 0.26250000000000007 0.4546875 0.2718750000000001 0.4640625 0.2718750000000001
4 0.465625 0.2468750000000001 0.459375 0.2468750000000001 0.459375 0.2562500000000001 0.465625 0.2562500000000001
4 0.48125 0.21875000000000008 0.471875 0.21875000000000008 0.471875 0.2296875000000001 0.48125 0.2296875000000001
4 0.484375 0.2093750000000001 0.475 0.2093750000000001 0.475 0.21875000000000008 0.484375 0.21875000000000008
6 0.6046875 0.1375000000000001 0.5625 0.1375000000000001 0.5625 0.23593750000000008 0.6046875 0.23593750000000008
6 0.621875 0.03437500000000007 0.5765625 0.034375000000000065 0.5765625 0.10937500000000008 0.621875 0.10937500000000008