0 0.4 0.55625 0.3859375000000001 0.55625 0.3859375000000001 0.571875 0.4 0.571875
4 0.3609375000000001 0.525 0.3468750000000001 0.525 0.3468750000000001 0.5421875 0.3609375000000001 0.5421875
2 0.16406250000000006 0.346875 0.14531250000000004 0.346875 0.14531250000000004 0.3671875 0.16406250000000006 0.3671875
2 0.22812500000000008 0.4 0.2078125000000001 0.4 0.2078125000000001 0.428125 0.22812500000000008 0.428125
2 0.1765625 0.1203125 0.1578125 0.1203125 0.1578125 0.15 0.1765625 0.15
4 0.4828125 0.471875 0.471875 0.471875 0.471875 0.4875 0.4828125 0.4875
2 0.3031250000000001 0.53125 0.27812500000000007 0.53125 0.27812500000000007 0.55625 0.3031250000000001 0.55625
0 0.19531250000000008 0.6453125 0.18125000000000008 0.6453125 0.18125000000000008 0.659375 0.19531250000000008 0.659375
4 0.3390625000000001 0.5390625 0.3281250000000001 0.5390625 0.3281250000000001 0.55 0.3390625000000001 0.55
0 0.2406250000000001 0.6421875 0.2250000000000001 0.6421875 0.2250000000000001 0.6578125 0.2406250000000001 0.6578125
0 0.24375000000000008 0.5640625 0.2328125000000001 0.5640625 0.2328125000000001 0.584375 0.24375000000000008 0.584375
0 0.2796875000000001 0.7453125 0.2640625000000001 0.7453125 0.2640625000000001 0.7640625 0.2796875000000001 0.7640625
3 0.2093750000000001 0.7625 0.1906250000000001 0.7625 0.1906250000000001 0.78125 0.2093750000000001 0.78125
3 0.428125 0.5390625 0.4078125 0.5390625 0.4078125 0.5625 0.428125 0.5625
0 0.06250000000000008 0.665625 0.04375000000000008 0.665625 0.04375000000000008 0.68125 0.06250000000000008 0.68125
0 0.03281250000000009 0.6828125 0.017187500000000085 0.6828125 0.017187500000000085 0.696875 0.03281250000000009 0.696875
2 0.09531250000000009 0.646875 0.07812500000000008 0.646875 0.07812500000000008 0.6640625 0.09531250000000009 0.6640625
0 0.07656250000000007 0.634375 0.06562500000000007 0.634375 0.06562500000000007 0.65625 0.07656250000000009 0.65625
0 0.3671875 0.33125000000000004 0.3515625 0.33125 0.3515625 0.35000000000000003 0.3671875 0.3500000000000001
0 0.27812500000000007 0.58125 0.2640625000000001 0.58125 0.2640625000000001 0.5953125 0.27812500000000007 0.5953125
3 0.51875 0.4578125 0.503125 0.4578125 0.503125 0.48125 0.51875 0.48125
3 0.4265625 0.665625 0.4109375 0.665625 0.4109375 0.68125 0.4265625 0.68125
0 0.8421875 0.7437500000000001 0.825 0.7437500000000001 0.825 0.7687500000000002 0.8421875 0.7687500000000002
4 0.559375 0.4796875 0.55 0.4796875 0.55 0.49375 0.559375 0.49375
4 0.38750000000000007 0.4890625 0.3781250000000001 0.4890625 0.3781250000000001 0.503125 0.38750000000000007 0.503125
0 0.18281250000000004 0.3703125 0.16562500000000005 0.3703125 0.16562500000000005 0.3875 0.18281250000000004 0.3875
4 0.040625 0.006250000000000004 0.03125 0.006250000000000003 0.03125 0.020312500000000004 0.040625 0.020312500000000004
0 0.19375000000000003 0.2078125 0.17968750000000006 0.2078125 0.17968750000000006 0.228125 0.19375000000000003 0.228125
2 0.3046875 0.2421875 0.2890625 0.2421875 0.2890625 0.2640625 0.3046875 0.2640625
3 0.284375 0.209375 0.2703125 0.209375 0.2703125 0.253125 0.284375 0.253125
4 0.6703125 0.6109375 0.659375 0.6109375 0.659375 0.625 0.6703125 0.625
2 0.590625 0.4921875 0.5734375 0.4921875 0.5734375 0.51875 0.590625 0.51875
4 0.525 0.55 0.5140625 0.55 0.5140625 0.5640625 0.525 0.5640625
0 0.71875 0.46875 0.709375 0.46875 0.709375 0.4890625 0.71875 0.4890625
4 0.7671875 0.05156250000000009 0.75625 0.05156250000000009 0.75625 0.06562500000000009 0.7671875 0.06562500000000009
4 0.7484375 0.0828125000000001 0.7375 0.0828125000000001 0.7375 0.1062500000000001 0.7484375 0.1062500000000001
4 0.828125 0.2078125000000001 0.8203125 0.2078125000000001 0.8203125 0.22812500000000008 0.828125 0.22812500000000008
0 0.8828125 0.08125000000000011 0.8703125 0.08125000000000011 0.8703125 0.10468750000000009 0.8828125 0.10468750000000009
0 0.7921875 0.3609375000000001 0.7796875 0.3609375000000001 0.7796875 0.3812500000000001 0.7921875 0.3812500000000001
0 0.6171875 0.3296875000000001 0.6 0.3296875000000001 0.6 0.34843750000000007 0.6171875 0.34843750000000007
0 0.690625 0.2406250000000001 0.6796875 0.2406250000000001 0.6796875 0.2609375000000001 0.690625 0.2609375000000001
0 0.721875 0.4890625 0.7078125 0.4890625 0.7078125 0.5125 0.721875 0.5125
4 0.515625 0.5515625 0.5 0.5515625 0.5 0.5703125 0.515625 0.5703125
4 0.565625 0.6703125 0.55625 0.6703125 0.55625 0.6859375 0.565625 0.6859375
4 0.421875 0.5828125 0.409375 0.5828125 0.409375 0.6015625 0.421875 0.6015625
4 0.490625 0.3906250000000001 0.48125 0.3906250000000001 0.48125 0.4078125 0.490625 0.4078125
0 0.490625 0.609375 0.475 0.609375 0.475 0.628125 0.490625 0.628125
4 0.734375 0.6734375000000001 0.7234375 0.6734375 0.7234375 0.6921875000000001 0.734375 0.6921875000000002
2 0.7109375 0.6 0.6953125 0.6 0.6953125 0.6328125 0.7109375 0.6328125
2 0.7328125 0.6203125 0.7125 0.6203125 0.7125 0.6515625 0.7328125 0.6515625000000002
0 0.6968750000000001 0.834375 0.6859375000000002 0.834375 0.6859375000000002 0.853125 0.6968750000000001 0.853125
0 0.7109375000000002 0.8421875 0.6984375000000002 0.8421875 0.6984375000000002 0.859375 0.7109375000000002 0.859375
4 0.80625 0.7312500000000002 0.7968750000000002 0.7312500000000002 0.7968750000000002 0.7453125000000002 0.80625 0.7453125000000002
4 0.8765625 0.8390625 0.8671875 0.8390625 0.8671875 0.8546875 0.8765625 0.8546875
4 0.7625000000000002 0.8671875 0.7515625000000001 0.8671875 0.7515625000000001 0.884375 0.7625000000000002 0.884375
3 0.425 0.5203125 0.40625 0.5203125 0.40625 0.540625 0.425 0.540625
4 0.06562500000000009 0.7 0.050000000000000086 0.7 0.050000000000000086 0.715625 0.06562500000000009 0.715625
4 0.03281250000000009 0.721875 0.01875000000000009 0.721875 0.01875000000000009 0.734375 0.03281250000000009 0.734375
4 0.19687500000000008 0.7109375 0.1859375000000001 0.7109375 0.1859375000000001 0.728125 0.19687500000000008 0.728125
2 0.2984375000000001 0.4 0.2796875000000001 0.4 0.2796875000000001 0.43125 0.2984375000000001 0.43125
2 0.2640625000000001 0.378125 0.2453125000000001 0.378125 0.2453125000000001 0.4109375 0.2640625000000001 0.4109375
2 0.715625 0.4234375 0.7 0.4234375 0.7 0.4578125 0.715625 0.4578125
4 0.7984375 0.018750000000000096 0.784375 0.018750000000000093 0.784375 0.0343750000000001 0.7984375 0.0343750000000001
4 0.2328125 0.2421875 0.21875 0.2421875 0.21875 0.2625 0.2328125 0.2625
4 0.784375 0.3421875000000001 0.7703125 0.3421875000000001 0.7703125 0.3578125000000001 0.784375 0.3578125000000001
0 0.7765625 0.05937500000000009 0.765625 0.05937500000000009 0.765625 0.08437500000000009 0.7765625 0.08437500000000009
0 0.6984375 0.4796875 0.6875 0.4796875 0.6875 0.4984375 0.6984375 0.4984375
4 0.75625 0.0671875000000001 0.7421875 0.0671875000000001 0.7421875 0.0906250000000001 0.75625 0.0906250000000001
0 0.73125 0.1390625000000001 0.7125 0.1390625000000001 0.7125 0.1671875000000001 0.73125 0.1671875000000001
0 0.6984375 0.17968750000000008 0.6828125 0.17968750000000008 0.6828125 0.20312500000000008 0.6984375 0.20312500000000008
0 0.74375 0.4203125000000002 0.734375 0.4203125000000002 0.734375 0.4437500000000002 0.74375 0.4437500000000002
0 0.759375 0.4859375000000002 0.75 0.4859375000000002 0.75 0.5015625000000001 0.759375 0.5015625000000001
4 0.665625 0.55 0.6546875 0.55 0.6546875 0.5640625 0.665625 0.5640625
4 0.5515625 0.66875 0.5421875 0.66875 0.5421875 0.684375 0.5515625 0.684375
3 0.203125 0.3109375 0.17187500000000006 0.3109375 0.17187500000000006 0.3453125 0.203125 0.3453125
2 0.4671875 0.65625 0.4484375 0.65625 0.4484375 0.6765625 0.4671875 0.6765625
4 0.925 0.8453125 0.9125 0.8453125 0.9125 0.8625 0.925 0.8625
0 0.9078125 0.7968750000000002 0.890625 0.7968750000000002 0.890625 0.8234375 0.9078125 0.8234375
0 0.85625 0.7843750000000002 0.8359375 0.7843750000000002 0.8359375 0.803125 0.85625 0.803125
4 0.2843750000000001 0.4234375 0.2687500000000001 0.4234375 0.2687500000000001 0.4390625 0.2843750000000001 0.4390625
0 0.4234375 0.38750000000000007 0.4078125 0.38750000000000007 0.4078125 0.4078125 0.4234375 0.4078125
4 0.3656250000000001 0.4625 0.3546875000000001 0.4625 0.3546875000000001 0.475 0.3656250000000001 0.475
0 0.3687500000000001 0.4953125 0.3578125000000001 0.4953125 0.3578125000000001 0.5140625 0.3687500000000001 0.5140625
0 0.38750000000000007 0.525 0.3765625000000001 0.525 0.3765625000000001 0.54375 0.38750000000000007 0.54375
4 0.6109375 0.5 0.5921875 0.5 0.5921875 0.515625 0.6109375 0.515625
4 0.34062500000000007 0.446875 0.3265625000000001 0.446875 0.3265625000000001 0.465625 0.34062500000000007 0.465625
4 0.61875 0.58125 0.6109375 0.58125 0.6109375 0.6 0.61875 0.6
3 0.7 0.2453125000000001 0.684375 0.2453125000000001 0.684375 0.2718750000000001 0.7 0.2718750000000001
3 0.7953125 0.6812500000000001 0.78125 0.6812500000000001 0.78125 0.7015625000000002 0.7953125 0.7015625000000002
4 0.81875 0.7234375000000002 0.8078125 0.7234375000000002 0.8078125 0.7406250000000002 0.81875 0.7406250000000002
4 0.8703125 0.7796875000000002 0.8578125 0.7796875000000002 0.8578125 0.7953125000000002 0.8703125 0.7953125000000002
4 0.2921875 0.25625 0.2828125 0.25625 0.2828125 0.2671875 0.2921875 0.2671875
2 0.2546875 0.303125 0.234375 0.303125 0.234375 0.3296875 0.2546875 0.3296875
0 0.1312500000000001 0.69375 0.11875000000000009 0.69375 0.11875000000000009 0.709375 0.1312500000000001 0.709375
4 0.18906250000000008 0.734375 0.1750000000000001 0.734375 0.1750000000000001 0.7484375 0.18906250000000008 0.7484375
3 0.0593750000000001 0.815625 0.0406250000000001 0.815625 0.0406250000000001 0.8296875 0.05937500000000011 0.8296875
4 0.7921875 0.2671875000000001 0.7796875 0.2671875000000001 0.7796875 0.2890625000000001 0.7921875 0.2890625000000001
2 0.859375 0.1359375000000001 0.8390625 0.1359375000000001 0.8390625 0.16562500000000008 0.859375 0.16562500000000008
0 0.6921875 0.28593750000000007 0.6796875 0.28593750000000007 0.6796875 0.3062500000000001 0.6921875 0.3062500000000001
2 0.6907010997262738 0.48070937505451283 0.6790028619580758 0.47524232297243607 0.6633499872318019 0.5087358854179233 0.675048225 0.5142029375
4 0.7328125 0.1671875000000001 0.725 0.1671875000000001 0.725 0.1859375000000001 0.7328125 0.1859375000000001
0 0.7859375 0.023437500000000094 0.771875 0.023437500000000094 0.771875 0.0484375000000001 0.7859375 0.0484375000000001
4 0.55625 0.3843750000000001 0.54375 0.3843750000000001 0.54375 0.4 0.55625 0.4
3 0.60625 0.68125 0.5921875 0.68125 0.5921875 0.70625 0.60625 0.70625
4 0.459375 0.54375 0.4484375 0.54375 0.4484375 0.559375 0.459375 0.559375
0 0.45625 0.6359375 0.4453125 0.6359375 0.4453125 0.646875 0.45625 0.646875
4 0.6125 0.5203125 0.603125 0.5203125 0.603125 0.5375 0.6125 0.5375
0 0.575 0.640625 0.5640625 0.640625 0.5640625 0.65625 0.575 0.65625
0 0.4109375 0.5109375 0.3968750000000001 0.5109375 0.3968750000000001 0.5265625 0.4109375 0.5265625
4 0.5265625 0.37187500000000007 0.5125 0.37187500000000007 0.5125 0.3843750000000001 0.5265625 0.3843750000000001
0 0.571875 0.5015625 0.5609375 0.5015625 0.5609375 0.5203125 0.571875 0.5203125
4 0.503125 0.6015625 0.490625 0.6015625 0.490625 0.6140625 0.503125 0.6140625
0 0.5890625 0.3578125000000001 0.56875 0.3578125000000001 0.56875 0.3781250000000001 0.5890625 0.3781250000000001
0 0.6890625 0.5015625 0.6796875 0.5015625 0.6796875 0.5234375 0.6890625 0.5234375
4 0.721875 0.434375 0.7125 0.434375 0.7125 0.4515625 0.721875 0.4515625
4 0.975 0.9046875 0.9640625 0.9046875 0.9640625 0.9234375 0.975 0.9234375
4 0.9015625 0.8203125 0.890625 0.8203125 0.890625 0.8375 0.9015625 0.8375
3 0.6781250000000002 0.775 0.6609375000000002 0.775 0.6609375000000002 0.796875 0.6781250000000002 0.796875
2 0.5453125 0.484375 0.5265625 0.484375 0.5265625 0.51875 0.5453125 0.51875
4 0.6859375 0.22812500000000008 0.6765625 0.22812500000000008 0.6765625 0.24375000000000008 0.6859375 0.24375000000000008
0 0.7625 0.08125000000000009 0.75 0.08125000000000009 0.75 0.10312500000000009 0.7625 0.10312500000000009
3 0.778125 0.31718750000000007 0.7609375 0.31718750000000007 0.7609375 0.3468750000000001 0.778125 0.3468750000000001
4 0.7546875 0.4187500000000002 0.7421875 0.4187500000000002 0.7421875 0.43750000000000017 0.7546875 0.43750000000000017
0 0.7671875 0.4359375000000002 0.7546875 0.4359375000000002 0.7546875 0.45625000000000016 0.7671875 0.45625000000000016
2 0.54375 0.628125 0.5234375 0.628125 0.5234375 0.6515625 0.54375 0.6515625
0 0.7468750000000002 0.83125 0.7328125000000002 0.83125 0.7328125000000002 0.8546875 0.7468750000000002 0.8546875
4 0.7875000000000002 0.8625 0.7765625000000002 0.8625 0.7765625000000002 0.878125 0.7875000000000002 0.878125
2 0.6921875 0.6859375 0.671875 0.6859375 0.671875 0.725 0.6921875 0.725
0 0.7125000000000001 0.8125 0.6984375000000002 0.8125 0.6984375000000002 0.828125 0.7125000000000001 0.828125
4 0.7609375000000002 0.8546875 0.7500000000000002 0.8546875 0.7500000000000002 0.86875 0.7609375000000002 0.86875
0 0.7375000000000002 0.8453125 0.7203125000000001 0.8453125 0.7203125000000001 0.865625 0.7375000000000002 0.865625
4 0.7812500000000002 0.8734375 0.7671875000000001 0.8734375 0.7671875000000001 0.89375 0.7812500000000002 0.89375
4 0.8484375 0.9375 0.8375 0.9375 0.8375 0.9546875 0.8484375 0.9546875
4 0.7875000000000002 0.846875 0.7734375000000002 0.846875 0.7734375000000002 0.8609375 0.7875000000000002 0.8609375
4 0.7546875000000002 0.8203125 0.7390625000000002 0.8203125 0.7390625000000002 0.8328125 0.7546875000000002 0.8328125
4 0.8796875 0.809375 0.86875 0.809375 0.86875 0.828125 0.8796875 0.828125
2 0.98125 0.9265625 0.959375 0.9265625 0.959375 0.9609375 0.98125 0.9609375
4 0.3812500000000001 0.446875 0.3656250000000001 0.446875 0.3656250000000001 0.4671875 0.3812500000000001 0.4671875
4 0.09218750000000002 0.2421875 0.08125000000000002 0.2421875 0.08125000000000002 0.2609375 0.09218750000000002 0.2609375
4 0.471875 0.4359375 0.459375 0.4359375 0.459375 0.45625 0.471875 0.45625
4 0.6984375 0.19531250000000008 0.6859375 0.19531250000000008 0.6859375 0.21250000000000008 0.6984375 0.21250000000000008
4 0.665625 0.2796875000000001 0.6578125 0.2796875000000001 0.6578125 0.29375000000000007 0.665625 0.29375000000000007
4 0.725 0.1828125000000001 0.7140625 0.1828125000000001 0.7140625 0.1984375000000001 0.725 0.1984375000000001
4 0.7109375 0.1843750000000001 0.7 0.1843750000000001 0.7 0.19687500000000008 0.7109375 0.19687500000000008
0 0.7109375 0.2078125000000001 0.6953125 0.2078125000000001 0.6953125 0.22812500000000008 0.7109375 0.22812500000000008
4 0.6640625 0.3046875000000001 0.6546875 0.3046875000000001 0.6546875 0.3218750000000001 0.6640625 0.3218750000000001
0 0.4671875 0.39531250000000007 0.453125 0.39531250000000007 0.453125 0.415625 0.4671875 0.415625
0 0.571875 0.38750000000000007 0.5578125 0.38750000000000007 0.5578125 0.4125 0.571875 0.4125
2 0.4265625 0.409375 0.403125 0.409375 0.403125 0.4390625 0.4265625 0.4390625
0 0.265625 0.24375 0.2515625 0.24375 0.2515625 0.2671875 0.265625 0.2671875
4 0.20625 0.19843750000000004 0.19218750000000004 0.19843750000000004 0.19218750000000004 0.215625 0.20625 0.215625
2 0.029687500000000023 0.1703125 0.009375000000000022 0.1703125 0.009375000000000022 0.1921875 0.029687500000000023 0.1921875
4 0.2359375 0.321875 0.2265625 0.321875 0.2265625 0.340625 0.2359375 0.340625
0 0.19843750000000004 0.3484375 0.18437500000000004 0.3484375 0.18437500000000004 0.36875 0.19843750000000004 0.36875
0 0.3968750000000001 0.4984375 0.3859375000000001 0.4984375 0.3859375000000001 0.51875 0.3968750000000001 0.51875
0 0.1375000000000001 0.659375 0.1218750000000001 0.659375 0.1218750000000001 0.675 0.1375000000000001 0.675
4 0.32500000000000007 0.409375 0.3156250000000001 0.409375 0.3156250000000001 0.4234375 0.32500000000000007 0.4234375
4 0.03125000000000009 0.734375 0.020312500000000087 0.734375 0.02031250000000009 0.753125 0.03125000000000009 0.753125
4 0.1546875000000001 0.7234375 0.1437500000000001 0.7234375 0.1437500000000001 0.734375 0.1546875000000001 0.734375
4 0.3937500000000001 0.6265625 0.3843750000000001 0.6265625 0.3843750000000001 0.6453125 0.3937500000000001 0.6453125
4 0.3812500000000001 0.6375 0.3703125000000001 0.6375 0.3703125000000001 0.6515625 0.3812500000000001 0.6515625
4 0.3531250000000001 0.559375 0.34062500000000007 0.559375 0.34062500000000007 0.575 0.3531250000000001 0.575
4 0.3515625000000001 0.66875 0.34062500000000007 0.66875 0.34062500000000007 0.6859375 0.3515625000000001 0.6859375
4 0.3734375000000001 0.559375 0.3656250000000001 0.559375 0.3656250000000001 0.5734375 0.3734375000000001 0.5734375
4 0.26250000000000007 0.615625 0.2515625000000001 0.615625 0.2515625000000001 0.6296875 0.26250000000000007 0.6296875
4 0.3671875000000001 0.5765625 0.35625000000000007 0.5765625 0.35625000000000007 0.5921875 0.3671875000000001 0.5921875
2 0.521875 0.484375 0.4921875 0.484375 0.4921875 0.509375 0.521875 0.509375
4 0.6765625 0.61875 0.6671875 0.61875 0.6671875 0.6375 0.6765625 0.6375
4 0.6984375 0.628125 0.6890625 0.628125 0.6890625 0.6484375 0.6984375 0.6484375
0 0.8 0.31718750000000007 0.7890625 0.31718750000000007 0.7890625 0.3375000000000001 0.8 0.3375000000000001
3 0.6453125 0.5875 0.6328125 0.5875 0.6328125 0.6125 0.6453125 0.6125
0 0.6828125 0.53125 0.6734375 0.53125 0.6734375 0.55 0.6828125 0.55
0 0.690625 0.5453125 0.678125 0.5453125 0.678125 0.5609375 0.690625 0.5609375
4 0.753125 0.5671875000000002 0.740625 0.5671875000000002 0.740625 0.5859375000000002 0.753125 0.5859375000000002
4 0.65625 0.5671875 0.6453125 0.5671875 0.6453125 0.578125 0.65625 0.578125
4 0.634375 0.584375 0.625 0.584375 0.625 0.6015625 0.634375 0.6015625
4 0.6625 0.584375 0.6515625 0.584375 0.6515625 0.603125 0.6625 0.603125
3 0.6375000000000002 0.7421875 0.6203125000000002 0.7421875 0.6203125000000002 0.7671875 0.6375000000000002 0.7671875
4 0.7546875 0.6906250000000002 0.7453125 0.6906250000000002 0.7453125 0.7125000000000001 0.7546875 0.7125000000000001
4 0.7906250000000001 0.7437500000000001 0.7796875000000002 0.7437500000000001 0.7796875000000002 0.7593750000000001 0.7906250000000001 0.7593750000000001
0 0.9 0.8265625 0.8828125 0.8265625 0.8828125 0.8625 0.9 0.8625
4 0.8015625 0.7328125000000002 0.7906250000000001 0.7328125000000002 0.7906250000000001 0.7546875000000002 0.8015625 0.7546875000000002
4 0.746875 0.6140625000000002 0.7390625 0.6140625000000002 0.7390625 0.6343750000000001 0.746875 0.6343750000000001
4 0.7421875 0.6390625000000002 0.7328125 0.6390625000000002 0.7328125 0.6593750000000002 0.7421875 0.6593750000000002
4 0.7453125 0.5328125000000001 0.7359375 0.5328125000000001 0.7359375 0.5484375000000001 0.7453125 0.5484375000000001
1 0.5296875 0.4140625 0.4953125 0.4140625 0.4953125 0.4578125 0.5296875 0.4578125
0 0.3546875000000001 0.5015625 0.3359375000000001 0.5015625 0.3359375000000001 0.5234375 0.3546875000000001 0.5234375
6 0.66875 0.5125 0.634375 0.5125 0.634375 0.5671875 0.66875 0.5671875
5 0.7203125 0.6375 0.6765625 0.6375 0.6765625 0.6984375 0.7203125 0.6984375
5 0.7359375000000001 0.7609375 0.6843750000000002 0.7609375 0.6843750000000002 0.8265625 0.7359375000000001 0.8265625
3 0.7046875000000001 0.8140625 0.6859375000000002 0.8140625 0.6859375000000002 0.8390625 0.7046875000000001 0.8390625
3 0.603125 0.53125 0.584375 0.53125 0.584375 0.565625 0.603125 0.565625
1 0.86875 0.0375000000000001 0.825 0.0375000000000001 0.825 0.12343750000000009 0.86875 0.12343750000000009
4 0.8125 0.24218750000000008 0.796875 0.24218750000000008 0.796875 0.2656250000000001 0.8125 0.2656250000000001