4 0.2140625000000001 0.45 0.19843750000000004 0.45 0.19843750000000004 0.46875 0.2140625000000001 0.46875
4 0.2531250000000001 0.584375 0.2375000000000001 0.584375 0.2375000000000001 0.6046875 0.2531250000000001 0.6046875
2 0.2515625000000001 0.5546875 0.2250000000000001 0.5546875 0.2250000000000001 0.584375 0.2515625000000001 0.584375
2 0.50625 0.5015625 0.4828125 0.5015625 0.4828125 0.53125 0.50625 0.53125
2 0.5109375 0.35625000000000007 0.48125 0.35625000000000007 0.48125 0.3828125000000001 0.5109375 0.3828125000000001
2 0.671875 0.4890625 0.6421875 0.4890625 0.6421875 0.5171875 0.671875 0.5171875
4 0.6484375 0.5375 0.634375 0.5375 0.634375 0.55625 0.6484375 0.55625
2 0.83125 0.45312500000000017 0.8078125 0.45312500000000017 0.8078125 0.4781250000000002 0.83125 0.4781250000000002
2 0.896875 0.4500000000000002 0.86875 0.4500000000000002 0.86875 0.47656250000000017 0.896875 0.47656250000000017
4 0.8453125 0.3968750000000001 0.83125 0.3968750000000001 0.83125 0.4109375000000002 0.8453125 0.4109375000000002
4 0.9453125 0.4656250000000002 0.928125 0.4656250000000002 0.928125 0.48750000000000016 0.9453125 0.48750000000000016
3 0.85 0.3703125000000001 0.8296875 0.3703125000000001 0.8296875 0.39531250000000007 0.85 0.39531250000000007
2 0.9125 0.30937500000000007 0.88125 0.30937500000000007 0.88125 0.3359375000000001 0.9125 0.3359375000000001
2 0.9984375 0.30156250000000007 0.96875 0.30156250000000007 0.96875 0.3265625000000001 0.9984375 0.3265625000000001
2 0.7890625 0.22812500000000008 0.759375 0.22812500000000008 0.759375 0.25468750000000007 0.7890625 0.25468750000000007
2 0.78125 0.1453125000000001 0.7515625 0.1453125000000001 0.7515625 0.17343750000000008 0.78125 0.17343750000000008
4 0.571875 0.3296875000000001 0.55625 0.3296875000000001 0.55625 0.3500000000000001 0.571875 0.3500000000000001
4 1 0.4859375000000002 0.990625 0.4859375000000002 0.990625 0.5109375000000002 1 0.5109375000000002
2 0.1781250000000001 0.5890625 0.15000000000000008 0.5890625 0.15000000000000008 0.621875 0.1781250000000001 0.621875
2 0.14687500000000006 0.534375 0.11718750000000004 0.534375 0.11718750000000007 0.5640625 0.1468750000000001 0.5640625
2 0.1468750000000001 0.575 0.11562500000000009 0.575 0.11562500000000009 0.6046875 0.1468750000000001 0.6046875
2 0.09531250000000006 0.5484375 0.06562500000000007 0.5484375 0.06562500000000007 0.571875 0.09531250000000006 0.571875
2 0.09531250000000006 0.5703125 0.06250000000000007 0.5703125 0.06250000000000007 0.5984375 0.09531250000000006 0.5984375
2 0.032812500000000064 0.5375 0.0031250000000000652 0.5375 0.0031250000000000674 0.5625 0.032812500000000064 0.5625
4 0.06093750000000007 0.4609375 0.04375000000000005 0.4609375 0.04375000000000005 0.4859375 0.06093750000000007 0.4859375
4 0.09687500000000007 0.53125 0.08125000000000007 0.53125 0.08125000000000007 0.5515625 0.09687500000000007 0.5515625
4 0.04375000000000007 0.5265625 0.020312500000000067 0.5265625 0.020312500000000067 0.55 0.04375000000000007 0.55
4 0.02500000000000007 0.571875 0.009375000000000069 0.571875 0.00937500000000007 0.590625 0.025000000000000078 0.590625
4 0.03750000000000007 0.55625 0.020312500000000067 0.55625 0.02031250000000007 0.575 0.03750000000000007 0.575
4 0.056250000000000064 0.571875 0.028125000000000067 0.571875 0.028125000000000074 0.5984375 0.056250000000000064 0.5984375
0 0.046875000000000076 0.5921875 0.025000000000000078 0.5921875 0.025000000000000078 0.6109375 0.046875000000000076 0.6109375
4 0.04375000000000008 0.60625 0.025000000000000078 0.60625 0.025000000000000078 0.6265625 0.04375000000000008 0.6265625
2 0.06406250000000006 0.5484375 0.03593750000000007 0.5484375 0.03593750000000007 0.575 0.06406250000000006 0.575
2 0.06718750000000007 0.528125 0.04375000000000007 0.528125 0.04375000000000007 0.5515625 0.06718750000000007 0.5515625
2 0.15937500000000004 0.2546875 0.13437500000000005 0.2546875 0.13437500000000005 0.303125 0.15937500000000004 0.303125
2 0.04218750000000004 0.2703125 0.018750000000000034 0.2703125 0.018750000000000037 0.321875 0.042187500000000044 0.321875
0 0.023437500000000035 0.2765625 0.007812500000000033 0.2765625 0.007812500000000036 0.3109375 0.023437500000000038 0.3109375
4 0.009375000000000036 0.275 3.367778697655221e-17 0.275 3.559129760021995e-17 0.30625 0.00937500000000004 0.30625
2 0.012500000000000039 0.2859375 3.501724441311963e-17 0.2859375 3.865291459808834e-17 0.3453125 0.012500000000000044 0.3453125
0 0.2015625000000001 0.3796875 0.17812500000000003 0.3796875 0.17812500000000003 0.403125 0.2015625000000001 0.403125
4 0.10312500000000005 0.384375 0.08906250000000004 0.384375 0.08906250000000004 0.415625 0.10312500000000005 0.415625