4 0.06250000000000011 0.846875 0.0468750000000001 0.846875 0.046875000000000104 0.8734375 0.06250000000000011 0.8734375
4 0.10781250000000009 0.8171875 0.09062500000000011 0.8171875 0.09062500000000011 0.8453125 0.10781250000000009 0.8453125
4 0.1703125000000001 0.7390625 0.1546875000000001 0.7390625 0.1546875000000001 0.7609375 0.1703125000000001 0.7609375
4 0.1890625000000001 0.8921875 0.1750000000000001 0.8921875 0.1750000000000001 0.915625 0.18906250000000013 0.915625
4 0.2593750000000001 0.88125 0.2390625000000001 0.88125 0.2390625000000001 0.9125 0.2593750000000001 0.9125
4 0.4578125 0.66875 0.44375 0.66875 0.44375 0.7078125 0.4578125 0.7078125
4 0.4984375000000002 0.7453125 0.4781250000000002 0.7453125 0.4781250000000002 0.7859375 0.4984375000000002 0.7859375
4 0.575 0.6859375 0.5609375 0.6859375 0.5609375 0.7171875 0.575 0.7171875
4 0.5390625 0.6234375 0.525 0.6234375 0.525 0.6578125 0.5390625 0.6578125
4 0.6906250000000002 0.8421875 0.6750000000000002 0.8421875 0.6750000000000002 0.85625 0.6906250000000002 0.85625
4 0.6906250000000002 0.8921875 0.6718750000000002 0.8921875 0.6718750000000002 0.915625 0.6906250000000002 0.915625
3 0.30156250000000007 0.834375 0.2734375000000001 0.834375 0.2734375000000001 0.8640625 0.30156250000000007 0.8640625
3 0.3734375000000001 0.6578125 0.3390625000000001 0.6578125 0.3390625000000001 0.690625 0.3734375000000001 0.690625
6 0.37968750000000007 0.8359375 0.3312500000000001 0.8359375 0.3312500000000001 0.884375 0.37968750000000007 0.884375
6 0.5531250000000002 0.7515625 0.5171875000000001 0.7515625 0.5171875000000001 0.8 0.5531250000000002 0.8
0 0.2593750000000001 0.6484375 0.2406250000000001 0.6484375 0.2406250000000001 0.6703125 0.2593750000000001 0.6703125
0 0.6531250000000002 0.7765625 0.6375000000000002 0.7765625 0.6375000000000002 0.8015625 0.6531250000000002 0.8015625
2 0.51875 0.5078125 0.5 0.5078125 0.5 0.5640625 0.51875 0.5640625
4 0.4671875 0.16718750000000004 0.45625 0.16718750000000004 0.45625 0.19218750000000004 0.4671875 0.19218750000000004
4 0.4765625 0.05468750000000007 0.4609375 0.05468750000000007 0.4609375 0.08593750000000007 0.4765625 0.08593750000000007
4 0.5296875 0.03750000000000007 0.515625 0.03750000000000007 0.515625 0.07500000000000007 0.5296875 0.07500000000000007
4 0.534375 0.15625000000000006 0.5234375 0.15625000000000006 0.5234375 0.19062500000000004 0.534375 0.19062500000000004
2 0.5234375 0.10312500000000005 0.5046875 0.10312500000000005 0.5046875 0.15000000000000005 0.5234375 0.15000000000000005
2 0.7296875000000002 0.8625 0.6953125000000002 0.8625 0.6953125000000002 0.9 0.7296875000000002 0.9
2 0.828125 0.7843750000000002 0.8015625 0.7843750000000002 0.8015625 0.815625 0.828125 0.815625
2 0.8453125 0.84375 0.81875 0.84375 0.81875 0.878125 0.8453125 0.878125
2 0.875 0.8703125 0.84375 0.8703125 0.84375 0.9015625 0.875 0.9015625
4 0.9578125 0.7687500000000002 0.9390625 0.7687500000000002 0.9390625 0.7890625000000002 0.9578125 0.7890625000000002
4 0.9421875 0.8453125 0.91875 0.8453125 0.91875 0.8671875 0.9421875 0.8671875
4 0.7375000000000002 0.8390625 0.7234375000000002 0.8390625 0.7234375000000002 0.8625 0.7375000000000002 0.8625