6 0.1281250000000001 0.7859375 0.0906250000000001 0.7859375 0.0906250000000001 0.815625 0.1281250000000001 0.815625
6 0.10937500000000008 0.5890625 0.06562500000000007 0.5890625 0.06562500000000007 0.609375 0.10937500000000008 0.609375
6 0.2671875000000001 0.690625 0.2218750000000001 0.690625 0.2218750000000001 0.7140625 0.2671875000000001 0.7140625
1 0.3687500000000001 0.6625 0.3140625000000001 0.6625 0.3140625000000001 0.690625 0.3687500000000001 0.690625
6 0.4359375 0.6671875 0.3984375000000001 0.6671875 0.3984375000000001 0.6875 0.4359375 0.6875
6 0.4578125 0.6953125 0.425 0.6953125 0.425 0.7171875 0.4578125 0.7171875
6 0.3890625000000001 0.796875 0.3500000000000001 0.796875 0.3500000000000001 0.821875 0.3890625000000001 0.821875
6 0.2609375000000001 0.79375 0.21093750000000008 0.79375 0.21093750000000008 0.8234375 0.2609375000000001 0.8234375
6 0.4656250000000002 0.775 0.42187500000000017 0.775 0.42187500000000017 0.7984375 0.4656250000000002 0.7984375
6 0.5765625000000002 0.7921875 0.5343750000000002 0.7921875 0.5343750000000002 0.8140625 0.5765625000000002 0.8140625
5 0.7437500000000001 0.8109375 0.6859375000000002 0.8109375 0.6859375000000002 0.8390625 0.7437500000000001 0.8390625
5 0.8625 0.6937500000000002 0.7984375 0.6937500000000002 0.7984375 0.7171875000000002 0.8625 0.7171875000000002
1 0.90625 0.7187500000000002 0.8453125 0.7187500000000002 0.8453125 0.7437500000000001 0.90625 0.7437500000000001
5 0.94375 0.7765625000000002 0.8703125 0.7765625000000002 0.8703125 0.8078125 0.94375 0.8078125
6 0.971875 0.6968750000000001 0.934375 0.6968750000000001 0.934375 0.7234375000000002 0.971875 0.7234375000000002
6 0.7578125 0.6687500000000001 0.71875 0.66875 0.71875 0.6921875000000001 0.7578125 0.6921875000000002
1 0.6421875 0.6546875 0.590625 0.6546875 0.590625 0.684375 0.6421875 0.684375
3 0.7953125 0.5937500000000002 0.7765625 0.5937500000000002 0.7765625 0.6109375000000001 0.7953125 0.6109375000000001
3 0.7390625 0.6953125000000001 0.7140625 0.6953125 0.7140625 0.7125000000000001 0.7390625 0.7125000000000001
6 0.6609375 0.6078125 0.6328125 0.6078125 0.6328125 0.628125 0.6609375 0.628125
3 0.8328125 0.7968750000000002 0.80625 0.7968750000000002 0.80625 0.821875 0.8328125 0.821875
2 0.7031250000000002 0.85625 0.6843750000000002 0.85625 0.6843750000000002 0.875 0.7031250000000002 0.875
2 0.7312500000000001 0.721875 0.709375 0.721875 0.7093750000000001 0.7390625000000001 0.7312500000000002 0.7390625000000002
2 0.625 0.7015625 0.60625 0.7015625 0.60625 0.7171875 0.625 0.7171875
2 0.6109375000000001 0.7203125 0.590625 0.7203125 0.5906250000000001 0.7390625 0.6109375000000001 0.7390625
2 0.546875 0.7 0.525 0.7 0.525 0.715625 0.546875 0.715625
2 0.5765625 0.6390625 0.5609375 0.6390625 0.5609375 0.6640625 0.5765625 0.6640625
2 0.6234375 0.584375 0.6046875 0.584375 0.6046875 0.6 0.6234375 0.6
2 0.628125 0.625 0.609375 0.625 0.609375 0.64375 0.628125 0.64375
2 0.65625 0.6265625 0.6359375 0.6265625 0.6359375 0.6421875 0.65625 0.6421875
2 0.7296875 0.6265625000000001 0.7125 0.6265625 0.7125 0.6421875000000001 0.7296875 0.6421875000000001
2 0.6890625 0.5921875 0.66875 0.5921875 0.66875 0.609375 0.6890625 0.609375
2 0.5515625 0.5203125 0.5359375 0.5203125 0.5359375 0.55625 0.5515625 0.55625
2 0.5421875 0.5625 0.528125 0.5625 0.528125 0.596875 0.5421875 0.596875
2 0.5546875 0.6015625 0.5375 0.6015625 0.5375 0.6328125 0.5546875 0.6328125
0 0.5765625 0.5734375 0.565625 0.5734375 0.565625 0.5953125 0.5765625 0.5953125
0 0.584375 0.6078125 0.5734375 0.6078125 0.5734375 0.628125 0.584375 0.628125
2 0.8734375 0.5109375000000002 0.8625 0.5109375000000002 0.8625 0.5421875000000002 0.8734375 0.5421875000000002
2 0.91875 0.47187500000000016 0.909375 0.47187500000000016 0.909375 0.5015625000000001 0.91875 0.5015625000000001
2 0.9171875 0.5578125000000002 0.9 0.5578125000000002 0.9 0.5750000000000002 0.9171875 0.5750000000000002
2 0.984375 0.5937500000000002 0.9640625 0.5937500000000002 0.9640625 0.6140625000000002 0.984375 0.6140625000000002
2 0.9640625 0.6734375000000001 0.9453125 0.6734375000000001 0.9453125 0.6921875000000002 0.9640625 0.6921875000000002
2 0.3203125000000001 0.70625 0.30156250000000007 0.70625 0.30156250000000007 0.7265625 0.3203125000000001 0.7265625
2 0.37187500000000007 0.715625 0.35625000000000007 0.715625 0.35625000000000007 0.73125 0.37187500000000007 0.73125
2 0.4218750000000001 0.715625 0.4015625 0.715625 0.4015625000000001 0.734375 0.42187500000000017 0.734375
2 0.4312500000000002 0.796875 0.40937500000000016 0.796875 0.40937500000000016 0.8203125 0.4312500000000002 0.8203125
2 0.4750000000000002 0.8015625 0.45625000000000016 0.8015625 0.45625000000000016 0.821875 0.4750000000000002 0.821875
0 0.08906250000000011 0.8234375 0.07343750000000011 0.8234375 0.07343750000000011 0.8390625 0.08906250000000011 0.8390625
0 0.1765625000000001 0.671875 0.1625000000000001 0.671875 0.1625000000000001 0.684375 0.1765625000000001 0.684375
0 0.45 0.484375 0.4359375 0.484375 0.4359375 0.4953125 0.45 0.4953125
0 0.459375 0.4859375 0.446875 0.4859375 0.446875 0.5015625 0.459375 0.5015625
0 0.459375 0.49375 0.45 0.49375 0.45 0.51875 0.459375 0.51875
0 0.4546875 0.5375 0.446875 0.5375 0.446875 0.559375 0.4546875 0.559375
0 0.459375 0.19062500000000004 0.4484375 0.19062500000000004 0.4484375 0.2062500000000001 0.459375 0.2062500000000001
0 0.5140625 0.08437500000000006 0.5046875 0.08437500000000006 0.5046875 0.10937500000000004 0.5140625 0.10937500000000004
3 0.5234375 0.4203125 0.5140625 0.4203125 0.5140625 0.4515625 0.5234375 0.4515625
3 0.54375 0.4078125 0.5328125 0.4078125 0.5328125 0.4515625 0.54375 0.4515625
3 0.465625 0.3437500000000001 0.453125 0.3437500000000001 0.453125 0.3812500000000001 0.465625 0.3812500000000001
3 0.4421875 0.026562500000000055 0.4328125 0.026562500000000055 0.4328125 0.06093750000000005 0.4421875 0.06093750000000005
6 0.54375 0.11250000000000004 0.528125 0.11250000000000004 0.528125 0.19062500000000004 0.54375 0.19062500000000004
3 0.4640625 0.05781250000000006 0.45 0.057812500000000044 0.45 0.08750000000000005 0.4640625 0.08750000000000006
2 0.453125 0.03281250000000006 0.44375 0.03281250000000006 0.44375 0.06093750000000005 0.453125 0.06093750000000005
2 0.4453125 0.14687500000000003 0.43125 0.14687500000000003 0.43125 0.16562500000000005 0.4453125 0.16562500000000005
2 0.4578125 0.17031250000000003 0.4375 0.17031250000000003 0.4375 0.19062500000000004 0.4578125 0.19062500000000004
2 0.44375 0.18281250000000004 0.425 0.18281250000000004 0.425 0.2015625000000001 0.44375 0.2015625000000001
2 0.4578125 0.2328125000000001 0.4390625 0.2328125000000001 0.4390625 0.2562500000000001 0.4578125 0.2562500000000001
2 0.4578125 0.26250000000000007 0.440625 0.26250000000000007 0.440625 0.2812500000000001 0.4578125 0.2812500000000001
2 0.4546875 0.2812500000000001 0.434375 0.2812500000000001 0.434375 0.3000000000000001 0.4546875 0.3000000000000001
2 0.4609375 0.3109375000000001 0.4515625 0.3109375000000001 0.4515625 0.3359375000000001 0.4609375 0.3359375000000001
2 0.5390625 0.36406250000000007 0.53125 0.36406250000000007 0.53125 0.3968750000000001 0.5390625 0.3968750000000001
2 0.55 0.34062500000000007 0.5359375 0.34062500000000007 0.5359375 0.3703125000000001 0.55 0.3703125000000001
2 0.3203125000000001 0.5859375 0.2984375000000001 0.5859375 0.2984375000000001 0.6046875 0.3203125000000001 0.6046875
2 0.2968750000000001 0.584375 0.2765625000000001 0.584375 0.2765625000000001 0.60625 0.2968750000000001 0.60625
2 0.23437500000000008 0.4984375 0.21875000000000008 0.4984375 0.21875000000000008 0.528125 0.23437500000000008 0.528125
2 0.34843750000000007 0.415625 0.33281250000000007 0.415625 0.33281250000000007 0.43125 0.34843750000000007 0.43125
2 0.3468750000000001 0.43125 0.33281250000000007 0.43125 0.33281250000000007 0.4515625 0.3468750000000001 0.4515625
3 0.2843750000000001 0.50625 0.2593750000000001 0.50625 0.2593750000000001 0.525 0.2843750000000001 0.525
4 0.2484375000000001 0.8265625 0.23593750000000008 0.8265625 0.23593750000000008 0.8359375 0.2484375000000001 0.8359375
4 0.2828125000000001 0.6546875 0.2734375000000001 0.6546875 0.2734375000000001 0.665625 0.2828125000000001 0.665625
4 0.3421875000000001 0.8296875 0.3312500000000001 0.8296875 0.3312500000000001 0.84375 0.3421875000000001 0.84375
4 0.4046875000000002 0.821875 0.3968750000000001 0.821875 0.3968750000000001 0.83125 0.4046875000000002 0.83125
4 0.3625000000000001 0.8203125 0.3500000000000001 0.8203125 0.3500000000000001 0.8328125 0.3625000000000001 0.8328125
5 0.6140625000000002 0.840625 0.6046875000000002 0.840625 0.6046875000000002 0.8515625 0.6140625000000002 0.8515625
5 0.6187500000000001 0.8515625 0.6109375000000001 0.8515625 0.6109375000000001 0.865625 0.6187500000000001 0.865625
5 0.6328125000000002 0.853125 0.6281250000000002 0.853125 0.6281250000000002 0.8734375 0.6328125000000002 0.8734375
5 0.6843750000000002 0.8390625 0.6765625000000002 0.8390625 0.6765625000000002 0.85 0.6843750000000002 0.85
5 0.975 0.6328125000000002 0.9609375 0.6328125000000002 0.9609375 0.6437500000000002 0.975 0.6437500000000002
5 0.5828125 0.659375 0.5734375 0.659375 0.5734375 0.6703125 0.5828125 0.6703125
5 0.3156250000000001 0.6125 0.3046875000000001 0.6125 0.3046875000000001 0.6234375 0.3156250000000001 0.6234375
5 0.4921875 0.4859375 0.4828125 0.4859375 0.4828125 0.5015625 0.4921875 0.5015625
5 0.471875 0.21093750000000008 0.4671875 0.21093750000000008 0.4671875 0.2250000000000001 0.471875 0.2250000000000001
5 0.475 0.11406250000000004 0.4671875 0.11406250000000004 0.4671875 0.12968750000000004 0.475 0.12968750000000004