1 0.15781250000000008 0.540625 0.07812500000000007 0.540625 0.07812500000000007 0.571875 0.15781250000000008 0.571875
1 0.22812500000000008 0.53125 0.15937500000000004 0.53125 0.15937500000000007 0.5671875 0.22812500000000008 0.5671875
3 0.018750000000000117 0.9359375 1.146192863576976e-16 0.9359375 1.1643712145018194e-16 0.965625 0.018750000000000117 0.965625
4 0.023437500000000076 0.628125 0.007812500000000078 0.628125 0.007812500000000078 0.6453125 0.023437500000000076 0.6453125
4 0.18125000000000008 0.8421875 0.16406250000000008 0.8421875 0.16406250000000008 0.8671875 0.18125000000000008 0.8671875
3 0.3359375000000001 0.8609375 0.3125000000000001 0.8609375 0.3125000000000001 0.884375 0.3359375000000001 0.884375
3 0.3703125000000001 0.84375 0.3531250000000001 0.84375 0.3531250000000001 0.8671875 0.3703125000000001 0.8671875
4 0.3968750000000001 0.9078125 0.37968750000000007 0.9078125 0.37968750000000007 0.9234375 0.3968750000000001 0.9234375
3 0.5203125000000002 0.9265625 0.5015625000000001 0.9265625 0.5015625000000001 0.95 0.5203125000000002 0.95
6 0.49218750000000017 0.790625 0.4625000000000002 0.790625 0.4625000000000002 0.8296875 0.49218750000000017 0.8296875
6 0.6046875000000002 0.7453125 0.5734375000000002 0.7453125 0.5734375000000002 0.771875 0.6046875000000002 0.771875
6 0.890625 0.8359375 0.85 0.8359375 0.85 0.8671875 0.890625 0.8671875
6 0.7171875000000002 0.8671875 0.6953125000000002 0.8671875 0.6953125000000002 0.8875 0.7171875000000002 0.8875
4 0.5375000000000002 0.771875 0.5265625000000002 0.771875 0.5265625000000002 0.7953125 0.5375000000000002 0.7953125
4 0.5656250000000002 0.7765625 0.5515625000000002 0.7765625 0.5515625000000002 0.796875 0.5656250000000002 0.796875
4 0.4921875 0.628125 0.4828125 0.628125 0.4828125 0.653125 0.4921875 0.653125
4 0.471875 0.03593750000000005 0.465625 0.03593750000000005 0.465625 0.06250000000000007 0.471875 0.06250000000000007
4 0.54375 0.029687500000000068 0.5375 0.029687500000000068 0.5375 0.057812500000000065 0.54375 0.057812500000000065
4 0.7359375 0.6953125000000001 0.721875 0.6953125 0.721875 0.70625 0.7359375 0.7062500000000002
4 0.8703125 0.809375 0.8515625 0.809375 0.8515625 0.821875 0.8703125 0.821875
4 0.9515625 0.81875 0.934375 0.81875 0.934375 0.834375 0.9515625 0.834375
2 0.7078125000000002 0.7453125 0.6781250000000002 0.7453125 0.6781250000000002 0.771875 0.7078125000000002 0.771875
2 0.7171875000000002 0.834375 0.6921875000000002 0.834375 0.6921875000000002 0.853125 0.7171875000000002 0.853125
2 0.7953125000000002 0.8375 0.7656250000000002 0.8375 0.7656250000000002 0.8609375 0.7953125000000002 0.8609375
2 0.8140625 0.7140625000000002 0.784375 0.7140625000000002 0.784375 0.7406250000000002 0.8140625 0.7406250000000002