2 0.4890625 0.4828125 0.46875 0.4828125 0.46875 0.5 0.4890625 0.5
2 0.546875 0.4984375 0.5328125 0.4984375 0.5328125 0.5125 0.546875 0.5125
2 0.603125 0.478125 0.5796875 0.478125 0.5796875 0.490625 0.603125 0.490625
2 0.621875 0.4953125 0.6046875 0.4953125 0.6046875 0.5109375 0.621875 0.5109375
0 0.63125 0.4765625 0.615625 0.4765625 0.615625 0.4921875 0.63125 0.4921875
2 0.659375 0.4578125 0.6375 0.4578125 0.6375 0.4734375 0.659375 0.4734375
2 0.6703125 0.4921875 0.653125 0.4921875 0.653125 0.5078125 0.6703125 0.5078125
2 0.8734375 0.4828125000000002 0.8546875 0.4828125000000002 0.8546875 0.5015625000000001 0.8734375 0.5015625000000001
2 0.9328125 0.4671875000000002 0.9109375 0.4671875000000002 0.9109375 0.49218750000000017 0.9328125 0.49218750000000017
4 0.9421875 0.44531250000000017 0.9265625 0.44531250000000017 0.9265625 0.47187500000000016 0.9421875 0.47187500000000016
4 0.85625 0.5375000000000002 0.8421875 0.5375000000000002 0.8421875 0.5578125000000002 0.85625 0.5578125000000002
2 0.8328125 0.5625000000000002 0.8140625 0.5625000000000002 0.8140625 0.5875000000000001 0.8328125 0.5875000000000001
2 0.771875 0.4812500000000002 0.746875 0.4812500000000002 0.746875 0.5000000000000002 0.771875 0.5000000000000002
0 0.3734375000000001 0.4875 0.3546875000000001 0.4875 0.3546875000000001 0.5046875 0.3734375000000001 0.5046875
2 0.3906250000000001 0.553125 0.37187500000000007 0.553125 0.37187500000000007 0.5734375 0.3906250000000001 0.5734375
2 0.3546875000000001 0.4109375 0.3375000000000001 0.4109375 0.3375000000000001 0.44375 0.3546875000000001 0.44375
2 0.4015625 0.3859375000000001 0.3843750000000001 0.3859375000000001 0.3843750000000001 0.4125 0.4015625 0.4125
2 0.4421875 0.4453125 0.4203125 0.4453125 0.4203125 0.471875 0.4421875 0.471875
4 0.3734375000000001 0.4265625 0.3593750000000001 0.4265625 0.3593750000000001 0.4515625 0.3734375000000001 0.4515625
4 0.3343750000000001 0.4765625 0.3218750000000001 0.4765625 0.3218750000000001 0.4953125 0.3343750000000001 0.4953125
4 0.3515625000000001 0.4578125 0.34062500000000007 0.4578125 0.34062500000000007 0.4765625 0.3515625000000001 0.4765625
2 0.07031250000000007 0.5 0.04687500000000007 0.5 0.04687500000000007 0.525 0.07031250000000007 0.525
2 0.09218750000000006 0.490625 0.06562500000000007 0.490625 0.06562500000000007 0.50625 0.09218750000000006 0.50625
0 0.09062500000000007 0.50625 0.07656250000000006 0.50625 0.07656250000000006 0.525 0.09062500000000007 0.525
2 0.13125000000000003 0.4984375 0.11093750000000005 0.4984375 0.11093750000000005 0.5203125 0.13125000000000003 0.5203125
2 0.14687500000000003 0.4921875 0.12656250000000005 0.4921875 0.12656250000000005 0.5109375 0.14687500000000003 0.5109375
2 0.16093750000000004 0.3828125 0.15000000000000005 0.3828125 0.15000000000000005 0.4265625 0.16093750000000004 0.4265625
2 0.13125000000000003 0.51875 0.10312500000000005 0.51875 0.10312500000000005 0.5375 0.13125000000000003 0.5375
2 0.11093750000000005 0.503125 0.09218750000000006 0.503125 0.09218750000000006 0.525 0.11093750000000005 0.525
2 0.16093750000000004 0.484375 0.14218750000000005 0.484375 0.14218750000000005 0.521875 0.16093750000000004 0.521875
2 0.2000000000000001 0.3921875 0.18125000000000005 0.3921875 0.18125000000000005 0.44375 0.2000000000000001 0.44375
2 0.2593750000000001 0.55625 0.2375000000000001 0.55625 0.2375000000000001 0.5796875 0.2593750000000001 0.5796875
2 0.2062500000000001 0.5359375 0.17968750000000006 0.5359375 0.17968750000000006 0.5671875 0.2062500000000001 0.5671875
0 0.1984375000000001 0.571875 0.1828125000000001 0.571875 0.1828125000000001 0.590625 0.1984375000000001 0.590625
0 0.15625000000000008 0.590625 0.1453125000000001 0.590625 0.1453125000000001 0.6203125 0.15625000000000008 0.6203125
0 0.17187500000000008 0.625 0.16562500000000008 0.625 0.16562500000000008 0.6484375 0.17187500000000008 0.6484375
2 0.16406250000000008 0.621875 0.1453125000000001 0.621875 0.1453125000000001 0.65 0.16406250000000008 0.65
2 0.1625000000000001 0.6546875 0.15000000000000008 0.6546875 0.15000000000000008 0.6890625 0.1625000000000001 0.6890625
2 0.17968750000000008 0.640625 0.17187500000000008 0.640625 0.17187500000000008 0.6640625 0.17968750000000008 0.6640625
2 0.18750000000000008 0.68125 0.17187500000000008 0.68125 0.17187500000000008 0.715625 0.18750000000000008 0.715625
2 0.19531250000000008 0.665625 0.1750000000000001 0.665625 0.1750000000000001 0.6890625 0.19531250000000008 0.6890625
4 0.1703125000000001 0.6734375 0.16406250000000008 0.6734375 0.16406250000000008 0.690625 0.1703125000000001 0.690625
2 0.1546875000000001 0.69375 0.14218750000000008 0.69375 0.14218750000000008 0.725 0.1546875000000001 0.725
2 0.1671875000000001 0.74375 0.1515625000000001 0.74375 0.1515625000000001 0.7734375 0.1671875000000001 0.7734375
2 0.1515625000000001 0.76875 0.1312500000000001 0.76875 0.1312500000000001 0.8 0.1515625000000001 0.8
2 0.15625000000000008 0.79375 0.14218750000000008 0.79375 0.14218750000000008 0.8328125 0.15625000000000008 0.8328125
2 0.1671875000000001 0.7703125 0.1515625000000001 0.7703125 0.1515625000000001 0.8078125 0.1671875000000001 0.8078125
2 0.853125 0.4671875000000002 0.8328125 0.4671875000000002 0.8328125 0.4859375000000002 0.853125 0.4859375000000002
4 0.8140625 0.4421875000000002 0.8046875 0.4421875000000002 0.8046875 0.4515625000000002 0.8140625 0.4515625000000002
4 0.959375 0.42968750000000017 0.95 0.42968750000000017 0.95 0.4421875000000002 0.959375 0.4421875000000002
2 0.4984375 0.4015625 0.4890625 0.4015625 0.4890625 0.4328125 0.4984375 0.4328125
4 0.4 0.5 0.3812500000000001 0.5 0.3812500000000001 0.5234375 0.4 0.5234375
4 0.4453125 0.475 0.4328125 0.475 0.4328125 0.4921875 0.4453125 0.4921875
2 0.4875 0.3968750000000001 0.4734375 0.3968750000000001 0.4734375 0.43125 0.4875 0.43125
4 0.5 0.38750000000000007 0.49375 0.38750000000000007 0.49375 0.3968750000000001 0.5 0.3968750000000001
4 0.5296875 0.4515625 0.5234375 0.4515625 0.5234375 0.4625 0.5296875 0.4625
0 0.15781250000000005 0.446875 0.14687500000000003 0.446875 0.14687500000000003 0.4703125 0.15781250000000005 0.4703125
0 0.15000000000000005 0.4734375 0.13125000000000003 0.4734375 0.13125000000000003 0.4859375 0.15000000000000005 0.4859375
0 0.12656250000000005 0.4859375 0.11093750000000005 0.4859375 0.11093750000000005 0.5015625 0.12656250000000005 0.5015625
4 0.14375000000000004 0.528125 0.13281250000000006 0.528125 0.13281250000000006 0.5390625 0.14375000000000004 0.5390625
4 0.14218750000000008 0.5734375 0.1312500000000001 0.5734375 0.1312500000000001 0.5828125 0.14218750000000008 0.5828125
4 0.08281250000000007 0.5859375 0.06875000000000006 0.5859375 0.06875000000000006 0.596875 0.08281250000000007 0.596875
4 0.01718750000000007 0.5953125 0.0046875000000000736 0.5953125 0.0046875000000000736 0.60625 0.01718750000000007 0.60625
2 0.1531250000000001 0.734375 0.1359375000000001 0.734375 0.1359375000000001 0.7671875 0.1531250000000001 0.7671875
2 0.1750000000000001 0.7140625 0.1546875000000001 0.7140625 0.1546875000000001 0.7375 0.1750000000000001 0.7375
4 0.19531250000000006 0.359375 0.18437500000000004 0.359375 0.18437500000000004 0.38125 0.19531250000000006 0.38125
4 0.08593750000000011 0.8328125 0.07656250000000012 0.8328125 0.07656250000000012 0.8484375 0.08593750000000011 0.8484375
4 0.08281250000000011 0.896875 0.07343750000000011 0.896875 0.07343750000000011 0.9078125 0.08281250000000011 0.9078125
6 0.054687500000000125 0.9765625 0.03437500000000012 0.9765625 0.03437500000000012 1 0.05468750000000013 1
4 0.0765625000000001 0.8140625 0.07187500000000009 0.8140625 0.0718750000000001 0.8296875 0.07656250000000012 0.8296875
0 0.09375000000000008 0.6765625 0.0828125000000001 0.6765625 0.0828125000000001 0.7 0.09375000000000008 0.7