3 0.603125 0.5671875 0.58125 0.5671875 0.58125 0.60625 0.603125 0.60625
3 0.39687500000000003 0.31718750000000007 0.3765625 0.31718750000000007 0.3765625 0.3687500000000001 0.3968750000000001 0.3687500000000001
0 0.5421875 0.3078125000000001 0.5234375 0.3078125000000001 0.5234375 0.3375000000000001 0.5421875 0.3375000000000001
0 0.39531250000000007 0.459375 0.3812500000000001 0.459375 0.3812500000000001 0.484375 0.39531250000000007 0.484375
0 0.615625 0.2656250000000001 0.5953125 0.2656250000000001 0.5953125 0.2890625000000001 0.615625 0.2890625000000001
0 0.6453125 0.21093750000000008 0.621875 0.21093750000000008 0.621875 0.2406250000000001 0.6453125 0.2406250000000001
0 0.4109375 0.6890625 0.39531250000000007 0.6890625 0.39531250000000007 0.71875 0.4109375 0.71875
0 0.3921875000000001 0.690625 0.3750000000000001 0.690625 0.3750000000000001 0.721875 0.3921875000000001 0.721875
0 0.3515625000000001 0.815625 0.3312500000000001 0.815625 0.3312500000000001 0.85 0.3515625000000001 0.85
0 0.9375 1.1347117998349694e-16 0.915625 1.1213172254692953e-16 0.915625 0.034375000000000114 0.9375 0.034375000000000114
2 0.44875940685691906 0.504879137725864 0.41597794375 0.46034320000000006 0.40027361756650653 0.4719026464985127 0.4330550806734256 0.5164385842243766
2 0.43886959474590326 0.5279343952061416 0.4091135765625 0.4866872328125 0.3923637083790969 0.49877071573135845 0.42211972656250013 0.5400178781250001
2 0.5758402097438975 0.6644663858712727 0.5457814843750001 0.6417866859375001 0.5308965668186026 0.6615145328787273 0.5609552921875001 0.6841942328124999
3 0.2531250000000001 0.84375 0.2375000000000001 0.84375 0.2375000000000001 0.878125 0.2531250000000001 0.878125
2 0.33125000000000004 0.3609375 0.315625 0.3609375 0.31562500000000004 0.403125 0.3312500000000001 0.403125
2 0.2421875 0.18281250000000004 0.2140625 0.18281250000000004 0.2140625 0.2109375 0.2421875 0.2109375
2 0.1890625 0.03906250000000002 0.1640625 0.03906250000000002 0.1640625 0.08437500000000002 0.1890625 0.08437500000000002
4 0.6375 0.6515625 0.6203125 0.6515625 0.6203125 0.678125 0.6375 0.678125
4 0.4890625 0.54375 0.475 0.54375 0.475 0.5671875 0.4890625 0.5671875
4 0.50625 0.446875 0.490625 0.446875 0.490625 0.4765625 0.50625 0.4765625
4 0.5640625 0.4609375 0.5453125 0.4609375 0.5453125 0.48125 0.5640625 0.48125
4 0.553125 0.40625 0.5359375 0.40625 0.5359375 0.43125 0.553125 0.43125
4 0.6234375 0.3921875000000001 0.6046875 0.3921875000000001 0.6046875 0.415625 0.6234375 0.415625
4 0.5203125 0.428125 0.503125 0.428125 0.503125 0.4578125 0.5203125 0.4578125
4 0.453125 0.3781250000000001 0.4375 0.3781250000000001 0.4375 0.4 0.453125 0.4
4 0.421875 0.4421875 0.40625 0.4421875 0.40625 0.465625 0.421875 0.465625
4 0.4078125 0.4171875 0.3968750000000001 0.4171875 0.3968750000000001 0.4515625 0.4078125 0.4515625
4 0.35625000000000007 0.453125 0.3390625000000001 0.453125 0.3390625000000001 0.478125 0.35625000000000007 0.478125
4 0.3671875000000001 0.46875 0.3531250000000001 0.46875 0.3531250000000001 0.496875 0.3671875000000001 0.496875
4 0.3515625000000001 0.5 0.3343750000000001 0.5 0.3343750000000001 0.5234375 0.3515625000000001 0.5234375
4 0.3734375000000001 0.5390625 0.3593750000000001 0.5390625 0.3593750000000001 0.559375 0.3734375000000001 0.559375
4 0.3765625000000001 0.553125 0.3625000000000001 0.553125 0.3625000000000001 0.575 0.3765625000000001 0.575
4 0.4265625 0.603125 0.4078125 0.603125 0.4078125 0.628125 0.4265625 0.628125
4 0.3906250000000001 0.609375 0.3734375000000001 0.609375 0.3734375000000001 0.628125 0.3906250000000001 0.628125
4 0.3656250000000001 0.5765625 0.3500000000000001 0.5765625 0.3500000000000001 0.5984375 0.3656250000000001 0.5984375
4 0.3421875000000001 0.5890625 0.3312500000000001 0.5890625 0.3312500000000001 0.6109375 0.3421875000000001 0.6109375
4 0.3218750000000001 0.6140625 0.3109375000000001 0.6140625 0.3109375000000001 0.6421875 0.3218750000000001 0.6421875
4 0.34062500000000007 0.625 0.3312500000000001 0.625 0.3312500000000001 0.6546875 0.34062500000000007 0.6546875
4 0.35625000000000007 0.6203125 0.3453125000000001 0.6203125 0.3453125000000001 0.640625 0.35625000000000007 0.640625
4 0.3765625000000001 0.6546875 0.3609375000000001 0.6546875 0.3609375000000001 0.68125 0.3765625000000001 0.68125
4 0.3906250000000001 0.65625 0.3781250000000001 0.65625 0.3781250000000001 0.6796875 0.3906250000000001 0.6796875
4 0.434375 0.6296875 0.4203125 0.6296875 0.4203125 0.653125 0.434375 0.653125
4 0.4515625 0.5953125 0.4375 0.5953125 0.4375 0.6328125 0.4515625 0.6328125
4 0.465625 0.5859375 0.4515625 0.5859375 0.4515625 0.6125 0.465625 0.6125
4 0.478125 0.575 0.465625 0.575 0.465625 0.6046875 0.478125 0.6046875
4 0.5015625 0.628125 0.4859375 0.628125 0.4859375 0.65 0.5015625 0.65
4 0.5390625 0.6453125 0.525 0.6453125 0.525 0.6671875 0.5390625 0.6671875
4 0.55625 0.66875 0.5421875 0.66875 0.5421875 0.6984375 0.55625 0.6984375
4 0.6000000000000001 0.7109375 0.5796875 0.7109375 0.5796875000000001 0.7359375 0.6000000000000002 0.7359375
4 0.60625 0.6484375 0.590625 0.6484375 0.590625 0.678125 0.60625 0.678125
4 0.6140625 0.64375 0.6015625 0.64375 0.6015625 0.6671875 0.6140625 0.6671875
4 0.7437500000000001 0.809375 0.7296875000000002 0.809375 0.7296875000000002 0.8328125 0.7437500000000001 0.8328125
4 0.7390625000000002 0.7859375000000001 0.7203125000000001 0.7859375 0.7203125000000001 0.80625 0.7390625000000002 0.80625
4 0.7750000000000001 0.8578125 0.7609375000000002 0.8578125 0.7609375000000002 0.8796875 0.7750000000000001 0.8796875
4 0.8 0.8859375 0.7828125000000001 0.8859375 0.7828125000000001 0.9109375 0.8 0.9109375
4 0.815625 0.8875 0.803125 0.8875 0.803125 0.9203125 0.815625 0.9203125
4 0.84375 0.921875 0.828125 0.921875 0.828125 0.9484375 0.84375 0.9484375
4 0.7968750000000002 0.9734375 0.7812500000000002 0.9734375 0.7812500000000002 1 0.7968750000000002 1
4 0.7437500000000001 0.9125 0.7265625000000002 0.9125 0.7265625000000002 0.93125 0.7437500000000001 0.93125
4 0.7312500000000002 0.9234375 0.7109375000000002 0.9234375 0.7109375000000002 0.9484375 0.7312500000000002 0.9484375
2 0.7656250000000002 0.7890625000000002 0.7468750000000002 0.7890625000000002 0.7468750000000002 0.84375 0.7656250000000002 0.84375
0 0.2921875 0.26875 0.2734375 0.26875 0.2734375 0.2953125 0.2921875 0.2953125
4 0.325 0.17812500000000003 0.3078125 0.17812500000000003 0.3078125 0.2 0.325 0.2
4 0.346875 0.21875 0.3328125 0.21875 0.3328125 0.234375 0.346875 0.234375
4 0.353125 0.2 0.340625 0.2 0.340625 0.2171875 0.353125 0.2171875
4 0.303125 0.234375 0.2890625 0.234375 0.2890625 0.259375 0.303125 0.259375
4 0.278125 0.209375 0.2625 0.209375 0.2625 0.2296875 0.278125 0.2296875
4 0.28125 0.18437500000000004 0.2625 0.18437500000000004 0.2625 0.209375 0.28125 0.209375
4 0.328125 0.3078125 0.3125 0.3078125 0.3125 0.3265625 0.328125 0.3265625
4 0.346875 0.3171875 0.3359375 0.3171875 0.3359375 0.3453125 0.346875 0.3453125
4 0.415625 0.3187500000000001 0.4 0.3187500000000001 0.4 0.3453125000000001 0.415625 0.3453125000000001
4 0.32500000000000007 0.4125 0.3109375000000001 0.4125 0.3109375000000001 0.4328125 0.32500000000000007 0.4328125
2 0.8734375 0.2734375000000001 0.85 0.2734375000000001 0.85 0.3078125000000001 0.8734375 0.3078125000000001
2 0.85625 0.3671875000000001 0.8328125 0.3671875000000001 0.8328125 0.4156250000000002 0.85625 0.4156250000000002
3 0.8359375 0.41718750000000016 0.8078125 0.41718750000000016 0.8078125 0.4828125000000002 0.8359375 0.4828125000000002
3 0.6828125 0.421875 0.6546875 0.421875 0.6546875 0.45625 0.6828125 0.45625
3 0.746875 0.3703125000000001 0.7171875 0.3703125000000001 0.7171875 0.4125000000000001 0.746875 0.4125000000000002
3 0.81875 0.3203125000000001 0.7921875 0.3203125000000001 0.7921875 0.34843750000000007 0.81875 0.34843750000000007
3 0.8515625 0.2921875000000001 0.815625 0.2921875000000001 0.815625 0.3312500000000001 0.8515625 0.3312500000000001
3 0.88125 0.30937500000000007 0.8484375 0.30937500000000007 0.8484375 0.36406250000000007 0.88125 0.36406250000000007
3 0.740625 0.6578125000000001 0.715625 0.6578125 0.715625 0.6953125000000001 0.740625 0.6953125000000002
3 0.7 0.5984375 0.6796875 0.5984375 0.6796875 0.6328125 0.7 0.6328125
3 0.69375 0.5671875 0.6703125 0.5671875 0.6703125 0.6109375 0.69375 0.6109375
3 0.6265625 0.478125 0.60625 0.478125 0.60625 0.5078125 0.6265625 0.5078125
3 0.6375 0.53125 0.61875 0.53125 0.61875 0.55625 0.6375 0.55625
4 0.6828125 0.3656250000000001 0.6703125 0.3656250000000001 0.6703125 0.38750000000000007 0.6828125 0.38750000000000007
4 0.69375 0.3703125000000001 0.6828125 0.3703125000000001 0.6828125 0.3906250000000001 0.69375 0.3906250000000001
4 0.69375 0.3218750000000001 0.6828125 0.3218750000000001 0.6828125 0.3390625000000001 0.69375 0.3390625000000001
4 0.6765625 0.2140625000000001 0.659375 0.2140625000000001 0.659375 0.2296875000000001 0.6765625 0.2296875000000001
4 0.7796875 0.1375000000000001 0.7671875 0.1375000000000001 0.7671875 0.1515625000000001 0.7796875 0.1515625000000001
4 0.8015625 0.10156250000000008 0.7859375 0.10156250000000008 0.7859375 0.11718750000000008 0.8015625 0.11718750000000008
4 0.853125 0.07500000000000011 0.8390625 0.07500000000000011 0.8390625 0.08906250000000011 0.853125 0.08906250000000011
4 0.9046875 0.06250000000000011 0.890625 0.06250000000000011 0.890625 0.0796875000000001 0.9046875 0.0796875000000001
4 0.9234375 0.13125000000000014 0.909375 0.13125000000000014 0.909375 0.14687500000000014 0.9234375 0.14687500000000014
4 0.8109375 0.5484375000000001 0.8015625 0.5484375000000001 0.8015625 0.5687500000000002 0.8109375 0.5687500000000002
0 0.8125 0.4906250000000002 0.796875 0.4906250000000002 0.796875 0.5203125000000002 0.8125 0.5203125000000002
2 0.765625 0.6140625000000002 0.7453125 0.6140625000000002 0.7453125 0.6546875000000002 0.765625 0.6546875000000002
4 0.6125 0.565625 0.6015625 0.565625 0.6015625 0.5828125 0.6125 0.5828125
4 0.5906250000000002 0.74375 0.5796875000000001 0.74375 0.5796875000000001 0.759375 0.5906250000000002 0.759375
4 0.6093750000000002 0.834375 0.6000000000000002 0.834375 0.6000000000000002 0.8546875 0.6093750000000002 0.8546875
4 0.5875 0.3078125000000001 0.5734375 0.3078125000000001 0.5734375 0.3265625000000001 0.5875 0.3265625000000001
4 0.5625 0.3140625000000001 0.5515625 0.3140625000000001 0.5515625 0.3359375000000001 0.5625 0.3359375000000001
2 0.5578125 0.23437500000000008 0.5328125 0.23437500000000008 0.5328125 0.2671875000000001 0.5578125 0.2671875000000001
2 0.528125 0.2609375000000001 0.5015625 0.2609375000000001 0.5015625 0.29375000000000007 0.528125 0.29375000000000007
2 0.6078125 0.2078125000000001 0.5859375 0.2078125000000001 0.5859375 0.23593750000000008 0.6078125 0.23593750000000008
2 0.6265625 0.1390625000000001 0.6109375 0.1390625000000001 0.6109375 0.1843750000000001 0.6265625 0.1843750000000001
2 0.66875 0.14218750000000008 0.646875 0.14218750000000008 0.646875 0.1671875000000001 0.66875 0.1671875000000001
3 0.675 0.546875 0.6546875 0.546875 0.6546875 0.584375 0.675 0.584375
2 0.8046875 0.8375 0.7828125000000001 0.8375 0.7828125000000001 0.875 0.8046875 0.875
2 0.7375000000000002 0.953125 0.7125000000000001 0.953125 0.7125000000000001 0.978125 0.7375000000000002 0.978125
2 0.5828125000000002 0.9234375 0.5468750000000002 0.9234375 0.5468750000000002 0.9875 0.5828125000000002 0.9875
4 0.3671875000000001 0.75625 0.3546875000000001 0.75625 0.3546875000000001 0.7765625 0.3671875000000001 0.7765625
4 0.3265625000000001 0.696875 0.31718750000000007 0.696875 0.31718750000000007 0.7171875 0.3265625000000001 0.7171875
4 0.3468750000000001 0.7953125 0.3375000000000001 0.7953125 0.3375000000000001 0.815625 0.3468750000000001 0.815625
4 0.2968750000000001 0.925 0.2875000000000001 0.925 0.2875000000000001 0.946875 0.2968750000000001 0.946875
4 0.3140625000000001 0.9390625 0.3046875000000001 0.9390625 0.3046875000000001 0.959375 0.3140625000000001 0.959375
4 0.3046875000000001 0.96875 0.29375000000000007 0.96875 0.29375000000000007 0.9890625 0.3046875000000001 0.9890625
4 0.2593750000000001 0.884375 0.2484375000000001 0.884375 0.2484375000000001 0.9046875 0.2593750000000001 0.9046875
4 0.2656250000000001 0.9125 0.2531250000000001 0.9125 0.2531250000000001 0.934375 0.2656250000000001 0.934375
3 0.2593750000000001 0.7828125 0.24218750000000008 0.7828125 0.24218750000000008 0.828125 0.2593750000000001 0.828125
2 0.21875000000000008 0.9234375 0.20312500000000008 0.9234375 0.20312500000000008 0.9609375 0.21875000000000008 0.9609375
2 0.3343750000000001 0.90625 0.3187500000000001 0.90625 0.3187500000000001 0.9421875 0.3343750000000001 0.9421875
4 0.365625 0.275 0.35625 0.275 0.35625 0.29375000000000007 0.365625 0.29375000000000007
4 0.3515625 0.17343750000000005 0.3421875 0.17343750000000005 0.3421875 0.19062500000000004 0.3515625 0.19062500000000004
4 0.378125 0.27031250000000007 0.3671875 0.27031250000000007 0.3671875 0.2875000000000001 0.378125 0.2875000000000001
4 0.353125 0.3125 0.34375 0.3125 0.34375 0.33125 0.353125 0.33125
4 0.4046875 0.29375000000000007 0.39375 0.29375000000000007 0.39375 0.3125000000000001 0.4046875 0.3125000000000001
4 0.3984375 0.2750000000000001 0.3875 0.2750000000000001 0.3875 0.2921875000000001 0.3984375 0.2921875000000001
4 0.36875 0.25625000000000003 0.3578125 0.25625 0.3578125 0.27187500000000003 0.36875 0.2718750000000001
4 0.375 0.24375000000000008 0.3640625 0.24375000000000008 0.3640625 0.2640625000000001 0.375 0.2640625000000001
2 0.3140625 0.10000000000000005 0.2953125 0.10000000000000005 0.2953125 0.13593750000000004 0.3140625 0.13593750000000004
2 0.4125 0.13125000000000003 0.390625 0.13125000000000003 0.390625 0.16718750000000004 0.4125 0.16718750000000004
3 0.2609375 0.2234375 0.240625 0.2234375 0.240625 0.259375 0.2609375 0.259375
3 0.221875 0.2390625 0.2015625 0.2390625 0.2015625 0.2796875 0.221875 0.2796875
3 0.19843750000000004 0.19531250000000003 0.17343750000000005 0.1953125 0.17343750000000005 0.23125 0.19843750000000004 0.23125
3 0.2421875 0.2703125 0.2171875 0.2703125 0.2171875 0.309375 0.2421875 0.309375
6 0.2046875 0.2296875 0.17343750000000005 0.2296875 0.17343750000000005 0.2859375 0.2046875 0.2859375
2 0.1984375 0.11875000000000002 0.175 0.11875 0.175 0.14843750000000003 0.1984375 0.14843750000000006
4 0.2015625 0.16250000000000003 0.190625 0.16250000000000003 0.190625 0.17656250000000004 0.2015625 0.17656250000000004
4 0.2 0.15000000000000005 0.1890625 0.15000000000000005 0.1890625 0.16406250000000006 0.2 0.16406250000000006
4 0.1765625 0.10625 0.1671875 0.10625 0.1671875 0.13125 0.1765625 0.13125
3 0.6390625 0.49375 0.61875 0.49375 0.61875 0.525 0.6390625 0.525
3 0.728125 0.6296875000000001 0.703125 0.6296875 0.703125 0.6703125000000001 0.728125 0.6703125000000002
3 0.7140625 0.615625 0.69375 0.615625 0.69375 0.6515625 0.7140625 0.6515625
3 0.7109375 0.4015625 0.68125 0.4015625 0.68125 0.4375 0.7109375 0.4375
4 0.6796875 0.12656250000000008 0.66875 0.12656250000000008 0.66875 0.14062500000000008 0.6796875 0.14062500000000008
4 0.63125 0.1359375000000001 0.625 0.1359375000000001 0.625 0.1531250000000001 0.63125 0.1531250000000001
4 0.640625 0.1281250000000001 0.6359375 0.1281250000000001 0.6359375 0.1437500000000001 0.640625 0.1437500000000001
4 0.6484375 0.12500000000000008 0.64375 0.12500000000000008 0.64375 0.14062500000000008 0.6484375 0.14062500000000008
4 0.6546875 0.12031250000000009 0.65 0.12031250000000009 0.65 0.14062500000000008 0.6546875 0.14062500000000008
4 0.6609375 0.12031250000000009 0.65625 0.12031250000000009 0.65625 0.1359375000000001 0.6609375 0.1359375000000001
4 0.665625 0.11875000000000009 0.6609375 0.11875000000000009 0.6609375 0.13437500000000008 0.665625 0.13437500000000008
4 0.671875 0.11562500000000009 0.665625 0.11562500000000009 0.665625 0.1312500000000001 0.671875 0.1312500000000001
4 0.675 0.10937500000000008 0.66875 0.10937500000000008 0.66875 0.12343750000000009 0.675 0.12343750000000009
4 0.68125 0.10468750000000009 0.675 0.10468750000000009 0.675 0.12343750000000009 0.68125 0.12343750000000009
4 0.6875 0.10000000000000009 0.6828125 0.10000000000000009 0.6828125 0.11875000000000009 0.6875 0.11875000000000009
4 0.71875 0.11093750000000009 0.7046875 0.11093750000000009 0.7046875 0.12656250000000008 0.71875 0.12656250000000008
4 0.609375 0.12656250000000008 0.603125 0.12656250000000008 0.603125 0.1437500000000001 0.609375 0.1437500000000001
4 0.609375 0.1515625000000001 0.6046875 0.1515625000000001 0.6046875 0.1703125000000001 0.609375 0.1703125000000001
4 0.590625 0.1937500000000001 0.5828125 0.1937500000000001 0.5828125 0.21093750000000008 0.590625 0.21093750000000008
4 0.6015625 0.1687500000000001 0.596875 0.1687500000000001 0.596875 0.1859375000000001 0.6015625 0.1859375000000001
4 0.55 0.18750000000000006 0.540625 0.18750000000000006 0.540625 0.2015625000000001 0.55 0.2015625000000001
4 0.553125 0.1781250000000001 0.5484375 0.1781250000000001 0.5484375 0.19531250000000008 0.553125 0.19531250000000008
4 0.5625 0.19531250000000008 0.55625 0.19531250000000008 0.55625 0.2140625000000001 0.5625 0.2140625000000001
4 0.575 0.18906250000000008 0.56875 0.18906250000000008 0.56875 0.20468750000000008 0.575 0.20468750000000008
4 0.578125 0.1843750000000001 0.5734375 0.1843750000000001 0.5734375 0.20312500000000008 0.578125 0.20312500000000008
4 0.584375 0.18125000000000008 0.578125 0.18125000000000008 0.578125 0.19687500000000008 0.584375 0.19687500000000008
4 0.5890625 0.1671875000000001 0.584375 0.1671875000000001 0.584375 0.1859375000000001 0.5890625 0.1859375000000001
4 0.596875 0.1703125000000001 0.590625 0.1703125000000001 0.590625 0.18906250000000008 0.596875 0.18906250000000008
4 0.5171875 0.19218750000000004 0.5109375 0.19218750000000004 0.5109375 0.21093750000000008 0.5171875 0.21093750000000008
3 0.5296875 0.2093750000000001 0.5078125 0.2093750000000001 0.5078125 0.2375000000000001 0.5296875 0.2375000000000001
4 0.4578125 0.29375000000000007 0.45 0.29375000000000007 0.45 0.3078125000000001 0.4578125 0.3078125000000001
4 0.4578125 0.2828125000000001 0.4484375 0.2828125000000001 0.4484375 0.2968750000000001 0.4578125 0.2968750000000001
4 0.4625 0.2750000000000001 0.4578125 0.2750000000000001 0.4578125 0.2921875000000001 0.4625 0.2921875000000001
4 0.4734375 0.2750000000000001 0.465625 0.2750000000000001 0.465625 0.2890625000000001 0.4734375 0.2890625000000001
4 0.4796875 0.27031250000000007 0.471875 0.27031250000000007 0.471875 0.28593750000000007 0.4796875 0.28593750000000007
4 0.5 0.27031250000000007 0.49375 0.27031250000000007 0.49375 0.2906250000000001 0.5 0.2906250000000001
4 0.4375 0.2875000000000001 0.43125 0.2875000000000001 0.43125 0.3062500000000001 0.4375 0.3062500000000001
4 0.446875 0.28593750000000007 0.440625 0.28593750000000007 0.440625 0.3000000000000001 0.446875 0.3000000000000001
4 0.3640625 0.057812500000000044 0.3546875 0.057812500000000044 0.3546875 0.07812500000000004 0.3640625 0.07812500000000004
4 0.3734375 0.07500000000000004 0.3625 0.07500000000000004 0.3625 0.09218750000000005 0.3734375 0.09218750000000005
4 0.3875 0.10156250000000004 0.38125 0.10156250000000004 0.38125 0.12187500000000004 0.3875 0.12187500000000004
4 0.38125 0.11718750000000004 0.375 0.11718750000000004 0.375 0.12968750000000004 0.38125 0.12968750000000004
4 0.3796875 0.09843750000000004 0.371875 0.09843750000000004 0.371875 0.11562500000000005 0.3796875 0.11562500000000005
4 0.3765625 0.11562500000000005 0.3703125 0.11562500000000005 0.3703125 0.13125000000000003 0.3765625 0.13125000000000003
4 0.3703125 0.12500000000000006 0.3640625 0.12500000000000006 0.3640625 0.14375000000000004 0.3703125 0.14375000000000004
4 0.378125 0.13750000000000004 0.371875 0.13750000000000004 0.371875 0.15625000000000006 0.378125 0.15625000000000006
4 0.3671875 0.11406250000000004 0.3609375 0.11406250000000004 0.3609375 0.12968750000000004 0.3671875 0.12968750000000004
4 0.3625 0.09531250000000005 0.35625 0.09531250000000005 0.35625 0.11093750000000005 0.3625 0.11093750000000005
4 0.2765625 0.018750000000000034 0.2671875 0.018750000000000034 0.2671875 0.03437500000000003 0.2765625 0.03437500000000003
4 0.34375 0.03750000000000005 0.334375 0.03750000000000005 0.334375 0.05468750000000004 0.34375 0.05468750000000004
4 0.3546875 0.04687500000000004 0.34375 0.04687500000000004 0.34375 0.06562500000000004 0.3546875 0.06562500000000004
4 0.34375 0.07031250000000004 0.334375 0.07031250000000004 0.334375 0.08437500000000005 0.34375 0.08437500000000005
4 0.3328125 0.06562500000000004 0.328125 0.06562500000000004 0.328125 0.07812500000000004 0.3328125 0.07812500000000004
4 0.3296875 0.057812500000000044 0.3234375 0.057812500000000044 0.3234375 0.07656250000000005 0.3296875 0.07656250000000005
4 0.3265625 0.07187500000000005 0.3171875 0.07187500000000005 0.3171875 0.08125000000000004 0.3265625 0.08125000000000004
4 0.321875 0.07500000000000004 0.3125 0.07500000000000004 0.3125 0.08593750000000004 0.321875 0.08593750000000004
4 0.3125 0.07343750000000004 0.303125 0.07343750000000004 0.303125 0.09062500000000004 0.3125 0.09062500000000004
4 0.3140625 0.08593750000000004 0.3046875 0.08593750000000004 0.3046875 0.10156250000000004 0.3140625 0.10156250000000004
4 0.3390625 0.12656250000000005 0.33125 0.12656250000000005 0.33125 0.14062500000000006 0.3390625 0.14062500000000006
4 0.3453125 0.12187500000000004 0.3390625 0.12187500000000004 0.3390625 0.13750000000000004 0.3453125 0.13750000000000004
4 0.3484375 0.09531250000000005 0.340625 0.09531250000000005 0.340625 0.11093750000000005 0.3484375 0.11093750000000005
4 0.353125 0.10156250000000004 0.34375 0.10156250000000004 0.34375 0.12031250000000004 0.353125 0.12031250000000004
4 0.340625 0.10156250000000004 0.33125 0.10156250000000004 0.33125 0.12187500000000004 0.340625 0.12187500000000004
4 0.31875 0.09531250000000005 0.3125 0.09531250000000005 0.3125 0.11250000000000004 0.31875 0.11250000000000004
4 0.3234375 0.09687500000000004 0.3171875 0.09687500000000004 0.3171875 0.11562500000000005 0.3234375 0.11562500000000005
4 0.3484375 0.13437500000000005 0.340625 0.13437500000000005 0.340625 0.15468750000000003 0.3484375 0.15468750000000003
4 0.359375 0.11718750000000004 0.3515625 0.11718750000000004 0.3515625 0.13437500000000005 0.359375 0.13437500000000005
4 0.3921875 0.18906250000000005 0.3828125 0.18906250000000005 0.3828125 0.20468750000000008 0.3921875 0.20468750000000008
4 0.3859375 0.20468750000000008 0.3765625 0.20468750000000008 0.3765625 0.21875000000000008 0.3859375 0.21875000000000008
4 0.3390625000000001 0.3875 0.33281250000000007 0.3875 0.33281250000000007 0.4078125 0.3390625000000001 0.4078125
4 0.3062500000000001 0.43125 0.2968750000000001 0.43125 0.2968750000000001 0.446875 0.3062500000000001 0.446875
4 0.228125 0.2328125 0.21875 0.2328125 0.21875 0.2453125 0.228125 0.2453125
4 0.2359375 0.24375 0.228125 0.24375 0.228125 0.2546875 0.2359375 0.2546875
4 0.2421875 0.2359375 0.234375 0.2359375 0.234375 0.2546875 0.2421875 0.2546875
4 0.14843750000000006 0.1859375 0.14062500000000006 0.1859375 0.14062500000000006 0.2046875 0.14843750000000006 0.2046875
4 0.14375000000000002 0.178125 0.1359375 0.178125 0.13593750000000002 0.1953125 0.14375000000000004 0.1953125
4 0.1171875 0.115625 0.1078125 0.115625 0.1078125 0.140625 0.1171875 0.140625
3 0.090625 0.010937500000000008 0.0515625 0.010937500000000006 0.0515625 0.071875 0.090625 0.071875
3 0.2828125000000001 0.6671875 0.2687500000000001 0.6671875 0.2687500000000001 0.696875 0.2828125000000001 0.696875
4 0.2328125000000001 0.828125 0.22031250000000008 0.828125 0.22031250000000008 0.8390625 0.2328125000000001 0.8390625
4 0.2296875000000001 0.840625 0.21875000000000008 0.840625 0.21875000000000008 0.853125 0.2296875000000001 0.853125
4 0.2375000000000001 0.8078125 0.22812500000000008 0.8078125 0.22812500000000008 0.81875 0.2375000000000001 0.81875
4 0.2500000000000001 0.765625 0.2390625000000001 0.765625 0.2390625000000001 0.778125 0.2500000000000001 0.778125