4 0.010937500000000003 0.00625 0.0015625000000000007 0.00625 0.0015625000000000025 0.034375 0.010937500000000006 0.034375
4 0.029687500000000006 0.025 0.018750000000000006 0.025 0.018750000000000006 0.053125 0.029687500000000012 0.053125
4 0.010937500000000013 0.08125 9.950255243072244e-18 0.08125 1.1385388210823048e-17 0.1046875 0.010937500000000013 0.1046875
2 0.05312500000000002 0.1109375 0.03593750000000001 0.1109375 0.03593750000000002 0.159375 0.05312500000000002 0.159375
2 0.07031250000000003 0.115625 0.05312500000000002 0.115625 0.05312500000000002 0.1578125 0.07031250000000003 0.1578125
2 0.042187500000000024 0.16875 0.026562500000000024 0.16875 0.026562500000000024 0.2046875 0.042187500000000024 0.2046875
2 0.057812500000000024 0.159375 0.043750000000000025 0.159375 0.043750000000000025 0.203125 0.057812500000000024 0.203125
2 0.05468750000000002 0.209375 0.034375000000000024 0.209375 0.03437500000000003 0.253125 0.05468750000000002 0.253125
2 0.15781250000000005 0.2453125 0.13906250000000003 0.2453125 0.13906250000000003 0.2953125 0.15781250000000005 0.2953125
5 0.02812500000000003 0.2046875 0.003125000000000025 0.2046875 0.0031250000000000305 0.29375 0.028125000000000032 0.29375
5 0.07968750000000005 0.3140625 0.05312500000000005 0.3140625 0.05312500000000005 0.3890625 0.07968750000000005 0.3890625
0 0.13750000000000004 0.396875 0.12187500000000004 0.396875 0.12187500000000004 0.421875 0.13750000000000004 0.421875
0 0.01406250000000007 0.565625 6.926908457677216e-17 0.565625 7.089556860688975e-17 0.5921875 0.014062500000000071 0.5921875
0 0.19843750000000004 0.375 0.18437500000000004 0.375 0.18437500000000004 0.39375 0.19843750000000004 0.39375
3 0.19843750000000004 0.4125 0.17812500000000003 0.4125 0.17812500000000003 0.43125 0.19843750000000004 0.43125
2 0.06406250000000006 0.5265625 0.04375000000000007 0.5265625 0.04375000000000007 0.5515625 0.06406250000000006 0.5515625
2 0.1281250000000001 0.546875 0.10312500000000009 0.546875 0.10312500000000009 0.5671875 0.1281250000000001 0.5671875
4 0.043750000000000074 0.5875 0.029687500000000068 0.5875 0.02968750000000007 0.603125 0.04375000000000008 0.603125
4 0.014062500000000075 0.6078125 7.443556326067507e-17 0.6078125 7.577502069724248e-17 0.6296875 0.014062500000000078 0.6296875
4 0.2890625000000001 0.4625 0.2765625000000001 0.4625 0.2765625000000001 0.4796875 0.2890625000000001 0.4796875
4 0.22812500000000008 0.4015625 0.21250000000000008 0.4015625 0.21250000000000008 0.4265625 0.22812500000000008 0.4265625
4 0.5390625 0.55625 0.521875 0.55625 0.521875 0.5765625 0.5390625 0.5765625
2 0.509375 0.3578125000000001 0.484375 0.3578125000000001 0.484375 0.3828125000000001 0.509375 0.3828125000000001
4 0.571875 0.3343750000000001 0.5578125 0.3343750000000001 0.5578125 0.34843750000000007 0.571875 0.34843750000000007
2 0.7328125 0.42656250000000007 0.7015625 0.4265625 0.7015625 0.4515625000000001 0.7328125 0.4515625000000002
2 0.790625 0.23593750000000008 0.7625 0.23593750000000008 0.7625 0.2609375000000001 0.790625 0.2609375000000001
2 0.7796875 0.1515625000000001 0.7546875 0.1515625000000001 0.7546875 0.18125000000000008 0.7796875 0.18125000000000008
2 0.9125 0.3140625000000001 0.88125 0.3140625000000001 0.88125 0.3437500000000001 0.9125 0.3437500000000001
2 1 0.37968750000000007 0.9703125 0.37968750000000007 0.9703125 0.41406250000000017 1 0.41406250000000017
2 0.996875 0.3109375000000001 0.9703125 0.3109375000000001 0.9703125 0.3390625000000001 0.996875 0.3390625000000001
4 0.8359375 0.48437500000000017 0.81875 0.48437500000000017 0.81875 0.4984375000000002 0.8359375 0.4984375000000002
0 0.75625 0.4578125000000002 0.7359375 0.4578125000000002 0.7359375 0.47656250000000017 0.75625 0.47656250000000017