2 0.05156250000000011 0.9484375 0.03125000000000011 0.9484375 0.03125000000000012 0.9828125 0.05156250000000011 0.9828125
2 0.07343750000000011 0.959375 0.05312500000000011 0.959375 0.05312500000000011 0.9953125 0.07343750000000011 0.9953125
2 0.1062500000000001 0.8640625 0.08593750000000011 0.8640625 0.08593750000000011 0.8890625 0.1062500000000001 0.8890625
2 0.21875000000000008 0.9640625 0.2000000000000001 0.9640625 0.2000000000000001 0.9984375 0.21875000000000008 0.9984375
2 0.2406250000000001 0.9359375 0.2218750000000001 0.9359375 0.2218750000000001 0.9765625 0.2406250000000001 0.9765625
2 0.2968750000000001 0.815625 0.2812500000000001 0.815625 0.2812500000000001 0.8515625 0.2968750000000001 0.8515625
2 0.3312500000000001 0.8109375 0.3156250000000001 0.8109375 0.3156250000000001 0.8421875 0.3312500000000001 0.8421875
2 0.3359375000000001 0.9390625 0.3203125000000001 0.9390625 0.3203125000000001 0.96875 0.3359375000000001 0.96875
2 0.37968750000000007 0.9421875 0.36406250000000007 0.9421875 0.36406250000000007 0.978125 0.37968750000000007 0.978125
2 0.2500000000000001 0.690625 0.2312500000000001 0.690625 0.2312500000000001 0.7171875 0.2500000000000001 0.7171875
2 0.2578125000000001 0.703125 0.2406250000000001 0.703125 0.2406250000000001 0.7359375 0.2578125000000001 0.7359375
2 0.2671875000000001 0.671875 0.2484375000000001 0.671875 0.2484375000000001 0.7015625 0.2671875000000001 0.7015625
2 0.2734375000000001 0.6890625 0.2593750000000001 0.6890625 0.2593750000000001 0.715625 0.2734375000000001 0.715625
2 0.2890625000000001 0.665625 0.2750000000000001 0.665625 0.2750000000000001 0.69375 0.2890625000000001 0.69375
2 0.3046875000000001 0.6484375 0.2890625000000001 0.6484375 0.2890625000000001 0.6734375 0.3046875000000001 0.6734375
2 0.3000000000000001 0.634375 0.28593750000000007 0.634375 0.28593750000000007 0.6578125 0.3000000000000001 0.6578125
2 0.3218750000000001 0.6296875 0.3046875000000001 0.6296875 0.3046875000000001 0.659375 0.3218750000000001 0.659375
2 0.33281250000000007 0.59375 0.3156250000000001 0.59375 0.3156250000000001 0.6234375 0.33281250000000007 0.6234375
2 0.3375000000000001 0.609375 0.3203125000000001 0.609375 0.3203125000000001 0.6390625 0.3375000000000001 0.6390625
2 0.3515625000000001 0.5828125 0.3359375000000001 0.5828125 0.3359375000000001 0.6125 0.3515625000000001 0.6125
2 0.5109375 0.621875 0.490625 0.621875 0.490625 0.6453125 0.5109375 0.6453125
2 0.3984375000000001 0.4421875 0.3843750000000001 0.4421875 0.3843750000000001 0.478125 0.3984375000000001 0.478125
2 0.3859375000000001 0.3671875000000001 0.3703125000000001 0.3671875000000001 0.3703125000000001 0.4 0.3859375000000001 0.4
2 0.35625 0.28125 0.3421875 0.28125 0.3421875 0.3109375 0.35625 0.3109375
2 0.3390625 0.24375 0.321875 0.24375 0.321875 0.2796875 0.3390625 0.2796875
2 0.3171875 0.17656250000000004 0.2984375 0.17656250000000004 0.2984375 0.2171875 0.3171875 0.2171875
2 0.2890625 0.12656250000000005 0.271875 0.12656250000000005 0.271875 0.15937500000000004 0.2890625 0.15937500000000004
2 0.3296875 3.932264331637205e-17 0.3125 3.827021247335479e-17 0.3125 0.026562500000000037 0.3296875 0.026562500000000044
2 0.3390625 4.0566425221756075e-17 0.3234375 3.9609669909922206e-17 0.3234375 0.023437500000000038 0.3390625 0.023437500000000038
2 0.384375 0.14218750000000005 0.36875 0.14218750000000005 0.36875 0.17968750000000006 0.384375 0.17968750000000006
2 0.421875 0.2500000000000001 0.40625 0.2500000000000001 0.40625 0.2812500000000001 0.421875 0.2812500000000001
2 0.43125 0.2406250000000001 0.4125 0.2406250000000001 0.4125 0.2718750000000001 0.43125 0.2718750000000001
2 0.4453125 0.24218750000000008 0.4296875 0.24218750000000008 0.4296875 0.2718750000000001 0.4453125 0.2718750000000001
2 0.4421875 0.2750000000000001 0.428125 0.2750000000000001 0.428125 0.3062500000000001 0.4421875 0.3062500000000001
2 0.4328125 0.2765625000000001 0.41875 0.2765625000000001 0.41875 0.3109375000000001 0.4328125 0.3109375000000001
2 0.421875 0.27812500000000007 0.409375 0.27812500000000007 0.409375 0.3078125000000001 0.421875 0.3078125000000001
2 0.471875 0.4265625 0.4546875 0.4265625 0.4546875 0.453125 0.471875 0.453125
2 0.5625 0.2015625000000001 0.5484375 0.2015625000000001 0.5484375 0.24218750000000008 0.5625 0.24218750000000008
2 0.5890625 0.1859375000000001 0.5734375 0.1859375000000001 0.5734375 0.2171875000000001 0.5890625 0.2171875000000001
2 0.5734375 0.1218750000000001 0.5578125 0.1218750000000001 0.5578125 0.15625000000000008 0.5734375 0.15625000000000008
2 0.5609375 0.03593750000000007 0.546875 0.03593750000000007 0.546875 0.07031250000000007 0.5609375 0.07031250000000007
2 0.6015625 0.05156250000000007 0.58125 0.05156250000000007 0.58125 0.07500000000000007 0.6015625 0.07500000000000007
2 0.6515625 0.3000000000000001 0.6296875 0.3000000000000001 0.6296875 0.32500000000000007 0.6515625 0.32500000000000007
2 0.8015625 0.14843750000000008 0.7875 0.14843750000000008 0.7875 0.1843750000000001 0.8015625 0.1843750000000001
2 0.81875 0.16406250000000008 0.7984375 0.16406250000000008 0.7984375 0.18906250000000008 0.81875 0.18906250000000008
2 0.8265625 0.12656250000000008 0.8125 0.12656250000000008 0.8125 0.1593750000000001 0.8265625 0.1593750000000001
2 0.8796875 0.0640625000000001 0.859375 0.0640625000000001 0.859375 0.10000000000000009 0.8796875 0.10000000000000009
2 0.865625 0.1671875000000001 0.8453125 0.1671875000000001 0.8453125 0.1984375000000001 0.865625 0.1984375000000001
2 0.946875 1.146192863576976e-16 0.925 1.1327982892113018e-16 0.925 0.018750000000000114 0.946875 0.018750000000000117
2 0.953125 0.18593750000000014 0.9359375 0.18593750000000014 0.9359375 0.22031250000000008 0.953125 0.22031250000000008
2 0.9453125 0.19687500000000013 0.925 0.19687500000000013 0.925 0.2250000000000001 0.9453125 0.2250000000000001
2 0.934375 0.2093750000000001 0.9140625 0.2093750000000001 0.9140625 0.24375000000000008 0.934375 0.24375000000000008
2 0.8296875 0.23593750000000008 0.809375 0.23593750000000008 0.809375 0.2671875000000001 0.8296875 0.2671875000000001
2 0.809375 0.2468750000000001 0.7921875 0.2468750000000001 0.7921875 0.27812500000000007 0.809375 0.27812500000000007
2 0.79375 0.27031250000000007 0.7765625 0.27031250000000007 0.7765625 0.30156250000000007 0.79375 0.30156250000000007
2 0.75625 0.29375000000000007 0.740625 0.29375000000000007 0.740625 0.3187500000000001 0.75625 0.3187500000000001
2 0.7609375 0.3187500000000001 0.746875 0.3187500000000001 0.746875 0.3343750000000001 0.7609375 0.3343750000000001
2 0.746875 0.33281250000000007 0.73125 0.33281250000000007 0.73125 0.3531250000000001 0.746875 0.3531250000000001
2 0.7390625 0.31718750000000007 0.7203125 0.31718750000000007 0.7203125 0.34843750000000007 0.7390625 0.34843750000000007
2 0.71875 0.3359375000000001 0.7 0.3359375000000001 0.7 0.3671875000000001 0.71875 0.3671875000000001
2 0.73125 0.3468750000000001 0.715625 0.3468750000000001 0.715625 0.3703125000000001 0.73125 0.3703125000000001
2 0.746875 0.3500000000000001 0.7296875 0.3500000000000001 0.7296875 0.3687500000000001 0.746875 0.3687500000000001
2 0.7171875 0.3703125000000001 0.7 0.3703125000000001 0.7 0.39531250000000007 0.7171875 0.39531250000000007
2 0.69375 0.3906250000000001 0.675 0.3906250000000001 0.675 0.4171875 0.69375 0.4171875
2 0.6890625 0.3812500000000001 0.6703125 0.3812500000000001 0.6703125 0.4 0.6890625 0.4
2 0.6734375 0.3968750000000001 0.6578125 0.3968750000000001 0.6578125 0.4265625 0.6734375 0.4265625
2 0.7265625 0.5546875000000001 0.7125 0.5546875 0.7125 0.5875000000000001 0.7265625 0.5875000000000001
2 0.875 0.7312500000000002 0.85625 0.7312500000000002 0.85625 0.7609375000000002 0.875 0.7609375000000002
2 0.8875 0.7437500000000001 0.8734375 0.7437500000000001 0.8734375 0.7750000000000001 0.8875 0.7750000000000001
2 0.9109375 0.7625000000000002 0.896875 0.7625000000000002 0.896875 0.7875000000000002 0.9109375 0.7875000000000002
2 0.9484375 0.803125 0.9328125 0.803125 0.9328125 0.8375 0.9484375 0.8375
2 0.959375 0.825 0.9390625 0.825 0.9390625 0.8546875 0.959375 0.8546875
2 0.9703125 0.846875 0.9484375 0.846875 0.9484375 0.871875 0.9703125 0.871875
2 0.98125 0.8625 0.959375 0.8625 0.959375 0.8875 0.98125 0.8875
2 0.990625 0.890625 0.965625 0.890625 0.965625 0.9171875 0.990625 0.9171875
2 0.9359375 0.9578125 0.915625 0.9578125 0.915625 0.9921875 0.9359375 0.9921875
2 0.878125 0.9015625 0.8578125 0.9015625 0.8578125 0.9234375 0.878125 0.9234375
2 0.86875 0.875 0.8453125 0.875 0.8453125 0.903125 0.86875 0.903125
2 0.8203125 0.8484375 0.8015625 0.8484375 0.8015625 0.8765625 0.8203125 0.8765625
2 0.7265625000000002 0.7562500000000001 0.7078125000000002 0.75625 0.7078125000000002 0.7796875000000001 0.7265625000000002 0.7796875000000002
2 0.6968750000000001 0.728125 0.6765625000000002 0.728125 0.6765625000000002 0.753125 0.6968750000000001 0.753125
2 0.6718750000000001 0.7171875 0.646875 0.7171875 0.6468750000000001 0.740625 0.6718750000000002 0.740625
2 0.6859375000000002 0.746875 0.6671875000000002 0.746875 0.6671875000000002 0.7671875 0.6859375000000002 0.7671875
2 0.6375000000000001 0.7109375 0.615625 0.7109375 0.6156250000000001 0.7328125 0.6375000000000002 0.7328125
2 0.6203125 0.6890625 0.6015625 0.6890625 0.6015625 0.709375 0.6203125 0.709375
2 0.6265625 0.675 0.60625 0.675 0.60625 0.6984375 0.6265625 0.6984375
2 0.5984375 0.6265625 0.5828125 0.6265625 0.5828125 0.6609375 0.5984375 0.6609375
2 0.5734375 0.61875 0.5578125 0.61875 0.5578125 0.6515625 0.5734375 0.6515625
2 0.59375 0.671875 0.5734375 0.671875 0.5734375 0.6984375 0.59375 0.6984375
2 0.59375 0.690625 0.5734375 0.690625 0.5734375 0.7125 0.59375 0.7125
2 0.6078125000000001 0.7125 0.584375 0.7125 0.5843750000000001 0.7359375 0.6078125000000002 0.7359375
2 0.5671875 0.6796875 0.5453125 0.6796875 0.5453125 0.6984375 0.5671875 0.6984375
2 0.534375 0.653125 0.5140625 0.653125 0.5140625 0.68125 0.534375 0.68125
2 0.5625000000000002 0.7640625 0.5406250000000001 0.7640625 0.5406250000000001 0.7921875 0.5625000000000002 0.7921875
4 0.1187500000000001 0.89375 0.10937500000000008 0.89375 0.10937500000000011 0.909375 0.11875000000000013 0.909375
4 0.05937500000000011 0.8578125 0.0484375000000001 0.8578125 0.048437500000000105 0.8734375 0.05937500000000011 0.8734375
4 0.0640625000000001 0.8734375 0.05312500000000011 0.8734375 0.05312500000000011 0.8875 0.0640625000000001 0.8875
4 0.07343750000000011 0.8671875 0.06250000000000011 0.8671875 0.06250000000000011 0.8765625 0.07343750000000011 0.8765625
4 0.08437500000000012 0.8484375 0.07656250000000012 0.8484375 0.07656250000000012 0.8640625 0.08437500000000012 0.8640625
4 0.0875000000000001 0.8421875 0.08125000000000011 0.8421875 0.08125000000000011 0.859375 0.0875000000000001 0.859375
4 0.09218750000000012 0.8375 0.08593750000000011 0.8375 0.08593750000000011 0.85625 0.09218750000000012 0.85625
4 0.09687500000000011 0.8375 0.09062500000000011 0.8375 0.09062500000000011 0.853125 0.09687500000000011 0.853125
4 0.11093750000000009 0.8265625 0.10312500000000009 0.8265625 0.10312500000000009 0.840625 0.11093750000000009 0.840625
4 0.11250000000000009 0.81875 0.1062500000000001 0.81875 0.1062500000000001 0.834375 0.11250000000000009 0.834375
4 0.11875000000000009 0.8140625 0.11250000000000009 0.8140625 0.11250000000000009 0.8296875 0.11875000000000009 0.8296875
4 0.2515625000000001 0.9265625 0.2468750000000001 0.9265625 0.2468750000000001 0.9421875 0.2515625000000001 0.9421875
4 0.2656250000000001 0.903125 0.2578125000000001 0.903125 0.2578125000000001 0.921875 0.2656250000000001 0.921875
4 0.2312500000000001 0.7203125 0.22031250000000008 0.7203125 0.22031250000000008 0.7390625 0.2312500000000001 0.7390625
4 0.32500000000000007 0.771875 0.3140625000000001 0.771875 0.3140625000000001 0.7921875 0.32500000000000007 0.7921875
4 0.3031250000000001 0.8515625 0.29375000000000007 0.8515625 0.29375000000000007 0.8671875 0.3031250000000001 0.8671875
4 0.2812500000000001 0.6328125 0.2718750000000001 0.6328125 0.2718750000000001 0.646875 0.2812500000000001 0.646875
4 0.28593750000000007 0.64375 0.2765625000000001 0.64375 0.2765625000000001 0.659375 0.28593750000000007 0.659375
4 0.3125000000000001 0.621875 0.3031250000000001 0.621875 0.3031250000000001 0.6328125 0.3125000000000001 0.6328125
4 0.3187500000000001 0.61875 0.3109375000000001 0.61875 0.3109375000000001 0.6296875 0.3187500000000001 0.6296875
4 0.3312500000000001 0.5890625 0.32500000000000007 0.5890625 0.32500000000000007 0.603125 0.3312500000000001 0.603125
4 0.3375000000000001 0.575 0.3296875000000001 0.575 0.3296875000000001 0.590625 0.3375000000000001 0.590625
4 0.37187500000000007 0.7625 0.36406250000000007 0.7625 0.36406250000000007 0.7765625 0.37187500000000007 0.7765625
4 0.4625000000000002 0.740625 0.4578125000000002 0.740625 0.4578125000000002 0.75625 0.4625000000000002 0.75625
4 0.4203125 0.496875 0.40625 0.496875 0.40625 0.5125 0.4203125 0.5125
4 0.3687500000000001 0.36718750000000006 0.3593750000000001 0.3671875 0.3593750000000001 0.384375 0.3687500000000001 0.3843750000000001
4 0.3781250000000001 0.3968750000000001 0.3687500000000001 0.3968750000000001 0.3687500000000001 0.4125 0.3781250000000001 0.4125
4 0.3578125000000001 0.3671875 0.3515625000000001 0.3671875 0.3515625000000001 0.3859375 0.3578125000000001 0.3859375
4 0.3609375 0.328125 0.3515625 0.328125 0.3515625 0.3421875 0.3609375 0.3421875
4 0.3515625 0.321875 0.3421875 0.321875 0.3421875 0.3421875 0.3515625 0.3421875
4 0.3390625 0.2921875 0.3328125 0.2921875 0.3328125 0.3109375 0.3390625 0.3109375
4 0.328125 0.2609375 0.321875 0.2609375 0.321875 0.2765625 0.328125 0.2765625
4 0.2796875 0.14687500000000003 0.2703125 0.14687500000000003 0.2703125 0.16250000000000003 0.2796875 0.16250000000000003
4 0.28125 0.16250000000000003 0.271875 0.16250000000000003 0.271875 0.17500000000000004 0.28125 0.17500000000000004
4 0.2640625 0.10468750000000004 0.2546875 0.10468750000000004 0.2546875 0.12500000000000006 0.2640625 0.12500000000000006
4 0.2671875 0.10000000000000005 0.259375 0.10000000000000005 0.259375 0.11718750000000004 0.2671875 0.11718750000000004
4 0.3375 0.04531250000000005 0.328125 0.04531250000000005 0.328125 0.06093750000000005 0.3375 0.06093750000000005
4 0.3734375 0.07656250000000005 0.3640625 0.07656250000000005 0.3640625 0.08593750000000004 0.3734375 0.08593750000000004
4 0.390625 0.12812500000000004 0.3796875 0.12812500000000004 0.3796875 0.13906250000000003 0.390625 0.13906250000000003
4 0.3984375 0.14531250000000004 0.3875 0.14531250000000004 0.3875 0.15625000000000006 0.3984375 0.15625000000000006
4 0.3984375 0.12812500000000004 0.3890625 0.12812500000000004 0.3890625 0.13906250000000003 0.3984375 0.13906250000000003
4 0.4 0.13125000000000003 0.39375 0.13125000000000003 0.39375 0.13750000000000004 0.4 0.13750000000000004
4 0.4015625 0.13437500000000005 0.3953125 0.13437500000000005 0.3953125 0.14375000000000004 0.4015625 0.14375000000000004
4 0.4046875 0.13750000000000004 0.4 0.13750000000000004 0.4 0.14843750000000006 0.4046875 0.14843750000000006
4 0.40625 0.15000000000000005 0.4015625 0.15000000000000005 0.4015625 0.16093750000000004 0.40625 0.16093750000000004
4 0.409375 0.12656250000000005 0.4046875 0.12656250000000005 0.4046875 0.14062500000000006 0.409375 0.14062500000000006
4 0.4125 0.15625000000000006 0.40625 0.15625000000000006 0.40625 0.16718750000000004 0.4125 0.16718750000000004
4 0.415625 0.16718750000000004 0.409375 0.16718750000000004 0.409375 0.17656250000000004 0.415625 0.17656250000000004
4 0.41875 0.17031250000000003 0.4140625 0.17031250000000003 0.4140625 0.18437500000000004 0.41875 0.18437500000000004
4 0.41875 0.15000000000000005 0.4125 0.15000000000000005 0.4125 0.16093750000000004 0.41875 0.16093750000000004
4 0.421875 0.15468750000000003 0.4140625 0.15468750000000003 0.4140625 0.16406250000000006 0.421875 0.16406250000000006
4 0.4265625 0.16875000000000004 0.4203125 0.16875000000000004 0.4203125 0.17968750000000006 0.4265625 0.17968750000000006
4 0.4296875 0.17343750000000005 0.4234375 0.17343750000000005 0.4234375 0.18593750000000003 0.4296875 0.18593750000000003
4 0.440625 0.19062500000000004 0.43125 0.19062500000000004 0.43125 0.2015625000000001 0.440625 0.2015625000000001
4 0.4390625 0.18281250000000004 0.4296875 0.18281250000000004 0.4296875 0.19687500000000005 0.4390625 0.19687500000000005
4 0.4296875 0.2656250000000001 0.4203125 0.2656250000000001 0.4203125 0.27812500000000007 0.4296875 0.27812500000000007
4 0.446875 0.2875000000000001 0.440625 0.2875000000000001 0.440625 0.2984375000000001 0.446875 0.2984375000000001
4 0.45 0.2796875000000001 0.4421875 0.2796875000000001 0.4421875 0.29375000000000007 0.45 0.29375000000000007
4 0.5046875 0.3296875000000001 0.49375 0.3296875000000001 0.49375 0.3421875000000001 0.5046875 0.3421875000000001
4 0.5609375 0.3125000000000001 0.5515625 0.3125000000000001 0.5515625 0.3312500000000001 0.5609375 0.3312500000000001
4 0.55 0.3984375000000001 0.5390625 0.3984375000000001 0.5390625 0.4140625 0.55 0.4140625
4 0.565625 0.3843750000000001 0.5515625 0.3843750000000001 0.5515625 0.4 0.565625 0.4
4 0.5765625 0.2484375000000001 0.5703125 0.2484375000000001 0.5703125 0.27031250000000007 0.5765625 0.27031250000000007
4 0.5875 0.2328125000000001 0.578125 0.2328125000000001 0.578125 0.2453125000000001 0.5875 0.2453125000000001
4 0.559375 0.16406250000000008 0.5515625 0.16406250000000008 0.5515625 0.18906250000000008 0.559375 0.18906250000000008
4 0.628125 0.34843750000000007 0.6203125 0.34843750000000007 0.6203125 0.36406250000000007 0.628125 0.36406250000000007
4 0.715625 0.3046875000000001 0.70625 0.3046875000000001 0.70625 0.3156250000000001 0.715625 0.3156250000000001
4 0.7515625 0.2140625000000001 0.7453125 0.2140625000000001 0.7453125 0.22812500000000008 0.7515625 0.22812500000000008
4 0.7578125 0.21250000000000008 0.75 0.21250000000000008 0.75 0.22656250000000008 0.7578125 0.22656250000000008
4 0.815625 0.15625000000000008 0.8078125 0.15625000000000008 0.8078125 0.1625000000000001 0.815625 0.1625000000000001
4 0.8140625 0.1390625000000001 0.8046875 0.1390625000000001 0.8046875 0.1531250000000001 0.8140625 0.1531250000000001
4 0.959375 0.07500000000000011 0.9484375 0.07500000000000011 0.9484375 0.09375000000000011 0.959375 0.09375000000000011
4 0.93125 0.12812500000000013 0.921875 0.12812500000000013 0.921875 0.14062500000000014 0.93125 0.14062500000000014
4 0.8984375 0.1531250000000001 0.8890625 0.1531250000000001 0.8890625 0.17343750000000008 0.8984375 0.17343750000000008
4 0.8953125 0.1781250000000001 0.8875 0.1781250000000001 0.8875 0.1906250000000001 0.8953125 0.1906250000000001
4 0.875 0.18750000000000008 0.865625 0.18750000000000008 0.865625 0.20312500000000008 0.875 0.20312500000000008
4 0.8359375 0.24375000000000008 0.8265625 0.24375000000000008 0.8265625 0.2578125000000001 0.8359375 0.2578125000000001
4 0.7546875 0.34062500000000007 0.7453125 0.34062500000000007 0.7453125 0.3515625000000001 0.7546875 0.3515625000000001
4 0.746875 0.3187500000000001 0.7375 0.3187500000000001 0.7375 0.3343750000000001 0.746875 0.3343750000000001
4 0.7265625 0.3656250000000001 0.7171875 0.3656250000000001 0.7171875 0.3765625000000001 0.7265625 0.3765625000000001
4 0.73125 0.3671875000000001 0.725 0.3671875000000001 0.725 0.3812500000000001 0.73125 0.3812500000000001
4 0.721875 0.3734375000000001 0.7125 0.3734375000000001 0.7125 0.3843750000000001 0.721875 0.3843750000000001
4 0.7234375 0.37968750000000007 0.715625 0.37968750000000007 0.715625 0.38750000000000007 0.7234375 0.38750000000000007
4 0.721875 0.3890625000000001 0.7140625 0.3890625000000001 0.7140625 0.3968750000000001 0.721875 0.3968750000000001
4 0.7140625 0.3828125000000001 0.70625 0.3828125000000001 0.70625 0.3968750000000001 0.7140625 0.3968750000000001
4 0.6984375 0.3906250000000001 0.690625 0.3906250000000001 0.690625 0.4046875 0.6984375 0.4046875
4 0.7046875 0.3937500000000001 0.696875 0.3937500000000001 0.696875 0.403125 0.7046875 0.403125
4 0.709375 0.4 0.7 0.4 0.7 0.4109375 0.709375 0.4109375
4 0.696875 0.4 0.690625 0.4 0.690625 0.4125 0.696875 0.4125
4 0.69375 0.4015625 0.684375 0.4015625 0.684375 0.415625 0.69375 0.415625
4 0.696875 0.4171875 0.6890625 0.4171875 0.6890625 0.4265625 0.696875 0.4265625
4 0.6828125 0.4140625 0.675 0.4140625 0.675 0.425 0.6828125 0.425
4 0.6859375 0.4171875 0.678125 0.4171875 0.678125 0.4296875 0.6859375 0.4296875
4 0.6890625 0.425 0.6828125 0.425 0.6828125 0.434375 0.6890625 0.434375
4 0.69375 0.4328125 0.6890625 0.4328125 0.6890625 0.446875 0.69375 0.446875
4 0.684375 0.434375 0.678125 0.434375 0.678125 0.446875 0.684375 0.446875
4 0.6796875 0.44375 0.6734375 0.44375 0.6734375 0.4546875 0.6796875 0.4546875
4 0.6734375 0.45625 0.6640625 0.45625 0.6640625 0.465625 0.6734375 0.465625
4 0.6859375 0.496875 0.68125 0.496875 0.68125 0.5109375 0.6859375 0.5109375
4 0.8203125 0.7078125000000002 0.815625 0.7078125000000002 0.815625 0.7187500000000002 0.8203125 0.7187500000000002
4 0.821875 0.7078125000000002 0.8171875 0.7078125000000002 0.8171875 0.7234375000000002 0.821875 0.7234375000000002
4 0.8234375 0.7140625000000002 0.8203125 0.7140625000000002 0.8203125 0.7250000000000002 0.8234375 0.7250000000000002
4 0.8359375 0.7234375000000002 0.83125 0.7234375000000002 0.83125 0.7343750000000002 0.8359375 0.7343750000000002
4 0.8421875 0.7343750000000002 0.8359375 0.7343750000000002 0.8359375 0.7437500000000001 0.8421875 0.7437500000000001
4 0.8453125 0.7328125000000002 0.840625 0.7328125000000002 0.840625 0.7468750000000002 0.8453125 0.7468750000000002
4 0.8515625 0.7343750000000002 0.846875 0.7343750000000002 0.846875 0.7484375000000002 0.8515625 0.7484375000000002
4 0.85625 0.7406250000000002 0.85 0.7406250000000002 0.85 0.7546875000000002 0.85625 0.7546875000000002
4 0.909375 0.8203125 0.9 0.8203125 0.9 0.8328125 0.909375 0.8328125
4 0.9265625 0.8171875 0.9171875 0.8171875 0.9171875 0.8296875 0.9265625 0.8296875
4 0.9125 0.7859375000000002 0.9078125 0.7859375000000002 0.9078125 0.7984375000000001 0.9125 0.7984375000000001
4 0.975 0.9125 0.965625 0.9125 0.965625 0.9234375 0.975 0.9234375
4 0.978125 0.85625 0.96875 0.85625 0.96875 0.865625 0.978125 0.865625
4 0.984375 0.846875 0.9765625 0.846875 0.9765625 0.85625 0.984375 0.85625
4 0.9859375 0.8703125 0.9828125 0.8703125 0.9828125 0.88125 0.9859375 0.88125
4 0.9140625 0.9703125 0.903125 0.9703125 0.903125 0.9828125 0.9140625 0.9828125
4 0.896875 0.9203125 0.8859375 0.9203125 0.8859375 0.934375 0.896875 0.934375
4 0.88125 0.921875 0.871875 0.921875 0.871875 0.9390625 0.88125 0.9390625
4 0.834375 0.8875 0.821875 0.8875 0.821875 0.9015625 0.834375 0.9015625
4 0.7968750000000002 0.8203125 0.7859375000000002 0.8203125 0.7859375000000002 0.8359375 0.7968750000000002 0.8359375
4 0.6875000000000002 0.74375 0.6781250000000002 0.74375 0.6781250000000002 0.7546875 0.6875000000000002 0.7546875
4 0.6734375000000001 0.7609375 0.6640625000000002 0.7609375 0.6640625000000002 0.771875 0.6734375000000001 0.771875
4 0.646875 0.703125 0.6375 0.703125 0.6375 0.7140625 0.646875 0.7140625
4 0.6359375 0.6984375 0.6265625 0.6984375 0.6265625 0.7078125 0.6359375 0.7078125
4 0.640625 0.709375 0.6328125 0.709375 0.6328125 0.721875 0.640625 0.721875
4 0.6421875000000001 0.728125 0.6312500000000002 0.728125 0.6312500000000002 0.740625 0.6421875000000001 0.740625
4 0.6203125000000002 0.728125 0.6093750000000002 0.728125 0.6093750000000002 0.7390625 0.6203125000000002 0.7390625
4 0.5843750000000002 0.728125 0.5750000000000002 0.728125 0.5750000000000002 0.7375 0.5843750000000002 0.7375
4 0.5828125 0.7046875 0.5734375 0.7046875 0.5734375 0.71875 0.5828125 0.71875
4 0.5671875 0.70625 0.55625 0.70625 0.55625 0.715625 0.5671875 0.715625
4 0.584375 0.653125 0.578125 0.653125 0.578125 0.6671875 0.584375 0.6671875
4 0.5765625 0.640625 0.5703125 0.640625 0.5703125 0.6609375 0.5765625 0.6609375
4 0.565625 0.659375 0.55625 0.659375 0.55625 0.6734375 0.565625 0.6734375
4 0.5484375 0.6203125 0.5390625 0.6203125 0.5390625 0.6375 0.5484375 0.6375
4 0.515625 0.665625 0.503125 0.665625 0.503125 0.684375 0.515625 0.684375
4 0.5140625000000001 0.709375 0.496875 0.709375 0.49687500000000007 0.728125 0.5140625000000002 0.728125
4 0.5296875000000002 0.7359375 0.5187500000000002 0.7359375 0.5187500000000002 0.7578125 0.5296875000000002 0.7578125
4 0.5375000000000002 0.7296875 0.5281250000000002 0.7296875 0.5281250000000002 0.7421875 0.5375000000000002 0.7421875
0 0.11718750000000008 0.8515625 0.10156250000000008 0.8515625 0.10156250000000008 0.875 0.11718750000000008 0.875
0 0.2796875000000001 0.65625 0.2671875000000001 0.65625 0.2671875000000001 0.678125 0.2796875000000001 0.678125
0 0.4031250000000002 0.771875 0.3890625000000001 0.771875 0.3890625000000001 0.790625 0.4031250000000002 0.790625
0 0.4750000000000002 0.7296875 0.46093750000000017 0.7296875 0.46093750000000017 0.7546875 0.4750000000000002 0.7546875
0 0.34062500000000007 0.58125 0.3281250000000001 0.58125 0.3281250000000001 0.6015625 0.34062500000000007 0.6015625
0 0.3546875000000001 0.475 0.3390625000000001 0.475 0.3390625000000001 0.503125 0.3546875000000001 0.503125
0 0.3500000000000001 0.4296875 0.3390625000000001 0.4296875 0.3390625000000001 0.4609375 0.3500000000000001 0.4609375
0 0.4296875 0.29375000000000007 0.4171875 0.29375000000000007 0.4171875 0.3234375000000001 0.4296875 0.3234375000000001
0 0.609375 0.27812500000000007 0.5984375 0.27812500000000007 0.5984375 0.2984375000000001 0.609375 0.2984375000000001
0 0.6078125 0.24375000000000008 0.5953125 0.24375000000000008 0.5953125 0.2687500000000001 0.6078125 0.2687500000000001
0 0.7140625 0.28593750000000007 0.6984375 0.28593750000000007 0.6984375 0.3031250000000001 0.7140625 0.3031250000000001
0 0.715625 0.2562500000000001 0.7015625 0.2562500000000001 0.7015625 0.2812500000000001 0.715625 0.2812500000000001
0 0.6703125 0.4265625 0.6578125 0.4265625 0.6578125 0.446875 0.6703125 0.446875
0 0.6796875 0.428125 0.6640625 0.428125 0.6640625 0.45 0.6796875 0.45
0 0.7015625 0.3703125000000001 0.690625 0.3703125000000001 0.690625 0.38750000000000007 0.7015625 0.38750000000000007
0 0.765625 0.3218750000000001 0.75625 0.3218750000000001 0.75625 0.34062500000000007 0.765625 0.34062500000000007
0 0.903125 0.18125000000000008 0.8890625 0.18125000000000008 0.8890625 0.20468750000000008 0.903125 0.20468750000000008
0 0.6734375 0.5546875 0.6578125 0.5546875 0.6578125 0.5765625 0.6734375 0.5765625
0 0.7640625 0.6375000000000002 0.7484375 0.6375000000000002 0.7484375 0.6609375000000002 0.7640625 0.6609375000000002
0 0.8796875 0.7468750000000002 0.865625 0.7468750000000002 0.865625 0.7765625000000002 0.8796875 0.7765625000000002
0 0.5453125000000001 0.7140625 0.53125 0.7140625 0.5312500000000001 0.7328125 0.5453125000000002 0.7328125
0 0.55625 0.6921875 0.540625 0.6921875 0.540625 0.7109375 0.55625 0.7109375
0 0.5484375 0.65625 0.534375 0.65625 0.534375 0.671875 0.5484375 0.671875
0 0.546875 0.6125 0.5359375 0.6125 0.5359375 0.628125 0.546875 0.628125
3 0.3593750000000001 0.596875 0.3375000000000001 0.596875 0.3375000000000001 0.6359375 0.3593750000000001 0.6359375
3 0.2968750000000001 0.625 0.2796875000000001 0.625 0.2796875000000001 0.6484375 0.2968750000000001 0.6484375
3 0.8375 0.9015625 0.815625 0.9015625 0.815625 0.928125 0.8375 0.928125
3 0.3546875 0.017187500000000043 0.328125 0.01718750000000004 0.328125 0.06718750000000004 0.3546875 0.06718750000000004
1 0.6671875 0.5421875 0.6359375 0.5421875 0.6359375 0.6046875 0.6671875 0.6046875
1 0.721875 0.696875 0.6640625 0.696875 0.6640625000000001 0.753125 0.7218750000000002 0.753125
1 0.7890625000000002 0.7796875000000002 0.7328125000000002 0.7796875000000002 0.7328125000000002 0.85 0.7890625000000002 0.85
1 0.5015625 0.653125 0.45625 0.653125 0.45625 0.6890625 0.5015625 0.6890625
1 0.4375 0.678125 0.3812500000000001 0.678125 0.3812500000000001 0.7140625 0.4375 0.7140625
1 0.24375000000000008 0.728125 0.19687500000000008 0.728125 0.19687500000000008 0.79375 0.24375000000000008 0.79375
1 0.2531250000000001 0.8578125 0.20312500000000008 0.8578125 0.20312500000000008 0.9296875 0.2531250000000001 0.9296875
1 0.34062500000000007 0.5515625 0.2968750000000001 0.5515625 0.2968750000000001 0.6296875 0.34062500000000007 0.6296875
1 0.815625 0.18750000000000008 0.775 0.18750000000000008 0.775 0.2390625000000001 0.815625 0.2390625000000001