0 0.059375000000000046 0.3734375 0.034375000000000044 0.3734375 0.034375000000000044 0.4078125 0.059375000000000046 0.4078125
0 0.13125000000000003 0.3890625 0.10625000000000004 0.3890625 0.10625000000000004 0.4203125 0.13125000000000003 0.4203125
0 0.12656250000000005 0.43125 0.10781250000000005 0.43125 0.10781250000000005 0.459375 0.12656250000000005 0.459375
0 0.35625000000000007 0.446875 0.3390625000000001 0.446875 0.3390625000000001 0.471875 0.35625000000000007 0.471875
0 0.3812500000000001 0.4546875 0.3625000000000001 0.4546875 0.3625000000000001 0.471875 0.3812500000000001 0.471875
4 0.22812500000000008 0.4390625 0.21250000000000008 0.4390625 0.21250000000000008 0.4640625 0.22812500000000008 0.4640625
4 0.2921875000000001 0.4375 0.2656250000000001 0.4375 0.2656250000000001 0.4625 0.2921875000000001 0.4625
4 0.14843750000000008 0.5640625 0.1281250000000001 0.5640625 0.1281250000000001 0.5828125 0.14843750000000008 0.5828125
4 0.14062500000000008 0.584375 0.11718750000000008 0.584375 0.11718750000000008 0.6015625 0.14062500000000008 0.6015625
2 0.1453125000000001 0.6265625 0.11875000000000009 0.6265625 0.11875000000000009 0.6578125 0.1453125000000001 0.6578125
2 0.04531250000000008 0.6671875 0.020312500000000084 0.6671875 0.020312500000000087 0.7046875 0.04531250000000009 0.7046875
2 0.04375000000000009 0.7109375 0.014062500000000089 0.7109375 0.014062500000000089 0.746875 0.04375000000000009 0.746875
2 0.03437500000000009 0.746875 0.009375000000000092 0.746875 0.009375000000000095 0.796875 0.0343750000000001 0.796875
2 0.04375000000000008 0.5953125 0.012500000000000072 0.5953125 0.012500000000000075 0.6203125 0.04375000000000008 0.6203125
0 0.4625000000000002 0.8359375 0.4421875000000002 0.8359375 0.4421875000000002 0.8765625 0.4625000000000002 0.8765625
0 0.3281250000000001 0.809375 0.3078125000000001 0.809375 0.3078125000000001 0.853125 0.3281250000000001 0.853125
0 0.43281250000000016 0.78125 0.41406250000000017 0.78125 0.41406250000000017 0.815625 0.43281250000000016 0.815625
0 0.5046875000000002 0.78125 0.4890625000000002 0.78125 0.4890625000000002 0.821875 0.5046875000000002 0.821875
0 0.5140625 0.5953125 0.49375 0.5953125 0.49375 0.6328125 0.5140625 0.6328125
0 0.571875 0.4078125 0.55 0.4078125 0.55 0.4484375 0.571875 0.4484375
0 0.45781250000000007 0.690625 0.44375 0.690625 0.4437500000000001 0.7265625 0.4578125000000002 0.7265625
4 0.44375 0.6859375 0.434375 0.6859375 0.434375 0.7125 0.44375 0.7125
4 0.4468750000000002 0.7765625 0.4359375000000002 0.7765625 0.4359375000000002 0.809375 0.4468750000000002 0.809375
4 0.4421875000000002 0.9078125 0.4234375000000002 0.9078125 0.4234375000000002 0.9375 0.4421875000000002 0.9375
4 0.428125 0.515625 0.4125 0.515625 0.4125 0.5359375 0.428125 0.5359375
4 0.3593750000000001 0.4875 0.3468750000000001 0.4875 0.3468750000000001 0.5046875 0.3593750000000001 0.5046875
4 0.509375 0.4234375 0.49375 0.4234375 0.49375 0.4515625 0.509375 0.4515625
4 0.4359375 0.3515625000000001 0.421875 0.3515625000000001 0.421875 0.3703125000000001 0.4359375 0.3703125000000001
4 0.36875 0.34843750000000007 0.3609375 0.3484375 0.3609375 0.37343750000000003 0.3687500000000001 0.3734375000000001
4 0.37968750000000007 0.3468750000000001 0.3765625 0.3468750000000001 0.3765625 0.3734375000000001 0.37968750000000007 0.3734375000000001
4 0.38593750000000004 0.3453125000000001 0.38125 0.3453125000000001 0.38125000000000003 0.3734375000000001 0.3859375000000001 0.3734375000000001
4 0.39531250000000007 0.3421875000000001 0.3921875 0.3421875000000001 0.3921875 0.3687500000000001 0.39531250000000007 0.3687500000000001
4 0.403125 0.3390625000000001 0.4 0.3390625000000001 0.4 0.3703125000000001 0.403125 0.3703125000000001
4 0.4203125 0.3375000000000001 0.4109375 0.3375000000000001 0.4109375 0.3593750000000001 0.4203125 0.3593750000000001
4 0.4046875 0.3046875000000001 0.3953125 0.3046875000000001 0.3953125 0.32500000000000007 0.4046875 0.32500000000000007
4 0.41875 0.2984375000000001 0.4125 0.2984375000000001 0.4125 0.3140625000000001 0.41875 0.3140625000000001
4 0.425 0.2687500000000001 0.4140625 0.2687500000000001 0.4140625 0.2843750000000001 0.425 0.2843750000000001
4 0.4359375 0.3000000000000001 0.425 0.3000000000000001 0.425 0.3140625000000001 0.4359375 0.3140625000000001
4 0.4453125 0.3218750000000001 0.4375 0.3218750000000001 0.4375 0.3437500000000001 0.4453125 0.3437500000000001
4 0.4609375 0.3078125000000001 0.45 0.3078125000000001 0.45 0.3265625000000001 0.4609375 0.3265625000000001
4 0.4484375 0.27031250000000007 0.440625 0.27031250000000007 0.440625 0.2812500000000001 0.4484375 0.2812500000000001
4 0.4578125 0.2515625000000001 0.4484375 0.2515625000000001 0.4484375 0.26250000000000007 0.4578125 0.26250000000000007
4 0.45 0.24218750000000008 0.4359375 0.24218750000000008 0.4359375 0.2515625000000001 0.45 0.2515625000000001
4 0.434375 0.2671875000000001 0.425 0.2671875000000001 0.425 0.2812500000000001 0.434375 0.2812500000000001
4 0.440625 0.2531250000000001 0.428125 0.2531250000000001 0.428125 0.2593750000000001 0.440625 0.2593750000000001
4 0.4234375 0.28593750000000007 0.4140625 0.28593750000000007 0.4140625 0.2968750000000001 0.4234375 0.2968750000000001
4 0.44375 0.2796875000000001 0.4328125 0.2796875000000001 0.4328125 0.30156250000000007 0.44375 0.30156250000000007
2 0.3843750000000001 0.475 0.3593750000000001 0.475 0.3593750000000001 0.49375 0.3843750000000001 0.49375
4 0.53125 0.026562500000000065 0.51875 0.026562500000000065 0.51875 0.05156250000000007 0.53125 0.05156250000000007
4 0.5453125 0.026562500000000065 0.534375 0.026562500000000065 0.534375 0.05156250000000007 0.5453125 0.05156250000000007
4 0.5125 0.07812500000000007 0.5 0.07812500000000007 0.5 0.09843750000000007 0.5125 0.09843750000000007
4 0.515625 0.11093750000000005 0.50625 0.11093750000000005 0.50625 0.12968750000000004 0.515625 0.12968750000000004
2 0.490625 0.11406250000000004 0.4734375 0.11406250000000004 0.4734375 0.15468750000000003 0.490625 0.15468750000000003
2 0.5140625 0.007812500000000062 0.4984375 0.00781250000000006 0.4984375 0.05312500000000007 0.5140625 0.05312500000000007
2 0.609375 0.020312500000000074 0.5890625 0.020312500000000074 0.5890625 0.06875000000000006 0.609375 0.06875000000000006
0 0.4921875 0.2062500000000001 0.4765625 0.2062500000000001 0.4765625 0.23593750000000008 0.4921875 0.23593750000000008
0 0.5046875 0.14062500000000006 0.4921875 0.14062500000000006 0.4921875 0.17187500000000006 0.5046875 0.17187500000000006
0 0.51875 0.14218750000000005 0.50625 0.14218750000000005 0.50625 0.17343750000000005 0.51875 0.17343750000000005
0 0.5296875 0.08750000000000006 0.5140625 0.08750000000000006 0.5140625 0.11875000000000005 0.5296875 0.11875000000000005
0 0.596875 0.07968750000000006 0.5765625 0.07968750000000006 0.5765625 0.11093750000000009 0.596875 0.11093750000000009
0 0.4875 0.2531250000000001 0.471875 0.2531250000000001 0.471875 0.2828125000000001 0.4875 0.2828125000000001
0 0.4671875 0.26250000000000007 0.4546875 0.26250000000000007 0.4546875 0.28593750000000007 0.4671875 0.28593750000000007
0 0.475 0.3187500000000001 0.4609375 0.3187500000000001 0.4609375 0.3500000000000001 0.475 0.3500000000000001
0 0.49375 0.3062500000000001 0.4828125 0.3062500000000001 0.4828125 0.3375000000000001 0.49375 0.3375000000000001
0 0.484375 0.3500000000000001 0.4734375 0.3500000000000001 0.4734375 0.3781250000000001 0.484375 0.3781250000000001
6 0.4765625 0.41875 0.4546875 0.41875 0.4546875 0.46875 0.4765625 0.46875
2 0.50625 0.2234375000000001 0.490625 0.2234375000000001 0.490625 0.2796875000000001 0.50625 0.2796875000000001
0 0.5890625 0.2718750000000001 0.5734375 0.2718750000000001 0.5734375 0.3062500000000001 0.5890625 0.3062500000000001
0 0.5828125 0.2515625000000001 0.56875 0.2515625000000001 0.56875 0.2765625000000001 0.5828125 0.2765625000000001
0 0.728125 0.45781250000000007 0.709375 0.4578125 0.709375 0.4796875000000001 0.728125 0.47968750000000016
4 0.596875 0.10468750000000009 0.5890625 0.10468750000000009 0.5890625 0.1218750000000001 0.596875 0.1218750000000001
4 0.5859375 0.21875000000000008 0.578125 0.21875000000000008 0.578125 0.24218750000000008 0.5859375 0.24218750000000008
4 0.5515625 0.21093750000000008 0.5421875 0.21093750000000008 0.5421875 0.2312500000000001 0.5515625 0.2312500000000001
4 0.546875 0.2312500000000001 0.5390625 0.2312500000000001 0.5390625 0.2484375000000001 0.546875 0.2484375000000001
4 0.540625 0.2531250000000001 0.534375 0.2531250000000001 0.534375 0.2750000000000001 0.540625 0.2750000000000001
4 0.559375 0.29375000000000007 0.55 0.29375000000000007 0.55 0.30937500000000007 0.559375 0.30937500000000007
4 0.5703125 0.2500000000000001 0.565625 0.2500000000000001 0.565625 0.2718750000000001 0.5703125 0.2718750000000001
4 0.5625 0.25468750000000007 0.5578125 0.25468750000000007 0.5578125 0.2750000000000001 0.5625 0.2750000000000001
6 0.59375 0.11093750000000009 0.55 0.11093750000000009 0.55 0.2218750000000001 0.59375 0.2218750000000001
1 0.54375 0.18906250000000005 0.5140625 0.18906250000000005 0.5140625 0.2984375000000001 0.54375 0.2984375000000001
6 0.571875 0.21875000000000008 0.5390625 0.21875000000000008 0.5390625 0.2968750000000001 0.571875 0.2968750000000001
4 0.534375 0.3218750000000001 0.525 0.3218750000000001 0.525 0.3390625000000001 0.534375 0.3390625000000001
4 0.496875 0.3265625000000001 0.4921875 0.3265625000000001 0.4921875 0.3453125000000001 0.496875 0.3453125000000001
4 0.6109375 0.2984375000000001 0.6046875 0.2984375000000001 0.6046875 0.3156250000000001 0.6109375 0.3156250000000001
4 0.6140625 0.3234375000000001 0.6078125 0.3234375000000001 0.6078125 0.3375000000000001 0.6140625 0.3375000000000001
4 0.6234375 0.3375000000000001 0.6171875 0.3375000000000001 0.6171875 0.3515625000000001 0.6234375 0.3515625000000001
4 0.615625 0.3671875000000001 0.6046875 0.3671875000000001 0.6046875 0.38750000000000007 0.615625 0.38750000000000007
4 0.5734375 0.32500000000000007 0.5640625 0.32500000000000007 0.5640625 0.3390625000000001 0.5734375 0.3390625000000001
4 0.6234375 0.3046875000000001 0.6140625 0.3046875000000001 0.6140625 0.3187500000000001 0.6234375 0.3187500000000001
4 0.63125 0.3578125000000001 0.625 0.3578125000000001 0.625 0.3765625000000001 0.63125 0.3765625000000001
4 0.8015625 0.3281250000000001 0.7921875 0.3281250000000001 0.7921875 0.3468750000000001 0.8015625 0.3468750000000001
4 0.7859375 0.3781250000000001 0.78125 0.3781250000000001 0.78125 0.40156250000000016 0.7859375 0.40156250000000016
4 0.7921875 0.3781250000000001 0.7875 0.3781250000000001 0.7875 0.4000000000000002 0.7921875 0.4000000000000002
4 0.840625 0.3781250000000001 0.8328125 0.3781250000000001 0.8328125 0.40156250000000016 0.840625 0.40156250000000016
4 0.8125 0.3265625000000001 0.80625 0.3265625000000001 0.80625 0.3421875000000001 0.8125 0.3421875000000001
4 0.821875 0.3375000000000001 0.815625 0.3375000000000001 0.815625 0.35625000000000007 0.821875 0.35625000000000007
4 0.8421875 0.3234375000000001 0.8359375 0.3234375000000001 0.8359375 0.34062500000000007 0.8421875 0.34062500000000007
4 0.85625 0.31718750000000007 0.846875 0.31718750000000007 0.846875 0.3296875000000001 0.85625 0.3296875000000001
4 0.8609375 0.3687500000000001 0.85625 0.3687500000000001 0.85625 0.39531250000000007 0.8609375 0.39531250000000007
4 0.875 0.37187500000000007 0.86875 0.37187500000000007 0.86875 0.3921875000000001 0.875 0.3921875000000001
4 0.8671875 0.37187500000000007 0.8625 0.37187500000000007 0.8625 0.3921875000000001 0.8671875 0.3921875000000001
4 0.9015625 0.3703125000000001 0.896875 0.3703125000000001 0.896875 0.3906250000000001 0.9015625 0.3906250000000001
4 0.940625 0.3187500000000001 0.9328125 0.3187500000000001 0.9328125 0.3375000000000001 0.940625 0.3375000000000001
4 0.9078125 0.3687500000000001 0.903125 0.3687500000000001 0.903125 0.3890625000000001 0.9078125 0.3890625000000001
4 0.928125 0.3671875000000001 0.921875 0.3671875000000001 0.921875 0.3843750000000001 0.928125 0.3843750000000001
4 0.9359375 0.3671875000000001 0.928125 0.3671875000000001 0.928125 0.3843750000000001 0.9359375 0.3843750000000001
4 0.8984375 0.3203125000000001 0.890625 0.3203125000000001 0.890625 0.3359375000000001 0.8984375 0.3359375000000001
4 0.915625 0.31718750000000007 0.9078125 0.31718750000000007 0.9078125 0.33281250000000007 0.915625 0.33281250000000007
4 0.940625 0.4421875000000002 0.93125 0.4421875000000002 0.93125 0.45625000000000016 0.940625 0.45625000000000016
4 0.9828125 0.5562500000000001 0.96875 0.5562500000000001 0.96875 0.5718750000000001 0.9828125 0.5718750000000001
4 0.9203125 0.5703125000000002 0.903125 0.5703125000000002 0.903125 0.5875000000000001 0.9203125 0.5875000000000001
2 0.984375 0.4390625000000002 0.95625 0.4390625000000002 0.95625 0.4593750000000002 0.984375 0.4593750000000002
2 0.9484375 0.40625000000000017 0.91875 0.40625000000000017 0.91875 0.43750000000000017 0.9484375 0.43750000000000017
2 0.7796875 0.41718750000000016 0.753125 0.41718750000000016 0.753125 0.4421875000000002 0.7796875 0.4421875000000002
2 0.7765625 0.4515625000000002 0.7484375 0.4515625000000002 0.7484375 0.47656250000000017 0.7765625 0.47656250000000017
2 0.846875 0.5203125000000002 0.821875 0.5203125000000002 0.821875 0.5437500000000002 0.846875 0.5437500000000002
2 0.85 0.5515625000000002 0.821875 0.5515625000000002 0.821875 0.5750000000000002 0.85 0.5750000000000002
2 0.890625 0.5562500000000001 0.865625 0.5562500000000001 0.865625 0.5750000000000002 0.890625 0.5750000000000002
2 0.7328125 0.49687500000000007 0.7078125 0.496875 0.7078125 0.5156250000000001 0.7328125 0.5156250000000002
2 0.753125 0.5234375000000001 0.7234375 0.5234375 0.7234375 0.5437500000000001 0.753125 0.5437500000000002
2 0.7203125 0.521875 0.6953125 0.521875 0.6953125 0.54375 0.7203125 0.54375
2 0.6921875 0.521875 0.6671875 0.521875 0.6671875 0.540625 0.6921875 0.540625
2 0.66875 0.5046875 0.64375 0.5046875 0.64375 0.525 0.66875 0.525
2 0.6640625 0.5296875 0.6390625 0.5296875 0.6390625 0.5484375 0.6640625 0.5484375
2 0.6671875 0.5546875 0.640625 0.5546875 0.640625 0.56875 0.6671875 0.56875
2 0.7125 0.5453125 0.684375 0.5453125 0.684375 0.565625 0.7125 0.565625
2 0.740625 0.55 0.715625 0.55 0.715625 0.565625 0.740625 0.5656250000000002
2 0.771875 0.5453125000000002 0.746875 0.5453125000000002 0.746875 0.5640625000000001 0.771875 0.5640625000000001
2 0.759375 0.5671875000000002 0.7359375 0.5671875000000002 0.7359375 0.5828125000000002 0.759375 0.5828125000000002
2 0.7750000000000001 0.6828125000000002 0.75625 0.6828125000000002 0.7562500000000001 0.7328125000000002 0.7750000000000001 0.7328125000000002
2 0.7515625000000001 0.821875 0.7265625000000002 0.821875 0.7265625000000002 0.846875 0.7515625000000001 0.846875
1 0.815625 0.4984375000000002 0.7578125 0.4984375000000002 0.7578125 0.5375000000000002 0.815625 0.5375000000000002
0 0.7984375 0.5390625000000002 0.7796875 0.5390625000000002 0.7796875 0.5578125000000002 0.7984375 0.5578125000000002
0 0.81875 0.6312500000000002 0.809375 0.6312500000000002 0.809375 0.6562500000000002 0.81875 0.6562500000000002
0 0.73125 0.5703125000000001 0.715625 0.5703125 0.715625 0.5890625 0.73125 0.5890625000000002
4 0.753125 0.5984375000000002 0.7421875 0.5984375000000002 0.7421875 0.6140625000000002 0.753125 0.6140625000000002
4 0.74375 0.6234375000000002 0.728125 0.6234375000000002 0.728125 0.6328125000000002 0.74375 0.6328125000000002
4 0.740625 0.6343750000000001 0.728125 0.6343750000000001 0.728125 0.6468750000000002 0.740625 0.6468750000000002
4 0.775 0.6453125000000002 0.7640625 0.6453125000000002 0.7640625 0.6593750000000002 0.775 0.6593750000000002
4 0.7421875 0.6515625000000002 0.73125 0.6515625000000002 0.73125 0.6593750000000002 0.7421875 0.6593750000000002
4 0.775 0.6640625000000002 0.7609375 0.6640625000000002 0.7609375 0.6781250000000002 0.775 0.6781250000000002
4 0.7390625 0.6625000000000002 0.7265625 0.6625000000000002 0.7265625 0.6718750000000002 0.7390625 0.6718750000000002
4 0.8171875 0.5906250000000002 0.803125 0.5906250000000002 0.803125 0.6062500000000002 0.8171875 0.6062500000000002
4 0.8109375 0.5375000000000002 0.8 0.5375000000000002 0.8 0.5484375000000001 0.8109375 0.5484375000000001
4 0.7078125 0.4828125 0.69375 0.4828125 0.69375 0.4953125 0.7078125 0.4953125
4 0.740625 0.47968750000000016 0.7296875 0.47968750000000016 0.7296875 0.4937500000000002 0.740625 0.4937500000000002
4 0.7578125 0.48437500000000017 0.7484375 0.48437500000000017 0.7484375 0.4984375000000002 0.7578125 0.4984375000000002
4 0.690625 0.4890625 0.678125 0.4890625 0.678125 0.503125 0.690625 0.503125
4 0.665625 0.4875 0.6515625 0.4875 0.6515625 0.503125 0.665625 0.503125
4 0.6359375 0.5015625 0.6265625 0.5015625 0.6265625 0.5171875 0.6359375 0.5171875
4 0.6359375 0.553125 0.6234375 0.553125 0.6234375 0.5640625 0.6359375 0.5640625
4 0.634375 0.56875 0.621875 0.56875 0.621875 0.5796875 0.634375 0.5796875
4 0.6765625 0.5609375 0.6671875 0.5609375 0.6671875 0.571875 0.6765625 0.571875
4 0.659375 0.5765625 0.646875 0.5765625 0.646875 0.5859375 0.659375 0.5859375
4 0.6453125 0.5765625 0.6390625 0.5765625 0.6390625 0.590625 0.6453125 0.590625
4 0.63125 0.590625 0.621875 0.590625 0.621875 0.6 0.63125 0.6
4 0.7015625 0.5703125 0.690625 0.5703125 0.690625 0.58125 0.7015625 0.58125
4 0.6875 0.5671875 0.675 0.5671875 0.675 0.58125 0.6875 0.58125
4 0.7046875 0.5046875 0.6921875 0.5046875 0.6921875 0.51875 0.7046875 0.51875
4 0.6859375 0.5046875 0.6703125 0.5046875 0.6703125 0.521875 0.6859375 0.521875