4 0.014062500000000002 0.009375000000000001 1.1481063742006436e-18 0.009375 2.678914873134835e-18 0.034375 0.014062500000000006 0.034375
4 0.009375000000000012 0.08125 9.950255243072244e-18 0.08125 1.1672414804373211e-17 0.109375 0.009375000000000014 0.109375
2 0.15625000000000006 0.25 0.13750000000000004 0.25 0.13750000000000004 0.2984375 0.15625000000000006 0.2984375
0 0.19687500000000005 0.375 0.17812500000000003 0.375 0.17812500000000003 0.396875 0.19687500000000005 0.396875
5 0.06406250000000005 0.384375 0.023437500000000045 0.384375 0.02343750000000005 0.4375 0.06406250000000005 0.4375
2 0.06250000000000007 0.5453125 0.03750000000000007 0.5453125 0.03750000000000007 0.56875 0.06250000000000007 0.56875
2 0.03125000000000007 0.5328125 0.006250000000000066 0.5328125 0.006250000000000068 0.55625 0.03125000000000007 0.55625
4 0.025000000000000067 0.5671875 0.009375000000000069 0.5671875 0.00937500000000007 0.5859375 0.025000000000000067 0.5859375
2 0.057812500000000065 0.56875 0.03125000000000007 0.56875 0.03125000000000007 0.5953125 0.057812500000000065 0.5953125
4 0.03750000000000007 0.55625 0.023437500000000066 0.55625 0.02343750000000007 0.5671875 0.03750000000000007 0.5671875
2 0.7890625 0.2296875000000001 0.7625 0.2296875000000001 0.7625 0.2562500000000001 0.7890625 0.2562500000000001
2 0.778125 0.14843750000000008 0.753125 0.14843750000000008 0.753125 0.17343750000000008 0.778125 0.17343750000000008
2 0.9125 0.3125000000000001 0.8859375 0.3125000000000001 0.8859375 0.3390625000000001 0.9125 0.3390625000000001
2 0.9953125 0.2968750000000001 0.9703125 0.2968750000000001 0.9703125 0.3296875000000001 0.9953125 0.3296875000000001
2 0.5765625 0.3265625000000001 0.55625 0.3265625000000001 0.55625 0.3468750000000001 0.5765625 0.3468750000000001
2 0.5140625 0.3531250000000001 0.484375 0.3531250000000001 0.484375 0.3843750000000001 0.5140625 0.3843750000000001
4 0.10000000000000005 0.38125 0.08906250000000004 0.38125 0.08906250000000004 0.4078125 0.10000000000000005 0.4078125
2 0.015625000000000038 0.2890625 3.539994653785318e-17 0.2890625 3.8748590129271723e-17 0.34375 0.015625000000000045 0.34375
2 0.759375 0.48437500000000017 0.7296875 0.48437500000000017 0.7296875 0.5109375000000002 0.759375 0.5109375000000002
2 0.7015625 0.521875 0.66875 0.521875 0.66875 0.55 0.7015625 0.55
3 0.03593750000000006 0.4796875 0.0062500000000000585 0.4796875 0.006250000000000059 0.503125 0.03593750000000007 0.503125
2 0.10156250000000004 0.4796875 0.07187500000000006 0.4796875 0.07187500000000006 0.503125 0.10156250000000004 0.503125
4 0.046875000000000056 0.4484375 0.029687500000000054 0.4484375 0.029687500000000054 0.4671875 0.046875000000000056 0.4671875
4 0.10937500000000004 0.4296875 0.09531250000000005 0.4296875 0.09531250000000005 0.440625 0.10937500000000004 0.440625
4 0.07812500000000006 0.45 0.06093750000000005 0.45 0.060937500000000054 0.4640625 0.07812500000000007 0.4640625
4 0.15468750000000003 0.425 0.13750000000000004 0.425 0.13750000000000004 0.4421875 0.15468750000000003 0.4421875
4 0.2140625000000001 0.43125 0.19843750000000004 0.43125 0.19843750000000004 0.446875 0.2140625000000001 0.446875
4 0.2250000000000001 0.45 0.2093750000000001 0.45 0.2093750000000001 0.46875 0.2250000000000001 0.46875
4 0.10625000000000004 0.45625 0.09062500000000007 0.45625 0.09062500000000007 0.46875 0.10625000000000004 0.46875
4 0.10937500000000004 0.440625 0.09375000000000004 0.440625 0.09375000000000004 0.453125 0.10937500000000004 0.453125
4 0.1453125000000001 0.5953125 0.13281250000000008 0.5953125 0.13281250000000008 0.6125 0.1453125000000001 0.6125