4 0.08125000000000007 0.4625 0.06250000000000007 0.4625 0.06250000000000007 0.478125 0.08125000000000007 0.478125
2 0.08593750000000007 0.484375 0.07187500000000006 0.484375 0.07187500000000006 0.4984375 0.08593750000000007 0.4984375
5 0.06250000000000007 0.5421875 0.018750000000000065 0.5421875 0.01875000000000007 0.5703125 0.06250000000000007 0.5703125
4 0.056250000000000064 0.61875 0.046875000000000076 0.61875 0.046875000000000076 0.63125 0.056250000000000064 0.63125
3 0.11250000000000009 0.59375 0.09062500000000007 0.59375 0.09062500000000007 0.6125 0.11250000000000009 0.6125
5 0.1531250000000001 0.6640625 0.11562500000000009 0.6640625 0.11562500000000009 0.6890625 0.1531250000000001 0.6890625
5 0.17968750000000008 0.63125 0.14062500000000008 0.63125 0.14062500000000008 0.6515625 0.17968750000000008 0.6515625
4 0.1906250000000001 0.5671875 0.18125000000000008 0.5671875 0.18125000000000008 0.5765625 0.1906250000000001 0.5765625
2 0.2718750000000001 0.45625 0.2531250000000001 0.45625 0.2531250000000001 0.475 0.2718750000000001 0.475
2 0.3140625000000001 0.4546875 0.29375000000000007 0.4546875 0.29375000000000007 0.46875 0.3140625000000001 0.46875
5 0.3281250000000001 0.475 0.2843750000000001 0.475 0.2843750000000001 0.49375 0.3281250000000001 0.49375
5 0.3078125000000001 0.6265625 0.2750000000000001 0.6265625 0.2750000000000001 0.6453125 0.3078125000000001 0.6453125
2 0.3750000000000001 0.5234375 0.3593750000000001 0.5234375 0.3593750000000001 0.5375 0.3750000000000001 0.5375
5 0.43125 0.5390625 0.39531250000000007 0.5390625 0.39531250000000007 0.5609375 0.43125 0.5609375
6 0.3937500000000001 0.453125 0.36406250000000007 0.453125 0.36406250000000007 0.4734375 0.3937500000000001 0.4734375
2 0.3640625 0.27812500000000007 0.34375 0.278125 0.34375 0.29687500000000006 0.3640625 0.2968750000000001
2 0.521875 0.3125000000000001 0.515625 0.3125000000000001 0.515625 0.3437500000000001 0.521875 0.3437500000000001
2 0.534375 0.3109375000000001 0.5265625 0.3109375000000001 0.5265625 0.3421875000000001 0.534375 0.3421875000000001
2 0.575 0.3046875000000001 0.565625 0.3046875000000001 0.565625 0.3312500000000001 0.575 0.3312500000000001
2 0.5859375 0.3031250000000001 0.5765625 0.3031250000000001 0.5765625 0.3343750000000001 0.5859375 0.3343750000000001
6 0.521875 0.6140625 0.490625 0.6140625 0.490625 0.63125 0.521875 0.63125
3 0.5953125 0.61875 0.58125 0.61875 0.58125 0.6328125 0.5953125 0.6328125
2 0.6234375 0.5875 0.603125 0.5875 0.603125 0.5984375 0.6234375 0.5984375
0 0.5890625 0.5546875 0.575 0.5546875 0.575 0.5671875 0.5890625 0.5671875
2 0.725 0.609375 0.7109375 0.609375 0.7109375 0.6234375 0.725 0.6234375
2 0.721875 0.55 0.7015625 0.55 0.7015625 0.5640625 0.721875 0.5640625
5 0.684375 0.5296875 0.6421875 0.5296875 0.6421875 0.5515625 0.684375 0.5515625
2 0.575 0.5171875 0.5578125 0.5171875 0.5578125 0.5296875 0.575 0.5296875
1 0.6953125 0.37187500000000007 0.65 0.37187500000000007 0.65 0.3968750000000001 0.6953125 0.3968750000000001
5 0.75625 0.37187500000000007 0.709375 0.37187500000000007 0.709375 0.3968750000000001 0.75625 0.3968750000000001
6 0.725 0.4109375 0.690625 0.4109375 0.690625 0.43125 0.725 0.43125
0 0.840625 0.6015625000000002 0.8265625 0.6015625000000002 0.8265625 0.6125000000000002 0.840625 0.6125000000000002
0 0.85 0.5906250000000002 0.8390625 0.5906250000000002 0.8390625 0.6015625000000002 0.85 0.6015625000000002
3 0.8625 0.5656250000000002 0.84375 0.5656250000000002 0.84375 0.5875000000000001 0.8625 0.5875000000000001
4 0.8828125 0.5828125000000002 0.8734375 0.5828125000000002 0.8734375 0.5937500000000002 0.8828125 0.5937500000000002
2 0.896875 0.6046875000000002 0.875 0.6046875000000002 0.875 0.6234375000000002 0.896875 0.6234375000000002
5 0.921875 0.6296875000000002 0.878125 0.6296875000000002 0.878125 0.6531250000000002 0.921875 0.6531250000000002
5 0.9703125 0.5312500000000002 0.934375 0.5312500000000002 0.934375 0.5515625000000002 0.9703125 0.5515625000000002
6 0.9828125 0.3937500000000001 0.946875 0.3937500000000001 0.946875 0.4156250000000002 0.9828125 0.4156250000000002