5 0.2531250000000001 0.6671875 0.1937500000000001 0.6671875 0.1937500000000001 0.7125 0.2531250000000001 0.7125
5 0.3109375000000001 0.6640625 0.25468750000000007 0.6640625 0.25468750000000007 0.6953125 0.3109375000000001 0.6953125
2 0.11250000000000009 0.803125 0.07187500000000009 0.803125 0.0718750000000001 0.828125 0.11250000000000009 0.828125
2 0.11093750000000009 0.8515625 0.07656250000000012 0.8515625 0.07656250000000012 0.8859375 0.11093750000000009 0.8859375
2 0.41406250000000017 0.7984375 0.37968750000000007 0.7984375 0.37968750000000007 0.8390625 0.41406250000000017 0.8390625
2 0.4515625000000002 0.734375 0.41718750000000016 0.734375 0.41718750000000016 0.765625 0.4515625000000002 0.765625
2 0.40625000000000017 0.871875 0.3765625000000001 0.871875 0.3765625000000001 0.9046875 0.40625000000000017 0.9046875
2 0.3906250000000001 0.91875 0.3609375000000001 0.91875 0.3609375000000001 0.9546875 0.3906250000000001 0.9546875
0 0.490625 0.5359375 0.471875 0.5359375 0.471875 0.5828125 0.490625 0.5828125
2 0.5375000000000002 0.7890625 0.5062500000000002 0.7890625 0.5062500000000002 0.828125 0.5375000000000002 0.828125
2 0.5984375000000002 0.79375 0.5640625000000001 0.79375 0.5640625000000001 0.825 0.5984375000000002 0.825
2 0.7656250000000002 0.7546875000000002 0.7421875000000002 0.7546875000000002 0.7421875000000002 0.7968750000000002 0.7656250000000002 0.7968750000000002
2 0.940625 0.7703125000000002 0.9 0.7703125000000002 0.9 0.8109375 0.940625 0.8109375
2 0.5718750000000001 0.8390625 0.5437500000000002 0.8390625 0.5437500000000002 0.875 0.5718750000000001 0.875
0 0.53125 0.08906250000000007 0.5125 0.08906250000000007 0.5125 0.13281250000000006 0.53125 0.13281250000000006
4 0.0500000000000001 0.790625 0.0343750000000001 0.790625 0.0343750000000001 0.8203125 0.050000000000000114 0.8203125
4 0.21093750000000008 0.7921875 0.1906250000000001 0.7921875 0.1906250000000001 0.8203125 0.21093750000000008 0.8203125
4 0.17187500000000008 0.80625 0.15625000000000008 0.80625 0.15625000000000008 0.8265625 0.17187500000000008 0.8265625
4 0.23437500000000008 0.896875 0.2140625000000001 0.896875 0.2140625000000001 0.9203125 0.23437500000000008 0.9203125
4 0.3062500000000001 0.7921875 0.2875000000000001 0.7921875 0.2875000000000001 0.8234375 0.3062500000000001 0.8234375
4 0.4296875 0.6671875 0.41875 0.6671875 0.41875 0.6859375 0.4296875 0.6859375
4 0.5984375000000002 0.890625 0.5796875000000001 0.890625 0.5796875000000001 0.925 0.5984375000000002 0.925
4 0.5437500000000002 0.8859375 0.5218750000000002 0.8859375 0.5218750000000002 0.915625 0.5437500000000002 0.915625
4 0.6796875000000002 0.8765625 0.6593750000000002 0.8765625 0.6593750000000002 0.9015625 0.6796875000000002 0.9015625
4 0.6984375000000002 0.75625 0.6828125000000002 0.75625 0.6828125000000002 0.7828125 0.6984375000000002 0.7828125
4 0.5265625 0.7125 0.5125 0.7125 0.5125000000000001 0.740625 0.5265625000000002 0.740625
4 0.5765625000000002 0.7734375 0.5546875000000002 0.7734375 0.5546875000000002 0.79375 0.5765625000000002 0.79375
4 0.634375 0.6859375 0.61875 0.6859375 0.61875 0.70625 0.634375 0.70625
4 0.6953125 0.6796875 0.675 0.6796875 0.675 0.7078125 0.6953125 0.7078125
4 0.8796875 0.7062500000000002 0.865625 0.7062500000000002 0.865625 0.7296875000000002 0.8796875 0.7296875000000002
4 0.984375 0.83125 0.9640625 0.83125 0.9640625 0.8578125 0.984375 0.8578125
4 0.9828125 0.8609375 0.9578125 0.8609375 0.9578125 0.88125 0.9828125 0.88125
4 0.2890625000000001 0.7234375 0.2734375000000001 0.7234375 0.2734375000000001 0.7375 0.2890625000000001 0.7375
4 0.3156250000000001 0.6984375 0.2890625000000001 0.6984375 0.2890625000000001 0.7140625 0.3156250000000001 0.7140625
4 0.12187500000000011 0.8984375 0.1062500000000001 0.8984375 0.10625000000000011 0.91875 0.12187500000000014 0.91875
4 0.35625000000000007 0.79375 0.3375000000000001 0.79375 0.3375000000000001 0.8078125 0.35625000000000007 0.8078125
2 0.4890625 0.6 0.4765625 0.6 0.4765625 0.659375 0.4890625 0.659375
4 0.4890625 0.3906250000000001 0.471875 0.3906250000000001 0.471875 0.4203125 0.4890625 0.4203125
4 0.5265625 0.2015625000000001 0.5140625 0.2015625000000001 0.5140625 0.2312500000000001 0.5265625 0.2312500000000001
4 0.475 0.19375000000000003 0.459375 0.19375000000000003 0.459375 0.2140625000000001 0.475 0.2140625000000001
4 0.4734375 0.050000000000000065 0.4578125 0.050000000000000065 0.4578125 0.07343750000000007 0.4734375 0.07343750000000007
4 0.6515625000000002 0.778125 0.6390625000000002 0.778125 0.6390625000000002 0.809375 0.6515625000000002 0.809375
4 0.6140625000000002 0.8421875 0.5953125000000001 0.8421875 0.5953125000000001 0.8671875 0.6140625000000002 0.8671875
4 0.7531250000000002 0.8765625 0.7359375000000001 0.8765625 0.7359375000000001 0.896875 0.7531250000000002 0.896875
4 0.7015625000000002 0.89375 0.6843750000000002 0.89375 0.6843750000000002 0.9265625 0.7015625000000002 0.9265625
4 0.9015625 0.825 0.88125 0.825 0.88125 0.8546875 0.9015625 0.8546875