2 0.21093750000000008 0.4625 0.19062500000000004 0.4625 0.19062500000000004 0.4765625 0.21093750000000008 0.4765625
2 0.2296875000000001 0.5109375 0.21250000000000008 0.5109375 0.21250000000000008 0.5359375 0.2296875000000001 0.5359375
2 0.24218750000000008 0.490625 0.2250000000000001 0.490625 0.2250000000000001 0.5125 0.24218750000000008 0.5125
4 0.2687500000000001 0.4984375 0.2578125000000001 0.4984375 0.2578125000000001 0.5078125 0.2687500000000001 0.5078125
4 0.3390625000000001 0.490625 0.3203125000000001 0.490625 0.3203125000000001 0.5109375 0.3390625000000001 0.5109375
2 0.2968750000000001 0.478125 0.2718750000000001 0.478125 0.2718750000000001 0.496875 0.2968750000000001 0.496875
2 0.2656250000000001 0.4546875 0.24375000000000008 0.4546875 0.24375000000000008 0.478125 0.2656250000000001 0.478125
2 0.24375000000000008 0.45 0.2250000000000001 0.45 0.2250000000000001 0.471875 0.24375000000000008 0.471875
2 0.19218750000000004 0.4484375 0.16718750000000004 0.4484375 0.16718750000000004 0.4734375 0.19218750000000004 0.4734375
2 0.1359375000000001 0.5859375 0.10781250000000009 0.5859375 0.10781250000000009 0.609375 0.1359375000000001 0.609375
2 0.18906250000000008 0.5953125 0.1687500000000001 0.5953125 0.1687500000000001 0.6140625 0.18906250000000008 0.6140625
2 0.1984375000000001 0.6328125 0.1828125000000001 0.6328125 0.1828125000000001 0.6546875 0.1984375000000001 0.6546875
2 0.19687500000000008 0.675 0.1781250000000001 0.675 0.1781250000000001 0.6984375 0.19687500000000008 0.6984375
2 0.18906250000000008 0.6875 0.17343750000000008 0.6875 0.17343750000000008 0.7125 0.18906250000000008 0.7125
2 0.16562500000000008 0.7171875 0.1453125000000001 0.7171875 0.1453125000000001 0.74375 0.16562500000000008 0.74375
2 0.20468750000000008 0.7265625 0.18906250000000008 0.7265625 0.18906250000000008 0.7703125 0.20468750000000008 0.7703125
2 0.23593750000000008 0.58125 0.2171875000000001 0.58125 0.2171875000000001 0.6140625 0.23593750000000008 0.6140625
0 0.640625 0.5046875 0.6234375 0.5046875 0.6234375 0.5234375 0.640625 0.5234375
0 0.7625 0.4859375000000002 0.7484375 0.4859375000000002 0.7484375 0.5046875000000002 0.7625 0.5046875000000002
2 0.7078125 0.5609375 0.68125 0.5609375 0.68125 0.5859375 0.7078125 0.5859375
2 0.3781250000000001 0.70625 0.36406250000000007 0.70625 0.36406250000000007 0.746875 0.3781250000000001 0.746875
2 0.453125 0.6484375 0.4375 0.6484375 0.4375 0.6859375 0.453125 0.6859375
2 0.4 0.590625 0.3843750000000001 0.590625 0.3843750000000001 0.6125 0.4 0.6125
2 0.056250000000000064 0.48125 0.03281250000000006 0.48125 0.032812500000000064 0.5 0.056250000000000064 0.5
4 0.04843750000000006 0.4671875 0.031250000000000056 0.4671875 0.031250000000000056 0.484375 0.04843750000000006 0.484375
2 0.09062500000000007 0.5671875 0.07031250000000007 0.5671875 0.07031250000000007 0.590625 0.09062500000000007 0.590625
4 0.10312500000000009 0.55625 0.08750000000000006 0.55625 0.08750000000000006 0.571875 0.10312500000000009 0.571875
0 0.13281250000000014 0.9265625 0.12031250000000013 0.9265625 0.12031250000000013 0.946875 0.13281250000000014 0.946875
2 0.4578125 0.4609375 0.434375 0.4609375 0.434375 0.478125 0.4578125 0.478125
2 0.4765625 0.34843750000000007 0.4515625 0.34843750000000007 0.4515625 0.3937500000000001 0.4765625 0.3937500000000001
0 0.5671875 0.3390625000000001 0.5515625 0.3390625000000001 0.5515625 0.3578125000000001 0.5671875 0.3578125000000001
2 0.11093750000000005 0.453125 0.08750000000000005 0.453125 0.08750000000000005 0.4734375 0.11093750000000005 0.4734375
2 0.14843750000000006 0.4515625 0.12812500000000004 0.4515625 0.12812500000000004 0.475 0.14843750000000006 0.475
2 0.1687500000000001 0.80625 0.1437500000000001 0.80625 0.1437500000000001 0.8453125 0.1687500000000001 0.8453125
2 0.15312500000000012 0.8984375 0.13437500000000008 0.8984375 0.1343750000000001 0.928125 0.15312500000000012 0.928125
2 0.5390625 0.609375 0.521875 0.609375 0.521875 0.625 0.5390625 0.625
1 0.875 0.6171875000000002 0.8125 0.6171875000000002 0.8125 0.6546875000000002 0.875 0.6546875000000002
2 0.3781250000000001 0.590625 0.3531250000000001 0.590625 0.3531250000000001 0.61875 0.3781250000000001 0.61875
2 0.4484375 0.5953125 0.4203125 0.5953125 0.4203125 0.625 0.4484375 0.625
2 0.478125 0.5953125 0.453125 0.5953125 0.453125 0.621875 0.478125 0.621875
2 0.5140625 0.6015625 0.4921875 0.6015625 0.4921875 0.6234375 0.5140625 0.6234375
2 0.41875 0.5921875 0.3937500000000001 0.5921875 0.3937500000000001 0.615625 0.41875 0.615625
2 0.39531250000000007 0.553125 0.3765625000000001 0.553125 0.3765625000000001 0.575 0.39531250000000007 0.575
2 0.4171875 0.4625 0.3984375000000001 0.4625 0.3984375000000001 0.478125 0.4171875 0.478125
2 0.4359375 0.4578125 0.4171875 0.4578125 0.4171875 0.478125 0.4359375 0.478125
4 0.41875 0.4796875 0.4046875 0.4796875 0.4046875 0.49375 0.41875 0.49375
4 0.4609375 0.5046875 0.4484375 0.5046875 0.4484375 0.5203125 0.4609375 0.5203125
5 0.55 0.509375 0.5296875 0.509375 0.5296875 0.525 0.55 0.525
4 0.60625 0.515625 0.5984375 0.515625 0.5984375 0.525 0.60625 0.525
4 0.659375 0.4921875 0.640625 0.4921875 0.640625 0.503125 0.659375 0.503125
2 0.640625 0.528125 0.6171875 0.528125 0.6171875 0.5421875 0.640625 0.5421875
2 0.1515625000000001 0.7625 0.1359375000000001 0.7625 0.1359375000000001 0.7859375 0.1515625000000001 0.7859375
2 0.1531250000000001 0.78125 0.13281250000000008 0.78125 0.13281250000000008 0.8015625 0.1531250000000001 0.8015625
2 0.1390625000000001 0.821875 0.1218750000000001 0.821875 0.1218750000000001 0.8390625 0.1390625000000001 0.8390625
2 0.1359375000000001 0.84375 0.11718750000000008 0.84375 0.11718750000000008 0.86875 0.1359375000000001 0.86875
2 0.12500000000000014 0.915625 0.10937500000000014 0.915625 0.10937500000000014 0.9375 0.12500000000000014 0.9375
2 0.10781250000000013 0.9703125 0.08906250000000011 0.9703125 0.08906250000000011 0.990625 0.10781250000000013 0.990625
2 0.10625000000000014 0.9796875 0.08593750000000011 0.9796875 0.08593750000000012 1 0.10625000000000014 1
2 0.16718750000000013 0.9796875 0.15468750000000014 0.9796875 0.15468750000000014 0.9984375 0.16718750000000013 0.9984375
2 0.18125000000000008 0.753125 0.16562500000000008 0.753125 0.16562500000000008 0.7828125 0.18125000000000008 0.7828125
2 0.27031250000000007 0.6453125 0.26250000000000007 0.6453125 0.26250000000000007 0.6765625 0.27031250000000007 0.6765625
2 0.19687500000000008 0.6578125 0.1859375000000001 0.6578125 0.1859375000000001 0.6796875 0.19687500000000008 0.6796875
2 0.3546875000000001 0.7078125 0.3453125000000001 0.7078125 0.3453125000000001 0.7421875 0.3546875000000001 0.7421875
2 0.3656250000000001 0.7046875 0.3546875000000001 0.7046875 0.3546875000000001 0.74375 0.3656250000000001 0.74375
2 0.43125 0.6546875 0.4203125 0.6546875 0.4203125 0.6828125 0.43125 0.6828125
2 0.3812500000000001 0.6390625 0.3703125000000001 0.6390625 0.3703125000000001 0.675 0.3812500000000001 0.675
2 0.5546875 0.2734375000000001 0.5421875 0.2734375000000001 0.5421875 0.3078125000000001 0.5546875 0.3078125000000001
4 0.55625 0.2234375000000001 0.5421875 0.2234375000000001 0.5421875 0.24375000000000008 0.55625 0.24375000000000008
2 0.5953125 0.18750000000000008 0.5765625 0.18750000000000008 0.5765625 0.2062500000000001 0.5953125 0.2062500000000001
2 0.5875 0.2015625000000001 0.5765625 0.2015625000000001 0.5765625 0.2218750000000001 0.5875 0.2218750000000001
4 0.6046875 0.14843750000000008 0.596875 0.14843750000000008 0.596875 0.15781250000000008 0.6046875 0.15781250000000008
2 0.646875 0.2078125000000001 0.6265625 0.2078125000000001 0.6265625 0.2312500000000001 0.646875 0.2312500000000001
2 0.665625 0.2250000000000001 0.6453125 0.2250000000000001 0.6453125 0.2500000000000001 0.665625 0.2500000000000001