1 0.2531250000000001 0.6625 0.1937500000000001 0.6625 0.1937500000000001 0.6953125 0.2531250000000001 0.6953125
1 0.30937500000000007 0.6515625 0.2531250000000001 0.6515625 0.2531250000000001 0.6875 0.30937500000000007 0.6875
1 1 0.6937500000000002 0.9390625 0.6937500000000002 0.9390625 0.7250000000000002 1 0.7250000000000002
2 0.10937500000000008 0.8015625 0.08750000000000009 0.8015625 0.0875000000000001 0.821875 0.10937500000000008 0.821875
2 0.3187500000000001 0.8140625 0.29375000000000007 0.8140625 0.29375000000000007 0.834375 0.3187500000000001 0.834375
2 0.5328125000000001 0.7953125 0.5125000000000002 0.7953125 0.5125000000000002 0.8140625 0.5328125000000001 0.8140625
2 0.7406250000000002 0.7953125000000001 0.7156250000000002 0.7953125 0.7156250000000002 0.8171875 0.7406250000000002 0.8171875
2 0.7468750000000002 0.7718750000000001 0.7234375000000002 0.771875 0.7234375000000002 0.7921875 0.7468750000000002 0.7921875000000002
2 0.803125 0.7921875000000002 0.7843750000000002 0.7921875000000002 0.7843750000000002 0.809375 0.803125 0.809375
2 0.4828125 0.03281250000000006 0.471875 0.03281250000000006 0.471875 0.08125000000000007 0.4828125 0.08125000000000007
4 0.2015625000000001 0.8015625 0.1906250000000001 0.8015625 0.1906250000000001 0.8125 0.2015625000000001 0.8125
4 0.2218750000000001 0.7828125 0.2078125000000001 0.7828125 0.2078125000000001 0.79375 0.2218750000000001 0.79375
4 0.2171875000000001 0.79375 0.2062500000000001 0.79375 0.2062500000000001 0.803125 0.2171875000000001 0.803125
4 0.2234375000000001 0.809375 0.21250000000000008 0.809375 0.21250000000000008 0.81875 0.2234375000000001 0.81875
4 0.3296875000000001 0.7953125 0.31718750000000007 0.7953125 0.31718750000000007 0.803125 0.3296875000000001 0.803125
4 0.3687500000000001 0.775 0.3578125000000001 0.775 0.3578125000000001 0.784375 0.3687500000000001 0.784375
4 0.3984375000000001 0.7796875 0.38750000000000007 0.7796875 0.38750000000000007 0.7890625 0.3984375000000001 0.7890625
4 0.3968750000000001 0.790625 0.38750000000000007 0.790625 0.38750000000000007 0.8 0.3968750000000001 0.8
4 0.4125000000000002 0.7921875 0.40156250000000016 0.7921875 0.40156250000000016 0.8015625 0.4125000000000002 0.8015625
4 0.5062500000000002 0.7796875 0.49531250000000016 0.7796875 0.49531250000000016 0.7890625 0.5062500000000002 0.7890625
4 0.5468750000000002 0.7828125 0.5375000000000002 0.7828125 0.5375000000000002 0.7921875 0.5468750000000002 0.7921875
4 0.5265625000000002 0.8265625 0.5171875000000001 0.8265625 0.5171875000000001 0.840625 0.5265625000000002 0.840625
4 0.5375000000000002 0.8234375 0.5281250000000002 0.8234375 0.5281250000000002 0.8375 0.5375000000000002 0.8375
4 0.5484375 0.68125 0.5421875 0.68125 0.5421875 0.6984375 0.5484375 0.6984375
4 0.5968750000000002 0.78125 0.5875000000000001 0.78125 0.5875000000000001 0.790625 0.5968750000000002 0.790625
4 0.6203125000000002 0.7484375 0.6109375000000001 0.7484375 0.6109375000000001 0.7609375 0.6203125000000002 0.7609375
4 0.6875000000000002 0.784375 0.6765625000000002 0.784375 0.6765625000000002 0.7953125 0.6875000000000002 0.7953125
4 0.7593750000000001 0.7656250000000002 0.7484375000000002 0.7656250000000002 0.7484375000000002 0.7765625000000002 0.7593750000000001 0.7765625000000002
4 0.9578125 0.8515625 0.94375 0.8515625 0.94375 0.8625 0.9578125 0.8625
4 0.909375 0.8515625 0.8984375 0.8515625 0.8984375 0.8609375 0.909375 0.8609375
4 0.9375 0.7203125000000001 0.928125 0.7203125000000001 0.928125 0.7296875000000002 0.9375 0.7296875000000002
4 0.8515625 0.7171875000000002 0.840625 0.7171875000000002 0.840625 0.7265625000000002 0.8515625 0.7265625000000002
4 0.7125 0.6890625 0.7046875 0.6890625 0.7046875 0.6984375 0.7125 0.6984375
4 0.73125 0.675 0.721875 0.675 0.721875 0.6859375000000001 0.73125 0.6859375000000002
4 0.64375 0.653125 0.634375 0.653125 0.634375 0.6609375 0.64375 0.6609375
4 0.4796875 0.4609375 0.4734375 0.4609375 0.4734375 0.4765625 0.4796875 0.4765625
4 0.4921875 0.39531250000000007 0.4875 0.39531250000000007 0.4875 0.4109375 0.4921875 0.4109375
4 0.4765625 0.38750000000000007 0.471875 0.38750000000000007 0.471875 0.40625 0.4765625 0.40625
4 0.53125 0.3828125000000001 0.5265625 0.3828125000000001 0.5265625 0.4015625 0.53125 0.4015625
4 0.484375 0.33281250000000007 0.4796875 0.33281250000000007 0.4796875 0.34843750000000007 0.484375 0.34843750000000007
4 0.4890625 0.2093750000000001 0.484375 0.2093750000000001 0.484375 0.22656250000000008 0.4890625 0.22656250000000008
4 0.5296875 0.19843750000000004 0.525 0.19843750000000004 0.525 0.21875000000000008 0.5296875 0.21875000000000008
4 0.11718750000000014 0.971875 0.10625000000000014 0.971875 0.10625000000000014 0.978125 0.11718750000000014 0.978125
2 0.4734375 0.6640625 0.4625 0.6640625 0.4625 0.6875 0.4734375 0.6875
0 0.5593750000000002 0.8359375 0.5468750000000002 0.8359375 0.5468750000000002 0.853125 0.5593750000000002 0.853125
0 0.6328125000000002 0.8453125 0.6187500000000001 0.8453125 0.6187500000000001 0.8609375 0.6328125000000002 0.8609375
0 0.9578125 0.8734375 0.940625 0.8734375 0.940625 0.8921875 0.9578125 0.8921875
0 0.15312500000000012 0.9671875 0.13750000000000012 0.9671875 0.13750000000000012 0.9859375 0.15312500000000012 0.9859375
3 0.88125 0.7734375000000002 0.85 0.7734375000000002 0.85 0.7953125000000002 0.88125 0.7953125000000002
6 0.9328125 0.7953125000000002 0.890625 0.7953125000000002 0.890625 0.8265625 0.9328125 0.8265625