4 0.5203125 0.38750000000000007 0.50625 0.38750000000000007 0.50625 0.40625 0.5203125 0.40625
4 0.509375 0.3750000000000001 0.4984375 0.3750000000000001 0.4984375 0.3906250000000001 0.509375 0.3906250000000001
4 0.4859375 0.3890625000000001 0.4703125 0.3890625000000001 0.4703125 0.4046875 0.4859375 0.4046875
4 0.4875 0.3750000000000001 0.475 0.3750000000000001 0.475 0.3921875000000001 0.4875 0.3921875000000001
4 0.471875 0.3921875000000001 0.4578125 0.3921875000000001 0.4578125 0.40625 0.471875 0.40625
4 0.453125 0.3781250000000001 0.440625 0.3781250000000001 0.440625 0.3921875000000001 0.453125 0.3921875000000001
4 0.4171875 0.3734375000000001 0.403125 0.3734375000000001 0.403125 0.3890625000000001 0.4171875 0.3890625000000001
4 0.403125 0.3781250000000001 0.3890625000000001 0.3781250000000001 0.3890625000000001 0.3921875000000001 0.403125 0.3921875000000001
2 0.4953125 0.3265625000000001 0.4703125 0.3265625000000001 0.4703125 0.3500000000000001 0.4953125 0.3500000000000001
2 0.446875 0.3234375000000001 0.425 0.3234375000000001 0.425 0.3453125000000001 0.446875 0.3453125000000001
2 0.415625 0.3421875000000001 0.390625 0.3421875000000001 0.39062500000000006 0.36406250000000007 0.415625 0.36406250000000007
2 0.4859375 0.3515625000000001 0.4609375 0.3515625000000001 0.4609375 0.3750000000000001 0.4859375 0.3750000000000001
2 0.5546875 0.33281250000000007 0.528125 0.33281250000000007 0.528125 0.3593750000000001 0.5546875 0.3593750000000001
2 0.5578125 0.3593750000000001 0.5375 0.3593750000000001 0.5375 0.3843750000000001 0.5578125 0.3843750000000001
4 0.5609375 0.3765625000000001 0.546875 0.3765625000000001 0.546875 0.4015625 0.5609375 0.4015625
0 0.5515625 0.3843750000000001 0.5296875 0.3843750000000001 0.5296875 0.4046875 0.5515625 0.4046875
2 0.6734375 0.3734375000000001 0.653125 0.3734375000000001 0.653125 0.3968750000000001 0.6734375 0.3968750000000001
2 0.6015625 0.3671875000000001 0.5765625 0.3671875000000001 0.5765625 0.3937500000000001 0.6015625 0.3937500000000001
2 0.603125 0.3906250000000001 0.5796875 0.3906250000000001 0.5796875 0.4109375 0.603125 0.4109375
4 0.5640625 0.2953125000000001 0.5546875 0.2953125000000001 0.5546875 0.3187500000000001 0.5640625 0.3187500000000001
4 0.575 0.3187500000000001 0.5578125 0.3187500000000001 0.5578125 0.3421875000000001 0.575 0.3421875000000001
1 0.6265625 0.3421875000000001 0.575 0.3421875000000001 0.575 0.37187500000000007 0.6265625 0.37187500000000007
2 0.703125 0.3750000000000001 0.68125 0.3750000000000001 0.68125 0.3984375000000001 0.703125 0.3984375000000001
2 0.734375 0.3546875000000001 0.7046875 0.3546875000000001 0.7046875 0.3781250000000001 0.734375 0.3781250000000001
4 0.7359375 0.3734375000000001 0.7203125 0.3734375000000001 0.7203125 0.3937500000000001 0.7359375 0.3937500000000001
4 0.740625 0.4250000000000001 0.725 0.425 0.725 0.4406250000000001 0.740625 0.44062500000000016
4 0.7171875 0.4234375 0.703125 0.4234375 0.703125 0.44375 0.7171875 0.44375
4 0.6390625 0.415625 0.6234375 0.415625 0.6234375 0.434375 0.6390625 0.434375
4 0.6125 0.40625 0.5984375 0.40625 0.5984375 0.4265625 0.6125 0.4265625
4 0.6 0.409375 0.5890625 0.409375 0.5890625 0.4296875 0.6 0.4296875
0 0.63125 0.43125 0.6046875 0.43125 0.6046875 0.4609375 0.63125 0.4609375
2 0.6609375 0.3906250000000001 0.6359375 0.3906250000000001 0.6359375 0.4125 0.6609375 0.4125
2 0.640625 0.3703125000000001 0.6203125 0.3703125000000001 0.6203125 0.39531250000000007 0.640625 0.39531250000000007
2 0.828125 0.41406250000000017 0.7984375 0.41406250000000017 0.7984375 0.44531250000000017 0.828125 0.44531250000000017
2 0.7109375 0.4046875 0.6875 0.4046875 0.6875 0.428125 0.7109375 0.428125
2 0.78125 0.3937500000000001 0.7578125 0.3937500000000001 0.7578125 0.4125000000000002 0.78125 0.4125000000000002
4 0.775 0.3734375000000001 0.7578125 0.3734375000000001 0.7578125 0.3937500000000001 0.775 0.3937500000000001
4 0.778125 0.4078125000000002 0.759375 0.4078125000000002 0.759375 0.42500000000000016 0.778125 0.42500000000000016
3 0.7875 0.4187500000000002 0.7609375 0.4187500000000002 0.7609375 0.4500000000000002 0.7875 0.4500000000000002
3 0.803125 0.35625000000000007 0.7734375 0.35625000000000007 0.7734375 0.3843750000000001 0.803125 0.3843750000000001
4 0.8390625 0.3656250000000001 0.821875 0.3656250000000001 0.821875 0.38750000000000007 0.8390625 0.38750000000000007
4 0.8453125 0.37968750000000007 0.83125 0.37968750000000007 0.83125 0.4000000000000002 0.8453125 0.4000000000000002
0 0.8484375 0.4000000000000002 0.828125 0.4000000000000002 0.828125 0.42187500000000017 0.8484375 0.42187500000000017
2 0.89375 0.3937500000000001 0.86875 0.3937500000000001 0.86875 0.41718750000000016 0.89375 0.41718750000000016
2 0.9328125 0.41406250000000017 0.90625 0.41406250000000017 0.90625 0.4421875000000002 0.9328125 0.4421875000000002
4 0.9140625 0.43750000000000017 0.896875 0.43750000000000017 0.896875 0.45625000000000016 0.9140625 0.45625000000000016
4 0.925 0.2468750000000001 0.9140625 0.2468750000000001 0.9140625 0.2656250000000001 0.925 0.2656250000000001
3 0.9375 0.17500000000000013 0.9171875 0.17500000000000013 0.9171875 0.19375000000000014 0.9375 0.19375000000000014
2 0.8515625 0.17187500000000008 0.83125 0.17187500000000008 0.83125 0.19687500000000008 0.8515625 0.19687500000000008
4 0.86875 0.18906250000000008 0.8515625 0.18906250000000008 0.8515625 0.20312500000000008 0.86875 0.20312500000000008
2 0.7890625 0.14062500000000008 0.7734375 0.14062500000000008 0.7734375 0.17968750000000008 0.7890625 0.17968750000000008
2 0.83125 0.0140625000000001 0.8171875 0.0140625000000001 0.8171875 0.05312500000000011 0.83125 0.05312500000000011
4 0.6890625 0.11250000000000009 0.6765625 0.11250000000000009 0.6765625 0.14218750000000008 0.6890625 0.14218750000000008
4 0.70625 0.11875000000000009 0.6921875 0.11875000000000009 0.6921875 0.1390625000000001 0.70625 0.1390625000000001
4 0.715625 0.11718750000000008 0.7046875 0.11718750000000008 0.7046875 0.1390625000000001 0.715625 0.1390625000000001
2 0.6453125 7.807123344564376e-17 0.6296875 7.711447813380989e-17 0.6296875 0.023437500000000076 0.6453125 0.023437500000000076
2 0.634375 7.663610047789296e-17 0.6171875 7.558366963487571e-17 0.6171875 0.028125000000000077 0.634375 0.028125000000000077
2 0.56875 0.06406250000000006 0.553125 0.06406250000000006 0.553125 0.09218750000000006 0.56875 0.09218750000000006
4 0.6625 0.19531250000000008 0.646875 0.19531250000000008 0.646875 0.2234375000000001 0.6625 0.2234375000000001
4 0.37187500000000007 0.3609375 0.3578125 0.3609375 0.35781250000000003 0.37968750000000007 0.37187500000000007 0.37968750000000007
4 0.3484375 0.3421875 0.33125 0.3421875 0.33125 0.3609375 0.3484375 0.3609375
4 0.3296875 0.3484375 0.3109375 0.3484375 0.31093750000000003 0.365625 0.3296875000000001 0.365625
4 0.325 0.3390625 0.3109375 0.3390625 0.3109375 0.353125 0.325 0.353125
2 0.3640625 0.31250000000000006 0.340625 0.3125 0.340625 0.33906250000000004 0.3640625 0.3390625000000001
2 0.3140625 0.3171875 0.2890625 0.3171875 0.2890625 0.340625 0.3140625 0.340625
0 0.37500000000000006 0.34375000000000006 0.353125 0.34375 0.353125 0.36718750000000006 0.3750000000000001 0.3671875000000001
4 0.30937500000000007 0.353125 0.2953125 0.353125 0.29531250000000003 0.375 0.30937500000000007 0.375
4 0.309375 0.340625 0.2890625 0.340625 0.2890625 0.3546875 0.309375 0.3546875
0 0.2828125 0.3265625 0.2640625 0.3265625 0.2640625 0.3546875 0.2828125 0.3546875
2 0.29375 0.296875 0.2640625 0.296875 0.2640625 0.3265625 0.29375 0.3265625
6 0.3609375000000001 0.3953125 0.3343750000000001 0.3953125 0.3343750000000001 0.421875 0.3609375000000001 0.421875
4 0.3390625000000001 0.4109375 0.3203125000000001 0.4109375 0.3203125000000001 0.4265625 0.3390625000000001 0.4265625
4 0.25 0.3375 0.23125 0.3375 0.23125 0.359375 0.25 0.359375
4 0.2328125 0.3328125 0.2109375 0.3328125 0.2109375 0.353125 0.2328125 0.353125
2 0.246875 0.3140625 0.221875 0.3140625 0.221875 0.3375 0.246875 0.3375
2 0.228125 0.2890625 0.203125 0.2890625 0.203125 0.3140625 0.228125 0.3140625
2 0.19687500000000005 0.3078125 0.17656250000000004 0.3078125 0.17656250000000004 0.3359375 0.19687500000000005 0.3359375
2 0.17343750000000005 0.2875 0.14843750000000006 0.2875 0.14843750000000006 0.315625 0.17343750000000005 0.315625
4 0.16406250000000006 0.3109375 0.14531250000000004 0.3109375 0.14531250000000004 0.3296875 0.16406250000000006 0.3296875
4 0.14218750000000005 0.315625 0.12968750000000004 0.315625 0.12968750000000004 0.3328125 0.14218750000000005 0.3328125
2 0.09218750000000003 0.2671875 0.06718750000000002 0.2671875 0.06718750000000004 0.290625 0.09218750000000005 0.290625
0 0.05312500000000003 0.271875 0.032812500000000036 0.271875 0.032812500000000036 0.2921875 0.05312500000000005 0.2921875
0 0.05468750000000004 0.290625 0.032812500000000036 0.290625 0.032812500000000036 0.3140625 0.05468750000000004 0.3140625
4 0.1046875 0.1328125 0.08750000000000002 0.1328125 0.08750000000000002 0.1578125 0.1046875 0.1578125
4 0.134375 0.09687500000000002 0.1140625 0.09687500000000002 0.1140625 0.1171875 0.134375 0.1171875
4 0.1796875 0.1109375 0.1625 0.1109375 0.1625 0.1328125 0.1796875 0.1328125
2 0.06562500000000002 0.121875 0.04062500000000001 0.121875 0.040625000000000015 0.15 0.06562500000000002 0.15
2 0.209375 0.12968750000000004 0.1890625 0.12968750000000004 0.1890625 0.15625000000000006 0.209375 0.15625000000000006
0 0.04062500000000001 0.0484375 0.017187500000000005 0.0484375 0.01718750000000001 0.078125 0.04062500000000001 0.078125
4 0.021875000000000006 0.046875 0.004687500000000006 0.046875 0.004687500000000007 0.0671875 0.021875000000000006 0.0671875
4 0.0484375 0.017187500000000005 0.0328125 0.017187500000000005 0.0328125 0.037500000000000006 0.0484375 0.03750000000000001
0 0.0578125 5.453505277453057e-18 0.03125 3.827021247335479e-18 0.03125 0.026562500000000006 0.0578125 0.02656250000000001
2 0.10156250000000007 0.54375 0.07500000000000007 0.54375 0.07500000000000007 0.575 0.10156250000000008 0.575
2 0.06250000000000007 0.5375 0.03125000000000007 0.5375 0.03125000000000007 0.565625 0.06250000000000007 0.565625
2 0.057812500000000065 0.5609375 0.023437500000000066 0.5609375 0.02343750000000007 0.5921875 0.057812500000000065 0.5921875
2 0.04687500000000008 0.653125 0.020312500000000077 0.653125 0.02031250000000008 0.6859375 0.04687500000000009 0.6859375
4 0.3265625 0.13281250000000006 0.3078125 0.13281250000000006 0.3078125 0.15156250000000004 0.3265625 0.15156250000000004
4 0.3203125 0.14375000000000004 0.30625 0.14375000000000004 0.30625 0.16093750000000004 0.3203125 0.16093750000000004
4 0.375 0.14218750000000005 0.359375 0.14218750000000005 0.359375 0.16406250000000006 0.375 0.16406250000000006
4 0.3875 0.12500000000000006 0.36875 0.12500000000000006 0.36875 0.14062500000000006 0.3875 0.14062500000000006
4 0.384375 0.13125000000000003 0.36875 0.13125000000000003 0.36875 0.15312500000000004 0.384375 0.15312500000000004
2 0.3546875 0.17812500000000003 0.3296875 0.17812500000000003 0.3296875 0.203125 0.3546875 0.203125
2 0.353125 0.2 0.328125 0.2 0.328125 0.2265625 0.353125 0.2265625
2 0.384375 0.20468750000000005 0.3578125 0.2046875 0.3578125 0.22968750000000004 0.384375 0.2296875000000001
2 0.38125 0.16562500000000005 0.3578125 0.16562500000000005 0.3578125 0.19062500000000004 0.38125 0.19062500000000004
0 0.49375 0.19375000000000003 0.475 0.19375000000000003 0.475 0.23437500000000008 0.49375 0.23437500000000008
3 0.421875 0.13906250000000003 0.396875 0.13906250000000003 0.396875 0.16718750000000004 0.421875 0.16718750000000004
2 0.41875 0.15937500000000004 0.3875 0.15937500000000004 0.3875 0.18750000000000006 0.41875 0.18750000000000006
4 0.4015625 0.17187500000000006 0.384375 0.17187500000000006 0.384375 0.19375000000000003 0.4015625 0.19375000000000003
2 0.4015625 0.18750000000000006 0.3765625 0.18750000000000006 0.3765625 0.21250000000000008 0.4015625 0.21250000000000008
2 0.409375 0.2078125000000001 0.384375 0.2078125000000001 0.384375 0.23593750000000008 0.409375 0.23593750000000008
2 0.43125 0.19062500000000004 0.4046875 0.19062500000000004 0.4046875 0.2140625000000001 0.43125 0.2140625000000001
4 0.4078125 0.2250000000000001 0.3921875 0.2250000000000001 0.3921875 0.2453125000000001 0.4078125 0.2453125000000001
4 0.415625 0.2250000000000001 0.3984375 0.2250000000000001 0.3984375 0.24375000000000008 0.415625 0.24375000000000008
4 0.43125 0.2250000000000001 0.4171875 0.2250000000000001 0.4171875 0.24218750000000008 0.43125 0.24218750000000008
4 0.4234375 0.2140625000000001 0.409375 0.2140625000000001 0.409375 0.2328125000000001 0.4234375 0.2328125000000001
4 0.421875 0.20312500000000008 0.4046875 0.20312500000000008 0.4046875 0.2234375000000001 0.421875 0.2234375000000001
4 0.4328125 0.21093750000000008 0.415625 0.21093750000000008 0.415625 0.22656250000000008 0.4328125 0.22656250000000008
4 0.434375 0.14218750000000005 0.41875 0.14218750000000005 0.41875 0.16093750000000004 0.434375 0.16093750000000004
4 0.4375 0.15156250000000004 0.41875 0.15156250000000004 0.41875 0.16718750000000004 0.4375 0.16718750000000004
4 0.428125 0.15781250000000005 0.4125 0.15781250000000005 0.4125 0.17343750000000005 0.428125 0.17343750000000005
4 0.4328125 0.16718750000000004 0.41875 0.16718750000000004 0.41875 0.18281250000000004 0.4328125 0.18281250000000004
4 0.43125 0.17656250000000004 0.4171875 0.17656250000000004 0.4171875 0.19531250000000006 0.43125 0.19531250000000006
4 0.4203125 0.17656250000000004 0.4046875 0.17656250000000004 0.4046875 0.19687500000000005 0.4203125 0.19687500000000005
2 0.5140625 0.03125000000000006 0.4890625 0.031250000000000056 0.4890625 0.07031250000000007 0.5140625 0.07031250000000007
4 0.3078125000000001 0.5703125 0.2890625000000001 0.5703125 0.2890625000000001 0.5875 0.3078125000000001 0.5875
4 0.3031250000000001 0.5796875 0.2906250000000001 0.5796875 0.2906250000000001 0.59375 0.3031250000000001 0.59375
4 0.3031250000000001 0.5890625 0.2890625000000001 0.5890625 0.2890625000000001 0.6046875 0.3031250000000001 0.6046875
2 0.5953125 0.4546875 0.5734375 0.4546875 0.5734375 0.49375 0.5953125 0.49375
4 0.571875 0.5203125 0.5578125 0.5203125 0.5578125 0.54375 0.571875 0.54375
4 0.596875 0.5078125 0.5828125 0.5078125 0.5828125 0.528125 0.596875 0.528125
4 0.5578125 0.5734375 0.5484375 0.5734375 0.5484375 0.5984375 0.5578125 0.5984375
4 0.5453125 0.634375 0.534375 0.634375 0.534375 0.6578125 0.5453125 0.6578125
2 0.5546875 0.675 0.540625 0.675 0.540625 0.7140625 0.5546875 0.7140625
2 0.4578125000000002 0.8953125 0.4390625000000002 0.8953125 0.4390625000000002 0.9421875 0.4578125000000002 0.9421875
2 0.47968750000000016 0.8046875 0.4656250000000002 0.8046875 0.4656250000000002 0.8484375 0.47968750000000016 0.8484375
4 0.4593750000000002 0.75 0.4515625000000002 0.75 0.4515625000000002 0.7734375 0.4593750000000002 0.7734375
2 0.4750000000000001 0.715625 0.4609375 0.715625 0.4609375000000001 0.7640625 0.4750000000000002 0.7640625
0 0.5 0.6390625 0.4828125 0.6390625 0.4828125 0.6703125 0.5 0.6703125
0 0.484375 0.584375 0.46875 0.584375 0.46875 0.6203125 0.484375 0.6203125
2 0.49375 0.5875 0.4796875 0.5875 0.4796875 0.6265625 0.49375 0.6265625
4 0.5078125 0.5546875 0.4984375 0.5546875 0.4984375 0.5796875 0.5078125 0.5796875
4 0.5125 0.534375 0.5 0.534375 0.5 0.553125 0.5125 0.553125
0 0.5046875 0.5 0.490625 0.5 0.490625 0.5359375 0.5046875 0.5359375
2 0.5046875 0.534375 0.484375 0.534375 0.484375 0.5828125 0.5046875 0.5828125
2 0.490625 0.5359375 0.475 0.5359375 0.475 0.590625 0.490625 0.590625
4 0.484375 0.5265625 0.4734375 0.5265625 0.4734375 0.553125 0.484375 0.553125
4 0.4765625 0.5234375 0.4640625 0.5234375 0.4640625 0.553125 0.4765625 0.553125
4 0.4625 0.5078125 0.4484375 0.5078125 0.4484375 0.5375 0.4625 0.5375
2 0.5171875 0.49375 0.503125 0.49375 0.503125 0.5390625 0.5171875 0.5390625
4 0.4796875 0.478125 0.46875 0.478125 0.46875 0.503125 0.4796875 0.503125
4 0.4859375 0.471875 0.475 0.471875 0.475 0.5 0.4859375 0.5
2 0.4921875 0.490625 0.478125 0.490625 0.478125 0.5359375 0.4921875 0.5359375
2 0.5015625 0.5390625 0.4875 0.5390625 0.4875 0.5796875 0.5015625 0.5796875