2 0.596875 0.4625 0.578125 0.4625 0.578125 0.4984375 0.596875 0.4984375
2 0.5796875 0.5046875 0.565625 0.5046875 0.565625 0.5390625 0.5796875 0.5390625
2 0.6015625 0.5 0.5859375 0.5 0.5859375 0.53125 0.6015625 0.53125
2 0.6171875 0.4984375 0.603125 0.4984375 0.603125 0.528125 0.6171875 0.528125
2 0.61875 0.4609375 0.603125 0.4609375 0.603125 0.490625 0.61875 0.490625
2 0.6359375 0.4125 0.6203125 0.4125 0.6203125 0.4359375 0.6359375 0.4359375
2 0.6515625 0.4390625 0.6328125 0.4390625 0.6328125 0.4625 0.6515625 0.4625
2 0.6046875 0.55 0.590625 0.55 0.590625 0.58125 0.6046875 0.58125
2 0.5859375 0.5375 0.5765625 0.5375 0.5765625 0.575 0.5859375 0.575
2 0.5984375 0.5953125 0.5890625 0.5953125 0.5890625 0.6234375 0.5984375 0.6234375
2 0.59375 0.6390625 0.5828125 0.6390625 0.5828125 0.671875 0.59375 0.671875
2 0.578125 0.6421875 0.565625 0.6421875 0.565625 0.6765625 0.578125 0.6765625
2 0.5734375 0.7140625 0.565625 0.7140625 0.565625 0.7484375 0.5734375000000002 0.7484375
2 0.5906250000000002 0.7671875 0.5812500000000002 0.7671875 0.5812500000000002 0.8 0.5906250000000002 0.8
2 0.5796875000000001 0.7546875 0.5718750000000001 0.7546875 0.5718750000000001 0.7859375 0.5796875000000001 0.7859375
2 0.5703125000000002 0.8 0.5593750000000002 0.8 0.5593750000000002 0.8375 0.5703125000000002 0.8375
2 0.5812500000000002 0.875 0.5703125000000002 0.875 0.5703125000000002 0.909375 0.5812500000000002 0.909375
2 0.5859375000000002 0.9546875 0.5781250000000002 0.9546875 0.5781250000000002 0.984375 0.5859375000000002 0.984375
2 0.5140625 0.4390625 0.4953125 0.4390625 0.4953125 0.4578125 0.5140625 0.4578125
2 0.509375 0.40625 0.4890625 0.40625 0.4890625 0.4203125 0.509375 0.4203125
2 0.4875 0.4140625 0.471875 0.4140625 0.471875 0.4328125 0.4875 0.4328125
2 0.6765625 0.41875 0.6578125 0.41875 0.6578125 0.4375 0.6765625 0.4375
2 0.7078125 0.4140625 0.6890625 0.4140625 0.6890625 0.428125 0.7078125 0.428125
2 0.690625 0.3734375000000001 0.6734375 0.3734375000000001 0.6734375 0.3921875000000001 0.690625 0.3921875000000001
2 0.703125 0.5109375 0.6875 0.5109375 0.6875 0.5234375 0.703125 0.5234375
2 0.7328125 0.5062500000000001 0.715625 0.50625 0.715625 0.51875 0.7328125 0.5187500000000002
2 0.8140625 0.5062500000000002 0.7921875 0.5062500000000002 0.7921875 0.5218750000000002 0.8140625 0.5218750000000002
2 0.8390625 0.5187500000000002 0.8203125 0.5187500000000002 0.8203125 0.5375000000000002 0.8390625 0.5375000000000002
2 0.8640625 0.4984375000000002 0.84375 0.4984375000000002 0.84375 0.5140625000000002 0.8640625 0.5140625000000002
2 0.8875 0.4750000000000002 0.8671875 0.4750000000000002 0.8671875 0.49218750000000017 0.8875 0.49218750000000017
2 0.8921875 0.5062500000000002 0.871875 0.5062500000000002 0.871875 0.5250000000000001 0.8921875 0.5250000000000001
2 0.9359375 0.5000000000000002 0.9125 0.5000000000000002 0.9125 0.5203125000000002 0.9359375 0.5203125000000002
2 0.9671875 0.46875000000000017 0.946875 0.46875000000000017 0.946875 0.48437500000000017 0.9671875 0.48437500000000017
2 0.91875 0.3843750000000001 0.9 0.3843750000000001 0.9 0.4000000000000002 0.91875 0.4000000000000002
2 0.8453125 0.39531250000000007 0.8234375 0.39531250000000007 0.8234375 0.4125000000000002 0.8453125 0.4125000000000002
2 0.7390625 0.5625000000000001 0.71875 0.5625 0.71875 0.58125 0.7390625 0.5812500000000002
2 0.7171875 0.5640625 0.7 0.5640625 0.7 0.5828125 0.7171875 0.5828125
2 0.70625 0.5390625 0.6875 0.5390625 0.6875 0.5546875 0.70625 0.5546875
2 0.7546875 0.5250000000000001 0.7390625 0.5250000000000001 0.7390625 0.5390625000000002 0.7546875 0.5390625000000002
2 0.7515625 0.4984375000000002 0.7328125 0.4984375000000002 0.7328125 0.5140625000000002 0.7515625 0.5140625000000002
2 0.734375 0.5218750000000001 0.715625 0.521875 0.715625 0.534375 0.734375 0.5343750000000002
2 0.7984375 0.49218750000000017 0.7828125 0.49218750000000017 0.7828125 0.5109375000000002 0.7984375 0.5109375000000002
2 0.56875 0.653125 0.559375 0.653125 0.559375 0.6828125 0.56875 0.6828125
0 0.5843750000000001 0.70625 0.578125 0.70625 0.5781250000000001 0.7265625 0.5843750000000002 0.7265625
0 0.5765625 0.3687500000000001 0.5625 0.3687500000000001 0.5625 0.3828125000000001 0.5765625 0.3828125000000001
0 0.653125 0.4140625 0.640625 0.4140625 0.640625 0.4296875 0.653125 0.4296875
0 0.665625 0.3656250000000001 0.653125 0.3656250000000001 0.653125 0.3812500000000001 0.665625 0.3812500000000001
0 0.71875 0.37968750000000007 0.703125 0.37968750000000007 0.703125 0.39531250000000007 0.71875 0.39531250000000007
0 0.746875 0.3812500000000001 0.734375 0.3812500000000001 0.734375 0.39531250000000007 0.746875 0.39531250000000007
0 0.90625 0.3500000000000001 0.8921875 0.3500000000000001 0.8921875 0.36406250000000007 0.90625 0.36406250000000007
0 0.909375 0.4984375000000002 0.8953125 0.4984375000000002 0.8953125 0.5109375000000002 0.909375 0.5109375000000002
0 0.7625 0.5468750000000002 0.7515625 0.5468750000000002 0.7515625 0.5593750000000002 0.7625 0.5593750000000002
0 0.7671875 0.49531250000000016 0.753125 0.49531250000000016 0.753125 0.5062500000000002 0.7671875 0.5062500000000002
4 0.7890625 0.3859375000000001 0.78125 0.3859375000000001 0.78125 0.39531250000000007 0.7890625 0.39531250000000007
4 0.8296875 0.3671875000000001 0.821875 0.3671875000000001 0.821875 0.3765625000000001 0.8296875 0.3765625000000001
4 0.8421875 0.3531250000000001 0.8328125 0.3531250000000001 0.8328125 0.3625000000000001 0.8421875 0.3625000000000001
4 0.865625 0.37187500000000007 0.85625 0.37187500000000007 0.85625 0.3828125000000001 0.865625 0.3828125000000001
4 0.890625 0.37968750000000007 0.8796875 0.37968750000000007 0.8796875 0.38750000000000007 0.890625 0.38750000000000007
4 0.8171875 0.5406250000000001 0.809375 0.5406250000000001 0.809375 0.5500000000000002 0.8171875 0.5500000000000002
4 0.8609375 0.5296875000000002 0.8484375 0.5296875000000002 0.8484375 0.5390625000000002 0.8609375 0.5390625000000002
4 0.884375 0.5250000000000001 0.8734375 0.5250000000000001 0.8734375 0.5343750000000002 0.884375 0.5343750000000002
4 0.90625 0.5281250000000002 0.896875 0.5281250000000002 0.896875 0.5343750000000002 0.90625 0.5343750000000002
4 0.834375 0.5390625000000002 0.821875 0.5390625000000002 0.821875 0.5453125000000002 0.834375 0.5453125000000002
4 0.79375 0.5500000000000002 0.7828125 0.5500000000000002 0.7828125 0.5562500000000001 0.79375 0.5562500000000001
3 0.80625 0.5234375000000002 0.784375 0.5234375000000002 0.784375 0.5375000000000002 0.80625 0.5375000000000002
3 0.7828125 0.5218750000000002 0.7609375 0.5218750000000002 0.7609375 0.5359375000000002 0.7828125 0.5359375000000002
2 0.7734375 0.5062500000000002 0.7546875 0.5062500000000002 0.7546875 0.5218750000000002 0.7734375 0.5218750000000002
0 0.753125 0.5562500000000001 0.7390625 0.5562500000000001 0.7390625 0.5671875000000002 0.753125 0.5671875000000002
0 0.7625 0.5609375000000002 0.7515625 0.5609375000000002 0.7515625 0.5718750000000001 0.7625 0.5718750000000001
0 0.690625 0.5640625 0.6796875 0.5640625 0.6796875 0.5734375 0.690625 0.5734375
4 0.6859375 0.534375 0.678125 0.534375 0.678125 0.54375 0.6859375 0.54375
4 0.696875 0.525 0.690625 0.525 0.690625 0.53125 0.696875 0.53125
4 0.6890625 0.503125 0.6796875 0.503125 0.6796875 0.5125 0.6890625 0.5125
4 0.7140625 0.534375 0.7046875 0.534375 0.7046875 0.5421875 0.7140625 0.5421875
0 0.715625 0.5015625 0.703125 0.5015625 0.703125 0.5125 0.715625 0.5125
0 0.7046875 0.5265625 0.69375 0.5265625 0.69375 0.5375 0.7046875 0.5375
4 0.7171875 0.5421875 0.7078125 0.5421875 0.7078125 0.55 0.7171875 0.55
4 0.74375 0.5468750000000002 0.7328125 0.5468750000000002 0.7328125 0.5546875000000002 0.74375 0.5546875000000002
4 0.765625 0.5703125000000002 0.7546875 0.5703125000000002 0.7546875 0.5765625000000002 0.765625 0.5765625000000002
4 0.7109375 0.5578125 0.703125 0.5578125 0.703125 0.5640625 0.7109375 0.5640625
4 0.7296875 0.5468750000000001 0.7203125 0.546875 0.7203125 0.5531250000000001 0.7296875 0.5531250000000002
4 0.684375 0.5546875 0.6734375 0.5546875 0.6734375 0.5609375 0.684375 0.5609375
4 0.6984375 0.5640625 0.690625 0.5640625 0.690625 0.5734375 0.6984375 0.5734375
4 0.690625 0.5765625 0.6828125 0.5765625 0.6828125 0.5828125 0.690625 0.5828125
4 0.725 0.39531250000000007 0.715625 0.39531250000000007 0.715625 0.40625 0.725 0.40625
4 0.6640625 0.4 0.6546875 0.4 0.6546875 0.4109375 0.6640625 0.4109375
4 0.703125 0.3921875000000001 0.69375 0.3921875000000001 0.69375 0.4015625 0.703125 0.4015625
4 0.621875 0.4453125 0.6125 0.4453125 0.6125 0.4578125 0.621875 0.4578125
4 0.3140625000000001 0.45 0.3046875000000001 0.45 0.3046875000000001 0.4609375 0.3140625000000001 0.4609375
4 0.2687500000000001 0.4203125 0.2578125000000001 0.4203125 0.2578125000000001 0.43125 0.2687500000000001 0.43125
4 0.23593750000000008 0.3859375 0.22656250000000008 0.3859375 0.22656250000000008 0.4 0.23593750000000008 0.4
4 0.2890625000000001 0.4078125 0.2796875000000001 0.4078125 0.2796875000000001 0.4171875 0.2890625000000001 0.4171875
4 0.34843750000000007 0.4046875 0.3390625000000001 0.4046875 0.3390625000000001 0.4140625 0.34843750000000007 0.4140625
0 0.4421875 0.4375 0.4296875 0.4375 0.4296875 0.4515625 0.4421875 0.4515625
0 0.3421875000000001 0.425 0.3312500000000001 0.425 0.3312500000000001 0.4375 0.3421875000000001 0.4375
0 0.4890625 0.45 0.4765625 0.45 0.4765625 0.4609375 0.4890625 0.4609375
2 0.3531250000000001 0.55 0.3296875000000001 0.55 0.3296875000000001 0.565625 0.3531250000000001 0.565625
0 0.5078125 0.4265625 0.4953125 0.4265625 0.4953125 0.440625 0.5078125 0.440625
4 0.5796875000000001 0.796875 0.5734375000000002 0.796875 0.5734375000000002 0.8125 0.5796875000000001 0.8125
4 0.5843750000000002 0.9203125 0.5765625000000002 0.9203125 0.5765625000000002 0.9375 0.5843750000000002 0.9375
4 0.046875000000000056 0.4375 0.037500000000000054 0.4375 0.037500000000000054 0.4484375 0.046875000000000056 0.4484375
4 0.15625000000000006 0.4328125 0.14531250000000004 0.4328125 0.14531250000000004 0.44375 0.15625000000000006 0.44375
0 0.16406250000000006 0.4015625 0.15000000000000005 0.4015625 0.15000000000000005 0.4171875 0.16406250000000006 0.4171875
0 0.20000000000000004 0.346875 0.19218750000000004 0.346875 0.19218750000000004 0.36875 0.2000000000000001 0.36875
0 0.246875 0.2890625 0.2375 0.2890625 0.2375 0.3078125 0.246875 0.3078125
2 0.203125 0.29375 0.19218750000000004 0.29375 0.19218750000000004 0.325 0.203125 0.325
4 0.19687500000000005 0.3296875 0.19218750000000004 0.3296875 0.19218750000000004 0.346875 0.19687500000000005 0.346875
2 0.24375 0.15625000000000006 0.2328125 0.15625000000000006 0.2328125 0.19218750000000004 0.24375 0.19218750000000004
4 0.2515625 0.15156250000000004 0.24375 0.15156250000000004 0.24375 0.16718750000000004 0.2515625 0.16718750000000004
2 0.7875 0.31718750000000007 0.7796875 0.31718750000000007 0.7796875 0.3468750000000001 0.7875 0.3468750000000001
2 0.840625 0.33281250000000007 0.8203125 0.33281250000000007 0.8203125 0.34843750000000007 0.840625 0.34843750000000007
4 0.946875 0.3609375000000001 0.9390625 0.3609375000000001 0.9390625 0.37187500000000007 0.946875 0.37187500000000007
4 0.8890625 0.3921875000000001 0.8796875 0.3921875000000001 0.8796875 0.40156250000000016 0.8890625 0.40156250000000016
4 0.96875 0.3781250000000001 0.959375 0.3781250000000001 0.959375 0.38750000000000007 0.96875 0.38750000000000007
4 0.96875 0.3671875000000001 0.9546875 0.3671875000000001 0.9546875 0.3765625000000001 0.96875 0.3765625000000001
4 0.9765625 0.34843750000000007 0.9671875 0.34843750000000007 0.9671875 0.3578125000000001 0.9765625 0.3578125000000001
4 0.9890625 0.3265625000000001 0.978125 0.3265625000000001 0.978125 0.3375000000000001 0.9890625 0.3375000000000001
4 0.9453125 0.5078125000000002 0.9359375 0.5078125000000002 0.9359375 0.5187500000000002 0.9453125 0.5187500000000002
4 0.959375 0.4937500000000002 0.9484375 0.4937500000000002 0.9484375 0.5031250000000002 0.959375 0.5031250000000002
0 0.9890625 0.4750000000000002 0.9734375 0.4750000000000002 0.9734375 0.4937500000000002 0.9890625 0.4937500000000002
0 0.95 0.5156250000000002 0.934375 0.5156250000000002 0.934375 0.5296875000000002 0.95 0.5296875000000002