1 0.934375 0.3812500000000001 0.9015625 0.3812500000000001 0.9015625 0.39531250000000007 0.934375 0.39531250000000007
0 0.8359375 0.3812500000000001 0.8265625 0.3812500000000001 0.8265625 0.3937500000000001 0.8359375 0.3937500000000001
5 0.7609375 0.3765625000000001 0.715625 0.3765625000000001 0.715625 0.3921875000000001 0.7609375 0.3921875000000001
3 0.7203125 0.4125 0.7015625 0.4125 0.7015625 0.4265625 0.7203125 0.4265625
4 0.7453125 0.4046875000000002 0.7390625 0.4046875000000002 0.7390625 0.41406250000000017 0.7453125 0.41406250000000017
4 0.6890625 0.4046875 0.6828125 0.4046875 0.6828125 0.4109375 0.6890625 0.4109375
4 0.6046875 0.2968750000000001 0.6015625 0.2968750000000001 0.6015625 0.30937500000000007 0.6046875 0.30937500000000007
4 0.6 0.2968750000000001 0.596875 0.2968750000000001 0.596875 0.3125000000000001 0.6 0.3125000000000001
4 0.5890625 0.27812500000000007 0.5859375 0.27812500000000007 0.5859375 0.2890625000000001 0.5890625 0.2890625000000001
4 0.5890625 0.2921875000000001 0.5859375 0.2921875000000001 0.5859375 0.3062500000000001 0.5890625 0.3062500000000001
4 0.56875 0.2750000000000001 0.565625 0.2750000000000001 0.565625 0.2875000000000001 0.56875 0.2875000000000001
4 0.5671875 0.2906250000000001 0.5640625 0.2906250000000001 0.5640625 0.30156250000000007 0.5671875 0.30156250000000007
4 0.559375 0.2906250000000001 0.55625 0.2906250000000001 0.55625 0.3031250000000001 0.559375 0.3031250000000001
4 0.546875 0.2734375000000001 0.54375 0.2734375000000001 0.54375 0.2875000000000001 0.546875 0.2875000000000001
4 0.55 0.2734375000000001 0.546875 0.2734375000000001 0.546875 0.28593750000000007 0.55 0.28593750000000007
4 0.5390625 0.2734375000000001 0.5359375 0.2734375000000001 0.5359375 0.2875000000000001 0.5390625 0.2875000000000001
4 0.603125 0.23593750000000008 0.6 0.23593750000000008 0.6 0.2468750000000001 0.603125 0.2468750000000001
4 0.6 0.23593750000000008 0.596875 0.23593750000000008 0.596875 0.2484375000000001 0.6 0.2484375000000001
4 0.5953125 0.23593750000000008 0.590625 0.23593750000000008 0.590625 0.2500000000000001 0.5953125 0.2500000000000001
4 0.5890625 0.23437500000000008 0.5859375 0.23437500000000008 0.5859375 0.2468750000000001 0.5890625 0.2468750000000001
4 0.5859375 0.23437500000000008 0.5828125 0.23437500000000008 0.5828125 0.2484375000000001 0.5859375 0.2484375000000001
4 0.565625 0.2250000000000001 0.5640625 0.2250000000000001 0.5640625 0.23593750000000008 0.565625 0.23593750000000008
4 0.5625 0.2250000000000001 0.559375 0.2250000000000001 0.559375 0.23593750000000008 0.5625 0.23593750000000008
4 0.5109375 0.24218750000000008 0.5078125 0.24218750000000008 0.5078125 0.2484375000000001 0.5109375 0.2484375000000001
2 0.5296875 0.31718750000000007 0.5234375 0.31718750000000007 0.5234375 0.3437500000000001 0.5296875 0.3437500000000001
2 0.540625 0.3156250000000001 0.534375 0.3156250000000001 0.534375 0.3421875000000001 0.540625 0.3421875000000001
2 0.58125 0.3078125000000001 0.5734375 0.3078125000000001 0.5734375 0.3312500000000001 0.58125 0.3312500000000001
2 0.5890625 0.30937500000000007 0.5828125 0.30937500000000007 0.5828125 0.3312500000000001 0.5890625 0.3312500000000001
2 0.36875 0.28593750000000007 0.353125 0.2859375 0.353125 0.2984375 0.36875 0.2984375000000001
2 0.07031250000000007 0.4875 0.05312500000000007 0.4875 0.05312500000000007 0.5 0.07031250000000007 0.5
4 0.08281250000000007 0.465625 0.07812500000000007 0.465625 0.07812500000000007 0.4703125 0.08281250000000007 0.4703125
4 0.026562500000000055 0.440625 0.020312500000000056 0.440625 0.020312500000000056 0.4453125 0.026562500000000055 0.4453125
2 0.03906250000000007 0.5390625 0.028125000000000067 0.5390625 0.028125000000000067 0.5484375 0.03906250000000007 0.5484375
0 0.037500000000000075 0.61875 0.028125000000000077 0.61875 0.028125000000000077 0.628125 0.037500000000000075 0.628125
6 0.34062500000000007 0.478125 0.3125000000000001 0.478125 0.3125000000000001 0.49375 0.34062500000000007 0.49375
2 0.3765625000000001 0.4953125 0.3625000000000001 0.4953125 0.3625000000000001 0.50625 0.3765625000000001 0.50625
2 0.3968750000000001 0.5625 0.3828125000000001 0.5625 0.3828125000000001 0.5734375 0.3968750000000001 0.5734375
5 0.4859375 0.540625 0.4265625 0.540625 0.4265625 0.5609375 0.4859375 0.5609375
2 0.528125 0.490625 0.515625 0.490625 0.515625 0.503125 0.528125 0.503125
6 0.596875 0.471875 0.571875 0.471875 0.571875 0.4875 0.596875 0.4875
3 0.6140625 0.55 0.5953125 0.55 0.5953125 0.5640625 0.6140625 0.5640625
3 0.6390625 0.48125 0.625 0.48125 0.625 0.4921875 0.6390625 0.4921875
2 0.70625 0.51875 0.6921875 0.51875 0.6921875 0.5296875 0.70625 0.5296875
2 0.753125 0.5171875000000001 0.7390625 0.5171875000000001 0.7390625 0.5296875000000002 0.753125 0.5296875000000002
6 1 0.5328125000000001 0.975 0.5328125000000001 0.975 0.5500000000000002 1 0.5500000000000002
4 0.95625 0.5562500000000001 0.946875 0.5562500000000001 0.946875 0.5609375000000002 0.95625 0.5609375000000002
4 0.921875 0.5812500000000002 0.915625 0.5812500000000002 0.915625 0.5859375000000002 0.921875 0.5859375000000002
4 0.884375 0.5828125000000002 0.878125 0.5828125000000002 0.878125 0.5890625000000002 0.884375 0.5890625000000002
4 0.8609375 0.5781250000000002 0.8546875 0.5781250000000002 0.8546875 0.5828125000000002 0.8609375 0.5828125000000002
2 0.9328125 0.5953125000000001 0.91875 0.5953125000000001 0.91875 0.6062500000000002 0.9328125 0.6062500000000002
2 0.965625 0.7968750000000002 0.95625 0.7968750000000002 0.95625 0.809375 0.965625 0.809375
2 0.965625 0.8125 0.95625 0.8125 0.95625 0.8234375 0.965625 0.8234375
2 0.990625 0.8640625 0.98125 0.8640625 0.98125 0.8890625 0.990625 0.8890625
2 0.98125 0.89375 0.975 0.89375 0.975 0.915625 0.98125 0.915625
2 0.9734375 0.9 0.965625 0.9 0.965625 0.925 0.9734375 0.925
6 0.9265625 0.6328125000000002 0.890625 0.6328125000000002 0.890625 0.6500000000000001 0.9265625 0.6500000000000001
3 0.7390625000000002 0.8859375 0.7328125000000002 0.8859375 0.7328125000000002 0.9171875 0.7390625000000002 0.9171875
3 0.7875000000000002 0.85 0.7687500000000002 0.85 0.7687500000000002 0.8640625 0.7875000000000002 0.8640625
3 0.7046875 0.615625 0.6984375 0.615625 0.6984375 0.6359375 0.7046875 0.6359375
2 0.6890625 0.628125 0.6828125 0.628125 0.6828125 0.65 0.6890625 0.65
2 0.696875 0.6234375 0.690625 0.6234375 0.690625 0.6453125 0.696875 0.6453125
2 0.7046875 0.640625 0.6984375 0.640625 0.6984375 0.6609375 0.7046875 0.6609375
2 0.7015625 0.6609375 0.6953125 0.6609375 0.6953125 0.684375 0.7015625 0.684375
2 0.7421875 0.6468750000000002 0.7359375 0.6468750000000002 0.7359375 0.6656250000000001 0.7421875 0.6656250000000001
3 0.784375 0.6656250000000001 0.76875 0.6656250000000001 0.76875 0.6765625000000002 0.784375 0.6765625000000002
0 0.85 0.6468750000000002 0.8390625 0.6468750000000002 0.8390625 0.6531250000000002 0.85 0.6531250000000002
0 0.8453125 0.6015625000000002 0.8375 0.6015625000000002 0.8375 0.6093750000000002 0.8453125 0.6093750000000002
4 0.778125 0.5812500000000002 0.771875 0.5812500000000002 0.771875 0.5859375000000002 0.778125 0.5859375000000002
4 0.6546875 0.596875 0.6484375 0.596875 0.6484375 0.6015625 0.6546875 0.6015625
0 0.634375 0.6046875 0.6234375 0.6046875 0.6234375 0.6140625 0.634375 0.6140625
2 0.6015625 0.6203125 0.590625 0.6203125 0.590625 0.63125 0.6015625 0.63125
6 0.5265625 0.615625 0.5 0.615625 0.5 0.63125 0.5265625 0.63125
5 0.3125000000000001 0.6296875 0.2828125000000001 0.6296875 0.2828125000000001 0.6453125 0.3125000000000001 0.6453125
0 0.3062500000000001 0.6109375 0.2968750000000001 0.6109375 0.2968750000000001 0.6171875 0.3062500000000001 0.6171875
5 0.15781250000000008 0.66875 0.12656250000000008 0.66875 0.12656250000000008 0.6875 0.15781250000000008 0.6875
5 0.09531250000000009 0.7125 0.0828125000000001 0.7125 0.0828125000000001 0.759375 0.09531250000000009 0.759375
2 0.0328125000000001 0.81875 0.0250000000000001 0.81875 0.0250000000000001 0.8390625 0.0328125000000001 0.8390625
5 0.06093750000000011 0.9109375 0.05156250000000011 0.9109375 0.05156250000000011 0.953125 0.06093750000000011 0.953125
4 0.1843750000000001 0.6125 0.1781250000000001 0.6125 0.1781250000000001 0.61875 0.1843750000000001 0.61875
5 0.1843750000000001 0.6359375 0.15000000000000008 0.6359375 0.15000000000000008 0.653125 0.1843750000000001 0.653125