4 0.53125 0.3937500000000001 0.5171875 0.3937500000000001 0.5171875 0.41875 0.53125 0.41875
4 0.4765625 0.36406250000000007 0.4640625 0.36406250000000007 0.4640625 0.38750000000000007 0.4765625 0.38750000000000007
4 0.4890625 0.3546875000000001 0.471875 0.3546875000000001 0.471875 0.3734375000000001 0.4890625 0.3734375000000001
4 0.4546875 0.3906250000000001 0.44375 0.3906250000000001 0.44375 0.4046875 0.4546875 0.4046875
4 0.446875 0.3703125000000001 0.434375 0.3703125000000001 0.434375 0.3906250000000001 0.446875 0.3906250000000001
4 0.4546875 0.3609375000000001 0.440625 0.3609375000000001 0.440625 0.3781250000000001 0.4546875 0.3781250000000001
4 0.4609375 0.3750000000000001 0.4453125 0.3750000000000001 0.4453125 0.39531250000000007 0.4609375 0.39531250000000007
4 0.553125 0.3781250000000001 0.5375 0.3781250000000001 0.5375 0.3968750000000001 0.553125 0.3968750000000001
4 0.5625 0.3984375000000001 0.55 0.3984375000000001 0.55 0.4171875 0.5625 0.4171875
4 0.5765625 0.3921875000000001 0.5609375 0.3921875000000001 0.5609375 0.409375 0.5765625 0.409375
4 0.5796875 0.40625 0.565625 0.40625 0.565625 0.4265625 0.5796875 0.4265625
4 0.5453125 0.3468750000000001 0.528125 0.3468750000000001 0.528125 0.3625000000000001 0.5453125 0.3625000000000001
4 0.56875 0.3078125000000001 0.553125 0.3078125000000001 0.553125 0.3234375000000001 0.56875 0.3234375000000001
4 0.565625 0.2812500000000001 0.5421875 0.2812500000000001 0.5421875 0.3078125000000001 0.565625 0.3078125000000001
4 0.5890625 0.2671875000000001 0.575 0.2671875000000001 0.575 0.2984375000000001 0.5890625 0.2984375000000001
4 0.621875 0.40625 0.6078125 0.40625 0.6078125 0.421875 0.621875 0.421875
4 0.6171875 0.41875 0.603125 0.41875 0.603125 0.4390625 0.6171875 0.4390625
4 0.63125 0.3781250000000001 0.6171875 0.3781250000000001 0.6171875 0.3968750000000001 0.63125 0.3968750000000001
4 0.63125 0.3687500000000001 0.615625 0.3687500000000001 0.615625 0.3812500000000001 0.63125 0.3812500000000001
4 0.434375 0.3546875000000001 0.41875 0.3546875000000001 0.41875 0.3765625000000001 0.434375 0.3765625000000001
4 0.4171875 0.3625000000000001 0.4046875 0.3625000000000001 0.4046875 0.3812500000000001 0.4171875 0.3812500000000001
4 0.39531250000000007 0.3687500000000001 0.37968750000000007 0.3687500000000001 0.37968750000000007 0.3843750000000001 0.39531250000000007 0.3843750000000001
4 0.39843750000000006 0.34843750000000007 0.384375 0.34843750000000007 0.384375 0.3671875000000001 0.3984375000000001 0.3671875000000001
4 0.65625 0.3968750000000001 0.6453125 0.3968750000000001 0.6453125 0.4171875 0.65625 0.4171875
4 0.64375 0.3781250000000001 0.6265625 0.3781250000000001 0.6265625 0.3984375000000001 0.64375 0.3984375000000001
4 0.6609375 0.434375 0.6421875 0.434375 0.6421875 0.453125 0.6609375 0.453125
4 0.6890625 0.4359375 0.6734375 0.4359375 0.6734375 0.453125 0.6890625 0.453125
4 0.6875 0.4 0.6734375 0.4 0.6734375 0.4140625 0.6875 0.4140625
4 0.7015625 0.4 0.6859375 0.4 0.6859375 0.41875 0.7015625 0.41875
2 0.5671875 0.3593750000000001 0.540625 0.3593750000000001 0.540625 0.3843750000000001 0.5671875 0.3843750000000001
2 0.615625 0.3437500000000001 0.5875 0.3437500000000001 0.5875 0.3687500000000001 0.615625 0.3687500000000001
2 0.6140625 0.3687500000000001 0.5890625 0.3687500000000001 0.5890625 0.3937500000000001 0.6140625 0.3937500000000001
2 0.6484375 0.3453125000000001 0.6203125 0.3453125000000001 0.6203125 0.3734375000000001 0.6484375 0.3734375000000001
2 0.696875 0.3437500000000001 0.665625 0.3437500000000001 0.665625 0.3703125000000001 0.696875 0.3703125000000001
1 0.834375 0.37968750000000007 0.7578125 0.37968750000000007 0.7578125 0.41718750000000016 0.834375 0.41718750000000016
6 0.709375 0.3687500000000001 0.66875 0.3687500000000001 0.66875 0.4 0.709375 0.4
2 0.7375 0.3921875000000001 0.7046875 0.3921875000000001 0.7046875 0.4218750000000001 0.7375 0.42187500000000017
3 0.74375 0.3593750000000001 0.7234375 0.3593750000000001 0.7234375 0.3843750000000001 0.74375 0.3843750000000001
3 0.75625 0.41718750000000016 0.7359375 0.41718750000000016 0.7359375 0.43750000000000017 0.75625 0.43750000000000017
2 0.778125 0.4281250000000002 0.7515625 0.4281250000000002 0.7515625 0.4546875000000002 0.778125 0.4546875000000002
0 0.809375 0.41406250000000017 0.7890625 0.41406250000000017 0.7890625 0.4390625000000002 0.809375 0.4390625000000002
2 0.828125 0.4203125000000002 0.8015625 0.4203125000000002 0.8015625 0.4515625000000002 0.828125 0.4515625000000002
2 0.8609375 0.4265625000000002 0.834375 0.4265625000000002 0.834375 0.4500000000000002 0.8609375 0.4500000000000002
2 0.9109375 0.42187500000000017 0.8796875 0.42187500000000017 0.8796875 0.4515625000000002 0.9109375 0.4515625000000002
2 0.8375 0.35625000000000007 0.809375 0.35625000000000007 0.809375 0.3859375000000001 0.8375 0.3859375000000001
2 0.8703125 0.3609375000000001 0.8421875 0.3609375000000001 0.8421875 0.39531250000000007 0.8703125 0.39531250000000007
6 0.8125 0.3546875000000001 0.78125 0.3546875000000001 0.78125 0.3921875000000001 0.8125 0.3921875000000001
4 0.821875 0.40625000000000017 0.8046875 0.40625000000000017 0.8046875 0.4312500000000002 0.821875 0.4312500000000002
2 0.896875 0.35625000000000007 0.8640625 0.35625000000000007 0.8640625 0.38750000000000007 0.896875 0.38750000000000007
2 0.921875 0.3656250000000001 0.8921875 0.3656250000000001 0.8921875 0.3937500000000001 0.921875 0.3937500000000001
1 0.909375 0.3906250000000001 0.8390625 0.3906250000000001 0.8390625 0.4312500000000002 0.909375 0.4312500000000002
1 0.96875 0.38750000000000007 0.903125 0.38750000000000007 0.903125 0.43281250000000016 0.96875 0.43281250000000016
4 0.8765625 0.3812500000000001 0.8609375 0.3812500000000001 0.8609375 0.4031250000000002 0.8765625 0.4031250000000002
4 0.8875 0.3750000000000001 0.871875 0.3750000000000001 0.871875 0.40156250000000016 0.8875 0.40156250000000016
0 0.996875 0.43750000000000017 0.975 0.43750000000000017 0.975 0.46406250000000016 0.996875 0.46406250000000016
0 0.9265625 0.43750000000000017 0.9015625 0.43750000000000017 0.9015625 0.46406250000000016 0.9265625 0.46406250000000016
3 0.946875 0.44062500000000016 0.9234375 0.44062500000000016 0.9234375 0.46406250000000016 0.946875 0.46406250000000016
2 0.940625 0.4187500000000002 0.9125 0.4187500000000002 0.9125 0.44531250000000017 0.940625 0.44531250000000017
2 0.9734375 0.4265625000000002 0.9484375 0.4265625000000002 0.9484375 0.4468750000000002 0.9734375 0.4468750000000002
2 0.9890625 0.3937500000000001 0.959375 0.3937500000000001 0.959375 0.4234375000000002 0.9890625 0.4234375000000002
2 0.959375 0.3687500000000001 0.9390625 0.3687500000000001 0.9390625 0.4000000000000002 0.959375 0.4000000000000002
3 0.9421875 0.3625000000000001 0.915625 0.3625000000000001 0.915625 0.3937500000000001 0.9421875 0.3937500000000001
2 0.990625 0.37187500000000007 0.9609375 0.37187500000000007 0.9609375 0.3968750000000001 0.990625 0.3968750000000001
2 1 0.3906250000000001 0.9890625 0.3906250000000001 0.9890625 0.4281250000000002 1 0.4281250000000002
2 1 0.37187500000000007 0.9921875 0.37187500000000007 0.9921875 0.4000000000000002 1 0.4000000000000002
4 0.8671875 0.4421875000000002 0.846875 0.4421875000000002 0.846875 0.46093750000000017 0.8671875 0.46093750000000017
2 0.7390625 0.4281250000000001 0.709375 0.428125 0.709375 0.4515625000000001 0.7390625 0.4515625000000002
4 0.7453125 0.4421875000000002 0.7265625 0.4421875000000002 0.7265625 0.46093750000000017 0.7453125 0.46093750000000017
2 0.6953125 0.4140625 0.6609375 0.4140625 0.6609375 0.440625 0.6953125 0.440625
2 0.6796875 0.3828125000000001 0.65 0.3828125000000001 0.65 0.415625 0.6796875 0.415625
4 0.578125 0.51875 0.5640625 0.51875 0.5640625 0.5421875 0.578125 0.5421875
4 0.571875 0.559375 0.5546875 0.559375 0.5546875 0.5890625 0.571875 0.5890625
2 0.5015625 0.553125 0.4859375 0.553125 0.4859375 0.6 0.5015625 0.6
0 0.4656250000000002 0.75 0.4437500000000002 0.75 0.4437500000000002 0.7828125 0.4656250000000002 0.7828125
4 0.46093750000000017 0.815625 0.4468750000000002 0.815625 0.4468750000000002 0.85 0.46093750000000017 0.85
5 0.19375000000000012 0.865625 0.1515625000000001 0.865625 0.1515625000000001 0.925 0.19375000000000014 0.925
2 0.04375000000000008 0.6515625 0.020312500000000077 0.6515625 0.02031250000000008 0.6796875 0.04375000000000008 0.6796875
2 0.10000000000000009 0.5484375 0.07500000000000007 0.5484375 0.07500000000000007 0.575 0.10000000000000009 0.575
2 0.05468750000000007 0.5421875 0.034375000000000065 0.5421875 0.034375000000000065 0.5671875 0.05468750000000007 0.5671875
2 0.05156250000000007 0.565625 0.025000000000000067 0.565625 0.02500000000000007 0.596875 0.05156250000000007 0.596875
6 0.3578125000000001 0.39375 0.3312500000000001 0.39375 0.3312500000000001 0.425 0.3578125000000001 0.425
4 0.3390625000000001 0.4078125 0.3218750000000001 0.4078125 0.3218750000000001 0.428125 0.3390625000000001 0.428125
4 0.346875 0.340625 0.3296875 0.340625 0.3296875 0.359375 0.346875 0.359375
4 0.3671875 0.33906250000000004 0.3515625 0.3390625 0.3515625 0.3609375 0.3671875 0.3609375000000001
4 0.36875 0.32031250000000006 0.3546875 0.3203125 0.3546875 0.33281250000000007 0.36875 0.33281250000000007
4 0.3203125 0.3125 0.3109375 0.3125 0.3109375 0.3265625 0.3203125 0.3265625
4 0.315625 0.3015625 0.3015625 0.3015625 0.3015625 0.315625 0.315625 0.315625
4 0.34375 0.325 0.325 0.325 0.325 0.34375 0.34375 0.34375
0 0.3078125 0.3109375 0.2828125 0.3109375 0.2828125 0.33125 0.3078125 0.33125
0 0.3 0.3359375 0.28125 0.3359375 0.28125 0.35625 0.3 0.35625
4 0.29375 0.3234375 0.2765625 0.3234375 0.2765625 0.3390625 0.29375 0.3390625
4 0.3203125 0.3234375 0.3015625 0.3234375 0.3015625 0.35 0.3203125 0.35
2 0.2578125 0.3328125 0.2328125 0.3328125 0.2328125 0.3578125 0.2578125 0.3578125
2 0.4203125 0.3234375000000001 0.396875 0.3234375000000001 0.396875 0.3500000000000001 0.4203125 0.3500000000000001
2 0.028125000000000018 0.1109375 1.358592542804095e-17 0.1109375 1.5690787114075464e-17 0.1453125 0.02812500000000002 0.1453125
4 0.07968750000000002 0.096875 0.059375000000000025 0.096875 0.059375000000000025 0.1328125 0.07968750000000002 0.1328125
4 0.1453125 0.1171875 0.11875 0.1171875 0.11875 0.14375 0.1453125 0.14375
4 0.103125 0.06875 0.084375 0.06875 0.084375 0.1 0.103125 0.1
4 0.035937500000000004 0.0359375 0.023437500000000007 0.0359375 0.023437500000000007 0.05625 0.03593750000000001 0.05625
4 0.02812500000000001 0.0546875 6.6972871828370884e-18 0.0546875 8.323771212954668e-18 0.08125 0.02812500000000001 0.08125
0 0.0546875 5.1664786839028965e-18 0.0296875 3.6356701849687045e-18 0.0296875 0.028125000000000004 0.0546875 0.02812500000000001
4 0.2671875 0.13437500000000005 0.25 0.13437500000000005 0.25 0.15937500000000004 0.2671875 0.15937500000000004
4 0.4640625 0.12812500000000004 0.44375 0.12812500000000004 0.44375 0.16093750000000004 0.4640625 0.16093750000000004
4 0.4234375 0.15781250000000005 0.4078125 0.15781250000000005 0.4078125 0.17656250000000004 0.4234375 0.17656250000000004
4 0.4078125 0.17656250000000004 0.3921875 0.17656250000000004 0.3921875 0.19531250000000006 0.4078125 0.19531250000000006
4 0.365625 0.16250000000000003 0.353125 0.16250000000000003 0.353125 0.18750000000000006 0.365625 0.18750000000000006
2 0.371875 0.18125000000000005 0.346875 0.18125000000000005 0.346875 0.20781250000000004 0.371875 0.2078125000000001
2 0.4265625 0.18750000000000006 0.4015625 0.18750000000000006 0.4015625 0.2140625000000001 0.4265625 0.2140625000000001
2 0.4265625 0.17031250000000003 0.403125 0.17031250000000003 0.403125 0.19375000000000003 0.4265625 0.19375000000000003
0 0.39375 0.20312500000000008 0.375 0.20312500000000008 0.375 0.2328125000000001 0.39375 0.2328125000000001
0 0.4109375 0.2140625000000001 0.3890625 0.2140625000000001 0.3890625 0.24218750000000008 0.4109375 0.24218750000000008
0 0.428125 0.20312500000000008 0.40625 0.20312500000000008 0.40625 0.2390625000000001 0.428125 0.2390625000000001
2 0.375 0.20156250000000003 0.346875 0.2015625 0.346875 0.23281250000000003 0.375 0.2328125000000001
4 0.3515625 0.20625 0.3359375 0.20625 0.3359375 0.2296875 0.3515625 0.2296875
2 0.4046875 0.18125000000000005 0.3765625 0.18125000000000005 0.3765625 0.21250000000000008 0.4046875 0.21250000000000008
0 0.515625 0.13593750000000004 0.496875 0.13593750000000004 0.496875 0.15625000000000006 0.515625 0.15625000000000006
2 0.56875 0.06093750000000007 0.55 0.06093750000000007 0.55 0.09687500000000007 0.56875 0.09687500000000007
2 0.6359375 7.673177600907635e-17 0.6171875 7.558366963487571e-17 0.6171875 0.02968750000000008 0.6359375 0.02968750000000008
4 0.6796875 0.21875000000000008 0.6640625 0.21875000000000008 0.6640625 0.2406250000000001 0.6796875 0.2406250000000001
4 0.703125 0.1062500000000001 0.6953125 0.1062500000000001 0.6953125 0.14062500000000008 0.703125 0.14062500000000008
4 0.7140625 0.11562500000000009 0.7046875 0.11562500000000009 0.7046875 0.14218750000000008 0.7140625 0.14218750000000008
2 0.7859375 0.1359375000000001 0.771875 0.1359375000000001 0.771875 0.18125000000000008 0.7859375 0.18125000000000008
2 0.778125 0.1781250000000001 0.7546875 0.1781250000000001 0.7546875 0.2078125000000001 0.778125 0.2078125000000001
3 0.79375 0.1546875000000001 0.7828125 0.1546875000000001 0.7828125 0.1937500000000001 0.79375 0.1937500000000001
3 0.81875 0.18750000000000008 0.796875 0.18750000000000008 0.796875 0.2140625000000001 0.81875 0.2140625000000001
2 0.8515625 0.1687500000000001 0.828125 0.1687500000000001 0.828125 0.1937500000000001 0.8515625 0.1937500000000001
2 0.828125 0.0125000000000001 0.815625 0.0125000000000001 0.815625 0.0562500000000001 0.828125 0.05625000000000011
2 0.496875 0.3343750000000001 0.4703125 0.3343750000000001 0.4703125 0.3578125000000001 0.496875 0.3578125000000001
2 0.5515625 6.649449417245395e-17 0.534375 6.544206332943669e-17 0.534375 0.020312500000000067 0.5515625 0.020312500000000067
4 0.3078125000000001 0.571875 0.2921875000000001 0.571875 0.2921875000000001 0.5890625 0.3078125000000001 0.5890625
4 0.3062500000000001 0.5796875 0.2875000000000001 0.5796875 0.2875000000000001 0.59375 0.3062500000000001 0.59375
4 0.3031250000000001 0.5875 0.2890625000000001 0.5875 0.2890625000000001 0.603125 0.3031250000000001 0.603125
4 0.6875 0.1140625000000001 0.6765625 0.1140625000000001 0.6765625 0.1437500000000001 0.6875 0.1437500000000001