4 0.03125000000000009 0.7234375 0.01562500000000009 0.7234375 0.01562500000000009 0.74375 0.03125000000000009 0.74375
5 0.2500000000000001 0.6671875 0.19531250000000008 0.6671875 0.19531250000000008 0.7 0.2500000000000001 0.7
5 0.3078125000000001 0.6578125 0.2531250000000001 0.6578125 0.2531250000000001 0.696875 0.3078125000000001 0.696875
2 0.020312500000000108 0.8578125 0.0015625000000001048 0.8578125 0.0015625000000001066 0.8859375 0.02031250000000011 0.8859375
2 0.04375000000000011 0.884375 0.01875000000000011 0.884375 0.01875000000000011 0.9046875 0.04375000000000011 0.9046875
0 0.08593750000000011 0.8609375 0.0640625000000001 0.8609375 0.0640625000000001 0.8796875 0.08593750000000011 0.8796875
2 0.09062500000000011 0.8859375 0.06718750000000011 0.8859375 0.06718750000000011 0.9109375 0.09062500000000011 0.9109375
2 0.15000000000000008 0.8625 0.12031250000000009 0.8625 0.12031250000000009 0.8890625 0.15000000000000008 0.8890625
2 0.3843750000000001 0.9203125 0.3593750000000001 0.9203125 0.3593750000000001 0.95 0.3843750000000001 0.95
2 0.45312500000000017 0.865625 0.42500000000000016 0.865625 0.42500000000000016 0.9125 0.45312500000000017 0.9125
2 0.47968750000000016 0.7375 0.4593750000000002 0.7375 0.4593750000000002 0.7859375 0.47968750000000016 0.7859375
2 0.5296875000000002 0.8515625 0.5093750000000001 0.8515625 0.5093750000000001 0.88125 0.5296875000000002 0.88125
2 0.5968750000000002 0.8515625 0.5750000000000002 0.8515625 0.5750000000000002 0.8859375 0.5968750000000002 0.8859375
2 0.6281250000000002 0.7734375 0.5937500000000002 0.7734375 0.5937500000000002 0.8 0.6281250000000002 0.8
0 0.8015625 0.8515625 0.7765625000000002 0.8515625 0.7765625000000002 0.8875 0.8015625 0.8875
2 0.9734375 0.8484375 0.946875 0.8484375 0.946875 0.884375 0.9734375 0.884375
5 0.5265625 0.2593750000000001 0.515625 0.2593750000000001 0.515625 0.3500000000000001 0.5265625 0.3500000000000001
4 0.5109375 0.2562500000000001 0.503125 0.2562500000000001 0.503125 0.2906250000000001 0.5109375 0.2906250000000001
4 0.2578125000000001 0.7171875 0.24218750000000008 0.7171875 0.24218750000000008 0.7296875 0.2578125000000001 0.7296875
4 0.14062500000000008 0.796875 0.11875000000000009 0.796875 0.11875000000000009 0.8109375 0.14062500000000008 0.8109375
4 0.23437500000000008 0.79375 0.21875000000000008 0.79375 0.21875000000000008 0.815625 0.23437500000000008 0.815625
0 0.043750000000000115 0.9359375 0.020312500000000115 0.9359375 0.020312500000000115 0.9546875 0.04375000000000012 0.9546875
0 0.12812500000000013 0.9421875 0.10156250000000014 0.9421875 0.10156250000000014 0.9609375 0.12812500000000013 0.9609375
4 0.3203125000000001 0.890625 0.3062500000000001 0.890625 0.3062500000000001 0.909375 0.3203125000000001 0.909375
4 0.7093750000000002 0.8171875 0.6906250000000002 0.8171875 0.6906250000000002 0.83125 0.7093750000000002 0.83125
4 0.7234375000000002 0.78125 0.7015625000000002 0.78125 0.7015625000000002 0.8015625 0.7234375000000002 0.8015625
4 0.7578125000000002 0.7609375000000002 0.7453125000000002 0.7609375000000002 0.7453125000000002 0.7859375000000002 0.7578125000000002 0.7859375000000002
4 0.7953125000000001 0.7000000000000002 0.7796875 0.7000000000000002 0.7796875000000001 0.7265625000000002 0.7953125000000002 0.7265625000000002
4 0.834375 0.6875000000000002 0.8140625 0.6875000000000002 0.8140625 0.7062500000000002 0.834375 0.7062500000000002
4 0.8359375 0.875 0.821875 0.875 0.821875 0.8953125 0.8359375 0.8953125
4 0.8671875 0.8796875 0.85625 0.8796875 0.85625 0.9 0.8671875 0.9
4 0.9390625 0.7921875000000002 0.91875 0.7921875000000002 0.91875 0.8171875 0.9390625 0.8171875
3 0.9953125 0.7187500000000002 0.978125 0.7187500000000002 0.978125 0.7390625000000002 0.9953125 0.7390625000000002
5 0.2484375000000001 0.853125 0.18125000000000008 0.853125 0.18125000000000008 0.8921875 0.2484375000000001 0.8921875