1 0.2484375000000001 0.65625 0.1906250000000001 0.65625 0.1906250000000001 0.6875 0.2484375000000001 0.6875
1 0.3046875000000001 0.6484375 0.2515625000000001 0.6484375 0.2515625000000001 0.6796875 0.3046875000000001 0.6796875
1 0.775 0.6796875000000001 0.7203125 0.6796875 0.7203125 0.7109375000000001 0.775 0.7109375000000002
4 0.010937500000000098 0.796875 0.0015625000000000979 0.796875 0.001562500000000098 0.80625 0.0109375000000001 0.80625
4 0.06406250000000009 0.7890625 0.050000000000000086 0.7890625 0.050000000000000086 0.796875 0.06406250000000009 0.796875
4 0.057812500000000086 0.7984375 0.0468750000000001 0.7984375 0.0468750000000001 0.8078125 0.057812500000000086 0.8078125
4 0.0703125000000001 0.809375 0.057812500000000086 0.809375 0.0578125000000001 0.81875 0.07031250000000011 0.81875
4 0.10937500000000008 0.7953125 0.09687500000000009 0.7953125 0.09687500000000009 0.8046875 0.10937500000000008 0.8046875
4 0.1359375000000001 0.81875 0.12500000000000008 0.81875 0.12500000000000008 0.828125 0.1359375000000001 0.828125
4 0.1437500000000001 0.8046875 0.1312500000000001 0.8046875 0.1312500000000001 0.815625 0.1437500000000001 0.815625
4 0.16562500000000008 0.7890625 0.1546875000000001 0.7890625 0.1546875000000001 0.8 0.16562500000000008 0.8
4 0.1781250000000001 0.715625 0.1687500000000001 0.715625 0.1687500000000001 0.725 0.1781250000000001 0.725
4 0.2718750000000001 0.709375 0.2593750000000001 0.709375 0.2593750000000001 0.71875 0.2718750000000001 0.71875
4 0.440625 0.6765625 0.43125 0.6765625 0.43125 0.684375 0.440625 0.684375
4 0.3968750000000001 0.7796875 0.3859375000000001 0.7796875 0.3859375000000001 0.790625 0.3968750000000001 0.790625
4 0.48750000000000016 0.7703125 0.4781250000000002 0.7703125 0.4781250000000002 0.78125 0.48750000000000016 0.78125
4 0.465625 0.7046875 0.45625 0.7046875 0.45625 0.71875 0.465625 0.71875
4 0.475 0.6890625 0.4671875 0.6890625 0.4671875 0.703125 0.475 0.703125
4 0.484375 0.6515625 0.4796875 0.6515625 0.4796875 0.6671875 0.484375 0.6671875
4 0.49375 0.653125 0.4875 0.653125 0.4875 0.6703125 0.49375 0.6703125
4 0.4796875 0.6328125 0.4734375 0.6328125 0.4734375 0.6484375 0.4796875 0.6484375
4 0.5328125 0.5734375 0.5265625 0.5734375 0.5265625 0.59375 0.5328125 0.59375
4 0.53125 0.3703125000000001 0.525 0.3703125000000001 0.525 0.3890625000000001 0.53125 0.3890625000000001
2 0.4890625 0.446875 0.478125 0.446875 0.478125 0.496875 0.4890625 0.496875
4 0.4765625 0.2250000000000001 0.4703125 0.2250000000000001 0.4703125 0.2453125000000001 0.4765625 0.2453125000000001
4 0.5218750000000002 0.825 0.5140625000000002 0.825 0.5140625000000002 0.840625 0.5218750000000002 0.840625
4 0.5343750000000002 0.821875 0.5234375000000002 0.821875 0.5234375000000002 0.8375 0.5343750000000002 0.8375
4 0.6390625 0.6515625 0.63125 0.6515625 0.63125 0.6625 0.6390625 0.6625
4 0.7062500000000002 0.771875 0.6953125000000002 0.771875 0.6953125000000002 0.7828125 0.7062500000000002 0.7828125
4 0.7843750000000002 0.7593750000000001 0.7734375000000002 0.7593750000000001 0.7734375000000002 0.7687500000000002 0.7843750000000002 0.7687500000000002
4 0.7859375000000002 0.7734375000000002 0.7765625000000002 0.7734375000000002 0.7765625000000002 0.7859375000000002 0.7859375000000002 0.7859375000000002
4 0.7203125 0.7 0.709375 0.7 0.709375 0.7109375 0.7203125 0.7109375
4 0.81875 0.7093750000000002 0.809375 0.7093750000000002 0.809375 0.7203125000000001 0.81875 0.7203125000000001
4 0.846875 0.7203125000000001 0.8359375 0.7203125000000001 0.8359375 0.7312500000000002 0.846875 0.7312500000000002
4 0.9828125 0.6875000000000002 0.9765625 0.6875000000000002 0.9765625 0.6953125000000002 0.9828125 0.6953125000000002
4 0.8640625 0.7703125000000002 0.8546875 0.7703125000000002 0.8546875 0.7796875000000002 0.8640625 0.7796875000000002
4 0.8796875 0.7703125000000002 0.86875 0.7703125000000002 0.86875 0.7796875000000002 0.8796875 0.7796875000000002
4 0.9671875 0.7781250000000002 0.95625 0.7781250000000002 0.95625 0.7906250000000001 0.9671875 0.7906250000000001
4 0.2500000000000001 0.7953125 0.2390625000000001 0.7953125 0.2390625000000001 0.809375 0.2500000000000001 0.809375
4 0.2843750000000001 0.7921875 0.2734375000000001 0.7921875 0.2734375000000001 0.803125 0.2843750000000001 0.803125
4 0.3140625000000001 0.784375 0.3046875000000001 0.784375 0.3046875000000001 0.79375 0.3140625000000001 0.79375
4 0.09375000000000011 0.8828125 0.08437500000000012 0.8828125 0.08437500000000012 0.89375 0.09375000000000011 0.89375
2 0.27812500000000007 0.8078125 0.2578125000000001 0.8078125 0.2578125000000001 0.8265625 0.27812500000000007 0.8265625
2 0.4593750000000002 0.784375 0.4343750000000002 0.784375 0.4343750000000002 0.8046875 0.4593750000000002 0.8046875
2 0.4671875000000002 0.7609375 0.44531250000000017 0.7609375 0.44531250000000017 0.7765625 0.4671875000000002 0.7765625
2 0.5078125000000002 0.7953125 0.4890625000000002 0.7953125 0.4890625000000002 0.8125 0.5078125000000002 0.8125
2 0.878125 0.7875000000000002 0.8546875 0.7875000000000002 0.8546875 0.8078125 0.878125 0.8078125
2 0.14531250000000012 0.959375 0.13125000000000014 0.959375 0.13125000000000014 0.9765625 0.14531250000000012 0.9765625
0 0.5562500000000001 0.8359375 0.5421875000000002 0.8359375 0.5421875000000002 0.8546875 0.5562500000000001 0.8546875
5 0.5859375000000002 0.7875 0.5562500000000001 0.7875 0.5562500000000001 0.809375 0.5859375000000002 0.809375
0 0.3140625000000001 0.6796875 0.3000000000000001 0.6796875 0.3000000000000001 0.6921875 0.3140625000000001 0.6921875
0 0.7687500000000002 0.84375 0.7546875000000002 0.84375 0.7546875000000002 0.8625 0.7687500000000002 0.8625
3 0.04375000000000011 0.8859375 0.02812500000000011 0.8859375 0.02812500000000011 0.9046875 0.04375000000000011 0.9046875
6 0.6843750000000002 0.7984375 0.6453125000000002 0.7984375 0.6453125000000002 0.8296875 0.6843750000000002 0.8296875