4 0.06406250000000006 0.4578125 0.04843750000000006 0.4578125 0.04843750000000006 0.475 0.06406250000000006 0.475
3 0.11718750000000004 0.478125 0.09375000000000007 0.478125 0.09375000000000007 0.4921875 0.11718750000000004 0.4921875
1 0.10937500000000004 0.5 0.08437500000000006 0.5 0.08437500000000006 0.5140625 0.10937500000000004 0.5140625
5 0.14062500000000008 0.6640625 0.10468750000000009 0.6640625 0.10468750000000009 0.6875 0.14062500000000008 0.6875
5 0.1671875000000001 0.6328125 0.1281250000000001 0.6328125 0.1281250000000001 0.6515625 0.1671875000000001 0.6515625
3 0.24218750000000008 0.596875 0.21875000000000008 0.596875 0.21875000000000008 0.6109375 0.24218750000000008 0.6109375
6 0.2968750000000001 0.6265625 0.2656250000000001 0.6265625 0.2656250000000001 0.646875 0.2968750000000001 0.646875
6 0.23593750000000008 0.5421875 0.2093750000000001 0.5421875 0.2093750000000001 0.5640625 0.23593750000000008 0.5640625
3 0.29375000000000007 0.4234375 0.27031250000000007 0.4234375 0.27031250000000007 0.4421875 0.29375000000000007 0.4421875
2 0.3312500000000001 0.49375 0.3109375000000001 0.49375 0.3109375000000001 0.5125 0.3312500000000001 0.5125
2 0.35625 0.28125 0.3375 0.28125 0.3375 0.3015625 0.35625 0.3015625
2 0.4328125 0.3062500000000001 0.4140625 0.3062500000000001 0.4140625 0.3296875000000001 0.4328125 0.3296875000000001
2 0.515625 0.3156250000000001 0.5046875 0.3156250000000001 0.5046875 0.3468750000000001 0.515625 0.3468750000000001
2 0.525 0.31718750000000007 0.5171875 0.31718750000000007 0.5171875 0.3453125000000001 0.525 0.3453125000000001
2 0.565625 0.3125000000000001 0.55625 0.3125000000000001 0.55625 0.3375000000000001 0.565625 0.3375000000000001
2 0.575 0.3125000000000001 0.5671875 0.3125000000000001 0.5671875 0.3359375000000001 0.575 0.3359375000000001
5 0.459375 0.4703125 0.4171875 0.4703125 0.4171875 0.4921875 0.459375 0.4921875
0 0.4375 0.45625 0.425 0.45625 0.425 0.465625 0.4375 0.465625
4 0.4578125 0.4265625 0.45 0.4265625 0.45 0.4359375 0.4578125 0.4359375
6 0.4890625 0.4 0.4640625 0.4 0.4640625 0.421875 0.4890625 0.421875
2 0.446875 0.6015625 0.425 0.6015625 0.425 0.6203125 0.446875 0.6203125
0 0.5 0.5609375 0.4859375 0.5609375 0.4859375 0.575 0.5 0.575
3 0.496875 0.4953125 0.4796875 0.4953125 0.4796875 0.5109375 0.496875 0.5109375
3 0.5234375 0.4875 0.503125 0.4875 0.503125 0.503125 0.5234375 0.503125
6 0.5109375 0.615625 0.478125 0.615625 0.478125 0.6359375 0.5109375 0.6359375
2 0.60625 0.4546875 0.5875 0.4546875 0.5875 0.46875 0.60625 0.46875
3 0.5859375 0.6234375 0.571875 0.6234375 0.571875 0.6375 0.5859375 0.6375
2 0.7234375 0.65 0.715625 0.65 0.715625 0.6734375 0.7234375 0.6734375
0 0.721875 0.6015625 0.7109375 0.6015625 0.7109375 0.6171875 0.721875 0.6171875
2 0.7171875 0.559375 0.7015625 0.559375 0.7015625 0.575 0.7171875 0.575
3 0.7515625 0.5562500000000001 0.7328125 0.5562500000000001 0.7328125 0.5734375000000002 0.7515625 0.5734375000000002
3 0.775 0.5859375000000002 0.7609375 0.5859375000000002 0.7609375 0.5984375000000002 0.775 0.5984375000000002
4 0.7890625 0.5968750000000002 0.7796875 0.5968750000000002 0.7796875 0.6078125000000002 0.7890625 0.6078125000000002
0 0.828125 0.6062500000000002 0.815625 0.6062500000000002 0.815625 0.6171875000000002 0.828125 0.6171875000000002
4 0.8515625 0.5828125000000002 0.8421875 0.5828125000000002 0.8421875 0.5937500000000002 0.8515625 0.5937500000000002
2 0.6875 0.471875 0.66875 0.471875 0.66875 0.4921875 0.6875 0.4921875
1 0.6875 0.37968750000000007 0.64375 0.37968750000000007 0.64375 0.4046875 0.6875 0.4046875
5 0.74375 0.3812500000000001 0.6984375 0.3812500000000001 0.6984375 0.4046875000000001 0.74375 0.4046875000000002
2 0.79375 0.42968750000000017 0.775 0.42968750000000017 0.775 0.4468750000000002 0.79375 0.4468750000000002
2 0.8671875 0.3781250000000001 0.8484375 0.3781250000000001 0.8484375 0.4078125000000002 0.8671875 0.4078125000000002
6 0.865625 0.4937500000000002 0.8375 0.4937500000000002 0.8375 0.5125000000000002 0.865625 0.5125000000000002
4 0.90625 0.4546875000000002 0.8921875 0.4546875000000002 0.8921875 0.46875000000000017 0.90625 0.46875000000000017
5 0.9046875 0.6390625000000002 0.8671875 0.6390625000000002 0.8671875 0.6593750000000002 0.9046875 0.6593750000000002
4 0.90625 0.6125000000000002 0.896875 0.6125000000000002 0.896875 0.6250000000000002 0.90625 0.6250000000000002
4 0.915625 0.6046875000000002 0.9078125 0.6046875000000002 0.9078125 0.6156250000000002 0.915625 0.6156250000000002
4 0.9234375 0.6453125000000002 0.9125 0.6453125000000002 0.9125 0.6562500000000002 0.9234375 0.6562500000000002
5 0.978125 0.5375000000000002 0.915625 0.5375000000000002 0.915625 0.5640625000000001 0.978125 0.5640625000000001
6 0.9796875 0.40625000000000017 0.9453125 0.40625000000000017 0.9453125 0.42500000000000016 0.9796875 0.42500000000000016
3 0.671875 0.6296875 0.6640625 0.6296875 0.6640625 0.653125 0.671875 0.653125
2 0.6859375 0.64375 0.678125 0.64375 0.678125 0.665625 0.6859375 0.665625