2 0.7828125 0.1609375000000001 0.753125 0.1609375000000001 0.753125 0.1859375000000001 0.7828125 0.1859375000000001
2 0.7890625 0.24375000000000008 0.7625 0.24375000000000008 0.7625 0.2671875000000001 0.7890625 0.2671875000000001
4 0.9921875 0.3687500000000001 0.98125 0.3687500000000001 0.98125 0.3812500000000001 0.9921875 0.3812500000000001
3 0.9484375 0.48437500000000017 0.9265625 0.48437500000000017 0.9265625 0.5062500000000002 0.9484375 0.5062500000000002
0 0.9125 0.5203125000000002 0.890625 0.5203125000000002 0.890625 0.5406250000000001 0.9125 0.5406250000000001
4 0.7765625 0.5250000000000001 0.7625 0.5250000000000001 0.7625 0.5421875000000002 0.7765625 0.5421875000000002
4 0.746875 0.5000000000000002 0.7296875 0.5000000000000002 0.7296875 0.5171875000000001 0.746875 0.5171875000000001
2 0.509375 0.3593750000000001 0.484375 0.3593750000000001 0.484375 0.3812500000000001 0.509375 0.3812500000000001
2 0.515625 0.434375 0.4875 0.434375 0.4875 0.459375 0.515625 0.459375
6 0.4859375 0.575 0.4453125 0.575 0.4453125 0.60625 0.4859375 0.60625
2 0.403125 0.4984375 0.3812500000000001 0.4984375 0.3812500000000001 0.521875 0.403125 0.521875
2 0.4 0.5359375 0.37187500000000007 0.5359375 0.37187500000000007 0.5625 0.4 0.5625
4 0.2656250000000001 0.3640625 0.2515625000000001 0.3640625 0.2515625000000001 0.375 0.2656250000000001 0.375
2 0.14375000000000007 0.5390625 0.11406250000000004 0.5390625 0.11406250000000007 0.5640625 0.1437500000000001 0.5640625
0 0.20312500000000008 0.36875 0.18437500000000004 0.36875 0.18437500000000004 0.384375 0.20312500000000008 0.384375
4 0.08437500000000006 0.5671875 0.07187500000000006 0.5671875 0.07187500000000006 0.58125 0.08437500000000006 0.58125
2 0.05156250000000007 0.5234375 0.021875000000000068 0.5234375 0.021875000000000068 0.5484375 0.05156250000000007 0.5484375
4 0.040625000000000064 0.5671875 0.026562500000000065 0.5671875 0.026562500000000065 0.5765625 0.040625000000000064 0.5765625
4 0.03750000000000007 0.5578125 0.021875000000000068 0.5578125 0.021875000000000068 0.5671875 0.03750000000000007 0.5671875
0 0.02187500000000007 0.5703125 0.0015625000000000701 0.5703125 0.0015625000000000712 0.5875 0.02187500000000007 0.5875
2 0.16250000000000003 0.2421875 0.14062500000000006 0.2421875 0.14062500000000006 0.2859375 0.16250000000000003 0.2859375
3 0.08437500000000005 0.296875 0.05468750000000004 0.296875 0.05468750000000004 0.365625 0.08437500000000005 0.365625
2 0.023437500000000007 0.025 0.007812500000000003 0.025 0.007812500000000005 0.06875 0.02343750000000001 0.06875
4 0.0265625 0.003125000000000002 0.015625 0.0031250000000000015 0.015625000000000003 0.023437500000000003 0.0265625 0.023437500000000007