0 0.30156250000000007 0.6796875 0.2828125000000001 0.6796875 0.2828125000000001 0.6953125 0.30156250000000007 0.6953125
3 0.10156250000000008 0.74375 0.08125000000000009 0.74375 0.08125000000000009 0.759375 0.10156250000000008 0.759375
0 0.07656250000000009 0.653125 0.06093750000000009 0.653125 0.06093750000000009 0.6703125 0.07656250000000009 0.6703125
0 0.07500000000000008 0.6328125 0.06406250000000006 0.6328125 0.06406250000000008 0.6484375 0.0750000000000001 0.6484375
0 0.27812500000000007 0.7421875 0.2593750000000001 0.7421875 0.2593750000000001 0.759375 0.27812500000000007 0.759375
0 0.23593750000000008 0.5890625 0.2171875000000001 0.5890625 0.2171875000000001 0.5984375 0.23593750000000008 0.5984375
0 0.24375000000000008 0.559375 0.2296875000000001 0.559375 0.2296875000000001 0.5765625 0.24375000000000008 0.5765625
0 0.2750000000000001 0.5734375 0.2593750000000001 0.5734375 0.2593750000000001 0.5890625 0.2750000000000001 0.5890625
0 0.2312500000000001 0.3671875 0.2171875000000001 0.3671875 0.2171875000000001 0.3828125 0.2312500000000001 0.3828125
0 0.403125 0.634375 0.3843750000000001 0.634375 0.3843750000000001 0.65625 0.403125 0.65625
0 0.20312500000000008 0.7125 0.18750000000000008 0.7125 0.18750000000000008 0.7265625 0.20312500000000008 0.7265625
0 0.521875 0.4015625 0.509375 0.4015625 0.509375 0.415625 0.521875 0.415625
0 0.48125 0.4171875 0.4671875 0.4171875 0.4671875 0.4328125 0.48125 0.4328125
4 0.3890625000000001 0.5046875 0.3750000000000001 0.5046875 0.3750000000000001 0.5203125 0.3890625000000001 0.5203125
4 0.4546875 0.5109375 0.446875 0.5109375 0.446875 0.528125 0.4546875 0.528125
0 0.403125 0.5203125 0.3890625000000001 0.5203125 0.3890625000000001 0.5421875 0.403125 0.5421875
4 0.4734375 0.4328125 0.4640625 0.4328125 0.4640625 0.44375 0.4734375 0.44375
3 0.4875 0.6078125 0.4703125 0.6078125 0.4703125 0.628125 0.4875 0.628125
0 0.5359375 0.6046875 0.521875 0.6046875 0.521875 0.6234375 0.5359375 0.6234375
0 0.7796875000000002 0.86875 0.7640625000000002 0.86875 0.7640625000000002 0.8875 0.7796875000000002 0.8875
4 0.7953125 0.6968750000000001 0.7796875 0.6968750000000001 0.7796875 0.7156250000000002 0.7953125 0.7156250000000002
0 0.7531250000000002 0.8296875 0.7375000000000002 0.8296875 0.7375000000000002 0.8515625 0.7531250000000002 0.8515625
2 0.7703125000000001 0.7125000000000001 0.753125 0.7125000000000001 0.753125 0.7312500000000002 0.7703125000000002 0.7312500000000002
0 0.9828125 0.9 0.965625 0.9 0.965625 0.91875 0.9828125 0.91875
0 0.634375 0.5828125 0.6234375 0.5828125 0.6234375 0.603125 0.634375 0.603125
0 0.734375 0.3828125000000001 0.721875 0.3828125000000001 0.721875 0.4093750000000001 0.734375 0.40937500000000016
4 0.7078125 0.490625 0.6984375 0.490625 0.6984375 0.5078125 0.7078125 0.5078125
0 0.6359375 0.6140625 0.625 0.6140625 0.625 0.634375 0.6359375 0.634375
0 0.659375 0.5296875 0.65 0.5296875 0.65 0.546875 0.659375 0.546875
0 0.7890625 0.3609375000000001 0.7765625 0.3609375000000001 0.7765625 0.3843750000000001 0.7890625 0.3843750000000001
0 0.765625 0.4125000000000002 0.7546875 0.4125000000000002 0.7546875 0.4312500000000002 0.765625 0.4312500000000002
0 0.7765625 0.40625000000000017 0.7640625 0.40625000000000017 0.7640625 0.43281250000000016 0.7765625 0.43281250000000016
0 0.759375 0.4828125000000002 0.7484375 0.4828125000000002 0.7484375 0.5109375000000002 0.759375 0.5109375000000002
0 0.6234375 0.26250000000000007 0.6125 0.26250000000000007 0.6125 0.2812500000000001 0.6234375 0.2812500000000001
3 0.6328125 0.50625 0.61875 0.50625 0.61875 0.53125 0.6328125 0.53125
4 0.703125 0.20312500000000008 0.69375 0.20312500000000008 0.69375 0.21875000000000008 0.703125 0.21875000000000008
4 0.7625 0.1468750000000001 0.75 0.1468750000000001 0.75 0.1671875000000001 0.7625 0.1671875000000001
4 0.8390625 0.17968750000000008 0.8265625 0.17968750000000008 0.8265625 0.2000000000000001 0.8390625 0.2000000000000001
4 0.775 0.050000000000000086 0.7609375 0.050000000000000086 0.7609375 0.06875000000000009 0.775 0.06875000000000009
4 0.1453125000000001 0.7140625 0.13281250000000008 0.7140625 0.13281250000000008 0.7296875 0.1453125000000001 0.7296875
0 0.29375000000000007 0.4640625 0.2750000000000001 0.4640625 0.2750000000000001 0.4875 0.29375000000000007 0.4875
0 0.5421875 0.4046875 0.5296875 0.4046875 0.5296875 0.4203125 0.5421875 0.4203125
4 0.1171875 0.1265625 0.1046875 0.1265625 0.1046875 0.146875 0.1171875 0.146875
2 0.303125 0.296875 0.2828125 0.296875 0.2828125 0.321875 0.303125 0.321875
3 0.4890625 0.3937500000000001 0.4671875 0.3937500000000001 0.4671875 0.4203125 0.4890625 0.4203125
0 0.5359375 0.3453125000000001 0.521875 0.3453125000000001 0.521875 0.3593750000000001 0.5359375 0.3593750000000001
4 0.5984375 0.3750000000000001 0.5875 0.3750000000000001 0.5875 0.38750000000000007 0.5984375 0.38750000000000007
4 0.478125 0.440625 0.46875 0.440625 0.46875 0.4546875 0.478125 0.4546875
4 0.2765625000000001 0.4203125 0.2671875000000001 0.4203125 0.2671875000000001 0.43125 0.2765625000000001 0.43125
0 0.5171875 0.428125 0.503125 0.428125 0.503125 0.44375 0.5171875 0.44375
4 0.5890625 0.35625000000000007 0.5796875 0.35625000000000007 0.5796875 0.3703125000000001 0.5890625 0.3703125000000001
4 0.41875 0.4265625 0.4078125 0.4265625 0.4078125 0.440625 0.41875 0.440625
4 0.39531250000000007 0.4328125 0.3812500000000001 0.4328125 0.3812500000000001 0.44375 0.39531250000000007 0.44375
3 0.5578125 0.4328125 0.54375 0.4328125 0.54375 0.4484375 0.5578125 0.4484375
0 0.4890625 0.46875 0.478125 0.46875 0.478125 0.4828125 0.4890625 0.4828125
4 0.4671875 0.540625 0.4578125 0.540625 0.4578125 0.553125 0.4671875 0.553125
0 0.5625 0.45 0.55 0.45 0.55 0.4640625 0.5625 0.4640625
0 0.5671875 0.3968750000000001 0.55625 0.3968750000000001 0.55625 0.4125 0.5671875 0.4125
4 0.5734375 0.3781250000000001 0.5625 0.3781250000000001 0.5625 0.3921875000000001 0.5734375 0.3921875000000001
4 0.56875 0.459375 0.559375 0.459375 0.559375 0.4734375 0.56875 0.4734375
2 0.6921875 0.5 0.671875 0.5 0.671875 0.5328125 0.6921875 0.5328125
4 0.6390625 0.5 0.628125 0.5 0.628125 0.51875 0.6390625 0.51875
4 0.715625 0.4078125 0.70625 0.4078125 0.70625 0.428125 0.715625 0.428125
0 0.6125 0.58125 0.5984375 0.58125 0.5984375 0.6 0.6125 0.6
0 0.578125 0.6546875 0.565625 0.6546875 0.565625 0.671875 0.578125 0.671875
3 0.6953125000000002 0.7765625 0.6718750000000002 0.7765625 0.6718750000000002 0.809375 0.6953125000000002 0.809375
4 0.56875 0.628125 0.559375 0.628125 0.559375 0.6390625 0.56875 0.6390625
4 0.5578125 0.609375 0.5484375 0.609375 0.5484375 0.6234375 0.5578125 0.6234375
4 0.465625 0.621875 0.45625 0.621875 0.45625 0.6390625 0.465625 0.6390625
3 0.425 0.6671875 0.409375 0.6671875 0.409375 0.6828125 0.425 0.6828125
0 0.3812500000000001 0.5265625 0.3703125000000001 0.5265625 0.3703125000000001 0.5421875 0.3812500000000001 0.5421875
2 0.30156250000000007 0.4125 0.2843750000000001 0.4125 0.2843750000000001 0.434375 0.30156250000000007 0.434375
2 0.22656250000000008 0.3953125 0.2062500000000001 0.3953125 0.2062500000000001 0.425 0.22656250000000008 0.425
3 0.2078125000000001 0.7609375 0.18906250000000008 0.7609375 0.18906250000000008 0.7765625 0.2078125000000001 0.7765625
0 0.1468750000000001 0.73125 0.13281250000000008 0.73125 0.13281250000000008 0.746875 0.1468750000000001 0.746875
4 0.3750000000000001 0.54375 0.36406250000000007 0.54375 0.36406250000000007 0.559375 0.3750000000000001 0.559375
0 0.3078125000000001 0.646875 0.2890625000000001 0.646875 0.2890625000000001 0.665625 0.3078125000000001 0.665625
0 0.51875 0.59375 0.5046875 0.59375 0.5046875 0.6125 0.51875 0.6125
4 0.490625 0.425 0.4828125 0.425 0.4828125 0.44375 0.490625 0.44375
2 0.7718750000000001 0.7125000000000001 0.7515625 0.7125000000000001 0.7515625000000001 0.7375000000000002 0.7718750000000002 0.7375000000000002
2 0.7500000000000001 0.7031250000000002 0.73125 0.7031250000000002 0.7312500000000001 0.7343750000000002 0.7500000000000002 0.7343750000000002
2 0.7125 0.6015625 0.690625 0.6015625 0.690625 0.63125 0.7125 0.63125
2 0.7328125 0.6250000000000001 0.7109375 0.625 0.7109375 0.6546875000000001 0.7328125 0.6546875000000002
4 0.7515625 0.6812500000000001 0.7390625 0.6812500000000001 0.7390625 0.7015625000000002 0.7515625 0.7015625000000002
3 0.7484375 0.5218750000000002 0.7375 0.5218750000000002 0.7375 0.5484375000000001 0.7484375 0.5484375000000001
4 0.8546875 0.7953125000000002 0.84375 0.7953125000000002 0.84375 0.8109375 0.8546875 0.8109375
4 0.8296875 0.7750000000000001 0.8234375 0.7750000000000001 0.8234375 0.7875000000000002 0.8296875 0.7875000000000002
4 0.840625 0.7640625000000002 0.8296875 0.7640625000000002 0.8296875 0.7781250000000002 0.840625 0.7781250000000002
4 0.809375 0.7406250000000002 0.7968750000000002 0.7406250000000002 0.7968750000000002 0.7562500000000002 0.809375 0.7562500000000002
2 0.7984375000000001 0.7484375000000002 0.7734375000000002 0.7484375000000002 0.7734375000000002 0.7796875000000002 0.7984375000000001 0.7796875000000002
4 0.7984375000000001 0.7218750000000002 0.7890625 0.7218750000000002 0.7890625000000001 0.7375000000000002 0.7984375000000001 0.7375000000000002
4 0.784375 0.7125000000000001 0.7765625 0.7125000000000001 0.7765625 0.7234375000000002 0.784375 0.7234375000000002
2 0.8921875 0.8421875 0.8703125 0.8421875 0.8703125 0.8734375 0.8921875 0.8734375
2 0.95625 0.903125 0.9328125 0.903125 0.9328125 0.95 0.95625 0.95
3 0.8296875 0.7812500000000002 0.8109375 0.7812500000000002 0.8109375 0.8015625 0.8296875 0.8015625
4 0.8703125 0.953125 0.859375 0.953125 0.859375 0.9734375 0.8703125 0.9734375
4 0.821875 0.9125 0.809375 0.9125 0.809375 0.9375 0.821875 0.9375
4 0.7875000000000002 0.8609375 0.7734375000000002 0.8609375 0.7734375000000002 0.875 0.7875000000000002 0.875
0 0.546875 0.6453125 0.534375 0.6453125 0.534375 0.6671875 0.546875 0.6671875
4 0.7718750000000002 0.8890625 0.7593750000000001 0.8890625 0.7593750000000001 0.903125 0.7718750000000002 0.903125
3 0.7031250000000002 0.81875 0.6843750000000002 0.81875 0.6843750000000002 0.8390625 0.7031250000000002 0.8390625
0 0.7328125000000002 0.8296875 0.7218750000000002 0.8296875 0.7218750000000002 0.8515625 0.7328125000000002 0.8515625
2 0.5578125 0.621875 0.5375 0.621875 0.5375 0.646875 0.5578125 0.646875
2 0.30662034856236886 0.5361595574815355 0.2984401046875 0.525865896875 0.2736844686251311 0.5455388925184645 0.2818647125 0.5558325531250001
2 0.1828125 0.11718750000000003 0.1625 0.1171875 0.1625 0.14218750000000002 0.1828125 0.14218750000000005
2 0.34375 0.328125 0.321875 0.328125 0.321875 0.3578125 0.34375 0.3578125
3 0.5503988234157553 0.6125117127577926 0.53420956875 0.5974822546875002 0.5266208966476708 0.6056565311427743 0.542810151313426 0.6206859892130667
4 0.55625 0.6515625 0.546875 0.6515625 0.546875 0.665625 0.55625 0.665625
0 0.5875 0.6828125 0.571875 0.6828125 0.571875 0.7078125 0.5875 0.7078125
4 0.6218750000000002 0.7328125 0.6078125000000002 0.7328125 0.6078125000000002 0.7453125 0.6218750000000002 0.7453125
4 0.6453125 0.4984375 0.6375 0.4984375 0.6375 0.5125 0.6453125 0.5125
4 0.7 0.1906250000000001 0.690625 0.1906250000000001 0.690625 0.2015625000000001 0.7 0.2015625000000001
4 0.584375 0.3375000000000001 0.575 0.3375000000000001 0.575 0.3546875000000001 0.584375 0.3546875000000001
4 0.678125 0.2328125000000001 0.665625 0.2328125000000001 0.665625 0.2500000000000001 0.678125 0.2500000000000001
4 0.8390625 0.20312500000000008 0.8296875 0.20312500000000008 0.8296875 0.2234375000000001 0.8390625 0.2234375000000001
4 0.7328125 0.41875000000000007 0.721875 0.41875 0.721875 0.4328125000000001 0.7328125 0.43281250000000016
4 0.7484375 0.42968750000000017 0.740625 0.42968750000000017 0.740625 0.44062500000000016 0.7484375 0.44062500000000016
3 0.64375 0.5484375 0.6296875 0.5484375 0.6296875 0.5703125 0.64375 0.5703125
0 0.6664430713273453 0.5501643217388664 0.6581386640625001 0.5445884015625001 0.6470136396101549 0.5611572782611338 0.6553180468750001 0.5667331984375001
4 0.8515625 0.1687500000000001 0.8421875 0.1687500000000001 0.8421875 0.1843750000000001 0.8515625 0.1843750000000001
4 0.8796875 0.11093750000000009 0.86875 0.11093750000000009 0.86875 0.1281250000000001 0.8796875 0.1281250000000001
4 0.7828125 0.27812500000000007 0.7703125 0.27812500000000007 0.7703125 0.2968750000000001 0.7828125 0.2968750000000001
4 0.721875 0.4234375 0.7125 0.4234375 0.7125 0.4390625 0.721875 0.4390625
4 0.8484375 0.1437500000000001 0.834375 0.1437500000000001 0.834375 0.16406250000000008 0.8484375 0.16406250000000008
4 0.6640625 0.2765625000000001 0.6546875 0.2765625000000001 0.6546875 0.2921875000000001 0.6640625 0.2921875000000001
2 0.603125 0.3062500000000001 0.5875 0.3062500000000001 0.5875 0.3343750000000001 0.603125 0.3343750000000001
0 0.134375 0.15625 0.1171875 0.15625 0.1171875 0.178125 0.134375 0.178125
0 0.3703125 0.33281250000000007 0.35625 0.3328125 0.35625 0.353125 0.3703125 0.3531250000000001
0 0.1328125 0.128125 0.1203125 0.128125 0.1203125 0.14375 0.1328125 0.14375
4 0.60625 0.4484375 0.596875 0.4484375 0.596875 0.4640625 0.60625 0.4640625
0 0.04062500000000001 0.0515625 0.02656250000000001 0.0515625 0.02656250000000001 0.0703125 0.04062500000000001 0.0703125
4 0.06562500000000002 0.0828125 0.0546875 0.0828125 0.054687500000000014 0.10625 0.06562500000000002 0.10625
4 0.026562500000000006 0.0265625 0.018750000000000006 0.0265625 0.018750000000000006 0.0484375 0.02656250000000001 0.0484375
2 0.4609375 0.4125 0.440625 0.4125 0.440625 0.440625 0.4609375 0.440625
2 0.3921875000000001 0.3781250000000001 0.3703125000000001 0.3781250000000001 0.3703125000000001 0.403125 0.3921875000000001 0.403125
2 0.41875 0.37187500000000007 0.3984375000000001 0.37187500000000007 0.3984375000000001 0.3968750000000001 0.41875 0.3968750000000001
4 0.3125 0.2796875 0.3015625 0.2796875 0.3015625 0.29375 0.3125 0.29375
0 0.3484375 0.30625 0.334375 0.30625 0.334375 0.328125 0.3484375 0.328125
4 0.534375 0.5625 0.525 0.5625 0.525 0.5796875 0.534375 0.5796875
4 0.5609375 0.475 0.5515625 0.475 0.5515625 0.4953125 0.5609375 0.4953125
0 0.7046875 0.4359375 0.69375 0.4359375 0.69375 0.4578125 0.7046875 0.4578125
0 0.7109375 0.45625 0.7 0.45625 0.7 0.478125 0.7109375 0.478125
4 0.6671875 0.6328125 0.65625 0.6328125 0.65625 0.653125 0.6671875 0.653125
0 0.65625 0.5765625 0.6453125 0.5765625 0.6453125 0.596875 0.65625 0.596875
4 0.66875 0.5734375 0.6625 0.5734375 0.6625 0.590625 0.66875 0.590625
4 0.665625 0.590625 0.65625 0.590625 0.65625 0.603125 0.665625 0.603125
4 0.6546875 0.603125 0.64375 0.603125 0.64375 0.6171875 0.6546875 0.6171875
4 0.64375 0.5984375 0.6359375 0.5984375 0.6359375 0.6140625 0.64375 0.6140625
4 0.5546875 0.409375 0.5453125 0.409375 0.5453125 0.4296875 0.5546875 0.4296875
0 0.5640625 0.3578125000000001 0.5484375 0.3578125000000001 0.5484375 0.3812500000000001 0.5640625 0.3812500000000001
4 0.55625 0.37968750000000007 0.5453125 0.37968750000000007 0.5453125 0.3968750000000001 0.55625 0.3968750000000001
4 0.4984375 0.4109375 0.490625 0.4109375 0.490625 0.428125 0.4984375 0.428125
4 0.503125 0.428125 0.496875 0.428125 0.496875 0.4453125 0.503125 0.4453125
3 0.43125 0.4140625 0.4125 0.4140625 0.4125 0.4359375 0.43125 0.4359375
4 0.18281250000000004 0.30625 0.17343750000000005 0.30625 0.17343750000000005 0.321875 0.18281250000000004 0.321875
2 0.20156250000000003 0.3625 0.18125000000000005 0.3625 0.18125000000000005 0.384375 0.2015625000000001 0.384375
4 0.259375 0.33125 0.246875 0.33125 0.246875 0.353125 0.259375 0.353125
2 0.5265625 0.54375 0.515625 0.54375 0.515625 0.571875 0.5265625 0.571875
1 0.5390625 0.45 0.5046875 0.45 0.5046875 0.5453125 0.5390625 0.5453125
2 0.50625 0.4703125 0.4875 0.4703125 0.4875 0.5 0.50625 0.5
0 0.4890625 0.4484375 0.4734375 0.4484375 0.4734375 0.46875 0.4890625 0.46875
3 0.4515625 0.5703125 0.434375 0.5703125 0.434375 0.5890625 0.4515625 0.5890625
3 0.465625 0.6 0.4484375 0.6 0.4484375 0.6203125 0.465625 0.6203125
3 0.615625 0.4734375 0.5734375 0.4734375 0.5734375 0.5453125 0.615625 0.5453125
3 0.5875 0.4234375 0.5609375 0.4234375 0.5609375 0.4703125 0.5875 0.4703125
1 0.746875 0.2921875000000001 0.7015625 0.2921875000000001 0.7015625 0.3671875000000001 0.746875 0.3671875000000001
3 0.6078125 0.6109375 0.578125 0.6109375 0.578125 0.6421875 0.6078125 0.6421875
3 0.73125 0.16562500000000008 0.709375 0.16562500000000008 0.709375 0.2140625000000001 0.73125 0.2140625000000001
3 0.24375 0.2234375 0.209375 0.2234375 0.209375 0.2703125 0.24375 0.2703125
3 0.8796875 0.7593750000000001 0.85625 0.7593750000000001 0.85625 0.809375 0.8796875 0.809375