2 0.5203125 0.415625 0.4953125 0.415625 0.4953125 0.45625 0.5203125 0.45625
2 0.4484375 0.4796875 0.4296875 0.4796875 0.4296875 0.5140625 0.4484375 0.5140625
2 0.415625 0.4671875 0.3937500000000001 0.4671875 0.3937500000000001 0.5 0.415625 0.5
2 0.35790879276546655 0.4506766787819112 0.34507385804366125 0.4506352029681201 0.3449176671875001 0.49896938281250014 0.3577526019093054 0.49901085862629124
2 0.3734375000000001 0.65 0.3531250000000001 0.65 0.3531250000000001 0.6953125 0.3734375000000001 0.6953125
0 0.3375000000000001 0.8265625 0.3234375000000001 0.8265625 0.3234375000000001 0.8546875 0.3375000000000001 0.8546875
0 0.4125 0.7 0.4 0.7 0.4 0.7234375 0.4125 0.7234375
0 0.4296875 0.6453125 0.415625 0.6453125 0.415625 0.6671875 0.4296875 0.6671875
0 0.4734375 0.65625 0.45625 0.65625 0.45625 0.675 0.4734375 0.675
0 0.4546875 0.6328125 0.4359375 0.6328125 0.4359375 0.6484375 0.4546875 0.6484375
0 0.3359375000000001 0.5296875 0.32500000000000007 0.5296875 0.32500000000000007 0.553125 0.3359375000000001 0.553125
0 0.3968750000000001 0.4828125 0.3828125000000001 0.4828125 0.3828125000000001 0.5109375 0.3968750000000001 0.5109375
0 0.1984375 0.07968750000000002 0.18125 0.07968750000000002 0.18125 0.10625000000000002 0.1984375 0.10625000000000004
2 0.24375 0.16406250000000006 0.2203125 0.16406250000000006 0.2203125 0.2015625 0.24375 0.2015625
3 0.2640625 0.2140625 0.2453125 0.2140625 0.2453125 0.253125 0.2640625 0.253125
0 0.7968750000000002 0.965625 0.7796875000000002 0.965625 0.7796875000000002 0.996875 0.7968750000000002 0.996875
2 0.7640625 0.1453125000000001 0.734375 0.1453125000000001 0.734375 0.17343750000000008 0.7640625 0.17343750000000008
1 0.65 0.2062500000000001 0.59375 0.2062500000000001 0.59375 0.2671875000000001 0.65 0.2671875000000001
0 0.528125 0.33281250000000007 0.5078125 0.33281250000000007 0.5078125 0.35625000000000007 0.528125 0.35625000000000007
2 0.5640625 0.22812500000000008 0.5390625 0.22812500000000008 0.5390625 0.2609375000000001 0.5640625 0.2609375000000001
2 0.4171875 0.12187500000000004 0.3953125 0.12187500000000004 0.3953125 0.15781250000000005 0.4171875 0.15781250000000005
0 0.6375 0.4453125 0.6203125 0.4453125 0.6203125 0.4703125 0.6375 0.4703125
0 0.621875 0.4171875 0.60625 0.4171875 0.60625 0.44375 0.621875 0.44375
4 0.503125 0.4796875 0.490625 0.4796875 0.490625 0.503125 0.503125 0.503125
4 0.525 0.49375 0.5171875 0.49375 0.5171875 0.5140625 0.525 0.5140625
4 0.534375 0.4859375 0.5234375 0.4859375 0.5234375 0.50625 0.534375 0.50625
4 0.54375 0.51875 0.53125 0.51875 0.53125 0.5375 0.54375 0.5375
4 0.55625 0.4921875 0.5453125 0.4921875 0.5453125 0.5171875 0.55625 0.5171875
4 0.521875 0.5109375 0.5125 0.5109375 0.5125 0.5265625 0.521875 0.5265625
4 0.509375 0.503125 0.5 0.503125 0.5 0.51875 0.509375 0.51875
4 0.496875 0.5125 0.4859375 0.5125 0.4859375 0.5296875 0.496875 0.5296875
4 0.484375 0.559375 0.475 0.559375 0.475 0.578125 0.484375 0.578125
4 0.475 0.5296875 0.4609375 0.5296875 0.4609375 0.5421875 0.475 0.5421875
4 0.459375 0.5390625 0.446875 0.5390625 0.446875 0.5578125 0.459375 0.5578125
4 0.4578125 0.5671875 0.446875 0.5671875 0.446875 0.58125 0.4578125 0.58125
4 0.4484375 0.565625 0.4390625 0.565625 0.4390625 0.584375 0.4484375 0.584375
4 0.4359375 0.5671875 0.4265625 0.5671875 0.4265625 0.5921875 0.4359375 0.5921875
4 0.38750000000000007 0.5640625 0.3765625000000001 0.5640625 0.3765625000000001 0.5796875 0.38750000000000007 0.5796875
4 0.36406250000000007 0.559375 0.3546875000000001 0.559375 0.3546875000000001 0.5796875 0.36406250000000007 0.5796875
4 0.3453125000000001 0.5578125 0.3343750000000001 0.5578125 0.3343750000000001 0.5796875 0.3453125000000001 0.5796875
4 0.3828125000000001 0.478125 0.3734375000000001 0.478125 0.3734375000000001 0.4984375 0.3828125000000001 0.4984375
4 0.3906250000000001 0.4453125 0.3812500000000001 0.4453125 0.3812500000000001 0.46875 0.3906250000000001 0.46875
4 0.4046875 0.40625 0.3937500000000001 0.40625 0.3937500000000001 0.4265625 0.4046875 0.4265625
4 0.403125 0.3703125000000001 0.39531250000000007 0.3703125000000001 0.39531250000000007 0.3921875000000001 0.403125 0.3921875000000001
4 0.415625 0.3078125000000001 0.403125 0.3078125000000001 0.403125 0.3234375000000001 0.415625 0.3234375000000001
4 0.396875 0.2734375000000001 0.3859375 0.2734375000000001 0.3859375 0.2921875000000001 0.396875 0.2921875000000001
4 0.3796875 0.24375000000000008 0.3671875 0.24375000000000008 0.3671875 0.2593750000000001 0.3796875 0.2593750000000001
4 0.3328125 0.303125 0.31875 0.303125 0.31875 0.3171875 0.3328125 0.3171875
4 0.3171875 0.2625 0.30625 0.2625 0.30625 0.2828125 0.3171875 0.2828125
4 0.3890625 0.2906250000000001 0.378125 0.2906250000000001 0.378125 0.3109375000000001 0.3890625 0.3109375000000001
4 0.446875 0.38750000000000007 0.4328125 0.38750000000000007 0.4328125 0.4015625 0.446875 0.4015625
4 0.4609375 0.3765625000000001 0.4484375 0.3765625000000001 0.4484375 0.3921875000000001 0.4609375 0.3921875000000001
4 0.4640625 0.3625000000000001 0.45 0.3625000000000001 0.45 0.3812500000000001 0.4640625 0.3812500000000001
4 0.4484375 0.3468750000000001 0.4375 0.3468750000000001 0.4375 0.36406250000000007 0.4484375 0.36406250000000007
4 0.4671875 0.3187500000000001 0.4515625 0.3187500000000001 0.4515625 0.3343750000000001 0.4671875 0.3343750000000001
4 0.5 0.32500000000000007 0.4859375 0.32500000000000007 0.4859375 0.3390625000000001 0.5 0.3390625000000001
4 0.5 0.35625000000000007 0.4875 0.35625000000000007 0.4875 0.3703125000000001 0.5 0.3703125000000001
4 0.4390625 0.3281250000000001 0.4296875 0.3281250000000001 0.4296875 0.3437500000000001 0.4390625 0.3437500000000001
4 0.5171875 0.3593750000000001 0.50625 0.3593750000000001 0.50625 0.3703125000000001 0.5171875 0.3703125000000001
0 0.5328125 0.3968750000000001 0.5125 0.3968750000000001 0.5125 0.421875 0.5328125 0.421875
4 0.3968750000000001 0.540625 0.3843750000000001 0.540625 0.3843750000000001 0.55625 0.3968750000000001 0.55625
4 0.3921875000000001 0.5125 0.3812500000000001 0.5125 0.3812500000000001 0.5296875 0.3921875000000001 0.5296875
4 0.459375 0.4890625 0.4484375 0.4890625 0.4484375 0.509375 0.459375 0.509375
4 0.428125 0.4609375 0.41875 0.4609375 0.41875 0.4828125 0.428125 0.4828125
4 0.4359375 0.41875 0.428125 0.41875 0.428125 0.440625 0.4359375 0.440625
4 0.4734375 0.3859375000000001 0.4609375 0.3859375000000001 0.4609375 0.4015625 0.4734375 0.4015625
4 0.4890625 0.40625 0.478125 0.40625 0.478125 0.425 0.4890625 0.425
4 0.49375 0.43125 0.4828125 0.43125 0.4828125 0.4546875 0.49375 0.4546875
4 0.43125 0.4359375 0.4203125 0.4359375 0.4203125 0.4546875 0.43125 0.4546875
4 0.421875 0.4484375 0.4125 0.4484375 0.4125 0.465625 0.421875 0.465625
4 0.4015625 0.4296875 0.3921875000000001 0.4296875 0.3921875000000001 0.4484375 0.4015625 0.4484375
4 0.4265625 0.621875 0.4125 0.621875 0.4125 0.6375 0.4265625 0.6375
4 0.4609375 0.6 0.45 0.6 0.45 0.6140625 0.4609375 0.6140625
4 0.4828125 0.6109375 0.471875 0.6109375 0.471875 0.625 0.4828125 0.625
4 0.44375 0.5921875 0.4328125 0.5921875 0.4328125 0.60625 0.44375 0.60625
4 0.4421875 0.6046875 0.43125 0.6046875 0.43125 0.6203125 0.4421875 0.6203125
4 0.4125 0.65 0.4 0.65 0.4 0.6640625 0.4125 0.6640625
4 0.3984375000000001 0.66875 0.3906250000000001 0.66875 0.3906250000000001 0.6890625 0.3984375000000001 0.6890625
4 0.403125 0.6859375 0.3921875000000001 0.6859375 0.3921875000000001 0.7015625 0.403125 0.7015625
4 0.3765625000000001 0.696875 0.3671875000000001 0.696875 0.3671875000000001 0.7140625 0.3765625000000001 0.7140625
4 0.3843750000000001 0.628125 0.3750000000000001 0.628125 0.3750000000000001 0.65 0.3843750000000001 0.65
4 0.3546875000000001 0.7296875 0.34843750000000007 0.7296875 0.34843750000000007 0.7515625 0.3546875000000001 0.7515625
4 0.3656250000000001 0.7484375 0.35625000000000007 0.7484375 0.35625000000000007 0.765625 0.3656250000000001 0.765625
4 0.3390625000000001 0.7546875 0.3312500000000001 0.7546875 0.3312500000000001 0.7765625 0.3390625000000001 0.7765625
4 0.35625000000000007 0.759375 0.34843750000000007 0.759375 0.34843750000000007 0.7796875 0.35625000000000007 0.7796875
4 0.34843750000000007 0.728125 0.3421875000000001 0.728125 0.3421875000000001 0.7484375 0.34843750000000007 0.7484375
4 0.2906250000000001 0.7203125 0.2812500000000001 0.7203125 0.2812500000000001 0.740625 0.2906250000000001 0.740625
4 0.3390625000000001 0.615625 0.3296875000000001 0.615625 0.3296875000000001 0.6375 0.3390625000000001 0.6375
4 0.3531250000000001 0.625 0.3437500000000001 0.625 0.3437500000000001 0.6453125 0.3531250000000001 0.6453125
4 0.34062500000000007 0.6390625 0.3312500000000001 0.6390625 0.3312500000000001 0.6609375 0.34062500000000007 0.6609375
4 0.2828125000000001 0.7859375 0.2734375000000001 0.7859375 0.2734375000000001 0.8078125 0.2828125000000001 0.8078125
4 0.2734375000000001 0.85625 0.2640625000000001 0.85625 0.2640625000000001 0.88125 0.2734375000000001 0.88125
4 0.2609375000000001 0.8359375 0.2515625000000001 0.8359375 0.2515625000000001 0.8609375 0.2609375000000001 0.8609375
4 0.3000000000000001 0.91875 0.2890625000000001 0.91875 0.2890625000000001 0.9359375 0.3000000000000001 0.9359375
4 0.2984375000000001 0.9375 0.2890625000000001 0.9375 0.2890625000000001 0.9546875 0.2984375000000001 0.9546875
4 0.2906250000000001 0.96875 0.2812500000000001 0.96875 0.2812500000000001 0.990625 0.2906250000000001 0.990625
4 0.30156250000000007 0.965625 0.2921875000000001 0.965625 0.2921875000000001 0.9875 0.30156250000000007 0.9875
4 0.3515625000000001 0.8171875 0.3453125000000001 0.8171875 0.3453125000000001 0.8375 0.3515625000000001 0.8375
4 0.3218750000000001 0.8140625 0.3125000000000001 0.8140625 0.3125000000000001 0.8328125 0.3218750000000001 0.8328125
4 0.34062500000000007 0.446875 0.3312500000000001 0.446875 0.3312500000000001 0.4703125 0.34062500000000007 0.4703125
4 0.60625 0.53125 0.5953125 0.53125 0.5953125 0.54375 0.60625 0.54375
4 0.65 0.6015625 0.6359375 0.6015625 0.6359375 0.621875 0.65 0.621875
4 0.640625 0.6921875 0.628125 0.6921875 0.628125 0.70625 0.640625 0.70625
4 0.615625 0.6875 0.6078125 0.6875 0.6078125 0.70625 0.615625 0.70625
4 0.6046875 0.709375 0.5921875 0.709375 0.5921875000000001 0.7296875 0.6046875000000002 0.7296875
4 0.6234375000000002 0.74375 0.6093750000000002 0.74375 0.6093750000000002 0.7640625 0.6234375000000002 0.7640625
4 0.6296875000000002 0.73125 0.6203125000000002 0.73125 0.6203125000000002 0.753125 0.6296875000000002 0.753125
4 0.6187500000000001 0.775 0.6093750000000002 0.775 0.6093750000000002 0.796875 0.6187500000000001 0.796875
4 0.6500000000000001 0.7890625 0.6375000000000002 0.7890625 0.6375000000000002 0.8125 0.6500000000000001 0.8125
4 0.6609375000000002 0.78125 0.6468750000000002 0.78125 0.6468750000000002 0.7953125 0.6609375000000002 0.7953125
4 0.6937500000000002 0.8390625 0.6828125000000002 0.8390625 0.6828125000000002 0.8578125 0.6937500000000002 0.8578125
4 0.7078125000000002 0.8265625 0.6968750000000001 0.8265625 0.6968750000000001 0.846875 0.7078125000000002 0.846875
4 0.7359375000000001 0.903125 0.7250000000000002 0.903125 0.7250000000000002 0.921875 0.7359375000000001 0.921875
4 0.7703125000000002 0.9421875 0.7578125000000002 0.9421875 0.7578125000000002 0.959375 0.7703125000000002 0.959375
4 0.7906250000000001 0.9421875 0.7765625000000002 0.9421875 0.7765625000000002 0.9609375 0.7906250000000001 0.9609375
4 0.828125 0.9140625 0.815625 0.9140625 0.815625 0.93125 0.828125 0.93125
4 0.8578125 0.9515625 0.8453125 0.9515625 0.8453125 0.9734375 0.8578125 0.9734375
4 0.7921875000000002 0.871875 0.7812500000000002 0.871875 0.7812500000000002 0.8921875 0.7921875000000002 0.8921875
4 0.7890625000000002 0.846875 0.7781250000000002 0.846875 0.7781250000000002 0.865625 0.7890625000000002 0.865625
4 0.7578125000000002 0.8046875 0.7437500000000001 0.8046875 0.7437500000000001 0.8234375 0.7578125000000002 0.8234375
4 0.7781250000000002 0.821875 0.7656250000000002 0.821875 0.7656250000000002 0.840625 0.7781250000000002 0.840625
2 0.7359375000000001 0.95 0.7109375000000002 0.95 0.7109375000000002 0.9734375 0.7359375000000001 0.9734375
2 0.76875 0.6109375000000001 0.75 0.6109375000000001 0.75 0.6500000000000001 0.76875 0.6500000000000001
2 0.88125 0.27031250000000007 0.85625 0.27031250000000007 0.85625 0.3046875000000001 0.88125 0.3046875000000001
2 0.859375 0.3703125000000001 0.834375 0.3703125000000001 0.834375 0.4125000000000002 0.859375 0.4125000000000002
4 0.728125 0.3156250000000001 0.7140625 0.3156250000000001 0.7140625 0.3375000000000001 0.728125 0.3375000000000001
4 0.7171875 0.3109375000000001 0.7046875 0.3109375000000001 0.7046875 0.3265625000000001 0.7171875 0.3265625000000001
4 0.7015625 0.3531250000000001 0.6875 0.3531250000000001 0.6875 0.3734375000000001 0.7015625 0.3734375000000001
4 0.784375 0.2796875000000001 0.76875 0.2796875000000001 0.76875 0.2984375000000001 0.784375 0.2984375000000001
4 0.709375 0.2000000000000001 0.696875 0.2000000000000001 0.696875 0.2140625000000001 0.709375 0.2140625000000001
4 0.665625 0.1625000000000001 0.653125 0.1625000000000001 0.653125 0.1781250000000001 0.665625 0.1781250000000001
4 0.6546875 0.16406250000000008 0.6421875 0.16406250000000008 0.6421875 0.17968750000000008 0.6546875 0.17968750000000008
4 0.6921875 0.21250000000000008 0.6828125 0.21250000000000008 0.6828125 0.22656250000000008 0.6921875 0.22656250000000008
4 0.709375 0.2140625000000001 0.6984375 0.2140625000000001 0.6984375 0.22812500000000008 0.709375 0.22812500000000008
4 0.746875 0.13437500000000008 0.734375 0.13437500000000008 0.734375 0.14843750000000008 0.746875 0.14843750000000008
2 0.6328125 0.1359375000000001 0.6171875 0.1359375000000001 0.6171875 0.17968750000000008 0.6328125 0.17968750000000008
4 0.575 0.2828125000000001 0.5640625 0.2828125000000001 0.5640625 0.2968750000000001 0.575 0.2968750000000001
4 0.55625 0.26250000000000007 0.546875 0.26250000000000007 0.546875 0.27812500000000007 0.55625 0.27812500000000007
4 0.5953125 0.2578125000000001 0.58125 0.2578125000000001 0.58125 0.2734375000000001 0.5953125 0.2734375000000001
4 0.303125 0.11093750000000005 0.290625 0.11093750000000005 0.290625 0.12968750000000004 0.303125 0.12968750000000004
4 0.2953125 0.07656250000000005 0.284375 0.07656250000000005 0.284375 0.09531250000000005 0.2953125 0.09531250000000005
4 0.275 0.08437500000000003 0.2640625 0.08437500000000002 0.2640625 0.10468750000000004 0.275 0.10468750000000004
3 0.2265625 0.2234375 0.2046875 0.2234375 0.2046875 0.265625 0.2265625 0.265625
3 0.203125 0.18125000000000002 0.1796875 0.18125 0.17968750000000003 0.2203125 0.203125 0.2203125
6 0.2078125 0.2203125 0.18125000000000005 0.2203125 0.18125000000000005 0.2703125 0.2078125 0.2703125
3 0.246875 0.2578125 0.21875 0.2578125 0.21875 0.3015625 0.246875 0.3015625
4 0.925 0.034375000000000114 0.9109375 0.034375000000000114 0.9109375 0.050000000000000114 0.925 0.050000000000000114
4 0.8828125 0.04687500000000011 0.871875 0.04687500000000011 0.871875 0.06093750000000011 0.8828125 0.06093750000000011
4 0.88125 0.03125000000000011 0.865625 0.03125000000000011 0.865625 0.050000000000000114 0.88125 0.050000000000000114
4 0.9 0.35625000000000007 0.8859375 0.35625000000000007 0.8859375 0.3765625000000001 0.9 0.3765625000000001
4 0.878125 0.4437500000000002 0.865625 0.4437500000000002 0.865625 0.46406250000000016 0.878125 0.46406250000000016
4 0.8859375 0.41406250000000017 0.8734375 0.41406250000000017 0.8734375 0.43281250000000016 0.8859375 0.43281250000000016
4 0.8265625 0.5125000000000002 0.815625 0.5125000000000002 0.815625 0.5328125000000001 0.8265625 0.5328125000000001
3 0.740625 0.6562500000000001 0.71875 0.65625 0.71875 0.6953125000000001 0.740625 0.6953125000000002
3 0.715625 0.6125 0.6953125 0.6125 0.6953125 0.6515625 0.715625 0.6515625
3 0.703125 0.59375 0.6828125 0.59375 0.6828125 0.625 0.703125 0.625
3 0.6984375 0.5640625 0.675 0.5640625 0.675 0.6078125 0.6984375 0.6078125
3 0.63125 0.4765625 0.6109375 0.4765625 0.6109375 0.5015625 0.63125 0.5015625
3 0.68125 0.565625 0.665625 0.565625 0.665625 0.5953125 0.68125 0.5953125
3 0.678125 0.5453125 0.6578125 0.5453125 0.6578125 0.5765625 0.678125 0.5765625
3 0.6875 0.4203125 0.659375 0.4203125 0.659375 0.45625 0.6875 0.45625
3 0.7515625 0.3703125000000001 0.721875 0.3703125000000001 0.721875 0.40312500000000007 0.7515625 0.4031250000000002
3 0.8859375 0.30937500000000007 0.8515625 0.30937500000000007 0.8515625 0.36406250000000007 0.8859375 0.36406250000000007
3 0.8578125 0.2875000000000001 0.825 0.2875000000000001 0.825 0.33281250000000007 0.8578125 0.33281250000000007
3 0.8421875 0.41718750000000016 0.809375 0.41718750000000016 0.809375 0.48437500000000017 0.8421875 0.48437500000000017
3 0.815625 0.49218750000000017 0.8 0.49218750000000017 0.8 0.5203125000000002 0.815625 0.5203125000000002
3 0.8265625 0.3187500000000001 0.796875 0.3187500000000001 0.796875 0.3453125000000001 0.8265625 0.3453125000000001
4 0.5375 0.646875 0.525 0.646875 0.525 0.6625 0.5375 0.6625
4 0.60625 0.6375 0.5921875 0.6375 0.5921875 0.65625 0.60625 0.65625
4 0.571875 0.44375 0.5609375 0.44375 0.5609375 0.4671875 0.571875 0.4671875
4 0.571875 0.3968750000000001 0.559375 0.3968750000000001 0.559375 0.4125 0.571875 0.4125
4 0.5109375 0.2812500000000001 0.4953125 0.2812500000000001 0.4953125 0.2968750000000001 0.5109375 0.2968750000000001
4 0.8171875 0.98125 0.803125 0.98125 0.803125 1 0.8171875 1
4 0.8296875 0.9828125 0.81875 0.9828125 0.81875 1 0.8296875 1
6 0.0953125 9.567553118338699e-18 0.0609375 7.462691432304185e-18 0.0609375 0.054687500000000014 0.0953125 0.05468750000000002
4 0.1234375 0.10625 0.1125 0.10625 0.1125 0.1265625 0.1234375 0.1265625
4 0.15 0.1609375 0.140625 0.1609375 0.140625 0.18125 0.15 0.18125
4 0.15468750000000003 0.16875 0.1453125 0.16875 0.1453125 0.1890625 0.15468750000000003 0.1890625
4 0.15468750000000003 0.28125 0.14375000000000004 0.28125 0.14375000000000004 0.3 0.15468750000000003 0.3
2 0.3375000000000001 0.8953125 0.3218750000000001 0.8953125 0.3218750000000001 0.93125 0.3375000000000001 0.93125
4 0.2312500000000001 0.828125 0.22031250000000008 0.828125 0.22031250000000008 0.8421875 0.2312500000000001 0.8421875
4 0.23437500000000008 0.8140625 0.2234375000000001 0.8140625 0.2234375000000001 0.828125 0.23437500000000008 0.828125
4 0.24218750000000008 0.7875 0.2312500000000001 0.7875 0.2312500000000001 0.7984375 0.24218750000000008 0.7984375
4 0.2390625000000001 0.79375 0.22812500000000008 0.79375 0.22812500000000008 0.80625 0.2390625000000001 0.80625
4 0.2468750000000001 0.778125 0.2328125000000001 0.778125 0.2328125000000001 0.7875 0.2468750000000001 0.7875
4 0.2500000000000001 0.7640625 0.2406250000000001 0.7640625 0.2406250000000001 0.775 0.2500000000000001 0.775
3 0.28593750000000007 0.6578125 0.2718750000000001 0.6578125 0.2718750000000001 0.6875 0.28593750000000007 0.6875
4 0.3125000000000001 0.509375 0.30156250000000007 0.509375 0.30156250000000007 0.5234375 0.3125000000000001 0.5234375
4 0.32500000000000007 0.528125 0.3187500000000001 0.528125 0.3187500000000001 0.5515625 0.32500000000000007 0.5515625
4 0.3140625000000001 0.5734375 0.3046875000000001 0.5734375 0.3046875000000001 0.59375 0.3140625000000001 0.59375
4 0.2484375 0.2265625 0.2390625 0.2265625 0.2390625 0.2453125 0.2484375 0.2453125
4 0.240625 0.2296875 0.2328125 0.2296875 0.2328125 0.246875 0.240625 0.246875
4 0.4140625 0.2515625000000001 0.4046875 0.2515625000000001 0.4046875 0.27031250000000007 0.4140625 0.27031250000000007
4 0.4203125 0.2640625000000001 0.4109375 0.2640625000000001 0.4109375 0.2828125000000001 0.4203125 0.2828125000000001
4 0.4296875 0.2765625000000001 0.4203125 0.2765625000000001 0.4203125 0.2906250000000001 0.4296875 0.2906250000000001
4 0.4421875 0.2765625000000001 0.4359375 0.2765625000000001 0.4359375 0.2968750000000001 0.4421875 0.2968750000000001
4 0.4375 0.2750000000000001 0.43125 0.2750000000000001 0.43125 0.2953125000000001 0.4375 0.2953125000000001
4 0.440625 0.3000000000000001 0.428125 0.3000000000000001 0.428125 0.3140625000000001 0.440625 0.3140625000000001
4 0.45 0.2984375000000001 0.44375 0.2984375000000001 0.44375 0.3203125000000001 0.45 0.3203125000000001
4 0.4546875 0.2875000000000001 0.446875 0.2875000000000001 0.446875 0.3031250000000001 0.4546875 0.3031250000000001
4 0.4796875 0.2671875000000001 0.46875 0.2671875000000001 0.46875 0.2875000000000001 0.4796875 0.2875000000000001
4 0.525 0.2562500000000001 0.5140625 0.2562500000000001 0.5140625 0.2656250000000001 0.525 0.2656250000000001
4 0.5203125 0.23593750000000008 0.5109375 0.23593750000000008 0.5109375 0.2515625000000001 0.5203125 0.2515625000000001
4 0.5109375 0.2640625000000001 0.5 0.2640625000000001 0.5 0.2796875000000001 0.5109375 0.2796875000000001
3 0.5328125 0.2015625000000001 0.5125 0.2015625000000001 0.5125 0.2312500000000001 0.5328125 0.2312500000000001
4 0.5578125 0.1984375000000001 0.55 0.1984375000000001 0.55 0.2156250000000001 0.5578125 0.2156250000000001
4 0.5578125 0.18125000000000008 0.5484375 0.18125000000000008 0.5484375 0.1984375000000001 0.5578125 0.1984375000000001
4 0.5609375 0.17187500000000008 0.5515625 0.17187500000000008 0.5515625 0.1906250000000001 0.5609375 0.1906250000000001
4 0.56875 0.18906250000000008 0.5625 0.18906250000000008 0.5625 0.21250000000000008 0.56875 0.21250000000000008
4 0.5828125 0.1921875000000001 0.575 0.1921875000000001 0.575 0.21093750000000008 0.5828125 0.21093750000000008
4 0.5953125 0.18750000000000008 0.5890625 0.18750000000000008 0.5890625 0.2062500000000001 0.5953125 0.2062500000000001
4 0.5890625 0.1765625000000001 0.5828125 0.1765625000000001 0.5828125 0.1906250000000001 0.5890625 0.1906250000000001
4 0.6015625 0.16562500000000008 0.5953125 0.16562500000000008 0.5953125 0.1843750000000001 0.6015625 0.1843750000000001
4 0.609375 0.1625000000000001 0.6015625 0.1625000000000001 0.6015625 0.1828125000000001 0.609375 0.1828125000000001
4 0.615625 0.1468750000000001 0.609375 0.1468750000000001 0.609375 0.16562500000000008 0.615625 0.16562500000000008
4 0.6171875 0.1218750000000001 0.6078125 0.1218750000000001 0.6078125 0.14218750000000008 0.6171875 0.14218750000000008
4 0.6375 0.13281250000000008 0.6296875 0.13281250000000008 0.6296875 0.1515625000000001 0.6375 0.1515625000000001
4 0.6546875 0.11875000000000009 0.6484375 0.11875000000000009 0.6484375 0.13437500000000008 0.6546875 0.13437500000000008
2 0.6734375 0.1375000000000001 0.65 0.1375000000000001 0.65 0.1609375000000001 0.6734375 0.1609375000000001
4 0.6859375 0.12343750000000009 0.6765625 0.12343750000000009 0.6765625 0.1375000000000001 0.6859375 0.1375000000000001
4 0.659375 0.11718750000000008 0.6546875 0.11718750000000008 0.6546875 0.13437500000000008 0.659375 0.13437500000000008
4 0.6671875 0.11562500000000009 0.6609375 0.11562500000000009 0.6609375 0.1312500000000001 0.6671875 0.1312500000000001
4 0.671875 0.11562500000000009 0.6671875 0.11562500000000009 0.6671875 0.13281250000000008 0.671875 0.13281250000000008
4 0.6765625 0.11250000000000009 0.6703125 0.11250000000000009 0.6703125 0.1296875000000001 0.6765625 0.1296875000000001
4 0.6875 0.10156250000000008 0.6828125 0.10156250000000008 0.6828125 0.12031250000000009 0.6875 0.12031250000000009
4 0.7171875 0.10312500000000009 0.70625 0.10312500000000009 0.70625 0.11562500000000009 0.7171875 0.11562500000000009
4 0.740625 0.11093750000000009 0.7296875 0.11093750000000009 0.7296875 0.1296875000000001 0.740625 0.1296875000000001
4 0.7609375 0.1750000000000001 0.75 0.1750000000000001 0.75 0.1859375000000001 0.7609375 0.1859375000000001
4 0.75625 0.36406250000000007 0.75 0.36406250000000007 0.75 0.3828125000000001 0.75625 0.3828125000000001
4 0.71875 0.3812500000000001 0.7046875 0.3812500000000001 0.7046875 0.3968750000000001 0.71875 0.3968750000000001
4 0.653125 0.4515625 0.64375 0.4515625 0.64375 0.465625 0.653125 0.465625
3 0.715625 0.3984375000000001 0.6859375 0.3984375000000001 0.6859375 0.4375 0.715625 0.4375
3 0.6375 0.5265625 0.6203125 0.5265625 0.6203125 0.55625 0.6375 0.55625
3 0.640625 0.4890625 0.61875 0.4890625 0.61875 0.521875 0.640625 0.521875
4 0.6109375 0.525 0.6015625 0.525 0.6015625 0.5390625 0.6109375 0.5390625
4 0.7796875000000002 0.7375000000000002 0.7687500000000002 0.7375000000000002 0.7687500000000002 0.7515625000000001 0.7796875000000002 0.7515625000000001
4 0.7859375000000002 0.7296875000000002 0.7765625000000002 0.7296875000000002 0.7765625000000002 0.7421875000000002 0.7859375000000002 0.7421875000000002
4 0.7875000000000001 0.7171875000000002 0.7765625 0.7171875000000002 0.7765625 0.7312500000000002 0.7875000000000002 0.7312500000000002
4 0.7953125 0.7046875000000001 0.784375 0.7046875000000001 0.784375 0.7156250000000002 0.7953125 0.7156250000000002
4 0.7921875000000002 0.7953125000000002 0.7812500000000002 0.7953125000000002 0.7812500000000002 0.8046875 0.7921875000000002 0.8046875
4 0.834375 0.5953125000000001 0.821875 0.5953125000000001 0.821875 0.6062500000000002 0.834375 0.6062500000000002
4 0.8234375 0.6281250000000002 0.8109375 0.6281250000000002 0.8109375 0.6421875000000001 0.8234375 0.6421875000000001
4 0.784375 0.5671875000000002 0.771875 0.5671875000000002 0.771875 0.5765625000000002 0.784375 0.5765625000000002
4 0.7859375 0.5593750000000002 0.775 0.5593750000000002 0.775 0.5703125000000002 0.7859375 0.5703125000000002
4 0.7921875 0.5484375000000001 0.778125 0.5484375000000001 0.778125 0.5593750000000002 0.7921875 0.5593750000000002
4 0.796875 0.5390625000000002 0.7859375 0.5390625000000002 0.7859375 0.5515625000000002 0.796875 0.5515625000000002
4 0.8 0.5312500000000002 0.7859375 0.5312500000000002 0.7859375 0.5406250000000001 0.8 0.5406250000000001
4 0.78125 0.5734375000000002 0.7671875 0.5734375000000002 0.7671875 0.5843750000000002 0.78125 0.5843750000000002
4 0.8875 0.4312500000000002 0.88125 0.4312500000000002 0.88125 0.4515625000000002 0.8875 0.4515625000000002
4 0.896875 0.4265625000000002 0.8875 0.4265625000000002 0.8875 0.44062500000000016 0.896875 0.44062500000000016
4 0.9015625 0.4203125000000002 0.8890625 0.4203125000000002 0.8890625 0.4312500000000002 0.9015625 0.4312500000000002
4 0.9109375 0.3859375000000001 0.9015625 0.3859375000000001 0.9015625 0.40625000000000017 0.9109375 0.40625000000000017
4 0.9140625 0.3734375000000001 0.9046875 0.3734375000000001 0.9046875 0.3921875000000001 0.9140625 0.3921875000000001
4 0.9265625 0.3421875000000001 0.91875 0.3421875000000001 0.91875 0.3593750000000001 0.9265625 0.3593750000000001
4 0.33125 0.059375000000000046 0.321875 0.059375000000000046 0.321875 0.07343750000000004 0.33125 0.07343750000000004
4 0.35 0.06093750000000005 0.340625 0.06093750000000005 0.340625 0.07500000000000004 0.35 0.07500000000000004
4 0.3609375 0.03750000000000005 0.3515625 0.03750000000000005 0.3515625 0.05625000000000004 0.3609375 0.05625000000000004
4 0.35 0.025000000000000043 0.340625 0.025000000000000043 0.340625 0.04531250000000005 0.35 0.04531250000000005
4 0.36875 0.04687500000000004 0.359375 0.04687500000000004 0.359375 0.06718750000000004 0.36875 0.06718750000000004
4 0.390625 0.01562500000000005 0.3796875 0.015625000000000045 0.3796875 0.034375000000000044 0.390625 0.034375000000000044
4 0.3828125 0.06875000000000005 0.3734375 0.06875000000000005 0.3734375 0.08750000000000005 0.3828125 0.08750000000000005
4 0.371875 0.10625000000000004 0.365625 0.10625000000000004 0.365625 0.12187500000000004 0.371875 0.12187500000000004
4 0.365625 0.10468750000000004 0.3578125 0.10468750000000004 0.3578125 0.12187500000000004 0.365625 0.12187500000000004
4 0.3859375 0.09062500000000004 0.3765625 0.09062500000000004 0.3765625 0.10625000000000004 0.3859375 0.10625000000000004
4 0.3890625 0.10625000000000004 0.38125 0.10625000000000004 0.38125 0.12187500000000004 0.3890625 0.12187500000000004
4 0.3828125 0.10625000000000004 0.3765625 0.10625000000000004 0.3765625 0.11718750000000004 0.3828125 0.11718750000000004
4 0.384375 0.12812500000000004 0.375 0.12812500000000004 0.375 0.14687500000000003 0.384375 0.14687500000000003
4 0.346875 0.12343750000000005 0.340625 0.12343750000000005 0.340625 0.14062500000000006 0.346875 0.14062500000000006
4 0.353125 0.12656250000000005 0.3453125 0.12656250000000005 0.3453125 0.14062500000000006 0.353125 0.14062500000000006
4 0.3390625 0.04687500000000004 0.3296875 0.04687500000000004 0.3296875 0.06562500000000004 0.3390625 0.06562500000000004
4 0.31875 0.07656250000000005 0.309375 0.07656250000000005 0.309375 0.09062500000000004 0.31875 0.09062500000000004
4 0.325 0.08437500000000005 0.315625 0.08437500000000005 0.315625 0.10156250000000004 0.325 0.10156250000000004
4 0.33125 0.08593750000000004 0.321875 0.08593750000000004 0.321875 0.10156250000000004 0.33125 0.10156250000000004
4 0.3375 0.06406250000000005 0.328125 0.06406250000000005 0.328125 0.08281250000000004 0.3375 0.08281250000000004
4 0.3640625 0.07500000000000004 0.35625 0.07500000000000004 0.35625 0.09218750000000005 0.3640625 0.09218750000000005
4 0.36875 0.08593750000000004 0.3609375 0.08593750000000004 0.3609375 0.10000000000000005 0.36875 0.10000000000000005
4 0.35625 0.08125000000000004 0.346875 0.08125000000000004 0.346875 0.10000000000000005 0.35625 0.10000000000000005
4 0.346875 0.09062500000000004 0.340625 0.09062500000000004 0.340625 0.10468750000000004 0.346875 0.10468750000000004
4 0.3515625 0.10156250000000004 0.3421875 0.10156250000000004 0.3421875 0.11562500000000005 0.3515625 0.11562500000000005
4 0.3453125 0.11406250000000004 0.3375 0.11406250000000004 0.3375 0.13125000000000003 0.3453125 0.13125000000000003
4 0.3609375 0.12500000000000006 0.353125 0.12500000000000006 0.353125 0.14062500000000006 0.3609375 0.14062500000000006
4 0.425 0.08750000000000005 0.415625 0.08750000000000005 0.415625 0.10156250000000004 0.425 0.10156250000000004
4 0.434375 0.06562500000000004 0.425 0.06562500000000004 0.425 0.07656250000000005 0.434375 0.07656250000000005
4 0.43125 0.07500000000000004 0.421875 0.07500000000000004 0.421875 0.08593750000000004 0.43125 0.08593750000000004
4 0.3734375 0.012500000000000044 0.365625 0.012500000000000044 0.365625 0.028125000000000046 0.3734375 0.028125000000000046
4 0.3796875 0.020312500000000046 0.3734375 0.020312500000000046 0.3734375 0.03906250000000004 0.3796875 0.03906250000000004
4 0.3859375 0.029687500000000044 0.3796875 0.029687500000000044 0.3796875 0.04843750000000004 0.3859375 0.04843750000000004
4 0.3953125 0.20468750000000008 0.384375 0.20468750000000008 0.384375 0.21875000000000008 0.3953125 0.21875000000000008
4 0.403125 0.4421875 0.39531250000000007 0.4421875 0.39531250000000007 0.459375 0.403125 0.459375
4 0.4140625 0.453125 0.4078125 0.453125 0.4078125 0.46875 0.4140625 0.46875