2 0.54375 0.609375 0.5265625 0.609375 0.5265625 0.6484375 0.54375 0.6484375
0 0.546875 0.665625 0.5296875 0.665625 0.5296875 0.703125 0.546875 0.703125
4 0.478125 0.6890625 0.4578125 0.6890625 0.4578125 0.71875 0.478125 0.71875
2 0.5171875000000001 0.84375 0.4968750000000002 0.84375 0.4968750000000002 0.8875 0.5171875000000001 0.8875
4 0.5390625000000002 0.890625 0.5281250000000002 0.890625 0.5281250000000002 0.915625 0.5390625000000002 0.915625
2 0.46406250000000016 0.803125 0.4500000000000002 0.803125 0.4500000000000002 0.8390625 0.46406250000000016 0.8390625
2 0.10468750000000007 0.540625 0.07656250000000006 0.540625 0.07656250000000006 0.5765625 0.10468750000000009 0.5765625
2 0.057812500000000065 0.5375 0.032812500000000064 0.5375 0.032812500000000064 0.56875 0.057812500000000065 0.56875
2 0.05156250000000007 0.565625 0.021875000000000068 0.565625 0.021875000000000068 0.5984375 0.05156250000000007 0.5984375
2 0.048437500000000085 0.6546875 0.020312500000000077 0.6546875 0.02031250000000008 0.684375 0.04843750000000009 0.684375
4 0.41875 0.36406250000000007 0.403125 0.36406250000000007 0.403125 0.3828125000000001 0.41875 0.3828125000000001
4 0.3390625 0.3171875 0.321875 0.3171875 0.321875 0.3390625 0.3390625 0.3390625
0 0.36250000000000004 0.346875 0.340625 0.346875 0.34062500000000007 0.3765625 0.3625000000000001 0.3765625
2 0.4046875 0.3296875000000001 0.3796875 0.3296875000000001 0.3796875 0.3593750000000001 0.4046875 0.3593750000000001
2 0.4328125 0.3187500000000001 0.4078125 0.3187500000000001 0.4078125 0.34843750000000007 0.4328125 0.34843750000000007
2 0.521875 0.32500000000000007 0.4921875 0.32500000000000007 0.4921875 0.3578125000000001 0.521875 0.3578125000000001
2 0.5671875 0.3296875000000001 0.5421875 0.3296875000000001 0.5421875 0.3656250000000001 0.5671875 0.3656250000000001
3 0.29531250000000003 0.34375 0.2703125 0.34375 0.27031250000000007 0.3703125 0.2953125000000001 0.3703125
2 0.4984375 0.37187500000000007 0.475 0.37187500000000007 0.475 0.4015625 0.4984375 0.4015625
2 0.4421875 0.3812500000000001 0.4203125 0.3812500000000001 0.4203125 0.4203125 0.4421875 0.4203125
6 0.5859375 0.4 0.55625 0.4 0.55625 0.4453125 0.5859375 0.4453125
4 0.590625 0.3781250000000001 0.571875 0.3781250000000001 0.571875 0.4 0.590625 0.4
4 0.6171875 0.3937500000000001 0.596875 0.3937500000000001 0.596875 0.415625 0.6171875 0.415625
3 0.6109375 0.403125 0.5859375 0.403125 0.5859375 0.4375 0.6109375 0.4375
3 0.646875 0.4203125 0.6234375 0.4203125 0.6234375 0.4515625 0.646875 0.4515625
3 0.5984375 0.33281250000000007 0.575 0.33281250000000007 0.575 0.3625000000000001 0.5984375 0.3625000000000001
2 0.696875 0.3421875000000001 0.665625 0.3421875000000001 0.665625 0.3750000000000001 0.696875 0.3750000000000001
1 0.56875 0.22656250000000008 0.5171875 0.22656250000000008 0.5171875 0.2671875000000001 0.56875 0.2671875000000001
3 0.6453125 0.1984375000000001 0.6265625 0.1984375000000001 0.6265625 0.2234375000000001 0.6453125 0.2234375000000001
4 0.5875 0.17968750000000008 0.5671875 0.17968750000000008 0.5671875 0.20468750000000008 0.5875 0.20468750000000008
4 0.6109375 0.17968750000000008 0.5953125 0.17968750000000008 0.5953125 0.20312500000000008 0.6109375 0.20312500000000008
0 0.540625 0.16093750000000004 0.5203125 0.16093750000000004 0.5203125 0.18906250000000005 0.540625 0.18906250000000005
4 0.4953125 0.17031250000000003 0.4796875 0.17031250000000003 0.4796875 0.19375000000000003 0.4953125 0.19375000000000003
4 0.5140625 0.16406250000000006 0.5 0.16406250000000006 0.5 0.18906250000000005 0.5140625 0.18906250000000005
1 0.703125 0.2171875000000001 0.6421875 0.2171875000000001 0.6421875 0.2593750000000001 0.703125 0.2593750000000001
4 0.76875 0.20468750000000008 0.75 0.20468750000000008 0.75 0.2234375000000001 0.76875 0.2234375000000001
4 0.896875 0.2296875000000001 0.875 0.2296875000000001 0.875 0.2500000000000001 0.896875 0.2500000000000001
4 0.9078125 0.2453125000000001 0.890625 0.2453125000000001 0.890625 0.27031250000000007 0.9078125 0.27031250000000007
2 0.7875 0.13437500000000008 0.7703125 0.13437500000000008 0.7703125 0.1765625000000001 0.7875 0.1765625000000001
2 0.8515625 0.1671875000000001 0.825 0.1671875000000001 0.825 0.19531250000000008 0.8515625 0.19531250000000008
2 0.93125 0.1890625000000001 0.9 0.18906250000000008 0.9 0.2156250000000001 0.93125 0.2156250000000001
2 0.83125 0.0046875000000001004 0.8125 0.0046875000000001 0.8125 0.0500000000000001 0.83125 0.050000000000000114
4 0.703125 0.1140625000000001 0.69375 0.1140625000000001 0.69375 0.1390625000000001 0.703125 0.1390625000000001
4 0.7140625 0.1140625000000001 0.7015625 0.1140625000000001 0.7015625 0.1390625000000001 0.7140625 0.1390625000000001
2 0.55 6.630314311008718e-17 0.5328125 6.52507122670699e-17 0.5328125 0.021875000000000068 0.55 0.021875000000000068
2 0.634375 7.663610047789296e-17 0.6171875 7.558366963487571e-17 0.6171875 0.02656250000000008 0.634375 0.02656250000000008
2 0.5734375 0.06093750000000007 0.5484375 0.06093750000000007 0.5484375 0.10937500000000008 0.5734375 0.10937500000000008
0 0.5171875 0.12656250000000005 0.4953125 0.12656250000000005 0.4953125 0.16093750000000004 0.5171875 0.16093750000000004
2 0.5609375 0.18593750000000006 0.5375 0.18593750000000003 0.5375 0.21250000000000008 0.5609375 0.21250000000000008
0 0.05 4.975127621536123e-18 0.03125 3.827021247335479e-18 0.03125 0.023437500000000007 0.05 0.023437500000000007
4 0.035937500000000004 0.034375 0.020312500000000004 0.034375 0.020312500000000004 0.059375 0.03593750000000001 0.059375
4 0.04218750000000001 0.06875 0.02343750000000001 0.06875 0.02343750000000001 0.090625 0.04218750000000001 0.090625
4 0.02187500000000001 0.0546875 0.004687500000000007 0.0546875 0.004687500000000008 0.071875 0.021875000000000012 0.071875
4 0.02187500000000001 0.065625 0.0031250000000000084 0.065625 0.0031250000000000097 0.0859375 0.021875000000000012 0.0859375
2 0.1390625 0.1484375 0.109375 0.1484375 0.109375 0.1765625 0.1390625 0.1765625
2 0.043750000000000025 0.14375 0.015625000000000017 0.14375 0.01562500000000002 0.1734375 0.043750000000000025 0.1734375
4 0.07812500000000003 0.128125 0.06093750000000002 0.128125 0.06093750000000002 0.1546875 0.07812500000000003 0.1546875
4 0.1765625 0.09687500000000002 0.1609375 0.09687500000000002 0.1609375 0.1265625 0.1765625 0.1265625
4 0.2265625 0.12031250000000004 0.20625 0.12031250000000004 0.20625 0.14531250000000004 0.2265625 0.14531250000000004
4 0.3078125 0.12656250000000005 0.2890625 0.12656250000000005 0.2890625 0.15000000000000005 0.3078125 0.15000000000000005
4 0.321875 0.11093750000000005 0.3046875 0.11093750000000005 0.3046875 0.13593750000000004 0.321875 0.13593750000000004
4 0.265625 0.16562500000000005 0.2484375 0.16562500000000005 0.2484375 0.19062500000000004 0.265625 0.19062500000000004
2 0.19531250000000003 0.17031250000000003 0.1671875 0.1703125 0.16718750000000002 0.2015625 0.19531250000000006 0.2015625
2 0.2796875 0.18906250000000005 0.2484375 0.18906250000000005 0.2484375 0.215625 0.2796875 0.215625
0 0.459375 0.13906250000000003 0.440625 0.13906250000000003 0.440625 0.16562500000000005 0.459375 0.16562500000000005
0 0.428125 0.12812500000000004 0.4078125 0.12812500000000004 0.4078125 0.15781250000000005 0.428125 0.15781250000000005
0 0.428125 0.21093750000000008 0.4078125 0.21093750000000008 0.4078125 0.2375000000000001 0.428125 0.2375000000000001
0 0.4109375 0.21093750000000008 0.3921875 0.21093750000000008 0.3921875 0.2406250000000001 0.4109375 0.2406250000000001
0 0.3953125 0.20468750000000008 0.3765625 0.20468750000000008 0.3765625 0.2328125000000001 0.3953125 0.2328125000000001
0 0.35 0.17656250000000004 0.33125 0.17656250000000004 0.33125 0.2015625 0.35 0.2015625
2 0.3421875 0.2015625 0.3125 0.2015625 0.3125 0.228125 0.3421875 0.228125
4 0.3359375 0.18906250000000005 0.3203125 0.18906250000000005 0.3203125 0.209375 0.3359375 0.209375
4 0.3578125 0.19531250000000006 0.340625 0.19531250000000006 0.340625 0.2109375 0.3578125 0.2109375
4 0.3515625 0.209375 0.3375 0.209375 0.3375 0.2296875 0.3515625 0.2296875
4 0.3484375 0.14531250000000004 0.334375 0.14531250000000004 0.334375 0.16562500000000005 0.3484375 0.16562500000000005
4 0.3640625 0.11875000000000005 0.3484375 0.11875000000000005 0.3484375 0.13750000000000004 0.3640625 0.13750000000000004
4 0.36875 0.14062500000000006 0.353125 0.14062500000000006 0.353125 0.16406250000000006 0.36875 0.16406250000000006
4 0.3796875 0.13437500000000005 0.359375 0.13437500000000005 0.359375 0.15156250000000004 0.3796875 0.15156250000000004
4 0.384375 0.14531250000000004 0.365625 0.14531250000000004 0.365625 0.16718750000000004 0.384375 0.16718750000000004
4 0.4140625 0.16406250000000006 0.4 0.16406250000000006 0.4 0.18281250000000004 0.4140625 0.18281250000000004
4 0.409375 0.17500000000000004 0.3953125 0.17500000000000004 0.3953125 0.19687500000000005 0.409375 0.19687500000000005
4 0.43125 0.17812500000000003 0.415625 0.17812500000000003 0.415625 0.19843750000000004 0.43125 0.19843750000000004
0 0.403125 0.11406250000000004 0.384375 0.11406250000000004 0.384375 0.14062500000000006 0.403125 0.14062500000000006
0 0.3875 0.12031250000000004 0.3671875 0.12031250000000004 0.3671875 0.14687500000000003 0.3875 0.14687500000000003
4 0.415625 0.12031250000000004 0.4015625 0.12031250000000004 0.4015625 0.13593750000000004 0.415625 0.13593750000000004
4 0.440625 0.14531250000000004 0.421875 0.14531250000000004 0.421875 0.16562500000000005 0.440625 0.16562500000000005
2 0.3859375 0.16250000000000003 0.3625 0.16250000000000003 0.3625 0.19375000000000003 0.3859375 0.19375000000000003
2 0.4109375 0.13593750000000004 0.384375 0.13593750000000004 0.384375 0.16406250000000006 0.4109375 0.16406250000000006
3 0.3703125 0.17812500000000003 0.34375 0.17812500000000003 0.34375 0.20781250000000004 0.3703125 0.2078125000000001
2 0.409375 0.18593750000000003 0.375 0.18593750000000003 0.375 0.21250000000000008 0.409375 0.21250000000000008
2 0.428125 0.18437500000000004 0.403125 0.18437500000000004 0.403125 0.2140625000000001 0.428125 0.2140625000000001
2 0.4140625 0.13750000000000004 0.384375 0.13750000000000004 0.384375 0.16875000000000004 0.4140625 0.16875000000000004
2 0.375 0.20312500000000006 0.3484375 0.203125 0.3484375 0.22968750000000004 0.375 0.2296875000000001
4 0.8984375 0.3687500000000001 0.8796875 0.3687500000000001 0.8796875 0.3937500000000001 0.8984375 0.3937500000000001
4 0.9421875 0.3921875000000001 0.9265625 0.3921875000000001 0.9265625 0.41718750000000016 0.9421875 0.41718750000000016
2 0.884375 0.3906250000000001 0.8546875 0.3906250000000001 0.8546875 0.42500000000000016 0.884375 0.42500000000000016
0 0.8390625 0.42187500000000017 0.8171875 0.42187500000000017 0.8171875 0.4437500000000002 0.8390625 0.4437500000000002
0 0.821875 0.4046875000000002 0.796875 0.4046875000000002 0.796875 0.42968750000000017 0.821875 0.42968750000000017
2 0.7421875 0.3468750000000001 0.7109375 0.3468750000000001 0.7109375 0.3765625000000001 0.7421875 0.3765625000000001
2 0.4859375000000002 0.7484375 0.4703125000000002 0.7484375 0.4703125000000002 0.796875 0.4859375000000002 0.796875
2 0.596875 0.4578125 0.575 0.4578125 0.575 0.496875 0.596875 0.496875
1 0.78125 0.3703125000000001 0.7109375 0.3703125000000001 0.7109375 0.4062500000000001 0.78125 0.40625000000000017
0 0.746875 0.39531250000000007 0.7265625 0.39531250000000007 0.7265625 0.42968750000000017 0.746875 0.42968750000000017
2 0.728125 0.41875000000000007 0.6984375 0.41875 0.6984375 0.4453125000000001 0.728125 0.44531250000000017
2 0.703125 0.3750000000000001 0.6765625 0.3750000000000001 0.6765625 0.4015625 0.703125 0.4015625
4 0.69375 0.3906250000000001 0.678125 0.3906250000000001 0.678125 0.4125 0.69375 0.4125
0 0.6828125 0.4140625 0.665625 0.4140625 0.665625 0.4453125 0.6828125 0.4453125
2 0.6703125 0.3687500000000001 0.6453125 0.3687500000000001 0.6453125 0.3984375000000001 0.6703125 0.3984375000000001
2 0.653125 0.34062500000000007 0.6296875 0.34062500000000007 0.6296875 0.3687500000000001 0.653125 0.3687500000000001
1 0.64375 0.35625000000000007 0.5875 0.35625000000000007 0.5875 0.4 0.64375 0.4
4 0.4703125 0.55 0.45625 0.55 0.45625 0.578125 0.4703125 0.578125
4 0.4890625 0.5109375 0.4734375 0.5109375 0.4734375 0.5390625 0.4890625 0.5390625
4 0.4890625 0.4890625 0.475 0.4890625 0.475 0.5203125 0.4890625 0.5203125
4 0.5015625 0.4734375 0.4859375 0.4734375 0.4859375 0.5078125 0.5015625 0.5078125
4 0.4890625 0.4703125 0.4796875 0.4703125 0.4796875 0.5 0.4890625 0.5
4 0.484375 0.4734375 0.4734375 0.4734375 0.4734375 0.4984375 0.484375 0.4984375
2 0.4953125 0.509375 0.48125 0.509375 0.48125 0.5546875 0.4953125 0.5546875
2 0.509375 0.4828125 0.4921875 0.4828125 0.4921875 0.5328125 0.509375 0.5328125
1 0.26875 0.3109375 0.203125 0.3109375 0.203125 0.3515625 0.26875 0.3515625
4 0.24687500000000004 0.3390625 0.2296875 0.3390625 0.22968750000000004 0.365625 0.2468750000000001 0.365625
2 0.2875 0.296875 0.2609375 0.296875 0.2609375 0.3265625 0.2875 0.3265625
2 0.2171875 0.284375 0.18906250000000005 0.284375 0.18906250000000005 0.315625 0.2171875 0.315625
4 0.18437500000000004 0.3046875 0.17031250000000003 0.3046875 0.17031250000000003 0.3265625 0.18437500000000004 0.3265625
4 0.17656250000000004 0.3109375 0.16093750000000004 0.3109375 0.16093750000000004 0.3359375 0.17656250000000004 0.3359375
4 0.13750000000000004 0.3390625 0.12187500000000004 0.3390625 0.12187500000000004 0.3609375 0.13750000000000004 0.3609375
1 0.15156250000000004 0.2890625 0.07500000000000004 0.2890625 0.07500000000000004 0.334375 0.15156250000000004 0.334375
0 0.15625000000000006 0.3234375 0.13125000000000003 0.3234375 0.13125000000000003 0.353125 0.15625000000000006 0.353125
3 0.35625000000000007 0.39375 0.33281250000000007 0.39375 0.33281250000000007 0.421875 0.35625000000000007 0.421875
4 0.3375000000000001 0.4078125 0.3234375000000001 0.4078125 0.3234375000000001 0.4265625 0.3375000000000001 0.4265625
4 0.3062500000000001 0.571875 0.2921875000000001 0.571875 0.2921875000000001 0.5921875 0.3062500000000001 0.5921875
4 0.3078125000000001 0.5765625 0.2890625000000001 0.5765625 0.2890625000000001 0.5953125 0.3078125000000001 0.5953125
4 0.3046875000000001 0.5890625 0.2875000000000001 0.5890625 0.2875000000000001 0.6078125 0.3046875000000001 0.6078125
2 0.9921875 0.40625000000000017 0.9625 0.40625000000000017 0.9625 0.4359375000000002 0.9921875 0.4359375000000002
2 0.990625 0.42968750000000017 0.9609375 0.42968750000000017 0.9609375 0.4578125000000002 0.990625 0.4578125000000002
4 1 0.41718750000000016 0.990625 0.41718750000000016 0.990625 0.44531250000000017 1 0.44531250000000017