2 0.728125 0.5359375000000001 0.696875 0.5359375 0.696875 0.5578125 0.728125 0.5578125000000002
2 0.996875 0.3421875000000001 0.971875 0.3421875000000001 0.971875 0.37187500000000007 0.996875 0.37187500000000007
2 0.7890625 0.17187500000000008 0.7578125 0.17187500000000008 0.7578125 0.2000000000000001 0.7890625 0.2000000000000001
2 0.7953125 0.2500000000000001 0.765625 0.2500000000000001 0.765625 0.2812500000000001 0.7953125 0.2812500000000001
2 0.546875 0.4859375 0.5171875 0.4859375 0.5171875 0.5078125 0.546875 0.5078125
2 0.5140625 0.3546875000000001 0.4890625 0.3546875000000001 0.4890625 0.3781250000000001 0.5140625 0.3781250000000001
2 0.17343750000000005 0.225 0.15000000000000005 0.225 0.15000000000000005 0.26875 0.17343750000000005 0.26875
2 0.034375 3.2529680602351575e-18 0.01875 2.296212748401287e-18 0.018750000000000003 0.046875 0.03437500000000001 0.046875
2 0.06406250000000002 0.1125 0.04843750000000001 0.1125 0.048437500000000015 0.1546875 0.06406250000000002 0.1546875
2 0.050000000000000024 0.1625 0.02812500000000002 0.1625 0.02812500000000002 0.2078125 0.050000000000000024 0.2078125
2 0.03281250000000003 0.2140625 0.015625000000000028 0.2140625 0.01562500000000003 0.2578125 0.032812500000000036 0.2578125
2 0.040625000000000036 0.2484375 0.021875000000000026 0.2484375 0.021875000000000033 0.2953125 0.040625000000000036 0.2953125
2 0.014062500000000037 0.2671875 0.003125000000000033 0.2671875 0.0031250000000000353 0.30625 0.014062500000000039 0.30625
4 0.017187500000000005 0.0390625 0.010937500000000006 0.0390625 0.010937500000000006 0.0578125 0.017187500000000005 0.0578125
4 0.014062500000000002 0.01875 0.007812500000000003 0.01875 0.007812500000000003 0.034375 0.014062500000000006 0.034375
4 0.27031250000000007 0.346875 0.2578125 0.346875 0.25781250000000006 0.3671875 0.27031250000000007 0.3671875
4 0.4375 0.521875 0.425 0.521875 0.425 0.5375 0.4375 0.5375
4 0.5140625 0.5125 0.5 0.5125 0.5 0.5296875 0.5140625 0.5296875
4 0.6171875 0.34843750000000007 0.6015625 0.34843750000000007 0.6015625 0.3656250000000001 0.6171875 0.3656250000000001
0 0.60625 0.50625 0.5875 0.50625 0.5875 0.5296875 0.60625 0.5296875
0 0.4703125 0.515625 0.4515625 0.515625 0.4515625 0.5421875 0.4703125 0.5421875
0 0.20781250000000004 0.346875 0.18906250000000005 0.346875 0.18906250000000005 0.36875 0.2078125000000001 0.36875
6 0.09218750000000003 0.271875 0.06093750000000002 0.271875 0.06093750000000003 0.3453125 0.09218750000000005 0.3453125