6 0.60625 0.2875000000000001 0.5671875 0.2875000000000001 0.5671875 0.3531250000000001 0.60625 0.3531250000000001
2 0.6015625 0.36406250000000007 0.5609375 0.36406250000000007 0.5609375 0.3937500000000001 0.6015625 0.3937500000000001
1 0.7140625 0.3546875000000001 0.6359375 0.3546875000000001 0.6359375 0.4140625 0.7140625 0.4140625
5 0.2000000000000001 0.8953125 0.16406250000000008 0.8953125 0.1640625000000001 0.9796875 0.2000000000000001 0.9796875
4 0.5000000000000002 0.959375 0.4859375000000002 0.959375 0.4859375000000002 0.9953125 0.5000000000000002 0.9953125
4 0.5156250000000002 0.9421875 0.5000000000000002 0.9421875 0.5000000000000002 0.9828125 0.5156250000000002 0.9828125
4 0.4734375000000002 0.834375 0.4578125000000002 0.834375 0.4578125000000002 0.871875 0.4734375000000002 0.871875
4 0.44843750000000016 0.8953125 0.4343750000000002 0.8953125 0.4343750000000002 0.9265625 0.44843750000000016 0.9265625
2 0.44843750000000016 0.81875 0.42500000000000016 0.81875 0.42500000000000016 0.8921875 0.44843750000000016 0.8921875
2 0.5421875 0.5921875 0.521875 0.5921875 0.521875 0.6640625 0.5421875 0.6640625
2 0.509375 0.48125 0.4890625 0.48125 0.4890625 0.546875 0.509375 0.546875
4 0.4875 0.49375 0.4703125 0.49375 0.4703125 0.5296875 0.4875 0.5296875
4 0.4984375 0.4671875 0.4796875 0.4671875 0.4796875 0.5140625 0.4984375 0.5140625
4 0.478125 0.3703125000000001 0.459375 0.3703125000000001 0.459375 0.403125 0.478125 0.403125
4 0.453125 0.36406250000000007 0.4359375 0.36406250000000007 0.4359375 0.3859375000000001 0.453125 0.3859375000000001
3 0.4328125 0.3218750000000001 0.4140625 0.3218750000000001 0.4140625 0.3515625000000001 0.4328125 0.3515625000000001
2 0.428125 0.3421875000000001 0.3921875 0.3421875000000001 0.3921875 0.3734375000000001 0.428125 0.3734375000000001
0 0.34843750000000007 0.3453125 0.3234375 0.3453125 0.32343750000000004 0.38125 0.34843750000000007 0.38125
0 0.425 0.2093750000000001 0.4046875 0.2093750000000001 0.4046875 0.2390625000000001 0.425 0.2390625000000001
0 0.409375 0.21093750000000008 0.390625 0.21093750000000008 0.390625 0.2453125000000001 0.409375 0.2453125000000001
0 0.39375 0.21093750000000008 0.3703125 0.21093750000000008 0.3703125 0.23593750000000008 0.39375 0.23593750000000008
0 0.515625 0.12812500000000004 0.4859375 0.12812500000000004 0.4859375 0.16406250000000006 0.515625 0.16406250000000006
2 0.2625 0.18750000000000006 0.2359375 0.18750000000000006 0.2359375 0.221875 0.2625 0.221875
2 0.2875 0.12343750000000005 0.2609375 0.12343750000000005 0.2609375 0.16406250000000006 0.2875 0.16406250000000006
2 0.3734375 0.14843750000000006 0.346875 0.14843750000000006 0.346875 0.18281250000000004 0.3734375 0.18281250000000004
3 0.3703125 0.18125000000000005 0.340625 0.18125000000000005 0.340625 0.20781250000000004 0.3703125 0.2078125000000001
2 0.421875 0.18906250000000005 0.4 0.18906250000000005 0.4 0.2140625000000001 0.421875 0.2140625000000001
2 0.421875 0.16875000000000004 0.3984375 0.16875000000000004 0.3984375 0.19375000000000003 0.421875 0.19375000000000003
4 0.31875 0.14375000000000004 0.3 0.14375000000000004 0.3 0.16718750000000004 0.31875 0.16718750000000004
4 0.3328125 0.13593750000000004 0.315625 0.13593750000000004 0.315625 0.15781250000000005 0.3328125 0.15781250000000005
4 0.3859375 0.11562500000000005 0.3671875 0.11562500000000005 0.3671875 0.13750000000000004 0.3859375 0.13750000000000004
4 0.425 0.13437500000000005 0.40625 0.13437500000000005 0.40625 0.14843750000000006 0.425 0.14843750000000006
4 0.41875 0.14218750000000005 0.4046875 0.14218750000000005 0.4046875 0.15625000000000006 0.41875 0.15625000000000006
4 0.421875 0.14218750000000005 0.40625 0.14218750000000005 0.40625 0.16875000000000004 0.421875 0.16875000000000004
4 0.4046875 0.18125000000000005 0.371875 0.18125000000000005 0.371875 0.2156250000000001 0.4046875 0.2156250000000001
4 0.3921875 0.16718750000000004 0.3796875 0.16718750000000004 0.3796875 0.19531250000000006 0.3921875 0.19531250000000006
4 0.403125 0.17187500000000006 0.3875 0.17187500000000006 0.3875 0.19531250000000006 0.403125 0.19531250000000006
2 0.3703125 0.20000000000000004 0.3453125 0.2 0.3453125 0.23125000000000004 0.3703125 0.2312500000000001
4 0.3484375 0.2046875 0.328125 0.2046875 0.328125 0.234375 0.3484375 0.234375
4 0.340625 0.18437500000000004 0.31875 0.18437500000000004 0.31875 0.2046875 0.340625 0.2046875
2 0.3953125 0.3125000000000001 0.365625 0.3125000000000001 0.365625 0.3437500000000001 0.3953125 0.3437500000000001
2 0.38281250000000006 0.32500000000000007 0.3515625 0.325 0.35156250000000006 0.36718750000000006 0.3828125000000001 0.3671875000000001
4 0.321875 0.340625 0.3 0.340625 0.30000000000000004 0.371875 0.3218750000000001 0.371875
4 0.28437500000000004 0.3453125 0.2640625 0.3453125 0.26406250000000003 0.375 0.2843750000000001 0.375
2 0.28125 0.2984375 0.2484375 0.2984375 0.2484375 0.3296875 0.28125 0.3296875
4 0.2625 0.3296875 0.2390625 0.3296875 0.2390625 0.353125 0.2625 0.353125
4 0.2328125 0.31875 0.2140625 0.31875 0.2140625 0.3453125 0.2328125 0.3453125
4 0.2265625 0.33125 0.20625 0.33125 0.20625 0.3625 0.2265625 0.3625
2 0.228125 0.28125 0.2015625 0.28125 0.2015625 0.321875 0.228125 0.321875
4 0.2265625 0.12187500000000004 0.2046875 0.12187500000000004 0.2046875 0.15156250000000004 0.2265625 0.15156250000000004
4 0.1625 0.1140625 0.146875 0.1140625 0.146875 0.1390625 0.1625 0.1390625
4 0.159375 0.1484375 0.1328125 0.1484375 0.1328125 0.178125 0.159375 0.178125
4 0.15468750000000003 0.3125 0.13125000000000003 0.3125 0.13125000000000003 0.3484375 0.15468750000000003 0.3484375
4 0.09062500000000004 0.3171875 0.07500000000000004 0.3171875 0.07500000000000004 0.3453125 0.09062500000000004 0.3453125
4 0.09375000000000003 0.271875 0.07343750000000002 0.271875 0.07343750000000003 0.3015625 0.09375000000000004 0.3015625
4 0.08750000000000005 0.2921875 0.06718750000000004 0.2921875 0.06718750000000004 0.3171875 0.08750000000000005 0.3171875
2 0.14843750000000006 0.275 0.12343750000000005 0.275 0.12343750000000005 0.3109375 0.14843750000000006 0.3109375
2 0.18593750000000003 0.2984375 0.15625000000000006 0.2984375 0.15625000000000006 0.33125 0.18593750000000003 0.33125
4 0.06093750000000005 0.2796875 0.04531250000000003 0.2796875 0.04531250000000003 0.309375 0.06093750000000005 0.309375
4 0.029687500000000033 0.2734375 0.012500000000000034 0.2734375 0.012500000000000035 0.3 0.029687500000000033 0.3
4 0.020312500000000032 0.2625 0.003125000000000032 0.2625 0.003125000000000033 0.284375 0.020312500000000032 0.284375
4 0.02968750000000004 0.2953125 0.010937500000000036 0.2953125 0.010937500000000037 0.3265625 0.029687500000000044 0.3265625
4 0.012500000000000035 0.275 3.367778697655221e-17 0.275 3.5782648662586727e-17 0.309375 0.012500000000000039 0.309375
0 0.032812500000000015 0.1125 0.010937500000000013 0.1125 0.010937500000000015 0.14375 0.03281250000000002 0.14375
0 0.0921875 0.031250000000000014 0.06875 0.031250000000000014 0.06875 0.08125000000000002 0.0921875 0.08125000000000002
4 0.034375 0.0265625 0.018750000000000006 0.0265625 0.018750000000000006 0.0609375 0.03437500000000001 0.0609375
4 0.01875000000000001 0.0484375 5.931882933369992e-18 0.0484375 7.271340369937409e-18 0.0703125 0.01875000000000001 0.0703125
4 0.015625000000000007 0.0625 7.654042494670958e-18 0.0625 9.184850993605149e-18 0.0875 0.01562500000000001 0.0875
0 0.0515625 4.783776559169348e-18 0.0265625 3.2529680602351567e-18 0.0265625 0.026562500000000006 0.0515625 0.02656250000000001
6 0.3625000000000001 0.3890625 0.3312500000000001 0.3890625 0.3312500000000001 0.4296875 0.3625000000000001 0.4296875
2 0.1062500000000001 0.5515625 0.06406250000000006 0.5515625 0.06406250000000006 0.5765625 0.1062500000000001 0.5765625
2 0.04687500000000008 0.6546875 0.01093750000000008 0.6546875 0.010937500000000083 0.6890625 0.04687500000000009 0.6890625
2 0.05312500000000007 0.540625 0.028125000000000067 0.540625 0.028125000000000067 0.56875 0.05312500000000007 0.56875
2 0.05468750000000007 0.5671875 0.018750000000000072 0.5671875 0.018750000000000072 0.596875 0.05468750000000007 0.596875
2 0.56875 0.05937500000000007 0.5484375 0.05937500000000007 0.5484375 0.1218750000000001 0.56875 0.1218750000000001
2 0.5453125 6.592044098535362e-17 0.53125 6.505936120470313e-17 0.53125 0.025000000000000067 0.5453125 0.025000000000000067
2 0.6359375 7.634907388434281e-17 0.6109375 7.481826538540861e-17 0.6109375 0.03437500000000008 0.6359375 0.03437500000000008
4 0.7 0.11875000000000009 0.690625 0.11875000000000009 0.690625 0.14218750000000008 0.7 0.14218750000000008
4 0.7125 0.11562500000000009 0.7 0.11562500000000009 0.7 0.14218750000000008 0.7125 0.14218750000000008
2 0.8484375 0.16562500000000008 0.8203125 0.16562500000000008 0.8203125 0.2015625000000001 0.8484375 0.2015625000000001
2 0.81875 0.1671875000000001 0.7890625 0.1671875000000001 0.7890625 0.20468750000000008 0.81875 0.20468750000000008
2 0.7859375 0.13437500000000008 0.7625 0.13437500000000008 0.7625 0.1859375000000001 0.7859375 0.1859375000000001
3 0.7796875 0.17968750000000008 0.7578125 0.17968750000000008 0.7578125 0.2093750000000001 0.7796875 0.2093750000000001
4 0.7765625 0.19531250000000008 0.7578125 0.19531250000000008 0.7578125 0.22812500000000008 0.7765625 0.22812500000000008
4 0.8390625 0.2156250000000001 0.8203125 0.2156250000000001 0.8203125 0.2500000000000001 0.8390625 0.2500000000000001
2 0.828125 0.0015625000000001003 0.809375 0.0015625000000000992 0.809375 0.0562500000000001 0.828125 0.05625000000000011
3 0.803125 0.05625000000000009 0.7875 0.05625000000000009 0.7875 0.09687500000000009 0.803125 0.09687500000000009
4 1 0.20312500000000008 0.96875 0.20312500000000008 0.96875 0.22812500000000008 1 0.22812500000000008
2 0.9421875 0.3656250000000001 0.9125 0.3656250000000001 0.9125 0.39531250000000007 0.9421875 0.39531250000000007
2 0.99375 0.3656250000000001 0.9578125 0.3656250000000001 0.9578125 0.4000000000000002 0.99375 0.4000000000000002
2 0.96875 0.3734375000000001 0.9421875 0.3734375000000001 0.9421875 0.4265625000000002 0.96875 0.4265625000000002
2 1 0.3890625000000001 0.978125 0.3890625000000001 0.978125 0.4281250000000002 1 0.4281250000000002
2 1 0.42500000000000016 0.9828125 0.42500000000000016 0.9828125 0.46406250000000016 1 0.46406250000000016
2 0.934375 0.4187500000000002 0.9046875 0.4187500000000002 0.9046875 0.4500000000000002 0.934375 0.4500000000000002
2 0.9234375 0.38750000000000007 0.890625 0.38750000000000007 0.890625 0.41718750000000016 0.9234375 0.41718750000000016
3 0.9015625 0.36406250000000007 0.8765625 0.36406250000000007 0.8765625 0.3921875000000001 0.9015625 0.3921875000000001
1 0.8890625 0.3812500000000001 0.8234375 0.3812500000000001 0.8234375 0.4265625000000002 0.8890625 0.4265625000000002
2 0.8296875 0.3546875000000001 0.8046875 0.3546875000000001 0.8046875 0.3843750000000001 0.8296875 0.3843750000000001
2 0.8546875 0.35625000000000007 0.8265625 0.35625000000000007 0.8265625 0.3906250000000001 0.8546875 0.3906250000000001
3 0.88125 0.34843750000000007 0.8515625 0.34843750000000007 0.8515625 0.38750000000000007 0.88125 0.38750000000000007
3 0.8359375 0.41718750000000016 0.809375 0.41718750000000016 0.809375 0.44531250000000017 0.8359375 0.44531250000000017
0 0.878125 0.42968750000000017 0.8578125 0.42968750000000017 0.8578125 0.46093750000000017 0.878125 0.46093750000000017
0 0.8109375 0.4234375000000002 0.7859375 0.4234375000000002 0.7859375 0.4515625000000002 0.8109375 0.4515625000000002
2 0.8703125 0.40937500000000016 0.8421875 0.40937500000000016 0.8421875 0.44531250000000017 0.8703125 0.44531250000000017
2 0.8140625 0.3968750000000001 0.7890625 0.3968750000000001 0.7890625 0.42187500000000017 0.8140625 0.42187500000000017
2 0.8 0.35625000000000007 0.771875 0.35625000000000007 0.771875 0.3890625000000001 0.8 0.3890625000000001
2 0.7875 0.41406250000000017 0.759375 0.41406250000000017 0.759375 0.44062500000000016 0.7875 0.44062500000000016
1 0.790625 0.37968750000000007 0.715625 0.37968750000000007 0.715625 0.4234375000000001 0.790625 0.4234375000000002
6 0.74375 0.3500000000000001 0.715625 0.3500000000000001 0.715625 0.3921875000000001 0.74375 0.3921875000000001
2 0.7734375 0.3437500000000001 0.7390625 0.3437500000000001 0.7390625 0.3828125000000001 0.7734375 0.3828125000000001
4 0.759375 0.3703125000000001 0.7421875 0.3703125000000001 0.7421875 0.3921875000000001 0.759375 0.3921875000000001
4 0.8046875 0.45312500000000017 0.7828125 0.45312500000000017 0.7828125 0.47187500000000016 0.8046875 0.47187500000000016
4 0.834375 0.44843750000000016 0.8140625 0.44843750000000016 0.8140625 0.4781250000000002 0.834375 0.4781250000000002
4 0.89375 0.4125000000000002 0.875 0.4125000000000002 0.875 0.4390625000000002 0.89375 0.4390625000000002
4 0.7109375 0.4328125 0.690625 0.4328125 0.690625 0.4546875 0.7109375 0.4546875
4 0.6796875 0.4390625 0.6640625 0.4390625 0.6640625 0.4546875 0.6796875 0.4546875
4 0.646875 0.409375 0.628125 0.409375 0.628125 0.428125 0.646875 0.428125
0 0.671875 0.3921875000000001 0.640625 0.3921875000000001 0.640625 0.43125 0.671875 0.43125
2 0.70625 0.409375 0.671875 0.409375 0.671875 0.440625 0.70625 0.440625
4 0.6125 0.3859375000000001 0.5890625 0.3859375000000001 0.5890625 0.4203125 0.6125 0.4203125
0 0.578125 0.3828125000000001 0.55 0.3828125000000001 0.55 0.4203125 0.578125 0.4203125
2 0.628125 0.4234375 0.590625 0.4234375 0.590625 0.4703125 0.628125 0.4703125