2 0.02187500000000001 0.03125 0.003125000000000004 0.03125 0.003125000000000007 0.0796875 0.021875000000000012 0.0796875
4 0.021875000000000002 0.007812500000000003 0.0125 0.007812500000000003 0.012500000000000002 0.0265625 0.021875000000000006 0.0265625
2 0.16250000000000003 0.2484375 0.13906250000000003 0.2484375 0.13906250000000003 0.29375 0.16250000000000003 0.29375
5 0.08125000000000004 0.3015625 0.05312500000000005 0.3015625 0.05312500000000005 0.3765625 0.08125000000000004 0.3765625
3 0.14375000000000004 0.359375 0.10937500000000004 0.359375 0.10937500000000004 0.4140625 0.14375000000000004 0.4140625
0 0.20312500000000008 0.3703125 0.18281250000000004 0.3703125 0.18281250000000004 0.3921875 0.20312500000000008 0.3921875
2 0.11875000000000005 0.4546875 0.08906250000000007 0.4546875 0.08906250000000007 0.4828125 0.11875000000000005 0.4828125
4 0.04843750000000006 0.4578125 0.03281250000000006 0.4578125 0.03281250000000006 0.4765625 0.04843750000000006 0.4765625
2 0.19531250000000006 0.4453125 0.17187500000000006 0.4453125 0.17187500000000006 0.465625 0.19531250000000006 0.465625
2 0.27031250000000007 0.440625 0.2453125000000001 0.440625 0.2453125000000001 0.465625 0.27031250000000007 0.465625
2 0.3187500000000001 0.45625 0.2890625000000001 0.45625 0.2890625000000001 0.48125 0.3187500000000001 0.48125
2 0.2687500000000001 0.5015625 0.24218750000000008 0.5015625 0.24218750000000008 0.53125 0.2687500000000001 0.53125
2 0.15937500000000004 0.509375 0.12812500000000004 0.509375 0.12812500000000004 0.534375 0.15937500000000004 0.534375
2 0.12500000000000006 0.5109375 0.10468750000000004 0.5109375 0.10468750000000004 0.534375 0.12500000000000006 0.534375
2 0.09843750000000007 0.51875 0.07500000000000007 0.51875 0.07500000000000007 0.540625 0.09843750000000007 0.540625
0 0.2656250000000001 0.4078125 0.2484375000000001 0.4078125 0.2484375000000001 0.4296875 0.2656250000000001 0.4296875
4 0.2656250000000001 0.36875 0.2500000000000001 0.36875 0.2500000000000001 0.3875 0.2656250000000001 0.3875
0 0.04375000000000007 0.5125 0.023437500000000062 0.5125 0.023437500000000062 0.5328125 0.04375000000000007 0.5328125
2 0.048437500000000064 0.5328125 0.021875000000000068 0.5328125 0.021875000000000068 0.5546875 0.048437500000000064 0.5546875
2 0.07187500000000006 0.5125 0.04687500000000007 0.5125 0.04687500000000007 0.53125 0.07187500000000006 0.53125
2 0.07187500000000006 0.5328125 0.05156250000000007 0.5328125 0.05156250000000007 0.5515625 0.07187500000000006 0.5515625
2 0.09531250000000006 0.55 0.07031250000000007 0.55 0.07031250000000007 0.5671875 0.09531250000000006 0.5671875
2 0.12343750000000009 0.55 0.10000000000000009 0.55 0.10000000000000009 0.5671875 0.12343750000000009 0.5671875
2 0.15468750000000006 0.540625 0.13125000000000003 0.540625 0.13125000000000006 0.5625 0.1546875000000001 0.5625
2 0.18593750000000006 0.5375 0.16093750000000004 0.5375 0.16093750000000007 0.5625 0.1859375000000001 0.5625
2 0.1453125000000001 0.5640625 0.12500000000000008 0.5640625 0.12500000000000008 0.5859375 0.1453125000000001 0.5859375
2 0.1062500000000001 0.56875 0.08125000000000007 0.56875 0.08125000000000007 0.59375 0.1062500000000001 0.59375
3 0.056250000000000064 0.6015625 0.03437500000000008 0.6015625 0.03437500000000008 0.625 0.056250000000000064 0.625
0 0.1390625000000001 0.6046875 0.11875000000000009 0.6046875 0.11875000000000009 0.625 0.1390625000000001 0.625
0 0.06562500000000007 0.5734375 0.04687500000000007 0.5734375 0.04687500000000007 0.5890625 0.06562500000000007 0.5890625
4 0.034375000000000065 0.5625 0.020312500000000067 0.5625 0.02031250000000007 0.5734375 0.034375000000000065 0.5734375
4 0.045312500000000075 0.5796875 0.032812500000000064 0.5796875 0.03281250000000007 0.590625 0.045312500000000075 0.590625
4 0.08125000000000007 0.5734375 0.06718750000000007 0.5734375 0.06718750000000007 0.5890625 0.08125000000000007 0.5890625
2 0.509375 0.3593750000000001 0.484375 0.3593750000000001 0.484375 0.3843750000000001 0.509375 0.3843750000000001
4 0.5484375 0.38750000000000007 0.5375 0.38750000000000007 0.5375 0.4 0.5484375 0.4
4 0.5421875 0.446875 0.53125 0.446875 0.53125 0.459375 0.5421875 0.459375
4 0.671875 0.3765625000000001 0.6578125 0.3765625000000001 0.6578125 0.3906250000000001 0.671875 0.3906250000000001
5 0.7265625 0.4281250000000001 0.6953125 0.428125 0.6953125 0.4546875000000001 0.7265625 0.4546875000000002
4 0.8671875 0.3703125000000001 0.853125 0.3703125000000001 0.853125 0.3859375000000001 0.8671875 0.3859375000000001
3 0.9125 0.3234375000000001 0.8828125 0.3234375000000001 0.8828125 0.34843750000000007 0.9125 0.34843750000000007
3 0.99375 0.3203125000000001 0.96875 0.3203125000000001 0.96875 0.3437500000000001 0.99375 0.3437500000000001
2 0.9375 0.5015625000000001 0.9078125 0.5015625000000001 0.9078125 0.5312500000000002 0.9375 0.5312500000000002
2 1 0.46093750000000017 0.9734375 0.46093750000000017 0.9734375 0.4906250000000002 1 0.4906250000000002
2 0.790625 0.2390625000000001 0.7625 0.2390625000000001 0.7625 0.2640625000000001 0.790625 0.2640625000000001
2 0.78125 0.15781250000000008 0.7515625 0.15781250000000008 0.7515625 0.1859375000000001 0.78125 0.1859375000000001