5 0.14218750000000008 0.6671875 0.10312500000000009 0.6671875 0.10312500000000009 0.6921875 0.14218750000000008 0.6921875
5 0.16562500000000008 0.634375 0.1281250000000001 0.634375 0.1281250000000001 0.6546875 0.16562500000000008 0.6546875
6 0.04375000000000005 0.4109375 0.01406250000000005 0.4109375 0.01406250000000005 0.4265625 0.04375000000000005 0.4265625
5 0.2968750000000001 0.6296875 0.2640625000000001 0.6296875 0.2640625000000001 0.6484375 0.2968750000000001 0.6484375
6 0.2562500000000001 0.5234375 0.2312500000000001 0.5234375 0.2312500000000001 0.540625 0.2562500000000001 0.540625
5 0.2890625000000001 0.54375 0.2515625000000001 0.54375 0.2515625000000001 0.565625 0.2890625000000001 0.565625
2 0.3546875 0.2828125 0.3359375 0.2828125 0.3359375 0.3015625 0.3546875 0.3015625
0 0.4125 0.453125 0.3968750000000001 0.453125 0.3968750000000001 0.4640625 0.4125 0.4640625
2 0.4234375 0.5265625 0.4046875 0.5265625 0.4046875 0.5421875 0.4234375 0.5421875
2 0.4640625 0.6015625 0.4484375 0.6015625 0.4484375 0.6109375 0.4640625 0.6109375
6 0.5109375 0.6171875 0.48125 0.6171875 0.48125 0.634375 0.5109375 0.634375
4 0.5359375 0.6046875 0.5265625 0.6046875 0.5265625 0.615625 0.5359375 0.615625
3 0.4921875 0.54375 0.471875 0.54375 0.471875 0.5625 0.4921875 0.5625
3 0.5859375 0.6234375 0.571875 0.6234375 0.571875 0.634375 0.5859375 0.634375
2 0.503125 0.4140625 0.4875 0.4140625 0.4875 0.428125 0.503125 0.428125
2 0.5140625 0.31718750000000007 0.5046875 0.31718750000000007 0.5046875 0.3468750000000001 0.5140625 0.3468750000000001
2 0.5265625 0.31718750000000007 0.5171875 0.31718750000000007 0.5171875 0.3453125000000001 0.5265625 0.3453125000000001
2 0.565625 0.3078125000000001 0.55625 0.3078125000000001 0.55625 0.33281250000000007 0.565625 0.33281250000000007
2 0.5765625 0.30937500000000007 0.5671875 0.30937500000000007 0.5671875 0.3343750000000001 0.5765625 0.3343750000000001
4 0.590625 0.3984375000000001 0.58125 0.3984375000000001 0.58125 0.409375 0.590625 0.409375
5 0.6734375 0.471875 0.6328125 0.471875 0.6328125 0.496875 0.6734375 0.496875
1 0.6875 0.3781250000000001 0.64375 0.3781250000000001 0.64375 0.3984375000000001 0.6875 0.3984375000000001
5 0.746875 0.3781250000000001 0.6984375 0.3781250000000001 0.6984375 0.4000000000000001 0.746875 0.4000000000000002
2 0.7265625 0.6468750000000001 0.715625 0.646875 0.715625 0.675 0.7265625 0.6750000000000002
0 0.725 0.59375 0.7140625 0.59375 0.7140625 0.6078125 0.725 0.6078125
0 0.7421875 0.5625000000000002 0.73125 0.5625000000000002 0.73125 0.5718750000000001 0.7421875 0.5718750000000001
0 0.753125 0.6078125000000002 0.74375 0.6078125000000002 0.74375 0.6187500000000001 0.753125 0.6187500000000001
4 0.775 0.5640625000000001 0.765625 0.5640625000000001 0.765625 0.5734375000000002 0.775 0.5734375000000002
0 0.828125 0.6031250000000001 0.8171875 0.6031250000000001 0.8171875 0.6171875000000002 0.828125 0.6171875000000002
2 0.7328125 0.44218750000000007 0.71875 0.4421875 0.71875 0.4562500000000001 0.7328125 0.45625000000000016
2 0.790625 0.44062500000000016 0.771875 0.44062500000000016 0.771875 0.4578125000000002 0.790625 0.4578125000000002
2 0.8203125 0.42187500000000017 0.80625 0.42187500000000017 0.80625 0.43750000000000017 0.8203125 0.43750000000000017
5 0.9109375 0.6312500000000002 0.8671875 0.6312500000000002 0.8671875 0.6593750000000002 0.9109375 0.6593750000000002
1 0.89375 0.3812500000000001 0.859375 0.3812500000000001 0.859375 0.4156250000000002 0.89375 0.4156250000000002
0 0.925 0.4078125000000002 0.90625 0.4078125000000002 0.90625 0.4265625000000002 0.925 0.4265625000000002
4 0.959375 0.4625000000000002 0.9515625 0.4625000000000002 0.9515625 0.47187500000000016 0.959375 0.47187500000000016
2 0.9859375 0.5890625000000002 0.9640625 0.5890625000000002 0.9640625 0.6078125000000002 0.9859375 0.6078125000000002