4 0.2640625 0.001562500000000032 0.25625 0.0015625000000000313 0.25625 0.012500000000000034 0.2640625 0.012500000000000034
4 0.2734375 0.03593750000000003 0.26875 0.03593750000000003 0.26875 0.05000000000000003 0.2734375 0.050000000000000044
4 0.321875 0.18906250000000005 0.315625 0.18906250000000005 0.315625 0.2 0.321875 0.2
4 0.3265625 0.2265625 0.3203125 0.2265625 0.3203125 0.2375 0.3265625 0.2375
4 0.3046875 0.2046875 0.2984375 0.2046875 0.2984375 0.215625 0.3046875 0.215625
4 0.39375 0.23593750000000008 0.3890625 0.23593750000000008 0.3890625 0.2468750000000001 0.39375 0.2468750000000001
4 0.4046875 0.2484375000000001 0.4 0.2484375000000001 0.4 0.2593750000000001 0.4046875 0.2593750000000001
4 0.4109375 0.27031250000000007 0.40625 0.27031250000000007 0.40625 0.2812500000000001 0.4109375 0.2812500000000001
4 0.4078125 0.2593750000000001 0.4015625 0.2593750000000001 0.4015625 0.2687500000000001 0.4078125 0.2687500000000001
4 0.4 0.27812500000000007 0.39375 0.27812500000000007 0.39375 0.2890625000000001 0.4 0.2890625000000001
4 0.3953125 0.2984375000000001 0.390625 0.2984375000000001 0.390625 0.30937500000000007 0.3953125 0.30937500000000007
4 0.4046875 0.3265625000000001 0.396875 0.3265625000000001 0.396875 0.3375000000000001 0.4046875 0.3375000000000001
4 0.3984375000000001 0.3921875000000001 0.3937500000000001 0.3921875000000001 0.3937500000000001 0.403125 0.3984375000000001 0.403125
4 0.428125 0.40625 0.4234375 0.40625 0.4234375 0.4171875 0.428125 0.4171875
4 0.4109375 0.5125 0.4046875 0.5125 0.4046875 0.521875 0.4109375 0.521875
4 0.3906250000000001 0.5421875 0.3843750000000001 0.5421875 0.3843750000000001 0.55 0.3906250000000001 0.55
4 0.3578125000000001 0.596875 0.34843750000000007 0.596875 0.34843750000000007 0.609375 0.3578125000000001 0.609375
4 0.3890625000000001 0.5984375 0.3828125000000001 0.5984375 0.3828125000000001 0.609375 0.3890625000000001 0.609375
4 0.2812500000000001 0.6765625 0.2750000000000001 0.6765625 0.2750000000000001 0.6875 0.2812500000000001 0.6875
4 0.3000000000000001 0.7484375 0.29375000000000007 0.7484375 0.29375000000000007 0.759375 0.3000000000000001 0.759375
4 0.2890625000000001 0.7828125 0.2828125000000001 0.7828125 0.2828125000000001 0.79375 0.2890625000000001 0.79375
4 0.17343750000000013 0.91875 0.16875000000000012 0.91875 0.16875000000000012 0.928125 0.17343750000000013 0.928125
4 0.33281250000000007 0.9734375 0.3281250000000001 0.9734375 0.3281250000000001 0.984375 0.33281250000000007 0.984375
4 0.3734375000000001 0.8078125 0.3671875000000001 0.8078125 0.3671875000000001 0.81875 0.3734375000000001 0.81875
4 0.7718750000000002 0.903125 0.7671875000000001 0.903125 0.7671875000000001 0.9125 0.7718750000000002 0.9125
4 0.7125000000000001 0.8734375 0.7062500000000002 0.8734375 0.7062500000000002 0.8828125 0.7125000000000001 0.8828125
4 0.6687500000000002 0.834375 0.6640625000000002 0.834375 0.6640625000000002 0.84375 0.6687500000000002 0.84375
4 0.6265625000000001 0.8109375 0.6203125000000002 0.8109375 0.6203125000000002 0.821875 0.6265625000000001 0.821875
4 0.6234375000000002 0.7890625 0.6156250000000002 0.7890625 0.6156250000000002 0.8 0.6234375000000002 0.8
4 0.58125 0.721875 0.575 0.721875 0.5750000000000001 0.73125 0.5812500000000002 0.73125
4 0.64375 0.6671875 0.6390625 0.6671875 0.6390625 0.678125 0.64375 0.678125
4 0.63125 0.37187500000000007 0.625 0.37187500000000007 0.625 0.3812500000000001 0.63125 0.3812500000000001
4 0.6078125 0.5109375 0.6 0.5109375 0.6 0.5171875 0.6078125 0.5171875
4 0.6140625 0.4984375 0.6078125 0.4984375 0.6078125 0.5078125 0.6140625 0.5078125
4 0.621875 0.484375 0.615625 0.484375 0.615625 0.49375 0.621875 0.49375
4 0.6203125 0.475 0.615625 0.475 0.615625 0.484375 0.6203125 0.484375
4 0.6171875 0.4703125 0.6109375 0.4703125 0.6109375 0.478125 0.6171875 0.478125
4 0.6015625 0.5078125 0.5953125 0.5078125 0.5953125 0.5171875 0.6015625 0.5171875
4 0.5953125 0.5078125 0.5890625 0.5078125 0.5890625 0.515625 0.5953125 0.515625
4 0.596875 0.521875 0.590625 0.521875 0.590625 0.53125 0.596875 0.53125
4 0.59375 0.5171875 0.5875 0.5171875 0.5875 0.5265625 0.59375 0.5265625
4 0.68125 0.34062500000000007 0.675 0.34062500000000007 0.675 0.3500000000000001 0.68125 0.3500000000000001
4 0.7015625 0.2953125000000001 0.6953125 0.2953125000000001 0.6953125 0.3062500000000001 0.7015625 0.3062500000000001
4 0.790625 0.18750000000000008 0.784375 0.18750000000000008 0.784375 0.1984375000000001 0.790625 0.1984375000000001
4 0.7875 0.1828125000000001 0.78125 0.1828125000000001 0.78125 0.1937500000000001 0.7875 0.1937500000000001
4 0.7203125 0.04843750000000009 0.7140625 0.04843750000000009 0.7140625 0.05937500000000009 0.7203125 0.05937500000000009
4 0.703125 0.05468750000000009 0.696875 0.05468750000000009 0.696875 0.06562500000000009 0.703125 0.06562500000000009
4 0.59375 0.24218750000000008 0.5875 0.24218750000000008 0.5875 0.2515625000000001 0.59375 0.2515625000000001
4 0.4859375 0.478125 0.48125 0.478125 0.48125 0.490625 0.4859375 0.490625
2 0.05156250000000011 0.9734375 0.03437500000000012 0.9734375 0.03437500000000012 0.9953125 0.05156250000000011 0.9953125
2 0.037500000000000124 0.9765625 0.020312500000000122 0.9765625 0.020312500000000122 1 0.037500000000000124 1
2 0.0843750000000001 0.803125 0.06875000000000009 0.803125 0.0687500000000001 0.8296875 0.08437500000000012 0.8296875
2 0.2062500000000001 0.984375 0.19218750000000012 0.984375 0.19218750000000012 1 0.2062500000000001 1
2 0.2593750000000001 0.9765625 0.24375000000000008 0.9765625 0.24375000000000008 1 0.2593750000000001 1
2 0.2562500000000001 0.50625 0.24218750000000008 0.50625 0.24218750000000008 0.53125 0.2562500000000001 0.53125
2 0.275 0.11406250000000004 0.2609375 0.11406250000000004 0.2609375 0.14062500000000006 0.275 0.14062500000000006
2 0.3671875 0.12500000000000006 0.353125 0.12500000000000006 0.353125 0.14531250000000004 0.3671875 0.14531250000000004
2 0.459375 0.12812500000000004 0.4453125 0.12812500000000004 0.4453125 0.15156250000000004 0.459375 0.15156250000000004
2 0.3921875 0.2671875000000001 0.378125 0.2671875000000001 0.378125 0.29375000000000007 0.3921875 0.29375000000000007
2 0.409375 0.2921875000000001 0.396875 0.2921875000000001 0.396875 0.3156250000000001 0.409375 0.3156250000000001
2 0.3671875000000001 0.3765625 0.3531250000000001 0.3765625 0.3531250000000001 0.39687500000000003 0.3671875000000001 0.3968750000000001
2 0.32500000000000007 0.596875 0.3109375000000001 0.596875 0.3109375000000001 0.61875 0.32500000000000007 0.61875
2 0.3421875000000001 0.625 0.3265625000000001 0.625 0.3265625000000001 0.653125 0.3421875000000001 0.653125
2 0.3546875000000001 0.54375 0.3375000000000001 0.54375 0.3375000000000001 0.5734375 0.3546875000000001 0.5734375
2 0.3890625000000001 0.475 0.3781250000000001 0.475 0.3781250000000001 0.4984375 0.3890625000000001 0.4984375
2 0.3937500000000001 0.5015625 0.37968750000000007 0.5015625 0.37968750000000007 0.525 0.3937500000000001 0.525
2 0.4015625 0.515625 0.38750000000000007 0.515625 0.38750000000000007 0.5390625 0.4015625 0.5390625
2 0.40625 0.528125 0.3921875000000001 0.528125 0.3921875000000001 0.553125 0.40625 0.553125
2 0.3937500000000001 0.5515625 0.37968750000000007 0.5515625 0.37968750000000007 0.5765625 0.3937500000000001 0.5765625
2 0.4015625 0.5953125 0.3890625000000001 0.5953125 0.3890625000000001 0.6171875 0.4015625 0.6171875
2 0.4546875 0.5171875 0.44375 0.5171875 0.44375 0.5375 0.4546875 0.5375
2 0.5359375 0.4109375 0.521875 0.4109375 0.521875 0.434375 0.5359375 0.434375
2 0.5703125 0.4015625 0.55625 0.4015625 0.55625 0.428125 0.5703125 0.428125
2 0.6421875 0.22812500000000008 0.63125 0.22812500000000008 0.63125 0.2500000000000001 0.6421875 0.2500000000000001
2 0.684375 0.1218750000000001 0.6671875 0.1218750000000001 0.6671875 0.14843750000000008 0.684375 0.14843750000000008
2 0.76875 0.1781250000000001 0.7546875 0.1781250000000001 0.7546875 0.20312500000000008 0.76875 0.20312500000000008
2 0.671875 0.2578125000000001 0.6578125 0.2578125000000001 0.6578125 0.2812500000000001 0.671875 0.2812500000000001
2 0.51875 0.5234375 0.503125 0.5234375 0.503125 0.5515625 0.51875 0.5515625
2 0.4921875 0.5375 0.4765625 0.5375 0.4765625 0.5640625 0.4921875 0.5640625
2 0.3984375000000001 0.734375 0.3843750000000001 0.734375 0.3843750000000001 0.759375 0.3984375000000001 0.759375
2 0.6953125 0.3187500000000001 0.68125 0.3187500000000001 0.68125 0.3437500000000001 0.6953125 0.3437500000000001
2 0.6875 0.3109375000000001 0.6734375 0.3109375000000001 0.6734375 0.3359375000000001 0.6875 0.3359375000000001
2 0.6765625 0.3531250000000001 0.6625 0.3531250000000001 0.6625 0.3750000000000001 0.6765625 0.3750000000000001
2 0.665625 0.3515625000000001 0.653125 0.3515625000000001 0.653125 0.37187500000000007 0.665625 0.37187500000000007
2 0.6765625 0.3734375000000001 0.6609375 0.3734375000000001 0.6609375 0.3984375000000001 0.6765625 0.3984375000000001
2 0.6609375 0.3765625000000001 0.65 0.3765625000000001 0.65 0.3968750000000001 0.6609375 0.3968750000000001
2 0.6484375 0.3812500000000001 0.634375 0.3812500000000001 0.634375 0.4046875 0.6484375 0.4046875
2 0.659375 0.3984375000000001 0.64375 0.3984375000000001 0.64375 0.425 0.659375 0.425
2 0.6375 0.403125 0.621875 0.403125 0.621875 0.4296875 0.6375 0.4296875
2 0.6359375 0.428125 0.6203125 0.428125 0.6203125 0.4546875 0.6359375 0.4546875
2 0.621875 0.428125 0.6078125 0.428125 0.6078125 0.4484375 0.621875 0.4484375
2 0.6078125 0.4515625 0.59375 0.4515625 0.59375 0.4734375 0.6078125 0.4734375
2 0.615625 0.45625 0.6015625 0.45625 0.6015625 0.48125 0.615625 0.48125
2 0.6140625 0.48125 0.6 0.48125 0.6 0.50625 0.6140625 0.50625
2 0.6046875 0.478125 0.5890625 0.478125 0.5890625 0.503125 0.6046875 0.503125
2 0.59375 0.4765625 0.5796875 0.4765625 0.5796875 0.496875 0.59375 0.496875
2 0.5421875 0.5625 0.5328125 0.5625 0.5328125 0.5765625 0.5421875 0.5765625
2 0.540625 0.603125 0.528125 0.603125 0.528125 0.625 0.540625 0.625
2 0.5546875 0.640625 0.5390625 0.640625 0.5390625 0.6640625 0.5546875 0.6640625
2 0.578125 0.684375 0.5640625 0.684375 0.5640625 0.7078125 0.578125 0.7078125
2 0.565625 0.7125 0.546875 0.7125 0.5468750000000001 0.7328125 0.5656250000000002 0.7328125
2 0.6203125 0.7171875 0.60625 0.7171875 0.6062500000000001 0.7421875 0.6203125000000002 0.7421875
2 0.6062500000000001 0.715625 0.5921875 0.715625 0.5921875000000001 0.7375 0.6062500000000002 0.7375
2 0.6031250000000001 0.7265625 0.5875000000000001 0.7265625 0.5875000000000001 0.7515625 0.6031250000000001 0.7515625
2 0.6296875000000002 0.759375 0.6171875000000002 0.759375 0.6171875000000002 0.7796875 0.6296875000000002 0.7796875
2 0.6171875000000002 0.759375 0.6046875000000002 0.759375 0.6046875000000002 0.7828125 0.6171875000000002 0.7828125
2 0.6531250000000002 0.7734375 0.6375000000000002 0.7734375 0.6375000000000002 0.79375 0.6531250000000002 0.79375
2 0.6500000000000001 0.7953125 0.6359375000000002 0.7953125 0.6359375000000002 0.81875 0.6500000000000001 0.81875
2 0.6500000000000001 0.8171875 0.6343750000000001 0.8171875 0.6343750000000001 0.8390625 0.6500000000000001 0.8390625
2 0.6828125000000002 0.8203125 0.6671875000000002 0.8203125 0.6671875000000002 0.8453125 0.6828125000000002 0.8453125
2 0.7031250000000002 0.846875 0.6859375000000002 0.846875 0.6859375000000002 0.871875 0.7031250000000002 0.871875
2 0.6718750000000002 0.8734375 0.6578125000000001 0.8734375 0.6578125000000001 0.8984375 0.6718750000000002 0.8984375
3 0.0718750000000001 0.88125 0.05468750000000011 0.88125 0.05468750000000011 0.9078125 0.0718750000000001 0.9078125
5 0.3515625 0.09218750000000005 0.325 0.09218750000000005 0.325 0.12968750000000004 0.3515625 0.12968750000000004
5 0.421875 0.13125000000000003 0.3984375 0.13125000000000003 0.3984375 0.17187500000000006 0.421875 0.17187500000000006
0 0.2765625 0.17968750000000006 0.265625 0.17968750000000006 0.265625 0.19687500000000005 0.2765625 0.19687500000000005
0 0.33125 0.13593750000000004 0.321875 0.13593750000000004 0.321875 0.15468750000000003 0.33125 0.15468750000000003
0 0.303125 0.2375 0.29375 0.2375 0.29375 0.25625 0.303125 0.25625
0 0.353125 0.2796875 0.3453125 0.2796875 0.3453125 0.2953125 0.353125 0.2953125
0 0.39375000000000004 0.3625000000000001 0.3875 0.3625000000000001 0.38750000000000007 0.3781250000000001 0.3937500000000001 0.3781250000000001
0 0.434375 0.440625 0.425 0.440625 0.425 0.4578125 0.434375 0.4578125
0 0.3828125000000001 0.5046875 0.3734375000000001 0.5046875 0.3734375000000001 0.5203125 0.3828125000000001 0.5203125
0 0.46093750000000017 0.7828125 0.4515625000000002 0.7828125 0.4515625000000002 0.796875 0.46093750000000017 0.796875
0 0.7000000000000002 0.7453125 0.6890625000000001 0.7453125 0.6890625000000001 0.759375 0.7000000000000002 0.759375
0 0.6796875 0.6984375 0.6734375 0.6984375 0.6734375 0.7125 0.6796875 0.7125
0 0.615625 0.56875 0.609375 0.56875 0.609375 0.584375 0.615625 0.584375
0 0.6359375 0.5625 0.6265625 0.5625 0.6265625 0.578125 0.6359375 0.578125
0 0.5890625 0.528125 0.5796875 0.528125 0.5796875 0.54375 0.5890625 0.54375
0 0.63125 0.459375 0.621875 0.459375 0.621875 0.4734375 0.63125 0.4734375
0 0.6734375 0.33281250000000007 0.665625 0.33281250000000007 0.665625 0.3468750000000001 0.6734375 0.3468750000000001
0 0.940625 0.03906250000000011 0.928125 0.03906250000000011 0.928125 0.05937500000000011 0.940625 0.05937500000000011
0 0.9234375 0.03593750000000011 0.9125 0.03593750000000011 0.9125 0.05625000000000011 0.9234375 0.05625000000000011