1 0.03906250000000007 0.5296875 6.486801014233636e-17 0.5296875 6.601611651653701e-17 0.5484375 0.03906250000000007 0.5484375
1 0.026562500000000065 0.5515625 6.754692501547121e-17 0.5515625 6.869503138967185e-17 0.5703125 0.026562500000000065 0.5703125
3 0.13125000000000003 0.48125 0.11250000000000004 0.48125 0.11250000000000004 0.4984375 0.13125000000000003 0.4984375
5 0.1609375000000001 0.665625 0.1218750000000001 0.665625 0.1218750000000001 0.6875 0.1609375000000001 0.6875
5 0.1859375000000001 0.63125 0.1468750000000001 0.63125 0.1468750000000001 0.6515625 0.1859375000000001 0.6515625
6 0.17031250000000006 0.54375 0.13437500000000005 0.54375 0.13437500000000008 0.5671875 0.1703125000000001 0.5671875
4 0.2171875000000001 0.4546875 0.2078125000000001 0.4546875 0.2078125000000001 0.46875 0.2171875000000001 0.46875
6 0.3187500000000001 0.6265625 0.2796875000000001 0.6265625 0.2796875000000001 0.64375 0.3187500000000001 0.64375
3 0.3109375000000001 0.5234375 0.28593750000000007 0.5234375 0.28593750000000007 0.5421875 0.3109375000000001 0.5421875
5 0.3281250000000001 0.4703125 0.2812500000000001 0.4703125 0.2812500000000001 0.490625 0.3281250000000001 0.490625
5 0.3281250000000001 0.4953125 0.2875000000000001 0.4953125 0.2875000000000001 0.515625 0.3281250000000001 0.515625
5 0.3859375000000001 0.46875 0.3421875000000001 0.46875 0.3421875000000001 0.4921875 0.3859375000000001 0.4921875
2 0.415625 0.5234375 0.4 0.5234375 0.4 0.5390625 0.415625 0.5390625
4 0.4390625 0.559375 0.425 0.559375 0.425 0.5703125 0.4390625 0.5703125
6 0.5109375 0.5359375 0.48125 0.5359375 0.48125 0.55625 0.5109375 0.55625
6 0.5484375 0.4640625 0.515625 0.4640625 0.515625 0.4875 0.5484375 0.4875
6 0.5265625 0.6140625 0.5 0.6140625 0.5 0.6375 0.5265625 0.6375
4 0.578125 0.603125 0.5703125 0.603125 0.5703125 0.6171875 0.578125 0.6171875
3 0.6125 0.584375 0.5921875 0.584375 0.5921875 0.5984375 0.6125 0.5984375
3 0.6 0.61875 0.5890625 0.61875 0.5890625 0.628125 0.6 0.628125
2 0.7328125 0.6078125000000001 0.7171875 0.6078125 0.7171875 0.6203125 0.7328125 0.6203125000000002
5 0.7421875 0.5421875 0.7015625 0.5421875 0.7015625 0.565625 0.7421875 0.5656250000000002
0 0.7734375 0.5984375000000002 0.7578125 0.5984375000000002 0.7578125 0.6140625000000002 0.7734375 0.6140625000000002
0 0.85 0.5968750000000002 0.8328125 0.5968750000000002 0.8328125 0.6109375000000001 0.85 0.6109375000000001
5 0.8234375 0.4593750000000002 0.7796875 0.4593750000000002 0.7796875 0.4812500000000002 0.8234375 0.4812500000000002
6 0.8859375 0.3593750000000001 0.865625 0.3593750000000001 0.865625 0.3968750000000001 0.8859375 0.3968750000000001
4 0.971875 0.4437500000000002 0.9609375 0.4437500000000002 0.9609375 0.4625000000000002 0.971875 0.4625000000000002
0 0.6765625 0.45 0.659375 0.45 0.659375 0.4609375 0.6765625 0.4609375
1 0.7015625 0.3734375000000001 0.6578125 0.3734375000000001 0.6578125 0.39531250000000007 0.7015625 0.39531250000000007
5 0.7640625 0.3734375000000001 0.7140625 0.3734375000000001 0.7140625 0.3937500000000001 0.7640625 0.3937500000000001
2 0.3703125 0.27968750000000003 0.3515625 0.2796875 0.3515625 0.30000000000000004 0.3703125 0.3000000000000001
2 0.5296875 0.3140625000000001 0.5171875 0.3140625000000001 0.5171875 0.3421875000000001 0.5296875 0.3421875000000001
2 0.540625 0.3125000000000001 0.53125 0.3125000000000001 0.53125 0.3468750000000001 0.540625 0.3468750000000001
2 0.58125 0.3046875000000001 0.56875 0.3046875000000001 0.56875 0.3312500000000001 0.58125 0.3312500000000001
2 0.590625 0.3062500000000001 0.58125 0.3062500000000001 0.58125 0.3312500000000001 0.590625 0.3312500000000001
2 0.93125 0.6109375000000001 0.915625 0.6109375000000001 0.915625 0.6265625000000001 0.93125 0.6265625000000001
4 0.9734375 0.5937500000000002 0.9625 0.5937500000000002 0.9625 0.6046875000000002 0.9734375 0.6046875000000002
5 0.928125 0.6312500000000002 0.8875 0.6312500000000002 0.8875 0.6531250000000002 0.928125 0.6531250000000002
2 0.74375 0.6406250000000002 0.7328125 0.6406250000000002 0.7328125 0.6718750000000002 0.74375 0.6718750000000002