2 0.99375 0.3000000000000001 0.965625 0.3000000000000001 0.965625 0.3203125000000001 0.99375 0.3203125000000001
2 0.7890625 0.2234375000000001 0.7609375 0.2234375000000001 0.7609375 0.2468750000000001 0.7890625 0.2468750000000001
2 0.778125 0.14218750000000008 0.7484375 0.14218750000000008 0.7484375 0.1625000000000001 0.778125 0.1625000000000001
2 0.9140625 0.3000000000000001 0.8859375 0.3000000000000001 0.8859375 0.3296875000000001 0.9140625 0.3296875000000001
2 0.7859375 0.4515625000000002 0.7609375 0.4515625000000002 0.7609375 0.4781250000000002 0.7859375 0.4781250000000002
4 0.88125 0.5109375000000002 0.8609375 0.5109375000000002 0.8609375 0.5375000000000002 0.88125 0.5375000000000002
3 0.5921875 0.37187500000000007 0.5703125 0.37187500000000007 0.5703125 0.3906250000000001 0.5921875 0.3906250000000001
4 0.56875 0.32500000000000007 0.5578125 0.32500000000000007 0.5578125 0.3437500000000001 0.56875 0.3437500000000001
4 0.10156250000000008 0.56875 0.08437500000000006 0.56875 0.08437500000000006 0.5890625 0.10156250000000008 0.5890625
4 0.9171875 0.49531250000000016 0.90625 0.49531250000000016 0.90625 0.5109375000000002 0.9171875 0.5109375000000002
4 0.012500000000000077 0.625 7.654042494670958e-17 0.625 7.740150472736006e-17 0.6390625 0.012500000000000077 0.6390625
3 0.06093750000000007 0.5875 0.04531250000000007 0.5875 0.045312500000000075 0.6015625 0.06093750000000007 0.6015625
2 0.15000000000000005 0.2625 0.13750000000000004 0.2625 0.13750000000000004 0.29375 0.15000000000000005 0.29375
2 0.1843750000000001 0.546875 0.15781250000000008 0.546875 0.15781250000000008 0.5734375 0.1843750000000001 0.5734375
2 0.046875000000000014 0.1125 0.03593750000000001 0.1125 0.03593750000000002 0.1484375 0.04687500000000002 0.1484375
2 0.05468750000000002 0.1578125 0.042187500000000024 0.1578125 0.042187500000000024 0.2015625 0.05468750000000002 0.2015625
2 0.04843750000000003 0.2078125 0.034375000000000024 0.2078125 0.03437500000000003 0.2375 0.048437500000000036 0.2375
2 0.034375000000000024 0.1765625 0.021875000000000023 0.1765625 0.021875000000000026 0.2125 0.034375000000000024 0.2125
2 0.028125000000000032 0.2296875 0.014062500000000028 0.2296875 0.01406250000000003 0.275 0.028125000000000032 0.275
2 0.02968750000000004 0.284375 0.018750000000000034 0.284375 0.018750000000000037 0.3234375 0.029687500000000044 0.3234375
3 0.046875000000000035 0.2625 0.032812500000000036 0.2625 0.032812500000000036 0.2859375 0.046875000000000035 0.2859375
4 0.03750000000000003 0.253125 0.028125000000000032 0.253125 0.028125000000000032 0.275 0.03750000000000003 0.275
4 0.051562500000000025 0.2421875 0.04218750000000003 0.2421875 0.04218750000000003 0.259375 0.051562500000000025 0.259375
4 0.03437500000000003 0.2546875 0.028125000000000032 0.2546875 0.028125000000000032 0.2671875 0.03437500000000003 0.2671875
4 0.010937500000000032 0.25 0.0031250000000000305 0.25 0.0031250000000000314 0.2640625 0.010937500000000034 0.2640625
4 0.009375000000000034 0.26875 0.0015625000000000326 0.26875 0.0015625000000000337 0.284375 0.009375000000000036 0.284375
2 0.0984375 1.0811335023722727e-17 0.078125 9.567553118338697e-18 0.078125 0.04218750000000001 0.0984375 0.04218750000000001
2 0.06406250000000002 0.1140625 0.050000000000000024 0.1140625 0.050000000000000024 0.153125 0.06406250000000002 0.153125
3 0.017187500000000036 0.271875 0.007812500000000033 0.271875 0.007812500000000035 0.3015625 0.01718750000000004 0.3015625
2 0.7515625 0.4906250000000001 0.725 0.490625 0.725 0.5156250000000001 0.7515625 0.5156250000000002
0 0.19687500000000005 0.3796875 0.17812500000000003 0.3796875 0.17812500000000003 0.39375 0.19687500000000005 0.39375