4 0.990625 0.3859375000000001 0.9796875 0.3859375000000001 0.9796875 0.39531250000000007 0.990625 0.39531250000000007
4 0.6125 0.3843750000000001 0.603125 0.3843750000000001 0.603125 0.3937500000000001 0.6125 0.3937500000000001
4 0.5078125 0.41875 0.496875 0.41875 0.496875 0.434375 0.5078125 0.434375
4 0.4875 0.428125 0.475 0.428125 0.475 0.4421875 0.4875 0.4421875
4 0.4609375 0.453125 0.45 0.453125 0.45 0.4671875 0.4609375 0.4671875
4 0.4859375 0.5484375 0.471875 0.5484375 0.471875 0.5625 0.4859375 0.5625
4 0.3703125000000001 0.4609375 0.35625000000000007 0.4609375 0.35625000000000007 0.475 0.3703125000000001 0.475
4 0.3062500000000001 0.41875 0.2921875000000001 0.41875 0.2921875000000001 0.4296875 0.3062500000000001 0.4296875
4 0.3000000000000001 0.4359375 0.2890625000000001 0.4359375 0.2890625000000001 0.446875 0.3000000000000001 0.446875
4 0.18906250000000005 0.4046875 0.17968750000000006 0.4046875 0.17968750000000006 0.415625 0.18906250000000005 0.415625
4 0.10781250000000005 0.434375 0.09531250000000005 0.434375 0.09531250000000005 0.4421875 0.10781250000000005 0.4421875
4 0.1515625000000001 0.5734375 0.14062500000000008 0.5734375 0.14062500000000008 0.584375 0.1515625000000001 0.584375
4 0.03125000000000007 0.55625 0.018750000000000065 0.55625 0.018750000000000065 0.565625 0.03125000000000007 0.565625
4 0.03593750000000007 0.5671875 0.025000000000000067 0.5671875 0.025000000000000067 0.571875 0.03593750000000007 0.571875
4 0.042187500000000065 0.575 0.03125000000000007 0.575 0.03125000000000007 0.584375 0.042187500000000065 0.584375
4 0.046875000000000056 0.4109375 0.03437500000000006 0.4109375 0.03437500000000006 0.421875 0.046875000000000056 0.421875
4 0.0234375 0.001562500000000002 0.0125 0.0015625000000000014 0.0125 0.018750000000000003 0.0234375 0.018750000000000006
4 0.0109375 9.567553118338695e-19 0.0046875 5.740531871003218e-19 0.004687500000000001 0.0109375 0.0109375 0.0109375
4 0.2609375000000001 0.3640625 0.2515625000000001 0.3640625 0.2515625000000001 0.371875 0.2609375000000001 0.371875
2 0.023437500000000007 0.020312500000000004 0.0031250000000000028 0.0203125 0.0031250000000000054 0.06875 0.02343750000000001 0.06875
2 0.014062500000000023 0.1578125 1.932645729904417e-17 0.1578125 2.2483749828095937e-17 0.209375 0.014062500000000028 0.209375
2 0.15937500000000004 0.2421875 0.13750000000000004 0.2421875 0.13750000000000004 0.284375 0.15937500000000004 0.284375
2 0.048437500000000064 0.5203125 0.018750000000000062 0.5203125 0.018750000000000065 0.5453125 0.048437500000000064 0.5453125
2 0.07187500000000006 0.521875 0.05156250000000007 0.521875 0.05156250000000007 0.54375 0.07187500000000006 0.54375
2 0.06718750000000007 0.5484375 0.040625000000000064 0.5484375 0.040625000000000064 0.5640625 0.06718750000000007 0.5640625
2 0.05156250000000005 0.446875 0.021875000000000054 0.446875 0.021875000000000054 0.4625 0.05156250000000007 0.4625
2 0.07187500000000006 0.4671875 0.046875000000000056 0.4671875 0.046875000000000056 0.4890625 0.07187500000000006 0.4890625
2 0.15937500000000004 0.4359375 0.13437500000000005 0.4359375 0.13437500000000005 0.4578125 0.15937500000000004 0.4578125
2 0.15937500000000004 0.4625 0.13281250000000006 0.4625 0.13281250000000006 0.484375 0.15937500000000004 0.484375
2 0.2234375000000001 0.45 0.19531250000000006 0.45 0.19531250000000006 0.471875 0.2234375000000001 0.471875
2 0.2609375000000001 0.5109375 0.2375000000000001 0.5109375 0.2375000000000001 0.5328125 0.2609375000000001 0.5328125
2 0.3312500000000001 0.4421875 0.3078125000000001 0.4421875 0.3078125000000001 0.4671875 0.3312500000000001 0.4671875
2 0.509375 0.3578125000000001 0.484375 0.3578125000000001 0.484375 0.3781250000000001 0.509375 0.3781250000000001
2 0.903125 0.5187500000000002 0.8734375 0.5187500000000002 0.8734375 0.5390625000000002 0.903125 0.5390625000000002
2 0.9109375 0.3265625000000001 0.8828125 0.3265625000000001 0.8828125 0.3515625000000001 0.9109375 0.3515625000000001
2 0.99375 0.3234375000000001 0.9671875 0.3234375000000001 0.9671875 0.3468750000000001 0.99375 0.3468750000000001
2 0.78125 0.15781250000000008 0.7546875 0.15781250000000008 0.7546875 0.18125000000000008 0.78125 0.18125000000000008
2 0.7890625 0.2406250000000001 0.7609375 0.2406250000000001 0.7609375 0.26250000000000007 0.7890625 0.26250000000000007
6 0.07812500000000004 0.2984375 0.05312500000000005 0.2984375 0.05312500000000005 0.3625 0.07812500000000004 0.3625
6 0.41875 0.56875 0.37968750000000007 0.56875 0.37968750000000007 0.6 0.41875 0.6
0 0.018750000000000072 0.56875 6.965178670150572e-17 0.56875 7.089556860688975e-17 0.5890625 0.018750000000000072 0.5890625
0 0.10625000000000004 0.4140625 0.09062500000000004 0.4140625 0.09062500000000004 0.4328125 0.10625000000000004 0.4328125
0 0.028125000000000056 0.4265625 0.007812500000000052 0.4265625 0.007812500000000054 0.4421875 0.028125000000000056 0.4421875
0 0.2000000000000001 0.36875 0.18125000000000005 0.36875 0.18125000000000005 0.3796875 0.2000000000000001 0.3796875
0 0.08593750000000007 0.578125 0.06718750000000007 0.578125 0.06718750000000007 0.59375 0.08593750000000007 0.59375
0 0.3984375000000001 0.546875 0.37968750000000007 0.546875 0.37968750000000007 0.565625 0.3984375000000001 0.565625
0 0.7203125 0.496875 0.7015625 0.496875 0.7015625 0.5171875 0.7203125 0.5171875