4 0.05937500000000009 0.7015625 0.04687500000000009 0.7015625 0.04687500000000009 0.7109375 0.05937500000000009 0.7109375
4 0.0984375000000001 0.7109375 0.08750000000000009 0.7109375 0.08750000000000009 0.721875 0.0984375000000001 0.721875
4 0.1937500000000001 0.684375 0.1828125000000001 0.684375 0.1828125000000001 0.696875 0.1937500000000001 0.696875
1 0.2484375000000001 0.6484375 0.1937500000000001 0.6484375 0.1937500000000001 0.678125 0.2484375000000001 0.678125
1 0.3062500000000001 0.6421875 0.2515625000000001 0.6421875 0.2515625000000001 0.671875 0.3062500000000001 0.671875
2 0.0437500000000001 0.7765625 0.0328125000000001 0.7765625 0.0328125000000001 0.7859375 0.0437500000000001 0.7859375
2 0.0328125000000001 0.7890625 0.020312500000000094 0.7890625 0.020312500000000098 0.8 0.0328125000000001 0.8
2 0.2000000000000001 0.771875 0.18906250000000008 0.771875 0.18906250000000008 0.784375 0.2000000000000001 0.784375
0 0.14843750000000014 0.9421875 0.13281250000000014 0.9421875 0.13281250000000014 0.9609375 0.14843750000000014 0.9609375
4 0.3156250000000001 0.8859375 0.3046875000000001 0.8859375 0.3046875000000001 0.896875 0.3156250000000001 0.896875
4 0.3578125000000001 0.778125 0.3453125000000001 0.778125 0.3453125000000001 0.790625 0.3578125000000001 0.790625
4 0.3703125000000001 0.7515625 0.3578125000000001 0.7515625 0.3578125000000001 0.7671875 0.3703125000000001 0.7671875
4 0.3984375000000001 0.7859375 0.38750000000000007 0.7859375 0.38750000000000007 0.8 0.3984375000000001 0.8
4 0.3984375000000001 0.746875 0.38750000000000007 0.746875 0.38750000000000007 0.7609375 0.3984375000000001 0.7609375
2 0.4343750000000002 0.8015625 0.4031250000000002 0.8015625 0.4031250000000002 0.8265625 0.4343750000000002 0.8265625
4 0.3359375000000001 0.9359375 0.32500000000000007 0.9359375 0.32500000000000007 0.9515625 0.3359375000000001 0.9515625
4 0.4656250000000002 0.7875 0.45312500000000017 0.7875 0.45312500000000017 0.803125 0.4656250000000002 0.803125
4 0.48437500000000017 0.7625 0.47187500000000016 0.7625 0.47187500000000016 0.7765625 0.48437500000000017 0.7765625
4 0.459375 0.6953125 0.4515625 0.6953125 0.4515625 0.7109375 0.459375 0.7109375
0 0.4921875 0.6859375 0.4796875 0.6859375 0.4796875 0.7109375 0.4921875 0.7109375
4 0.5078125000000001 0.7125 0.5 0.7125 0.5000000000000001 0.73125 0.5078125000000002 0.73125
4 0.5171875000000001 0.7125 0.5109375 0.7125 0.5109375 0.734375 0.5171875000000001 0.734375
4 0.5187500000000002 0.784375 0.5078125000000002 0.784375 0.5078125000000002 0.7953125 0.5187500000000002 0.7953125
4 0.5359375000000002 0.771875 0.5234375000000002 0.771875 0.5234375000000002 0.7859375 0.5359375000000002 0.7859375
2 0.5437500000000002 0.8046875 0.5187500000000002 0.8046875 0.5187500000000002 0.8359375 0.5437500000000002 0.8359375
4 0.5953125000000001 0.740625 0.5843750000000002 0.740625 0.5843750000000002 0.753125 0.5953125000000001 0.753125
4 0.6109375000000001 0.7765625 0.5984375000000002 0.7765625 0.5984375000000002 0.7875 0.6109375000000001 0.7875
4 0.7343750000000002 0.7656250000000001 0.7218750000000002 0.765625 0.7218750000000002 0.7765625 0.7343750000000002 0.7765625000000002
4 0.8375 0.85625 0.825 0.85625 0.825 0.8703125 0.8375 0.8703125
0 0.9140625 0.85 0.89375 0.85 0.89375 0.8671875 0.9140625 0.8671875
4 0.8890625 0.7234375000000002 0.878125 0.7234375000000002 0.878125 0.7328125000000002 0.8890625 0.7328125000000002
4 0.8875 0.6937500000000002 0.8765625 0.6937500000000002 0.8765625 0.7031250000000002 0.8875 0.7031250000000002
2 0.8625 0.6984375000000002 0.8390625 0.6984375000000002 0.8390625 0.7187500000000002 0.8625 0.7187500000000002
4 0.5375 0.6390625 0.5296875 0.6390625 0.5296875 0.659375 0.5375 0.659375
4 0.478125 0.5953125 0.4703125 0.5953125 0.4703125 0.615625 0.478125 0.615625
4 0.490625 0.55625 0.4828125 0.55625 0.4828125 0.578125 0.490625 0.578125
4 0.4765625 0.478125 0.4703125 0.478125 0.4703125 0.5 0.4765625 0.5
4 0.478125 0.37187500000000007 0.46875 0.37187500000000007 0.46875 0.3937500000000001 0.478125 0.3937500000000001
4 0.478125 0.2296875000000001 0.471875 0.2296875000000001 0.471875 0.2500000000000001 0.478125 0.2500000000000001
4 0.4921875 0.056250000000000064 0.484375 0.056250000000000064 0.484375 0.08125000000000007 0.4921875 0.08125000000000007
4 0.5359375 0.017187500000000067 0.528125 0.017187500000000067 0.528125 0.03593750000000007 0.5359375 0.03593750000000007