2 0.04843750000000006 0.4515625 0.009375000000000055 0.4515625 0.009375000000000057 0.48125 0.04843750000000006 0.48125
4 0.032812500000000064 0.5359375 0.018750000000000065 0.5359375 0.018750000000000065 0.5515625 0.032812500000000064 0.5515625
4 0.03593750000000007 0.5515625 0.020312500000000067 0.5515625 0.020312500000000067 0.565625 0.03593750000000007 0.565625
4 0.029687500000000068 0.559375 0.015625000000000066 0.559375 0.01562500000000007 0.578125 0.029687500000000068 0.578125
4 0.04218750000000006 0.4265625 0.031250000000000056 0.4265625 0.031250000000000056 0.4421875 0.04218750000000006 0.4421875
4 0.06250000000000007 0.5171875 0.048437500000000064 0.5171875 0.048437500000000064 0.53125 0.06250000000000007 0.53125
4 0.08281250000000007 0.5265625 0.06562500000000007 0.5265625 0.06562500000000007 0.534375 0.08281250000000007 0.534375
4 0.07343750000000007 0.534375 0.06406250000000006 0.534375 0.06406250000000006 0.54375 0.07343750000000007 0.54375
0 0.07343750000000007 0.54375 0.05312500000000007 0.54375 0.05312500000000007 0.5640625 0.07343750000000007 0.5640625
4 0.10156250000000004 0.521875 0.08593750000000007 0.521875 0.08593750000000007 0.540625 0.10156250000000004 0.540625
4 0.10781250000000006 0.54375 0.09843750000000007 0.54375 0.09843750000000007 0.5625 0.10781250000000009 0.5625
4 0.12343750000000009 0.553125 0.1140625000000001 0.553125 0.1140625000000001 0.56875 0.12343750000000009 0.56875
4 0.12031250000000004 0.4234375 0.10468750000000004 0.4234375 0.10468750000000004 0.4390625 0.12031250000000004 0.4390625
2 0.14218750000000005 0.5140625 0.12187500000000004 0.5140625 0.12187500000000004 0.5390625 0.14218750000000005 0.5390625
4 0.14843750000000006 0.5390625 0.13437500000000005 0.5390625 0.13437500000000008 0.553125 0.14843750000000008 0.553125
2 0.15625000000000008 0.559375 0.1375000000000001 0.559375 0.1375000000000001 0.5734375 0.15625000000000008 0.5734375
4 0.17343750000000008 0.5453125 0.1625000000000001 0.5453125 0.1625000000000001 0.55625 0.17343750000000008 0.55625
4 0.16718750000000007 0.5328125 0.15625000000000006 0.5328125 0.15625000000000006 0.546875 0.1671875000000001 0.546875
4 0.17968750000000006 0.51875 0.16875000000000004 0.51875 0.16875000000000004 0.534375 0.17968750000000006 0.534375
4 0.20312500000000008 0.515625 0.18750000000000006 0.515625 0.18750000000000006 0.53125 0.20312500000000008 0.53125
4 0.23593750000000008 0.53125 0.2234375000000001 0.53125 0.2234375000000001 0.5546875 0.23593750000000008 0.5546875
4 0.25468750000000007 0.5140625 0.24375000000000008 0.5140625 0.24375000000000008 0.5265625 0.25468750000000007 0.5265625
4 0.2750000000000001 0.540625 0.2656250000000001 0.540625 0.2656250000000001 0.5578125 0.2750000000000001 0.5578125
4 0.3031250000000001 0.5515625 0.2906250000000001 0.5515625 0.2906250000000001 0.5703125 0.3031250000000001 0.5703125
4 0.3343750000000001 0.5265625 0.3203125000000001 0.5265625 0.3203125000000001 0.546875 0.3343750000000001 0.546875
4 0.3750000000000001 0.5125 0.35625000000000007 0.5125 0.35625000000000007 0.5375 0.3750000000000001 0.5375
0 0.3625000000000001 0.5375 0.3421875000000001 0.5375 0.3421875000000001 0.5609375 0.3625000000000001 0.5609375
0 0.40625 0.553125 0.3906250000000001 0.553125 0.3906250000000001 0.575 0.40625 0.575
0 0.4 0.5203125 0.3859375000000001 0.5203125 0.3859375000000001 0.5359375 0.4 0.5359375
0 0.446875 0.540625 0.4296875 0.540625 0.4296875 0.559375 0.446875 0.559375
0 0.34843750000000007 0.428125 0.3343750000000001 0.428125 0.3343750000000001 0.4421875 0.34843750000000007 0.4421875
4 0.3671875000000001 0.4140625 0.3546875000000001 0.4140625 0.3546875000000001 0.4296875 0.3671875000000001 0.4296875
4 0.3671875000000001 0.4421875 0.3578125000000001 0.4421875 0.3578125000000001 0.4484375 0.3671875000000001 0.4484375
4 0.4015625 0.44375 0.3859375000000001 0.44375 0.3859375000000001 0.4578125 0.4015625 0.4578125
4 0.4375 0.453125 0.4296875 0.453125 0.4296875 0.4640625 0.4375 0.4640625
4 0.4375 0.5265625 0.4234375 0.5265625 0.4234375 0.5375 0.4375 0.5375
4 0.4734375 0.5234375 0.4640625 0.5234375 0.4640625 0.534375 0.4734375 0.534375
4 0.5078125 0.45 0.49375 0.45 0.49375 0.4609375 0.5078125 0.4609375
4 0.490625 0.553125 0.478125 0.553125 0.478125 0.56875 0.490625 0.56875
4 0.503125 0.5390625 0.4921875 0.5390625 0.4921875 0.55 0.503125 0.55
4 0.525 0.546875 0.5140625 0.546875 0.5140625 0.5609375 0.525 0.5609375
4 0.534375 0.5390625 0.5203125 0.5390625 0.5203125 0.5484375 0.534375 0.5484375
4 0.534375 0.51875 0.5234375 0.51875 0.5234375 0.528125 0.534375 0.528125
4 0.5546875 0.5328125 0.54375 0.5328125 0.54375 0.5453125 0.5546875 0.5453125
0 0.5515625 0.4296875 0.53125 0.4296875 0.53125 0.4484375 0.5515625 0.4484375
4 0.5515625 0.4203125 0.5453125 0.4203125 0.5453125 0.43125 0.5515625 0.43125
4 0.5984375 0.5234375 0.584375 0.5234375 0.584375 0.5375 0.5984375 0.5375
4 0.6359375 0.515625 0.621875 0.515625 0.621875 0.5328125 0.6359375 0.5328125
4 0.6203125 0.5375 0.609375 0.5375 0.609375 0.5484375 0.6203125 0.5484375
4 0.6453125 0.54375 0.63125 0.54375 0.63125 0.55625 0.6453125 0.55625
4 0.628125 0.553125 0.6171875 0.553125 0.6171875 0.56875 0.628125 0.56875
2 0.6796875 0.5140625 0.6546875 0.5140625 0.6546875 0.534375 0.6796875 0.534375
2 0.684375 0.409375 0.6546875 0.409375 0.6546875 0.4390625 0.684375 0.4390625
2 0.746875 0.5046875000000001 0.715625 0.5046875 0.715625 0.534375 0.746875 0.5343750000000002
4 0.7109375 0.5375 0.696875 0.5375 0.696875 0.55625 0.7109375 0.55625
4 0.7515625 0.5421875000000002 0.734375 0.5421875000000002 0.734375 0.5640625000000001 0.7515625 0.5640625000000001
4 0.7984375 0.5468750000000002 0.7859375 0.5468750000000002 0.7859375 0.5609375000000002 0.7984375 0.5609375000000002
4 0.821875 0.5375000000000002 0.8046875 0.5375000000000002 0.8046875 0.5531250000000002 0.821875 0.5531250000000002
4 0.825 0.5250000000000001 0.8140625 0.5250000000000001 0.8140625 0.5375000000000002 0.825 0.5375000000000002
4 0.8609375 0.5437500000000002 0.8421875 0.5437500000000002 0.8421875 0.5593750000000002 0.8609375 0.5593750000000002
4 0.8140625 0.4343750000000002 0.8 0.4343750000000002 0.8 0.4437500000000002 0.8140625 0.4437500000000002
4 0.85625 0.4125000000000002 0.8375 0.4125000000000002 0.8375 0.4265625000000002 0.85625 0.4265625000000002
4 0.934375 0.41718750000000016 0.9140625 0.41718750000000016 0.9140625 0.4359375000000002 0.934375 0.4359375000000002
4 0.959375 0.4109375000000002 0.94375 0.4109375000000002 0.94375 0.42968750000000017 0.959375 0.42968750000000017
4 0.925 0.5031250000000002 0.9140625 0.5031250000000002 0.9140625 0.5187500000000002 0.925 0.5187500000000002
4 0.8953125 0.5296875000000002 0.8828125 0.5296875000000002 0.8828125 0.5421875000000002 0.8953125 0.5421875000000002
4 0.9140625 0.5484375000000001 0.903125 0.5484375000000001 0.903125 0.5593750000000002 0.9140625 0.5593750000000002
4 0.928125 0.5218750000000002 0.9140625 0.5218750000000002 0.9140625 0.5296875000000002 0.928125 0.5296875000000002
4 0.9578125 0.5375000000000002 0.9390625 0.5375000000000002 0.9390625 0.5515625000000002 0.9578125 0.5515625000000002
4 0.9734375 0.5546875000000002 0.9546875 0.5546875000000002 0.9546875 0.5671875000000002 0.9734375 0.5671875000000002
4 0.99375 0.5093750000000001 0.978125 0.5093750000000001 0.978125 0.5281250000000002 0.99375 0.5281250000000002
0 0.16875000000000004 0.425 0.14375000000000004 0.425 0.14375000000000004 0.4484375 0.16875000000000004 0.4484375
4 0.2171875000000001 0.4171875 0.2015625000000001 0.4171875 0.2015625000000001 0.4375 0.2171875000000001 0.4375
0 0.865625 0.5250000000000001 0.8421875 0.5250000000000001 0.8421875 0.5468750000000002 0.865625 0.5468750000000002
2 1 0.4312500000000002 0.984375 0.4312500000000002 0.984375 0.4500000000000002 1 0.4500000000000002