2 0.32500000000000007 0.559375 0.2921875000000001 0.559375 0.2921875000000001 0.5984375 0.32500000000000007 0.5984375
2 0.2156250000000001 0.440625 0.18593750000000003 0.440625 0.18593750000000003 0.4671875 0.2156250000000001 0.4671875
2 0.2906250000000001 0.4421875 0.2609375000000001 0.4421875 0.2609375000000001 0.478125 0.2906250000000001 0.478125
2 0.478125 0.4296875 0.446875 0.4296875 0.446875 0.4609375 0.478125 0.4609375
2 0.5109375 0.3515625000000001 0.48125 0.3515625000000001 0.48125 0.3890625000000001 0.5109375 0.3890625000000001
2 0.5578125 0.48125 0.51875 0.48125 0.51875 0.5109375 0.5578125 0.5109375
2 0.5953125 0.428125 0.565625 0.428125 0.565625 0.4625 0.5953125 0.4625
2 0.8453125 0.39531250000000007 0.81875 0.39531250000000007 0.81875 0.4234375000000002 0.8453125 0.4234375000000002
2 0.9140625 0.30156250000000007 0.8796875 0.30156250000000007 0.8796875 0.34062500000000007 0.9140625 0.34062500000000007
2 0.9953125 0.2953125000000001 0.959375 0.2953125000000001 0.959375 0.33281250000000007 0.9953125 0.33281250000000007
2 0.7921875 0.2250000000000001 0.75625 0.2250000000000001 0.75625 0.2562500000000001 0.7921875 0.2562500000000001
2 0.7765625 0.1390625000000001 0.7484375 0.1390625000000001 0.7484375 0.1750000000000001 0.7765625 0.1750000000000001
4 0.6078125 0.4046875 0.5890625 0.4046875 0.5890625 0.428125 0.6078125 0.428125
4 0.54375 0.54375 0.5265625 0.54375 0.5265625 0.56875 0.54375 0.56875
2 0.16093750000000004 0.25625 0.13125000000000003 0.25625 0.13125000000000003 0.30625 0.16093750000000004 0.30625
2 0.08750000000000001 0.05625 0.0640625 0.05625 0.06406250000000001 0.115625 0.08750000000000002 0.115625
2 0.0421875 0.0296875 0.015625000000000007 0.0296875 0.015625000000000007 0.0796875 0.04218750000000001 0.0796875
2 0.042187500000000024 0.175 0.018750000000000024 0.175 0.018750000000000024 0.2234375 0.042187500000000024 0.2234375
2 0.04218750000000004 0.2703125 0.017187500000000033 0.2703125 0.017187500000000036 0.3234375 0.042187500000000044 0.3234375
2 0.03437500000000003 0.23125 0.012500000000000028 0.23125 0.01250000000000003 0.2765625 0.03437500000000003 0.2765625
4 0.023437500000000014 0.109375 0.007812500000000014 0.109375 0.007812500000000016 0.134375 0.023437500000000017 0.134375
4 0.026562500000000017 0.128125 0.017187500000000015 0.128125 0.017187500000000015 0.15 0.026562500000000024 0.15
2 0.17500000000000007 0.5421875 0.15156250000000004 0.5421875 0.15156250000000007 0.5703125 0.1750000000000001 0.5703125
2 0.14843750000000006 0.5265625 0.11875000000000005 0.5265625 0.11875000000000006 0.5546875 0.14843750000000008 0.5546875
2 0.1281250000000001 0.5921875 0.09687500000000007 0.5921875 0.09687500000000007 0.63125 0.1281250000000001 0.63125
4 0.2671875000000001 0.5609375 0.2500000000000001 0.5609375 0.2500000000000001 0.5859375 0.2671875000000001 0.5859375
4 0.2328125000000001 0.5640625 0.2140625000000001 0.5640625 0.2140625000000001 0.5828125 0.2328125000000001 0.5828125
0 0.2406250000000001 0.58125 0.21875000000000008 0.58125 0.21875000000000008 0.6046875 0.2406250000000001 0.6046875
2 0.06718750000000007 0.528125 0.04531250000000007 0.528125 0.04531250000000007 0.553125 0.06718750000000007 0.553125
2 0.012500000000000039 0.29375 3.59739997249535e-17 0.29375 3.9513994378738814e-17 0.3515625 0.012500000000000044 0.3515625
4 0.04531250000000003 0.2484375 0.031250000000000035 0.2484375 0.031250000000000035 0.2734375 0.04531250000000003 0.2734375
4 0.010937500000000034 0.2640625 3.2338329539984796e-17 0.2640625 3.425184016365254e-17 0.2953125 0.010937500000000036 0.2953125
4 0.021875000000000037 0.271875 0.007812500000000033 0.271875 0.007812500000000036 0.309375 0.02187500000000004 0.309375
2 0.12031250000000007 0.5390625 0.09062500000000007 0.5390625 0.09062500000000007 0.5671875 0.12031250000000009 0.5671875
2 0.08125000000000007 0.5953125 0.05156250000000007 0.5953125 0.05156250000000007 0.61875 0.08125000000000007 0.61875
2 0.056250000000000064 0.5734375 0.026562500000000065 0.5734375 0.026562500000000072 0.5984375 0.056250000000000064 0.5984375
2 0.032812500000000064 0.540625 0.0031250000000000665 0.540625 0.003125000000000068 0.565625 0.032812500000000064 0.565625
2 0.09375000000000007 0.5515625 0.06406250000000006 0.5515625 0.06406250000000006 0.575 0.09375000000000007 0.575
2 0.09687500000000007 0.5703125 0.06093750000000007 0.5703125 0.06093750000000007 0.5984375 0.09687500000000007 0.5984375
2 0.12031250000000009 0.559375 0.09531250000000006 0.559375 0.09531250000000006 0.59375 0.12031250000000009 0.59375
4 0.037500000000000075 0.6140625 0.023437500000000076 0.6140625 0.023437500000000076 0.6390625 0.037500000000000075 0.6390625
4 0.046875000000000076 0.6109375 0.02656250000000008 0.6109375 0.02656250000000008 0.628125 0.046875000000000076 0.628125
4 0.023437500000000073 0.5703125 0.004687500000000069 0.5703125 0.004687500000000071 0.59375 0.023437500000000073 0.59375
4 0.04531250000000007 0.5265625 0.020312500000000067 0.5265625 0.020312500000000067 0.5515625 0.04531250000000007 0.5515625
4 0.03750000000000007 0.559375 0.020312500000000067 0.559375 0.02031250000000007 0.5796875 0.03750000000000007 0.5796875
4 0.08281250000000007 0.5328125 0.06406250000000006 0.5328125 0.06406250000000006 0.5578125 0.08281250000000007 0.5578125
4 0.10000000000000009 0.5921875 0.08593750000000007 0.5921875 0.08593750000000007 0.609375 0.10000000000000009 0.609375
4 0.09687500000000007 0.6015625 0.07968750000000006 0.6015625 0.07968750000000006 0.625 0.09687500000000007 0.625
2 0.1515625000000001 0.5515625 0.12031250000000009 0.5515625 0.12031250000000009 0.584375 0.1515625000000001 0.584375
2 0.06562500000000007 0.546875 0.03593750000000007 0.546875 0.03593750000000007 0.578125 0.06562500000000007 0.578125
0 0.04843750000000008 0.5921875 0.025000000000000078 0.5921875 0.025000000000000078 0.615625 0.04843750000000008 0.615625
0 0.20312500000000008 0.3828125 0.17656250000000004 0.3828125 0.17656250000000004 0.40625 0.20312500000000008 0.40625
3 0.7796875 0.3781250000000001 0.7390625 0.3781250000000001 0.7390625 0.4187500000000002 0.7796875 0.4187500000000002
4 0.7875 0.1296875000000001 0.775 0.1296875000000001 0.775 0.16562500000000008 0.7875 0.16562500000000008
4 0.921875 0.3546875000000001 0.9015625 0.3546875000000001 0.9015625 0.3828125000000001 0.921875 0.3828125000000001
4 0.571875 0.3281250000000001 0.5546875 0.3281250000000001 0.5546875 0.34843750000000007 0.571875 0.34843750000000007