2 0.023437500000000007 0.020312500000000004 0.004687500000000002 0.0203125 0.004687500000000006 0.0703125 0.02343750000000001 0.0703125
4 0.0234375 2.2962127484012876e-18 0.0140625 1.7221595613009655e-18 0.0140625 0.018750000000000003 0.0234375 0.018750000000000006
2 0.057812500000000024 0.1125 0.03750000000000001 0.1125 0.03750000000000002 0.159375 0.057812500000000024 0.159375
2 0.04062500000000002 0.1609375 0.021875000000000023 0.1609375 0.021875000000000026 0.2109375 0.04062500000000002 0.2109375
2 0.05468750000000002 0.1765625 0.035937500000000025 0.1765625 0.035937500000000025 0.21875 0.05468750000000002 0.21875
2 0.02812500000000003 0.209375 0.010937500000000025 0.209375 0.010937500000000029 0.265625 0.028125000000000032 0.265625
2 0.045312500000000026 0.21875 0.026562500000000024 0.21875 0.026562500000000027 0.2640625 0.04531250000000003 0.2640625
4 0.057812500000000024 0.234375 0.050000000000000024 0.234375 0.050000000000000024 0.2546875 0.057812500000000024 0.2546875
3 0.07968750000000005 0.2953125 0.05312500000000005 0.2953125 0.05312500000000005 0.3640625 0.07968750000000005 0.3640625
4 0.010937500000000034 0.265625 0.0015625000000000326 0.265625 0.001562500000000034 0.2890625 0.010937500000000036 0.2890625
0 0.03437500000000003 0.265625 0.018750000000000034 0.265625 0.018750000000000037 0.296875 0.03437500000000003 0.296875
4 0.11250000000000004 0.328125 0.10000000000000005 0.328125 0.10000000000000005 0.3546875 0.11250000000000004 0.3546875
2 0.16093750000000004 0.24375 0.14062500000000006 0.24375 0.14062500000000006 0.2796875 0.16093750000000004 0.2796875
3 0.021875000000000065 0.50625 0.0015625000000000617 0.50625 0.0015625000000000632 0.5296875 0.021875000000000068 0.5296875
4 0.012500000000000067 0.54375 6.659016970363734e-17 0.54375 6.735557395310443e-17 0.55625 0.012500000000000067 0.55625
4 0.023437500000000066 0.5515625 0.010937500000000067 0.5515625 0.010937500000000069 0.565625 0.023437500000000066 0.565625
2 0.040625000000000064 0.5296875 0.014062500000000066 0.5296875 0.014062500000000066 0.553125 0.040625000000000064 0.553125
2 0.05937500000000007 0.50625 0.032812500000000064 0.50625 0.032812500000000064 0.5296875 0.05937500000000007 0.5296875
2 0.056250000000000064 0.565625 0.03125000000000007 0.565625 0.03125000000000007 0.5890625 0.056250000000000064 0.5890625
0 0.07812500000000007 0.575 0.05937500000000007 0.575 0.05937500000000007 0.5953125 0.07812500000000007 0.5953125
4 0.09375000000000007 0.59375 0.08125000000000007 0.59375 0.08125000000000007 0.6078125 0.09375000000000007 0.6078125
2 0.10312500000000009 0.5453125 0.07500000000000007 0.5453125 0.07500000000000007 0.5734375 0.10312500000000009 0.5734375
2 0.11562500000000005 0.503125 0.08906250000000007 0.503125 0.08906250000000007 0.528125 0.11562500000000005 0.528125
2 0.12812500000000007 0.528125 0.10312500000000005 0.528125 0.10312500000000006 0.553125 0.1281250000000001 0.553125
2 0.1359375000000001 0.553125 0.11250000000000009 0.553125 0.11250000000000009 0.5765625 0.1359375000000001 0.5765625
2 0.17968750000000006 0.528125 0.15156250000000004 0.528125 0.15156250000000007 0.5515625 0.17968750000000008 0.5515625
3 0.17187500000000006 0.50625 0.14687500000000003 0.50625 0.14687500000000003 0.525 0.17187500000000006 0.525
0 0.2000000000000001 0.3640625 0.18437500000000004 0.3640625 0.18437500000000004 0.3828125 0.2000000000000001 0.3828125
4 0.26250000000000007 0.3609375 0.25 0.3609375 0.25000000000000006 0.371875 0.26250000000000007 0.371875
6 0.37968750000000007 0.525 0.31718750000000007 0.525 0.31718750000000007 0.5515625 0.37968750000000007 0.5515625
4 0.3687500000000001 0.4109375 0.3546875000000001 0.4109375 0.3546875000000001 0.421875 0.3687500000000001 0.421875
4 0.459375 0.4875 0.4453125 0.4875 0.4453125 0.50625 0.459375 0.50625
6 0.484375 0.575 0.4453125 0.575 0.4453125 0.603125 0.484375 0.603125
4 0.5125 0.41875 0.503125 0.41875 0.503125 0.4328125 0.5125 0.4328125
2 0.509375 0.3578125000000001 0.4859375 0.3578125000000001 0.4859375 0.37968750000000007 0.509375 0.37968750000000007
0 0.6265625 0.425 0.6109375 0.425 0.6109375 0.4453125 0.6265625 0.4453125
4 0.73125 0.5296875000000001 0.7171875 0.5296875 0.7171875 0.5437500000000001 0.73125 0.5437500000000002
2 0.821875 0.47968750000000016 0.7953125 0.47968750000000016 0.7953125 0.5031250000000002 0.821875 0.5031250000000002
4 0.825 0.5343750000000002 0.8109375 0.5343750000000002 0.8109375 0.5484375000000001 0.825 0.5484375000000001
2 0.9390625 0.5046875000000002 0.9140625 0.5046875000000002 0.9140625 0.5281250000000002 0.9390625 0.5281250000000002
3 0.903125 0.3890625000000001 0.8828125 0.3890625000000001 0.8828125 0.40937500000000016 0.903125 0.40937500000000016
2 0.7890625 0.2406250000000001 0.7625 0.2406250000000001 0.7625 0.2656250000000001 0.7890625 0.2656250000000001
2 0.7796875 0.1609375000000001 0.7546875 0.1609375000000001 0.7546875 0.18125000000000008 0.7796875 0.18125000000000008