2 0.3468750000000001 0.54375 0.3265625000000001 0.54375 0.3265625000000001 0.5640625 0.3468750000000001 0.5640625
2 0.27812500000000007 0.4984375 0.2578125000000001 0.4984375 0.2578125000000001 0.5171875 0.27812500000000007 0.5171875
2 0.23437500000000008 0.475 0.2171875000000001 0.475 0.2171875000000001 0.4921875 0.23437500000000008 0.4921875
2 0.22812500000000008 0.503125 0.2078125000000001 0.503125 0.2078125000000001 0.525 0.22812500000000008 0.525
2 0.2296875000000001 0.5875 0.2093750000000001 0.5875 0.2093750000000001 0.609375 0.2296875000000001 0.609375
2 0.2515625000000001 0.5828125 0.23593750000000008 0.5828125 0.23593750000000008 0.6125 0.2515625000000001 0.6125
2 0.2718750000000001 0.584375 0.2531250000000001 0.584375 0.2531250000000001 0.603125 0.2718750000000001 0.603125
2 0.29375000000000007 0.6 0.27812500000000007 0.6 0.27812500000000007 0.6140625 0.29375000000000007 0.6140625
2 0.3312500000000001 0.6015625 0.3109375000000001 0.6015625 0.3109375000000001 0.615625 0.3312500000000001 0.615625
2 0.3000000000000001 0.646875 0.29375000000000007 0.646875 0.29375000000000007 0.6734375 0.3000000000000001 0.6734375
2 0.2296875000000001 0.7046875 0.22031250000000008 0.7046875 0.22031250000000008 0.7390625 0.2296875000000001 0.7390625
2 0.22031250000000008 0.7 0.2078125000000001 0.7 0.2078125000000001 0.73125 0.22031250000000008 0.73125
2 0.2140625000000001 0.7109375 0.1984375000000001 0.7109375 0.1984375000000001 0.7453125 0.2140625000000001 0.7453125
2 0.3968750000000001 0.603125 0.3750000000000001 0.603125 0.3750000000000001 0.6234375 0.3968750000000001 0.6234375
0 0.490625 0.4765625 0.478125 0.4765625 0.478125 0.496875 0.490625 0.496875
0 0.421875 0.33281250000000007 0.40625 0.33281250000000007 0.40625 0.3593750000000001 0.421875 0.3593750000000001
0 0.6046875 0.515625 0.5875 0.515625 0.5875 0.540625 0.6046875 0.540625
4 0.3203125000000001 0.478125 0.3109375000000001 0.478125 0.3109375000000001 0.49375 0.3203125000000001 0.49375
4 0.30156250000000007 0.4953125 0.2906250000000001 0.4953125 0.2906250000000001 0.509375 0.30156250000000007 0.509375
4 0.3765625000000001 0.4328125 0.3625000000000001 0.4328125 0.3625000000000001 0.4546875 0.3765625000000001 0.4546875
4 0.3609375000000001 0.4453125 0.3500000000000001 0.4453125 0.3500000000000001 0.478125 0.3609375000000001 0.478125
2 0.3062500000000001 0.45625 0.2875000000000001 0.45625 0.2875000000000001 0.475 0.3062500000000001 0.475
2 0.27031250000000007 0.45625 0.2531250000000001 0.45625 0.2531250000000001 0.4765625 0.27031250000000007 0.4765625
2 0.33125000000000004 0.35625 0.30625 0.35625 0.30625 0.3734375 0.3312500000000001 0.3734375
4 0.55 0.50625 0.5390625 0.50625 0.5390625 0.5234375 0.55 0.5234375
2 0.7015625 0.53125 0.6796875 0.53125 0.6796875 0.55 0.7015625 0.55
4 0.66875 0.521875 0.6546875 0.521875 0.6546875 0.5359375 0.66875 0.5359375
0 0.65 0.509375 0.63125 0.509375 0.63125 0.53125 0.65 0.53125
2 0.9625 0.6312500000000002 0.9390625 0.6312500000000002 0.9390625 0.6546875000000002 0.9625 0.6546875000000002
2 0.04375000000000008 0.609375 0.020312500000000074 0.609375 0.020312500000000074 0.628125 0.04375000000000008 0.628125
2 0.04375000000000008 0.5921875 0.02187500000000007 0.5921875 0.02187500000000007 0.609375 0.04375000000000008 0.609375
2 0.018750000000000072 0.578125 7.079989307570636e-17 0.578125 7.252205263700732e-17 0.60625 0.018750000000000072 0.60625
2 0.04843750000000009 0.6859375 0.03906250000000009 0.6859375 0.03906250000000009 0.73125 0.04843750000000009 0.73125
2 0.05000000000000008 0.6265625 0.03281250000000008 0.6265625 0.03281250000000008 0.653125 0.050000000000000086 0.653125
2 0.03281250000000009 0.7015625 0.018750000000000083 0.7015625 0.018750000000000086 0.7359375 0.03281250000000009 0.7359375
2 0.0140625000000001 0.7984375 9.778039286942148e-17 0.7984375 9.9885254555456e-17 0.8328125 0.0140625000000001 0.8328125
4 0.018750000000000096 0.7875 0.004687500000000096 0.7875 0.004687500000000097 0.8015625 0.0187500000000001 0.8015625
4 0.04843750000000006 0.4765625 0.029687500000000054 0.4765625 0.029687500000000054 0.4921875 0.04843750000000006 0.4921875
0 0.06406250000000006 0.5015625 0.048437500000000064 0.5015625 0.048437500000000064 0.5171875 0.06406250000000006 0.5171875
2 0.14375000000000004 0.453125 0.11875000000000005 0.453125 0.11875000000000005 0.4734375 0.14375000000000004 0.4734375
2 0.09218750000000006 0.5640625 0.07187500000000006 0.5640625 0.07187500000000006 0.6046875 0.09218750000000006 0.6046875
2 0.026562500000000055 0.44375 5.43437017121638e-17 0.44375 5.625721233583154e-17 0.475 0.026562500000000055 0.475
2 0.021875000000000065 0.4921875 6.027558464553379e-17 0.4921875 6.209341973801815e-17 0.521875 0.021875000000000068 0.521875
2 0.09218750000000006 0.4796875 0.06093750000000007 0.4796875 0.06093750000000007 0.5078125 0.09218750000000006 0.5078125
2 0.06406250000000005 0.44375 0.039062500000000056 0.44375 0.039062500000000056 0.4703125 0.06406250000000006 0.4703125
2 0.1531250000000001 0.55625 0.13437500000000008 0.55625 0.13437500000000008 0.578125 0.1531250000000001 0.578125
2 0.2296875000000001 0.6296875 0.2156250000000001 0.6296875 0.2156250000000001 0.6640625 0.2296875000000001 0.6640625
2 0.2843750000000001 0.6484375 0.2734375000000001 0.6484375 0.2734375000000001 0.678125 0.2843750000000001 0.678125
2 0.07968750000000009 0.671875 0.06406250000000009 0.671875 0.06406250000000009 0.7 0.07968750000000009 0.7
2 0.12187500000000004 0.4546875 0.09218750000000006 0.4546875 0.09218750000000006 0.4703125 0.12187500000000004 0.4703125
2 0.09843750000000005 0.44375 0.07968750000000005 0.44375 0.07968750000000005 0.46875 0.09843750000000007 0.46875
2 0.03281250000000009 0.7375 0.01562500000000009 0.7375 0.01562500000000009 0.7734375 0.0328125000000001 0.7734375
2 0.043750000000000094 0.7484375 0.02968750000000009 0.7484375 0.029687500000000096 0.7796875 0.0437500000000001 0.7796875
1 0.728125 0.6125 0.6609375 0.6125 0.6609375 0.6625000000000001 0.728125 0.6625000000000002