2 0.03906250000000007 0.5234375 0.026562500000000065 0.5234375 0.026562500000000065 0.565625 0.03906250000000007 0.565625
2 0.2156250000000001 0.3640625 0.2062500000000001 0.3640625 0.2062500000000001 0.4109375 0.2156250000000001 0.4109375
2 0.2171875 0.2875 0.20625 0.2875 0.20625 0.31875 0.2171875 0.31875
2 0.234375 0.234375 0.225 0.234375 0.225 0.2703125 0.234375 0.2703125
2 0.2312500000000001 0.4578125 0.2156250000000001 0.4578125 0.2156250000000001 0.5046875 0.2312500000000001 0.5046875
2 0.2250000000000001 0.5046875 0.2140625000000001 0.5046875 0.2140625000000001 0.540625 0.2250000000000001 0.540625
2 0.06406250000000008 0.625 0.039062500000000076 0.625 0.039062500000000076 0.65 0.06406250000000009 0.65
2 0.1906250000000001 0.6671875 0.16562500000000008 0.6671875 0.16562500000000008 0.684375 0.1906250000000001 0.684375
2 0.2078125000000001 0.7140625 0.1828125000000001 0.7140625 0.1828125000000001 0.7390625 0.2078125000000001 0.7390625
2 0.5328125 0.3265625000000001 0.5203125 0.3265625000000001 0.5203125 0.3703125000000001 0.5328125 0.3703125000000001
2 0.4625 0.3890625000000001 0.4515625 0.3890625000000001 0.4515625 0.4328125 0.4625 0.4328125
2 0.4234375 0.44375 0.4140625 0.44375 0.4140625 0.4953125 0.4234375 0.4953125
2 0.4234375 0.49375 0.415625 0.49375 0.415625 0.534375 0.4234375 0.534375
2 0.46875 0.5234375 0.453125 0.5234375 0.453125 0.5640625 0.46875 0.5640625
2 0.4390625 0.4953125 0.4265625 0.4953125 0.4265625 0.534375 0.4390625 0.534375
2 0.471875 0.4734375 0.4609375 0.4734375 0.4609375 0.515625 0.471875 0.515625
2 0.40156250000000016 0.7578125 0.38750000000000007 0.7578125 0.38750000000000007 0.8015625 0.40156250000000016 0.8015625
2 0.4546875000000002 0.7765625 0.4421875000000002 0.7765625 0.4421875000000002 0.8234375 0.4546875000000002 0.8234375
2 0.3984375000000001 0.828125 0.3843750000000001 0.828125 0.3843750000000001 0.8546875 0.3984375000000001 0.8546875
2 0.4031250000000002 0.85 0.3828125000000001 0.85 0.3828125000000001 0.8734375 0.4031250000000002 0.8734375
2 0.4078125000000002 0.859375 0.3843750000000001 0.859375 0.3843750000000001 0.896875 0.4078125000000002 0.896875
2 0.3984375000000001 0.9265625 0.3843750000000001 0.9265625 0.3843750000000001 0.9609375 0.3984375000000001 0.9609375
2 0.5531250000000001 0.7140625 0.5359375 0.7140625 0.5359375000000001 0.75625 0.5531250000000002 0.75625
2 0.534375 0.7109375 0.5265625 0.7109375 0.5265625 0.7625 0.5343750000000002 0.7625
2 0.5500000000000002 0.7484375 0.5328125000000001 0.7484375 0.5328125000000001 0.7828125 0.5500000000000002 0.7828125
2 0.5359375000000002 0.8265625 0.5265625000000002 0.8265625 0.5265625000000002 0.8609375 0.5359375000000002 0.8609375
2 0.5171875000000001 0.9125 0.5031250000000002 0.9125 0.5031250000000002 0.959375 0.5171875000000001 0.959375
2 0.5750000000000002 0.9578125 0.5562500000000001 0.9578125 0.5562500000000001 0.9828125 0.5750000000000002 0.9828125
2 0.5765625000000002 0.978125 0.5593750000000002 0.978125 0.5593750000000002 0.996875 0.5765625000000002 0.996875
2 0.6578125 0.5015625 0.6328125 0.5015625 0.6328125 0.5234375 0.6578125 0.5234375
2 0.69375 0.5015625 0.6765625 0.5015625 0.6765625 0.528125 0.69375 0.528125
2 0.7125 0.4578125 0.6921875 0.4578125 0.6921875 0.4890625 0.7125 0.4890625
2 0.69375 0.5171875 0.6828125 0.5171875 0.6828125 0.5609375 0.69375 0.5609375
2 0.7171875 0.2640625000000001 0.7 0.2640625000000001 0.7 0.29375000000000007 0.7171875 0.29375000000000007
2 0.775 0.2406250000000001 0.7609375 0.2406250000000001 0.7609375 0.2765625000000001 0.775 0.2765625000000001
2 0.66875 0.453125 0.64375 0.453125 0.64375 0.4734375 0.66875 0.4734375
3 0.3390625000000001 0.634375 0.3156250000000001 0.634375 0.3156250000000001 0.6578125 0.3390625000000001 0.6578125
0 0.0828125000000001 0.678125 0.06250000000000008 0.678125 0.06250000000000008 0.6984375 0.0828125000000001 0.6984375
0 0.10937500000000008 0.6796875 0.09218750000000009 0.6796875 0.09218750000000009 0.7015625 0.10937500000000008 0.7015625
0 0.1375000000000001 0.6765625 0.12031250000000009 0.6765625 0.12031250000000009 0.6953125 0.1375000000000001 0.6953125
0 0.4015625 0.5890625 0.3921875000000001 0.5890625 0.3921875000000001 0.6203125 0.4015625 0.6203125
0 0.4515625 0.50625 0.4375 0.50625 0.4375 0.53125 0.4515625 0.53125
0 0.45 0.5453125 0.4359375 0.5453125 0.4359375 0.5796875 0.45 0.5796875
0 0.4 0.6984375 0.3828125000000001 0.6984375 0.3828125000000001 0.7140625 0.4 0.7140625
0 0.5203125 0.6828125 0.5078125 0.6828125 0.5078125 0.70625 0.5203125 0.70625
0 0.5453125 0.625 0.5296875 0.625 0.5296875 0.65625 0.5453125 0.65625
0 0.5328125000000001 0.8703125 0.5187500000000002 0.8703125 0.5187500000000002 0.8984375 0.5328125000000001 0.8984375
0 0.5343750000000002 0.94375 0.5218750000000002 0.94375 0.5218750000000002 0.9703125 0.5343750000000002 0.9703125
0 0.5421875000000002 0.9390625 0.5343750000000002 0.9390625 0.5343750000000002 0.971875 0.5421875000000002 0.971875
0 0.5406250000000001 0.7734375 0.5281250000000002 0.7734375 0.5281250000000002 0.8078125 0.5406250000000001 0.8078125
0 0.5453125000000002 0.7984375 0.5328125000000001 0.7984375 0.5328125000000001 0.825 0.5453125000000002 0.825
0 0.5437500000000002 0.8171875 0.5375000000000002 0.8171875 0.5375000000000002 0.846875 0.5437500000000002 0.846875
0 0.5500000000000002 0.85 0.5390625000000002 0.85 0.5390625000000002 0.88125 0.5500000000000002 0.88125
0 0.5484375000000001 0.8859375 0.5375000000000002 0.8859375 0.5375000000000002 0.921875 0.5484375000000001 0.921875
0 0.59375 0.4734375 0.575 0.4734375 0.575 0.4953125 0.59375 0.4953125
0 0.6171875 0.3296875000000001 0.6 0.3296875000000001 0.6 0.3500000000000001 0.6171875 0.3500000000000001
0 0.6546875 0.29375000000000007 0.6421875 0.29375000000000007 0.6421875 0.31718750000000007 0.6546875 0.31718750000000007
0 0.7 0.3000000000000001 0.68125 0.3000000000000001 0.68125 0.3234375000000001 0.7 0.3234375000000001
1 0.76875 0.3531250000000001 0.709375 0.3531250000000001 0.709375 0.3921875000000001 0.76875 0.3921875000000001
4 0.02656250000000008 0.6546875 0.009375000000000081 0.6546875 0.009375000000000081 0.678125 0.02656250000000008 0.678125
4 0.03750000000000009 0.6859375 0.017187500000000085 0.6859375 0.017187500000000085 0.7078125 0.03750000000000009 0.7078125
4 0.03750000000000009 0.6984375 0.020312500000000084 0.6984375 0.020312500000000087 0.7265625 0.03750000000000009 0.7265625
4 0.06250000000000008 0.6890625 0.050000000000000086 0.6890625 0.050000000000000086 0.7078125 0.06250000000000008 0.7078125
4 0.1593750000000001 0.6734375 0.1437500000000001 0.6734375 0.1437500000000001 0.6953125 0.1593750000000001 0.6953125
4 0.2015625000000001 0.66875 0.1906250000000001 0.66875 0.1906250000000001 0.6875 0.2015625000000001 0.6875
4 0.21250000000000008 0.684375 0.1984375000000001 0.684375 0.1984375000000001 0.703125 0.21250000000000008 0.703125
4 0.2562500000000001 0.6671875 0.2453125000000001 0.6671875 0.2453125000000001 0.6859375 0.2562500000000001 0.6859375
4 0.2562500000000001 0.684375 0.2406250000000001 0.684375 0.2406250000000001 0.703125 0.2562500000000001 0.703125
4 0.3000000000000001 0.665625 0.28593750000000007 0.665625 0.28593750000000007 0.6796875 0.3000000000000001 0.6796875
4 0.4515625 0.640625 0.440625 0.640625 0.440625 0.665625 0.4515625 0.665625
4 0.4640625 0.6515625 0.4546875 0.6515625 0.4546875 0.6734375 0.4640625 0.6734375
4 0.4546875 0.6703125 0.44375 0.6703125 0.44375 0.696875 0.4546875 0.696875
4 0.45625 0.5984375 0.4484375 0.5984375 0.4484375 0.621875 0.45625 0.621875
4 0.4640625 0.60625 0.4546875 0.60625 0.4546875 0.634375 0.4640625 0.634375
4 0.440625 0.596875 0.4265625 0.596875 0.4265625 0.6125 0.440625 0.6125
4 0.4375 0.5828125 0.4265625 0.5828125 0.4265625 0.5984375 0.4375 0.5984375
4 0.4203125 0.603125 0.409375 0.603125 0.409375 0.6234375 0.4203125 0.6234375
4 0.4625 0.4765625 0.4515625 0.4765625 0.4515625 0.4984375 0.4625 0.4984375
4 0.4484375 0.434375 0.4390625 0.434375 0.4390625 0.459375 0.4484375 0.459375
4 0.4515625 0.3828125000000001 0.4421875 0.3828125000000001 0.4421875 0.4140625 0.4515625 0.4140625
4 0.54375 0.2562500000000001 0.5328125 0.2562500000000001 0.5328125 0.2796875000000001 0.54375 0.2796875000000001
4 0.5265625 0.2828125000000001 0.5171875 0.2828125000000001 0.5171875 0.30156250000000007 0.5265625 0.30156250000000007
4 0.54375 0.425 0.528125 0.425 0.528125 0.4453125 0.54375 0.4453125
4 0.5546875 0.4421875 0.534375 0.4421875 0.534375 0.4703125 0.5546875 0.4703125
4 0.5640625 0.4765625 0.55 0.4765625 0.55 0.5046875 0.5640625 0.5046875
4 0.5375 0.48125 0.5265625 0.48125 0.5265625 0.5015625 0.5375 0.5015625
4 0.528125 0.465625 0.5140625 0.465625 0.5140625 0.496875 0.528125 0.496875
4 0.5296875 0.496875 0.5109375 0.496875 0.5109375 0.5171875 0.5296875 0.5171875
4 0.5359375 0.5265625 0.5203125 0.5265625 0.5203125 0.5546875 0.5359375 0.5546875
4 0.5421875 0.50625 0.5265625 0.50625 0.5265625 0.5375 0.5421875 0.5375
4 0.5546875 0.5015625 0.540625 0.5015625 0.540625 0.5296875 0.5546875 0.5296875
4 0.765625 0.46406250000000016 0.7515625 0.46406250000000016 0.7515625 0.47968750000000016 0.765625 0.47968750000000016
4 0.675 0.3343750000000001 0.6625 0.3343750000000001 0.6625 0.3531250000000001 0.675 0.3531250000000001
4 0.6875 0.34062500000000007 0.6796875 0.34062500000000007 0.6796875 0.36406250000000007 0.6875 0.36406250000000007
4 0.7078125 0.3218750000000001 0.69375 0.3218750000000001 0.69375 0.3437500000000001 0.7078125 0.3437500000000001
4 0.7390625 0.3046875000000001 0.725 0.3046875000000001 0.725 0.3375000000000001 0.7390625 0.3375000000000001
4 0.7453125 0.2875000000000001 0.725 0.2875000000000001 0.725 0.3078125000000001 0.7453125 0.3078125000000001
4 0.5296875 0.55625 0.5140625 0.55625 0.5140625 0.584375 0.5296875 0.584375
4 0.53125 0.5796875 0.5203125 0.5796875 0.5203125 0.6015625 0.53125 0.6015625
4 0.5218750000000002 0.7265625 0.5140625000000002 0.7265625 0.5140625000000002 0.7578125 0.5218750000000002 0.7578125
4 0.5296875000000001 0.6953125 0.5171875 0.6953125 0.5171875000000001 0.7265625 0.5296875000000002 0.7265625
4 0.5171875000000001 0.8171875 0.5062500000000002 0.8171875 0.5062500000000002 0.846875 0.5171875000000001 0.846875
4 0.5265625000000002 0.8765625 0.5109375000000002 0.8765625 0.5109375000000002 0.9015625 0.5265625000000002 0.9015625
4 0.6109375 0.475 0.6 0.475 0.6 0.4984375 0.6109375 0.4984375
4 0.603125 0.484375 0.590625 0.484375 0.590625 0.5046875 0.603125 0.5046875
0 0.5359375 0.37968750000000007 0.525 0.37968750000000007 0.525 0.409375 0.5359375 0.409375
2 0.103125 0.02031250000000001 0.078125 0.02031250000000001 0.078125 0.03750000000000001 0.103125 0.03750000000000001
2 0.196875 0.04531250000000002 0.1765625 0.04531250000000002 0.1765625 0.07031250000000003 0.196875 0.07031250000000003
2 0.234375 0.057812500000000024 0.2125 0.057812500000000024 0.2125 0.08125000000000002 0.234375 0.08125000000000002
2 0.2171875 0.05312500000000002 0.1953125 0.05312500000000002 0.1953125 0.07343750000000002 0.2171875 0.07343750000000002
2 0.196875 0.07343750000000002 0.1765625 0.07343750000000002 0.1765625 0.09375000000000003 0.196875 0.09375000000000003
2 0.3015625 0.07656250000000005 0.2796875 0.07656250000000005 0.2796875 0.10000000000000005 0.3015625 0.10000000000000005
2 0.35 0.09218750000000005 0.328125 0.09218750000000005 0.328125 0.11718750000000004 0.35 0.11718750000000004
2 0.3171875 0.08906250000000004 0.2953125 0.08906250000000004 0.2953125 0.10312500000000005 0.3171875 0.10312500000000005
2 0.3421875 0.034375000000000044 0.3296875 0.034375000000000044 0.3296875 0.07343750000000004 0.3421875 0.07343750000000004
2 0.365625 0.029687500000000044 0.353125 0.029687500000000044 0.353125 0.07812500000000004 0.365625 0.07812500000000004
2 0.409375 0.14687500000000003 0.3984375 0.14687500000000003 0.3984375 0.17968750000000006 0.409375 0.17968750000000006
2 0.4203125 0.15312500000000004 0.40625 0.15312500000000004 0.40625 0.20312500000000008 0.4203125 0.20312500000000008
2 0.4359375 0.16093750000000004 0.4171875 0.16093750000000004 0.4171875 0.19062500000000004 0.4359375 0.19062500000000004
2 0.434375 0.3890625000000001 0.4203125 0.3890625000000001 0.4203125 0.4234375 0.434375 0.4234375
2 0.6234375 7.520096751014216e-17 0.6046875 7.405286113594152e-17 0.6046875 0.014062500000000075 0.6234375 0.014062500000000078
2 0.6265625 0.010937500000000076 0.603125 0.010937500000000076 0.603125 0.03593750000000008 0.6265625 0.03593750000000008
2 0.621875 0.03437500000000008 0.5984375 0.03437500000000008 0.5984375 0.06093750000000007 0.621875 0.06093750000000007
2 0.5921875 0.037500000000000075 0.5703125 0.03750000000000007 0.5703125 0.05937500000000007 0.5921875 0.05937500000000007
2 0.5875 0.08437500000000006 0.56875 0.08437500000000006 0.56875 0.11093750000000009 0.5875 0.11093750000000009
2 0.575 0.10000000000000009 0.55625 0.10000000000000009 0.55625 0.11718750000000008 0.575 0.11718750000000008
2 0.575 0.12656250000000008 0.5484375 0.12656250000000008 0.5484375 0.1515625000000001 0.575 0.1515625000000001
2 0.578125 0.1515625000000001 0.5515625 0.1515625000000001 0.5515625 0.16562500000000008 0.578125 0.16562500000000008
2 0.575 0.1671875000000001 0.55625 0.1671875000000001 0.55625 0.19687500000000008 0.575 0.19687500000000008
2 0.5703125 0.1843750000000001 0.5515625 0.1843750000000001 0.5515625 0.2140625000000001 0.5703125 0.2140625000000001
3 0.5859375 0.2312500000000001 0.5703125 0.2312500000000001 0.5703125 0.2750000000000001 0.5859375 0.2750000000000001
2 0.803125 0.46406250000000016 0.778125 0.46406250000000016 0.778125 0.49531250000000016 0.803125 0.49531250000000016
4 0.553125 0.13906250000000006 0.540625 0.13906250000000003 0.540625 0.17812500000000006 0.553125 0.1781250000000001
4 0.5296875 0.17500000000000004 0.51875 0.17500000000000004 0.51875 0.19531250000000006 0.5296875 0.19531250000000006
4 0.534375 0.15468750000000003 0.525 0.15468750000000003 0.525 0.17812500000000003 0.534375 0.17812500000000003
4 0.5484375 0.2171875000000001 0.5375 0.2171875000000001 0.5375 0.24218750000000008 0.5484375 0.24218750000000008
0 0.5546875 0.025000000000000067 0.546875 0.025000000000000067 0.546875 0.05468750000000007 0.5546875 0.05468750000000007
0 0.575 0.01406250000000007 0.5640625 0.014062500000000066 0.5640625 0.03906250000000007 0.575 0.03906250000000007
0 0.55625 0.10625000000000007 0.54375 0.10625000000000004 0.54375 0.13437500000000008 0.55625 0.13437500000000008
0 0.4578125 0.07343750000000006 0.4421875 0.07343750000000004 0.4421875 0.10312500000000005 0.4578125 0.10312500000000005
4 0.4609375 0.13281250000000006 0.45 0.13281250000000006 0.45 0.16093750000000004 0.4609375 0.16093750000000004
4 0.453125 0.15312500000000004 0.44375 0.15312500000000004 0.44375 0.18437500000000004 0.453125 0.18437500000000004
4 0.459375 0.18593750000000003 0.4515625 0.18593750000000003 0.4515625 0.2015625000000001 0.459375 0.2015625000000001
4 0.465625 0.21093750000000008 0.4515625 0.21093750000000008 0.4515625 0.2468750000000001 0.465625 0.2468750000000001
4 0.459375 0.03437500000000006 0.4546875 0.03437500000000006 0.4546875 0.06875000000000006 0.459375 0.06875000000000006
4 0.4578125 0.003125000000000055 0.44375 0.003125000000000054 0.44375 0.029687500000000054 0.4578125 0.029687500000000054
2 0.790625 0.1625000000000001 0.7828125 0.1625000000000001 0.7828125 0.2062500000000001 0.790625 0.2062500000000001
2 0.8734375 0.15781250000000008 0.8578125 0.15781250000000008 0.8578125 0.1937500000000001 0.8734375 0.1937500000000001
2 0.86875 0.18906250000000008 0.859375 0.18906250000000008 0.859375 0.2296875000000001 0.86875 0.2296875000000001
2 0.9265625 0.31718750000000007 0.90625 0.31718750000000007 0.90625 0.3359375000000001 0.9265625 0.3359375000000001
2 0.9671875 0.2515625000000001 0.9578125 0.2515625000000001 0.9578125 0.2718750000000001 0.9671875 0.2718750000000001
2 0.99375 0.2750000000000001 0.9671875 0.2750000000000001 0.9671875 0.30156250000000007 0.99375 0.30156250000000007
2 0.8390625 0.5046875000000002 0.8203125 0.5046875000000002 0.8203125 0.5234375000000002 0.8390625 0.5234375000000002
2 0.9046875 0.5078125000000002 0.884375 0.5078125000000002 0.884375 0.5328125000000001 0.9046875 0.5328125000000001
0 0.8671875 0.2734375000000001 0.8484375 0.2734375000000001 0.8484375 0.29375000000000007 0.8671875 0.29375000000000007
0 0.8984375 0.3218750000000001 0.878125 0.3218750000000001 0.878125 0.3359375000000001 0.8984375 0.3359375000000001
4 0.9734375 0.3515625000000001 0.9578125 0.3515625000000001 0.9578125 0.37187500000000007 0.9734375 0.37187500000000007
4 0.8734375 0.47187500000000016 0.853125 0.47187500000000016 0.853125 0.4968750000000002 0.8734375 0.4968750000000002
4 0.8703125 0.49218750000000017 0.8546875 0.49218750000000017 0.8546875 0.5109375000000002 0.8703125 0.5109375000000002
4 0.821875 0.46093750000000017 0.809375 0.46093750000000017 0.809375 0.47968750000000016 0.821875 0.47968750000000016
4 0.5578125 0.540625 0.5453125 0.540625 0.5453125 0.5515625 0.5578125 0.5515625
2 0.8203125 0.8609375 0.80625 0.8609375 0.80625 0.9015625 0.8203125 0.9015625
2 0.846875 0.871875 0.8296875 0.871875 0.8296875 0.9171875 0.846875 0.9171875
2 0.85625 0.8703125 0.8453125 0.8703125 0.8453125 0.91875 0.85625 0.91875
2 0.8171875 0.93125 0.7968750000000002 0.93125 0.7968750000000002 0.95625 0.8171875 0.95625
2 0.8125 0.953125 0.7937500000000002 0.953125 0.7937500000000002 0.9734375 0.8125 0.9734375
2 0.8078125 0.9734375 0.7937500000000002 0.9734375 0.7937500000000002 0.9984375 0.8078125 0.9984375