2 0.9984375 0.3421875000000001 0.9703125 0.3421875000000001 0.9703125 0.3687500000000001 0.9984375 0.3687500000000001
2 0.7890625 0.16562500000000008 0.7578125 0.16562500000000008 0.7578125 0.19687500000000008 0.7890625 0.19687500000000008
2 0.7953125 0.2484375000000001 0.765625 0.2484375000000001 0.765625 0.2796875000000001 0.7953125 0.2796875000000001
2 0.515625 0.3546875000000001 0.4875 0.3546875000000001 0.4875 0.3812500000000001 0.515625 0.3812500000000001
2 0.3750000000000001 0.5125 0.3421875000000001 0.5125 0.3421875000000001 0.546875 0.3750000000000001 0.546875
2 0.17187500000000006 0.225 0.14531250000000004 0.225 0.14531250000000004 0.2734375 0.17187500000000006 0.2734375
2 0.034375 3.0616169978683836e-18 0.015625 1.9135106236677394e-18 0.015625000000000003 0.0515625 0.03437500000000001 0.0515625
2 0.0859375 0.031250000000000014 0.065625 0.031250000000000014 0.065625 0.0828125 0.0859375 0.0828125
2 0.0765625 0.0796875 0.053125 0.0796875 0.05312500000000001 0.128125 0.07656250000000002 0.128125
2 0.06250000000000003 0.128125 0.04531250000000001 0.128125 0.04531250000000002 0.175 0.06250000000000003 0.175
2 0.04687500000000002 0.16875 0.025000000000000022 0.16875 0.025000000000000022 0.2125 0.04687500000000002 0.2125
2 0.05312500000000002 0.209375 0.029687500000000023 0.209375 0.029687500000000026 0.259375 0.05312500000000002 0.259375
2 0.017187500000000036 0.2640625 3.2338329539984796e-17 0.2640625 3.5495622069036564e-17 0.315625 0.01718750000000004 0.315625
6 0.09062500000000004 0.2734375 0.059375000000000046 0.2734375 0.059375000000000046 0.353125 0.09062500000000004 0.353125
4 0.015625000000000007 0.040625 0.0062500000000000056 0.040625 0.006250000000000007 0.0625 0.015625000000000007 0.0625
4 0.015625000000000045 0.353125 0.006250000000000045 0.353125 0.0062500000000000454 0.3796875 0.015625000000000045 0.3796875
4 0.0062500000000000515 0.403125 4.9368574090627673e-17 0.403125 5.099505812074526e-17 0.4296875 0.006250000000000052 0.4296875
4 0.23593750000000008 0.396875 0.2171875000000001 0.396875 0.2171875000000001 0.4140625 0.23593750000000008 0.4140625
4 0.27031250000000007 0.3515625 0.2546875 0.3515625 0.25468750000000007 0.365625 0.27031250000000007 0.365625
4 0.615625 0.3468750000000001 0.6 0.3468750000000001 0.6 0.3687500000000001 0.615625 0.3687500000000001
4 0.734375 0.3703125000000001 0.725 0.3703125000000001 0.725 0.37968750000000007 0.734375 0.37968750000000007
4 0.73125 0.3859375000000001 0.721875 0.3859375000000001 0.721875 0.39531250000000007 0.73125 0.39531250000000007
0 0.21093750000000006 0.3546875 0.18593750000000003 0.3546875 0.18593750000000003 0.3765625 0.21093750000000008 0.3765625