2 0.4625 0.534375 0.4375 0.534375 0.4375 0.559375 0.4625 0.559375
2 0.3703125000000001 0.37187500000000007 0.3531250000000001 0.371875 0.3531250000000001 0.4109375 0.3703125000000001 0.4109375
0 0.4390625 0.671875 0.421875 0.671875 0.421875 0.696875 0.4390625 0.696875
0 0.44375 0.628125 0.425 0.628125 0.425 0.6578125 0.44375 0.6578125
0 0.54375 0.4859375 0.5265625 0.4859375 0.5265625 0.509375 0.54375 0.509375
0 0.534375 0.4671875 0.5203125 0.4671875 0.5203125 0.4953125 0.534375 0.4953125
0 0.5078125 0.43125 0.4921875 0.43125 0.4921875 0.45625 0.5078125 0.45625
0 0.4609375 0.3703125000000001 0.440625 0.3703125000000001 0.440625 0.39531250000000007 0.4609375 0.39531250000000007
0 0.5015625 0.3453125000000001 0.484375 0.3453125000000001 0.484375 0.37187500000000007 0.5015625 0.37187500000000007
0 0.553125 0.2984375000000001 0.534375 0.2984375000000001 0.534375 0.3218750000000001 0.553125 0.3218750000000001
2 0.7296875000000002 0.8484375 0.7046875000000001 0.8484375 0.7046875000000001 0.884375 0.7296875000000002 0.884375
2 0.7359375000000001 0.953125 0.7109375000000002 0.953125 0.7109375000000002 0.9734375 0.7359375000000001 0.9734375
0 0.6359375 0.4484375 0.6203125 0.4484375 0.6203125 0.4734375 0.6359375 0.4734375
3 0.3609375 0.2265625 0.340625 0.2265625 0.340625 0.2609375 0.3609375 0.2609375
2 0.3046875 0.19531250000000006 0.2796875 0.19531250000000006 0.2796875 0.23125 0.3046875 0.23125
2 0.2421875 0.17031250000000003 0.221875 0.17031250000000003 0.221875 0.203125 0.2421875 0.203125
3 0.2015625 0.184375 0.17968750000000006 0.184375 0.17968750000000006 0.2234375 0.2015625 0.2234375
2 0.33593750000000006 0.35625 0.3171875 0.35625 0.31718750000000007 0.3921875 0.3359375000000001 0.3921875
3 0.3593750000000001 0.4796875 0.34062500000000007 0.4796875 0.34062500000000007 0.521875 0.3593750000000001 0.521875
0 0.4125000000000001 0.7 0.3984375000000001 0.7 0.3984375000000001 0.7265625 0.4125000000000002 0.7265625
0 0.3296875000000001 0.65625 0.3140625000000001 0.65625 0.3140625000000001 0.6875 0.3296875000000001 0.6875
2 0.5640625 0.2328125000000001 0.5390625 0.2328125000000001 0.5390625 0.2640625000000001 0.5640625 0.2640625000000001
2 0.53125 0.2593750000000001 0.50625 0.2593750000000001 0.50625 0.2953125000000001 0.53125 0.2953125000000001
2 0.3859375 0.3031250000000001 0.371875 0.3031250000000001 0.371875 0.3421875000000001 0.3859375 0.3421875000000001
4 0.3046875000000001 0.715625 0.29375000000000007 0.715625 0.29375000000000007 0.7375 0.3046875000000001 0.7375
4 0.2765625000000001 0.7796875 0.2671875000000001 0.7796875 0.2671875000000001 0.7984375 0.2765625000000001 0.7984375
4 0.2890625000000001 0.7875 0.2750000000000001 0.7875 0.2750000000000001 0.809375 0.2890625000000001 0.809375
4 0.3046875000000001 0.7515625 0.2968750000000001 0.7515625 0.2968750000000001 0.771875 0.3046875000000001 0.771875
4 0.3546875000000001 0.7265625 0.3421875000000001 0.7265625 0.3421875000000001 0.7515625 0.3546875000000001 0.7515625
4 0.3468750000000001 0.7671875 0.3343750000000001 0.7671875 0.3343750000000001 0.79375 0.3468750000000001 0.79375
4 0.3812500000000001 0.7265625 0.37187500000000007 0.7265625 0.37187500000000007 0.7484375 0.3812500000000001 0.7484375
4 0.3109375000000001 0.871875 0.30156250000000007 0.871875 0.30156250000000007 0.890625 0.3109375000000001 0.890625
4 0.31718750000000007 0.8875 0.30937500000000007 0.8875 0.30937500000000007 0.909375 0.31718750000000007 0.909375
4 0.3031250000000001 0.89375 0.29375000000000007 0.89375 0.29375000000000007 0.9125 0.3031250000000001 0.9125
4 0.3281250000000001 0.5640625 0.3203125000000001 0.5640625 0.3203125000000001 0.5875 0.3281250000000001 0.5875
4 0.3656250000000001 0.5640625 0.35625000000000007 0.5640625 0.35625000000000007 0.5828125 0.3656250000000001 0.5828125
4 0.3515625000000001 0.5984375 0.3375000000000001 0.5984375 0.3375000000000001 0.6109375 0.3515625000000001 0.6109375
4 0.3421875000000001 0.525 0.3343750000000001 0.525 0.3343750000000001 0.5453125 0.3421875000000001 0.5453125
6 0.5812500000000002 0.91875 0.5453125000000002 0.91875 0.5453125000000002 0.9828125 0.5812500000000002 0.9828125
4 0.6546875000000002 0.8296875 0.6453125000000002 0.8296875 0.6453125000000002 0.8484375 0.6546875000000002 0.8484375
4 0.6593750000000002 0.784375 0.6437500000000002 0.784375 0.6437500000000002 0.809375 0.6593750000000002 0.809375
4 0.7062500000000002 0.753125 0.6984375000000002 0.753125 0.6984375000000002 0.771875 0.7062500000000002 0.771875
4 0.7296875000000002 0.7859375000000001 0.7187500000000002 0.7859375 0.7187500000000002 0.8078125 0.7296875000000002 0.8078125
4 0.7015625000000001 0.725 0.6921875 0.725 0.6921875000000001 0.7390625 0.7015625000000002 0.7390625
4 0.6843750000000001 0.709375 0.671875 0.709375 0.6718750000000001 0.728125 0.6843750000000002 0.728125
4 0.7437500000000001 0.7921875000000002 0.7328125000000002 0.7921875000000002 0.7328125000000002 0.809375 0.7437500000000001 0.809375
4 0.7625000000000002 0.8078125 0.7515625000000001 0.8078125 0.7515625000000001 0.828125 0.7625000000000002 0.828125
4 0.7984375000000001 0.975 0.7859375000000002 0.975 0.7859375000000002 0.99375 0.7984375000000001 0.99375
4 0.80625 0.8953125 0.7953125000000002 0.8953125 0.7953125000000002 0.9171875 0.80625 0.9171875
4 0.684375 0.675 0.671875 0.675 0.671875 0.69375 0.684375 0.69375
4 0.5546875 0.49375 0.54375 0.49375 0.54375 0.51875 0.5546875 0.51875
4 0.565625 0.5734375 0.5515625 0.5734375 0.5515625 0.5921875 0.565625 0.5921875
4 0.46875 0.4921875 0.4546875 0.4921875 0.4546875 0.5125 0.46875 0.5125
4 0.45 0.484375 0.440625 0.484375 0.440625 0.4984375 0.45 0.4984375
4 0.4390625 0.484375 0.428125 0.484375 0.428125 0.5015625 0.4390625 0.5015625
4 0.4140625 0.575 0.403125 0.575 0.403125 0.59375 0.4140625 0.59375
4 0.4234375 0.6078125 0.4125 0.6078125 0.4125 0.6234375 0.4234375 0.6234375
4 0.4578125 0.5859375 0.45 0.5859375 0.45 0.6 0.4578125 0.6
4 0.478125 0.60625 0.465625 0.60625 0.465625 0.6265625 0.478125 0.6265625
4 0.496875 0.6390625 0.484375 0.6390625 0.484375 0.6546875 0.496875 0.6546875
4 0.50625 0.6671875 0.49375 0.6671875 0.49375 0.6875 0.50625 0.6875
4 0.4703125 0.5640625 0.45625 0.5640625 0.45625 0.5796875 0.4703125 0.5796875
4 0.4515625 0.5671875 0.440625 0.5671875 0.440625 0.5875 0.4515625 0.5875
4 0.434375 0.546875 0.421875 0.546875 0.421875 0.5609375 0.434375 0.5609375
4 0.3828125000000001 0.50625 0.3703125000000001 0.50625 0.3703125000000001 0.525 0.3828125000000001 0.525
4 0.3703125000000001 0.4828125 0.3609375000000001 0.4828125 0.3609375000000001 0.5046875 0.3703125000000001 0.5046875
4 0.4046875 0.434375 0.3937500000000001 0.434375 0.3937500000000001 0.453125 0.4046875 0.453125
4 0.4140625 0.4484375 0.4 0.4484375 0.4 0.46875 0.4140625 0.46875
4 0.4203125 0.4171875 0.4109375 0.4171875 0.4109375 0.4359375 0.4203125 0.4359375
4 0.43125 0.3859375000000001 0.4203125 0.3859375000000001 0.4203125 0.40625 0.43125 0.40625
4 0.4625 0.4109375 0.4515625 0.4109375 0.4515625 0.43125 0.4625 0.43125
4 0.45625 0.3500000000000001 0.44375 0.3500000000000001 0.44375 0.3656250000000001 0.45625 0.3656250000000001
4 0.4375 0.34843750000000007 0.428125 0.34843750000000007 0.428125 0.36406250000000007 0.4375 0.36406250000000007
4 0.403125 0.3125000000000001 0.39375 0.3125000000000001 0.39375 0.3359375000000001 0.403125 0.3359375000000001
4 0.3 0.25 0.290625 0.25 0.290625 0.26875 0.3 0.26875
4 0.3890625 0.24375000000000008 0.3796875 0.24375000000000008 0.3796875 0.2593750000000001 0.3890625 0.2593750000000001
4 0.396875 0.2765625000000001 0.3875 0.2765625000000001 0.3875 0.2984375000000001 0.396875 0.2984375000000001
4 0.3921875 0.29375000000000007 0.384375 0.29375000000000007 0.384375 0.3125000000000001 0.3921875 0.3125000000000001
4 0.4078125 0.2953125000000001 0.4 0.2953125000000001 0.4 0.31718750000000007 0.4078125 0.31718750000000007
4 0.4140625 0.2812500000000001 0.4015625 0.2812500000000001 0.4015625 0.3000000000000001 0.4140625 0.3000000000000001
4 0.4390625 0.3031250000000001 0.428125 0.3031250000000001 0.428125 0.3187500000000001 0.4390625 0.3187500000000001
4 0.4125 0.31718750000000007 0.403125 0.31718750000000007 0.403125 0.3375000000000001 0.4125 0.3375000000000001
4 0.5 0.31718750000000007 0.4890625 0.31718750000000007 0.4890625 0.3312500000000001 0.5 0.3312500000000001
4 0.49375 0.3343750000000001 0.48125 0.3343750000000001 0.48125 0.3453125000000001 0.49375 0.3453125000000001
4 0.521875 0.36406250000000007 0.5078125 0.36406250000000007 0.5078125 0.3859375000000001 0.521875 0.3859375000000001
4 0.5828125 0.3968750000000001 0.5703125 0.3968750000000001 0.5703125 0.4125 0.5828125 0.4125
4 0.5859375 0.3828125000000001 0.5734375 0.3828125000000001 0.5734375 0.39531250000000007 0.5859375 0.39531250000000007
4 0.6171875 0.3968750000000001 0.603125 0.3968750000000001 0.603125 0.415625 0.6171875 0.415625
4 0.5765625 0.3078125000000001 0.565625 0.3078125000000001 0.565625 0.32500000000000007 0.5765625 0.32500000000000007
4 0.60625 0.23593750000000008 0.5921875 0.23593750000000008 0.5921875 0.2562500000000001 0.60625 0.2562500000000001
4 0.63125 0.2406250000000001 0.621875 0.2406250000000001 0.621875 0.2578125000000001 0.63125 0.2578125000000001
4 0.6375 0.2156250000000001 0.625 0.2156250000000001 0.625 0.23437500000000008 0.6375 0.23437500000000008
4 0.6828125 0.1671875000000001 0.6703125 0.1671875000000001 0.6703125 0.1828125000000001 0.6828125 0.1828125000000001
4 0.684375 0.12343750000000009 0.6765625 0.12343750000000009 0.6765625 0.1390625000000001 0.684375 0.1390625000000001
2 0.671875 0.1375000000000001 0.6484375 0.1375000000000001 0.6484375 0.16562500000000008 0.671875 0.16562500000000008
2 0.6328125 0.1390625000000001 0.615625 0.1390625000000001 0.615625 0.17968750000000008 0.6328125 0.17968750000000008
2 0.7703125 0.6140625000000002 0.75 0.6140625000000002 0.75 0.6531250000000002 0.7703125 0.6531250000000002
2 0.859375 0.3671875000000001 0.834375 0.3671875000000001 0.834375 0.4125000000000002 0.859375 0.4125000000000002
2 0.878125 0.2750000000000001 0.8546875 0.2750000000000001 0.8546875 0.3062500000000001 0.878125 0.3062500000000001
4 0.840625 0.08281250000000011 0.8296875 0.08281250000000011 0.8296875 0.09843750000000011 0.840625 0.09843750000000011
4 0.9359375 0.021875000000000113 0.921875 0.02187500000000011 0.921875 0.042187500000000114 0.9359375 0.042187500000000114
4 0.91875 0.1328125000000001 0.9015625 0.13281250000000008 0.9015625 0.1500000000000001 0.91875 0.15000000000000013
4 0.9640625 0.13906250000000014 0.9484375 0.13906250000000014 0.9484375 0.15625000000000014 0.9640625 0.15625000000000014
4 0.8328125 0.4906250000000002 0.8203125 0.4906250000000002 0.8203125 0.5109375000000002 0.8328125 0.5109375000000002
4 0.78125 0.6890625000000001 0.771875 0.6890625000000001 0.771875 0.7156250000000002 0.78125 0.7156250000000002
4 0.7656250000000001 0.7109375000000002 0.753125 0.7109375000000002 0.753125 0.7390625000000002 0.7656250000000002 0.7390625000000002
4 0.7156250000000002 0.9234375 0.7046875000000001 0.9234375 0.7046875000000001 0.9390625 0.7156250000000002 0.9390625
4 0.6546875 0.4546875 0.6421875 0.4546875 0.6421875 0.4671875 0.6546875 0.4671875
4 0.696875 0.34062500000000007 0.6828125 0.34062500000000007 0.6828125 0.3546875000000001 0.696875 0.3546875000000001
4 0.75625 0.2921875000000001 0.7421875 0.2921875000000001 0.7421875 0.3140625000000001 0.75625 0.3140625000000001
4 0.79375 0.3031250000000001 0.7796875 0.3031250000000001 0.7796875 0.3187500000000001 0.79375 0.3187500000000001
4 0.3031250000000001 0.94375 0.29375000000000007 0.94375 0.29375000000000007 0.9640625 0.3031250000000001 0.9640625
4 0.3312500000000001 0.8203125 0.3218750000000001 0.8203125 0.3218750000000001 0.840625 0.3312500000000001 0.840625
0 0.6296875 0.4796875 0.6109375 0.4796875 0.6109375 0.5046875 0.6296875 0.5046875
0 0.6375 0.528125 0.6203125 0.528125 0.6203125 0.5578125 0.6375 0.5578125
3 0.6796875 0.56875 0.6640625 0.56875 0.6640625 0.5953125 0.6796875 0.5953125
3 0.684375 0.4203125 0.6578125 0.4203125 0.6578125 0.4546875 0.684375 0.4546875
4 0.75625 0.36406250000000007 0.746875 0.36406250000000007 0.746875 0.3843750000000001 0.75625 0.3843750000000001
3 0.7515625 0.37187500000000007 0.7203125 0.37187500000000007 0.7203125 0.4046875000000001 0.7515625 0.4046875000000002
3 0.8234375 0.3156250000000001 0.8 0.3156250000000001 0.8 0.3468750000000001 0.8234375 0.3468750000000001
3 0.8546875 0.2890625000000001 0.8234375 0.2890625000000001 0.8234375 0.3343750000000001 0.8546875 0.3343750000000001
3 0.8859375 0.3109375000000001 0.8515625 0.3109375000000001 0.8515625 0.3671875000000001 0.8859375 0.3671875000000001
3 0.8390625 0.41718750000000016 0.809375 0.41718750000000016 0.809375 0.4859375000000002 0.8390625 0.4859375000000002
3 0.53125 0.6875 0.5078125 0.6875 0.5078125 0.7203125 0.53125 0.7203125
4 0.421875 0.684375 0.4078125 0.684375 0.4078125 0.7015625 0.421875 0.7015625
4 0.403125 0.665625 0.3921875000000001 0.665625 0.3921875000000001 0.684375 0.403125 0.684375
4 0.453125 0.6484375 0.440625 0.6484375 0.440625 0.6640625 0.453125 0.6640625
4 0.271875 0.19375000000000003 0.2609375 0.19375000000000003 0.2609375 0.209375 0.271875 0.209375
4 0.25625 0.17343750000000005 0.2453125 0.17343750000000005 0.2453125 0.19062500000000004 0.25625 0.19062500000000004
4 0.2375 0.12343750000000005 0.2265625 0.12343750000000005 0.2265625 0.13906250000000003 0.2375 0.13906250000000003
4 0.29375 0.10156250000000004 0.2828125 0.10156250000000004 0.2828125 0.11875000000000005 0.29375 0.11875000000000005
4 0.3328125 0.17812500000000003 0.3234375 0.17812500000000003 0.3234375 0.19531250000000006 0.3328125 0.19531250000000006
4 0.2953125 0.07500000000000004 0.284375 0.07500000000000004 0.284375 0.09843750000000004 0.2953125 0.09843750000000004
2 0.31875 0.09375000000000004 0.3 0.09375000000000004 0.3 0.12968750000000004 0.31875 0.12968750000000004
2 0.415625 0.12500000000000006 0.3953125 0.12500000000000006 0.3953125 0.16093750000000004 0.415625 0.16093750000000004
3 0.2640625 0.215625 0.24375 0.215625 0.24375 0.25 0.2640625 0.25
3 0.2296875 0.2546875 0.20625 0.2546875 0.20625 0.29375 0.2296875 0.29375
6 0.2078125 0.2234375 0.17812500000000003 0.2234375 0.17812500000000003 0.278125 0.2078125 0.278125
0 0.15937500000000004 0.2921875 0.14375000000000004 0.2921875 0.14375000000000004 0.3140625 0.15937500000000004 0.3140625
4 0.30937500000000007 0.425 0.2984375000000001 0.425 0.2984375000000001 0.44375 0.30937500000000007 0.44375
4 0.2984375000000001 0.659375 0.2890625000000001 0.659375 0.2890625000000001 0.684375 0.2984375000000001 0.684375
2 0.3359375000000001 0.896875 0.3187500000000001 0.896875 0.3187500000000001 0.934375 0.3359375000000001 0.934375
0 0.8140625 0.49218750000000017 0.7984375 0.49218750000000017 0.7984375 0.5203125000000002 0.8140625 0.5203125000000002
3 0.7375 0.659375 0.715625 0.659375 0.715625 0.6953125000000001 0.7375 0.6953125000000002
3 0.703125 0.5953125 0.6828125 0.5953125 0.6828125 0.625 0.703125 0.625
3 0.7296875 0.628125 0.703125 0.628125 0.703125 0.6765625000000001 0.7296875 0.6765625000000002
3 0.696875 0.5640625 0.671875 0.5640625 0.671875 0.6109375 0.696875 0.6109375
4 0.4109375000000002 0.73125 0.4000000000000002 0.73125 0.4000000000000002 0.74375 0.4109375000000002 0.74375
4 0.2312500000000001 0.8296875 0.22031250000000008 0.8296875 0.22031250000000008 0.84375 0.2312500000000001 0.84375
4 0.23437500000000008 0.8171875 0.2218750000000001 0.8171875 0.2218750000000001 0.83125 0.23437500000000008 0.83125
4 0.2640625000000001 0.725 0.2531250000000001 0.725 0.2531250000000001 0.7359375 0.2640625000000001 0.7359375
4 0.2406250000000001 0.7890625 0.2312500000000001 0.7890625 0.2312500000000001 0.8 0.2406250000000001 0.8
4 0.3109375000000001 0.5765625 0.3046875000000001 0.5765625 0.3046875000000001 0.5984375 0.3109375000000001 0.5984375
3 0.28593750000000007 0.65625 0.2718750000000001 0.65625 0.2718750000000001 0.6875 0.28593750000000007 0.6875
3 0.225 0.23125 0.2015625 0.23125 0.2015625 0.26875 0.225 0.26875
6 0.096875 9.47187758715531e-18 0.0578125 7.079989307570636e-18 0.0578125 0.06093750000000001 0.096875 0.06093750000000002
4 0.1640625 0.051562500000000025 0.15 0.051562500000000025 0.15 0.06562500000000002 0.1640625 0.06562500000000002
4 0.1203125 0.10625 0.1125 0.10625 0.1125 0.128125 0.1203125 0.128125
4 0.15156250000000002 0.1765625 0.1453125 0.1765625 0.1453125 0.1921875 0.15156250000000004 0.1921875
4 0.14843750000000003 0.16875 0.1421875 0.16875 0.14218750000000002 0.184375 0.14843750000000006 0.184375
4 0.240625 0.2359375 0.23125 0.2359375 0.23125 0.246875 0.240625 0.246875
4 0.246875 0.228125 0.2390625 0.228125 0.2390625 0.25 0.246875 0.25
4 0.334375 0.051562500000000046 0.328125 0.051562500000000046 0.328125 0.07031250000000004 0.334375 0.07031250000000004
4 0.35 0.03125000000000004 0.340625 0.03125000000000004 0.340625 0.04687500000000004 0.35 0.04687500000000004
4 0.3578125 0.04062500000000004 0.3515625 0.04062500000000004 0.3515625 0.059375000000000046 0.3578125 0.059375000000000046
4 0.3671875 0.050000000000000044 0.3578125 0.050000000000000044 0.3578125 0.07031250000000004 0.3671875 0.07031250000000004
4 0.35 0.06406250000000005 0.340625 0.06406250000000005 0.340625 0.07812500000000004 0.35 0.07812500000000004
4 0.340625 0.05625000000000004 0.3328125 0.05625000000000004 0.3328125 0.07187500000000005 0.340625 0.07187500000000005
4 0.33125 0.06406250000000005 0.3203125 0.06406250000000005 0.3203125 0.07500000000000004 0.33125 0.07500000000000004
4 0.334375 0.07343750000000004 0.328125 0.07343750000000004 0.328125 0.08750000000000005 0.334375 0.08750000000000005
4 0.3265625 0.06875000000000005 0.3171875 0.06875000000000005 0.3171875 0.08125000000000004 0.3265625 0.08125000000000004
4 0.31875 0.07968750000000005 0.309375 0.07968750000000005 0.309375 0.09687500000000004 0.31875 0.09687500000000004
4 0.3234375 0.08750000000000005 0.3140625 0.08750000000000005 0.3140625 0.10468750000000004 0.3234375 0.10468750000000004
4 0.38125 0.07343750000000004 0.371875 0.07343750000000004 0.371875 0.08906250000000004 0.38125 0.08906250000000004
4 0.384375 0.09218750000000005 0.375 0.09218750000000005 0.375 0.11093750000000005 0.384375 0.11093750000000005
4 0.39375 0.09531250000000005 0.3875 0.09531250000000005 0.3875 0.11562500000000005 0.39375 0.11562500000000005
4 0.3875 0.10625000000000004 0.38125 0.10625000000000004 0.38125 0.12500000000000006 0.3875 0.12500000000000006
4 0.38125 0.13125000000000003 0.3765625 0.13125000000000003 0.3765625 0.15156250000000004 0.38125 0.15156250000000004
4 0.3765625 0.11875000000000005 0.3703125 0.11875000000000005 0.3703125 0.13906250000000003 0.3765625 0.13906250000000003
4 0.38125 0.11093750000000005 0.3765625 0.11093750000000005 0.3765625 0.12656250000000005 0.38125 0.12656250000000005
4 0.3703125 0.10937500000000004 0.365625 0.10937500000000004 0.365625 0.12500000000000006 0.3703125 0.12500000000000006
4 0.3703125 0.08906250000000004 0.3609375 0.08906250000000004 0.3609375 0.10468750000000004 0.3703125 0.10468750000000004
4 0.3625 0.07968750000000005 0.3578125 0.07968750000000005 0.3578125 0.09531250000000005 0.3625 0.09531250000000005
4 0.3546875 0.08750000000000005 0.346875 0.08750000000000005 0.346875 0.10312500000000005 0.3546875 0.10312500000000005
4 0.3453125 0.09531250000000005 0.3390625 0.09531250000000005 0.3390625 0.10781250000000005 0.3453125 0.10781250000000005
4 0.35 0.10468750000000004 0.34375 0.10468750000000004 0.34375 0.11875000000000005 0.35 0.11875000000000005
4 0.3453125 0.11718750000000004 0.3359375 0.11718750000000004 0.3359375 0.13437500000000005 0.3453125 0.13437500000000005
4 0.3484375 0.12812500000000004 0.3390625 0.12812500000000004 0.3390625 0.14375000000000004 0.3484375 0.14375000000000004
4 0.3546875 0.12968750000000004 0.3484375 0.12968750000000004 0.3484375 0.14531250000000004 0.3546875 0.14531250000000004
4 0.3640625 0.11093750000000005 0.35625 0.11093750000000005 0.35625 0.12500000000000006 0.3640625 0.12500000000000006
4 0.39375 0.2062500000000001 0.3828125 0.2062500000000001 0.3828125 0.2218750000000001 0.39375 0.2218750000000001
4 0.3953125 0.18281250000000004 0.384375 0.18281250000000004 0.384375 0.19843750000000004 0.3953125 0.19843750000000004
4 0.4140625 0.2375000000000001 0.4046875 0.2375000000000001 0.4046875 0.2484375000000001 0.4140625 0.2484375000000001
4 0.3921875 0.2234375000000001 0.3828125 0.2234375000000001 0.3828125 0.23437500000000008 0.3921875 0.23437500000000008
4 0.4125 0.2515625000000001 0.40625 0.2515625000000001 0.40625 0.2734375000000001 0.4125 0.2734375000000001
4 0.4171875 0.2687500000000001 0.4109375 0.2687500000000001 0.4109375 0.2843750000000001 0.4171875 0.2843750000000001
4 0.4359375 0.2796875000000001 0.4296875 0.2796875000000001 0.4296875 0.2984375000000001 0.4359375 0.2984375000000001
4 0.46875 0.2718750000000001 0.4609375 0.2718750000000001 0.4609375 0.2875000000000001 0.46875 0.2875000000000001
4 0.4765625 0.2718750000000001 0.4671875 0.2718750000000001 0.4671875 0.28593750000000007 0.4765625 0.28593750000000007
4 0.484375 0.27031250000000007 0.478125 0.27031250000000007 0.478125 0.2875000000000001 0.484375 0.2875000000000001
4 0.50625 0.2562500000000001 0.5 0.2562500000000001 0.5 0.2765625000000001 0.50625 0.2765625000000001
4 0.5671875 0.1921875000000001 0.5625 0.1921875000000001 0.5625 0.21093750000000008 0.5671875 0.21093750000000008
4 0.5578125 0.1750000000000001 0.553125 0.1750000000000001 0.553125 0.19531250000000008 0.5578125 0.19531250000000008
4 0.553125 0.17968750000000008 0.5484375 0.17968750000000008 0.5484375 0.1984375000000001 0.553125 0.1984375000000001
4 0.559375 0.21093750000000008 0.5484375 0.21093750000000008 0.5484375 0.2250000000000001 0.559375 0.2250000000000001
4 0.5953125 0.18750000000000008 0.5890625 0.18750000000000008 0.5890625 0.2062500000000001 0.5953125 0.2062500000000001
4 0.6078125 0.16406250000000008 0.603125 0.16406250000000008 0.603125 0.18125000000000008 0.6078125 0.18125000000000008
4 0.6 0.16562500000000008 0.59375 0.16562500000000008 0.59375 0.18750000000000008 0.6 0.18750000000000008
4 0.59375 0.16406250000000008 0.5890625 0.16406250000000008 0.5890625 0.1843750000000001 0.59375 0.1843750000000001
4 0.5875 0.1781250000000001 0.5828125 0.1781250000000001 0.5828125 0.19531250000000008 0.5875 0.19531250000000008
4 0.51875 0.2390625000000001 0.5109375 0.2390625000000001 0.5109375 0.25468750000000007 0.51875 0.25468750000000007
3 0.534375 0.20312500000000008 0.5125 0.20312500000000008 0.5125 0.2328125000000001 0.534375 0.2328125000000001
4 0.615625 0.12343750000000009 0.6078125 0.12343750000000009 0.6078125 0.1437500000000001 0.615625 0.1437500000000001
4 0.6140625 0.15000000000000008 0.609375 0.15000000000000008 0.609375 0.1703125000000001 0.6140625 0.1703125000000001
4 0.64375 0.1781250000000001 0.634375 0.1781250000000001 0.634375 0.1921875000000001 0.64375 0.1921875000000001
4 0.6453125 0.12343750000000009 0.640625 0.12343750000000009 0.640625 0.1437500000000001 0.6453125 0.1437500000000001
4 0.653125 0.11718750000000008 0.646875 0.11718750000000008 0.646875 0.1375000000000001 0.653125 0.1375000000000001
4 0.659375 0.11875000000000009 0.653125 0.11875000000000009 0.653125 0.1375000000000001 0.659375 0.1375000000000001
4 0.665625 0.11718750000000008 0.659375 0.11718750000000008 0.659375 0.13437500000000008 0.665625 0.13437500000000008
4 0.6703125 0.11875000000000009 0.665625 0.11875000000000009 0.665625 0.13437500000000008 0.6703125 0.13437500000000008
4 0.6875 0.10468750000000009 0.6796875 0.10468750000000009 0.6796875 0.12343750000000009 0.6875 0.12343750000000009
4 0.7125 0.10937500000000008 0.7 0.10937500000000008 0.7 0.12343750000000009 0.7125 0.12343750000000009
4 0.7328125 0.08437500000000009 0.7265625 0.08437500000000009 0.7265625 0.10156250000000008 0.7328125 0.10156250000000008
4 0.78125 0.020312500000000094 0.7765625 0.020312500000000094 0.7765625 0.0375000000000001 0.78125 0.0375000000000001
4 0.7875 0.015625000000000094 0.7828125 0.015625000000000094 0.7828125 0.0343750000000001 0.7875 0.0343750000000001
3 0.715625 0.3984375000000001 0.6859375 0.3984375000000001 0.6859375 0.4375 0.715625 0.4375
3 0.678125 0.546875 0.6578125 0.546875 0.6578125 0.5796875 0.678125 0.5796875