2 0.020312500000000008 0.028125 3.444319122601931e-18 0.028125 6.218909526920153e-18 0.0734375 0.02031250000000001 0.0734375
4 0.021875000000000002 0.003125000000000002 0.0078125 0.0031250000000000015 0.007812500000000002 0.0265625 0.021875000000000006 0.0265625
4 0.029687500000000033 0.2421875 0.01718750000000003 0.2421875 0.01718750000000003 0.265625 0.029687500000000033 0.265625
5 0.07812500000000004 0.3 0.048437500000000036 0.3 0.048437500000000036 0.36875 0.07812500000000004 0.36875
2 0.16093750000000004 0.240625 0.13593750000000004 0.240625 0.13593750000000004 0.29375 0.16093750000000004 0.29375
2 0.19375000000000003 0.390625 0.16406250000000006 0.390625 0.16406250000000006 0.4203125 0.19375000000000003 0.4203125
0 0.12343750000000005 0.4421875 0.10312500000000005 0.4421875 0.10312500000000005 0.4609375 0.12343750000000005 0.4609375
4 0.07656250000000005 0.4203125 0.06406250000000005 0.4203125 0.06406250000000005 0.4359375 0.07656250000000005 0.4359375
4 0.06875000000000006 0.44375 0.05468750000000004 0.44375 0.054687500000000056 0.459375 0.06875000000000006 0.459375
4 0.12968750000000004 0.4078125 0.11562500000000005 0.4078125 0.11562500000000005 0.4265625 0.12968750000000004 0.4265625
4 0.12187500000000004 0.4265625 0.10625000000000004 0.4265625 0.10625000000000004 0.440625 0.12187500000000004 0.440625
4 0.16250000000000003 0.440625 0.14843750000000006 0.440625 0.14843750000000006 0.459375 0.16250000000000003 0.459375
4 0.17500000000000004 0.425 0.15781250000000005 0.425 0.15781250000000005 0.4390625 0.17500000000000004 0.4390625
4 0.2156250000000001 0.43125 0.2015625000000001 0.43125 0.2015625000000001 0.45 0.2156250000000001 0.45
4 0.2484375000000001 0.4265625 0.2328125000000001 0.4265625 0.2328125000000001 0.4453125 0.2484375000000001 0.4453125
0 0.2000000000000001 0.365625 0.18125000000000005 0.365625 0.18125000000000005 0.3875 0.2000000000000001 0.3875
4 0.3281250000000001 0.40625 0.3140625000000001 0.40625 0.3140625000000001 0.421875 0.3281250000000001 0.421875
2 0.50625 0.35625000000000007 0.484375 0.35625000000000007 0.484375 0.3765625000000001 0.50625 0.3765625000000001
2 0.04687500000000007 0.515625 0.02031250000000006 0.515625 0.020312500000000063 0.5328125 0.04687500000000007 0.5328125
2 0.10625000000000004 0.5078125 0.07968750000000006 0.5078125 0.07968750000000006 0.53125 0.10625000000000004 0.53125
2 0.1390625000000001 0.5734375 0.10468750000000009 0.5734375 0.10468750000000009 0.596875 0.1390625000000001 0.596875
2 0.2453125000000001 0.5046875 0.21875000000000008 0.5046875 0.21875000000000008 0.5328125 0.2453125000000001 0.5328125
2 0.04687500000000007 0.546875 0.021875000000000068 0.546875 0.021875000000000068 0.5671875 0.04687500000000007 0.5671875
0 0.02187500000000007 0.584375 0.004687500000000072 0.584375 0.004687500000000073 0.603125 0.02187500000000007 0.603125
0 0.05468750000000007 0.596875 0.03281250000000008 0.596875 0.03281250000000008 0.615625 0.05468750000000007 0.615625
4 0.05468750000000007 0.5734375 0.042187500000000065 0.5734375 0.042187500000000065 0.5875 0.05468750000000007 0.5875
4 0.023437500000000076 0.6046875 0.009375000000000074 0.6046875 0.009375000000000074 0.61875 0.023437500000000076 0.61875
5 0.09687500000000007 0.5390625 0.04687500000000007 0.5390625 0.04687500000000007 0.56875 0.09687500000000007 0.56875
4 0.428125 0.55625 0.4140625 0.55625 0.4140625 0.575 0.428125 0.575
4 0.6078125 0.515625 0.59375 0.515625 0.59375 0.53125 0.6078125 0.53125
0 0.8015625 0.47968750000000016 0.78125 0.47968750000000016 0.78125 0.5046875000000002 0.8015625 0.5046875000000002
4 0.821875 0.5093750000000001 0.8109375 0.5093750000000001 0.8109375 0.5296875000000002 0.821875 0.5296875000000002
2 0.8515625 0.3843750000000001 0.825 0.3843750000000001 0.825 0.4125000000000002 0.8515625 0.4125000000000002
2 0.9125 0.3125000000000001 0.8796875 0.3125000000000001 0.8796875 0.3453125000000001 0.9125 0.3453125000000001
2 0.03906250000000007 0.575 0.026562500000000065 0.575 0.026562500000000065 0.5875 0.03906250000000007 0.5875
4 0.56875 0.3312500000000001 0.5578125 0.3312500000000001 0.5578125 0.3437500000000001 0.56875 0.3437500000000001
2 0.9921875 0.3140625000000001 0.965625 0.3140625000000001 0.965625 0.3375000000000001 0.9921875 0.3375000000000001
2 0.7875 0.23437500000000008 0.7609375 0.23437500000000008 0.7609375 0.2593750000000001 0.7875 0.2593750000000001
2 0.778125 0.1531250000000001 0.7515625 0.1531250000000001 0.7515625 0.1781250000000001 0.778125 0.1781250000000001