1 0.31718750000000007 0.6328125 0.26250000000000007 0.6328125 0.26250000000000007 0.6609375 0.31718750000000007 0.6609375
1 0.2593750000000001 0.6390625 0.20312500000000008 0.6390625 0.20312500000000008 0.6671875 0.2593750000000001 0.6671875
2 0.15625000000000008 0.6859375 0.13437500000000008 0.6859375 0.13437500000000008 0.70625 0.15625000000000008 0.70625
2 0.13437500000000008 0.83125 0.11093750000000009 0.83125 0.11093750000000009 0.8578125 0.13437500000000008 0.8578125
2 0.2406250000000001 0.790625 0.2171875000000001 0.790625 0.2171875000000001 0.8125 0.2406250000000001 0.8125
2 0.2843750000000001 0.76875 0.2609375000000001 0.76875 0.2609375000000001 0.790625 0.2843750000000001 0.790625
2 0.4281250000000002 0.796875 0.40937500000000016 0.796875 0.40937500000000016 0.8140625 0.4281250000000002 0.8140625
2 0.5109375 0.7078125 0.4953125 0.7078125 0.4953125000000001 0.746875 0.5109375000000002 0.746875
2 0.5296875 0.60625 0.51875 0.60625 0.51875 0.6453125 0.5296875 0.6453125
2 0.5859375000000002 0.86875 0.5640625000000001 0.86875 0.5640625000000001 0.8921875 0.5859375000000002 0.8921875
1 0.4312500000000002 0.8375 0.3734375000000001 0.8375 0.3734375000000001 0.878125 0.4312500000000002 0.878125
2 0.7765625000000002 0.85 0.7546875000000002 0.85 0.7546875000000002 0.8703125 0.7765625000000002 0.8703125
2 0.8125 0.8046875 0.7890625000000002 0.8046875 0.7890625000000002 0.825 0.8125 0.825
0 0.15781250000000013 0.9375 0.14062500000000014 0.9375 0.14062500000000014 0.953125 0.15781250000000013 0.953125
3 0.3359375000000001 0.796875 0.3156250000000001 0.796875 0.3156250000000001 0.815625 0.3359375000000001 0.815625
0 0.5250000000000001 0.9328125 0.5125000000000002 0.9328125 0.5125000000000002 0.94375 0.5250000000000001 0.94375
0 0.6953125000000002 0.88125 0.6781250000000002 0.88125 0.6781250000000002 0.9015625 0.6953125000000002 0.9015625
0 0.80625 0.890625 0.7906250000000001 0.890625 0.7906250000000001 0.90625 0.80625 0.90625
0 0.48125 0.64375 0.471875 0.64375 0.471875 0.6703125 0.48125 0.6703125
4 0.490625 0.15625000000000006 0.4859375 0.15625000000000006 0.4859375 0.17656250000000004 0.490625 0.17656250000000004
4 0.5234375 0.6703125 0.51875 0.6703125 0.51875 0.6875 0.5234375 0.6875
4 0.5156250000000001 0.721875 0.5109375 0.721875 0.5109375 0.7390625 0.5156250000000002 0.7390625
4 0.47656250000000017 0.775 0.4656250000000002 0.775 0.4656250000000002 0.7859375 0.47656250000000017 0.7859375
4 0.5406250000000001 0.7984375 0.5296875000000002 0.7984375 0.5296875000000002 0.8109375 0.5406250000000001 0.8109375
4 0.5468750000000002 0.78125 0.5375000000000002 0.78125 0.5375000000000002 0.7921875 0.5468750000000002 0.7921875
4 0.5890625000000002 0.7640625 0.5750000000000002 0.7640625 0.5750000000000002 0.775 0.5890625000000002 0.775
4 0.4578125000000002 0.8953125 0.4468750000000002 0.8953125 0.4468750000000002 0.90625 0.4578125000000002 0.90625
4 0.5015625000000001 0.90625 0.49218750000000017 0.90625 0.49218750000000017 0.9171875 0.5015625000000001 0.9171875
4 0.5671875000000002 0.8296875 0.5562500000000001 0.8296875 0.5562500000000001 0.84375 0.5671875000000002 0.84375
4 0.65 0.6515625 0.6390625 0.6515625 0.6390625 0.6625 0.65 0.6625
4 0.684375 0.6828125 0.671875 0.6828125 0.671875 0.6921875 0.684375 0.6921875
4 0.7125 0.66875 0.703125 0.66875 0.703125 0.6796875 0.7125 0.6796875
4 0.7359375 0.6703125000000001 0.725 0.6703125 0.725 0.6812500000000001 0.7359375 0.6812500000000001
4 0.8578125 0.7296875000000002 0.846875 0.7296875000000002 0.846875 0.7390625000000002 0.8578125 0.7390625000000002
4 0.8890625 0.7765625000000002 0.878125 0.7765625000000002 0.878125 0.7875000000000002 0.8890625 0.7875000000000002
4 0.9734375 0.8515625 0.959375 0.8515625 0.959375 0.8625 0.9734375 0.8625
4 0.94375 0.8890625 0.9296875 0.8890625 0.9296875 0.9 0.94375 0.9
4 0.9109375 0.890625 0.896875 0.890625 0.896875 0.903125 0.9109375 0.903125
4 0.8734375 0.88125 0.859375 0.88125 0.859375 0.8921875 0.8734375 0.8921875
4 0.8578125 0.8703125 0.84375 0.8703125 0.84375 0.88125 0.8578125 0.88125
4 0.7125000000000001 0.79375 0.7015625000000002 0.79375 0.7015625000000002 0.803125 0.7125000000000001 0.803125
4 0.6796875000000002 0.7703125 0.6687500000000002 0.7703125 0.6687500000000002 0.778125 0.6796875000000002 0.778125
4 0.6781250000000002 0.75625 0.6687500000000002 0.75625 0.6687500000000002 0.765625 0.6781250000000002 0.765625
4 0.7140625000000002 0.8703125 0.7015625000000002 0.8703125 0.7015625000000002 0.8875 0.7140625000000002 0.8875
4 0.6875000000000002 0.8671875 0.6750000000000002 0.8671875 0.6750000000000002 0.88125 0.6875000000000002 0.88125
4 0.6421875000000001 0.840625 0.6281250000000002 0.840625 0.6281250000000002 0.853125 0.6421875000000001 0.853125
4 0.12343750000000013 0.9359375 0.11250000000000013 0.9359375 0.11250000000000013 0.9453125 0.12343750000000013 0.9453125
4 0.1437500000000001 0.8703125 0.1312500000000001 0.8703125 0.1312500000000001 0.8828125 0.1437500000000001 0.8828125
4 0.2718750000000001 0.871875 0.2609375000000001 0.871875 0.2609375000000001 0.8875 0.2718750000000001 0.8875
4 0.23593750000000008 0.7640625 0.2218750000000001 0.7640625 0.2218750000000001 0.775 0.23593750000000008 0.775
4 0.28593750000000007 0.6796875 0.2718750000000001 0.6796875 0.2718750000000001 0.69375 0.28593750000000007 0.69375
4 0.06250000000000008 0.6890625 0.05156250000000009 0.6890625 0.05156250000000009 0.6984375 0.06250000000000008 0.6984375
4 0.42500000000000016 0.7765625 0.4109375000000002 0.7765625 0.4109375000000002 0.7921875 0.42500000000000016 0.7921875
4 0.8765625 0.846875 0.8625 0.846875 0.8625 0.8640625 0.8765625 0.8640625