2 0.8015625 0.42968750000000017 0.7625 0.42968750000000017 0.7625 0.4593750000000002 0.8015625 0.4593750000000002
0 0.875 0.4546875000000002 0.84375 0.4546875000000002 0.84375 0.4937500000000002 0.875 0.4937500000000002
4 0.9421875 0.5546875000000002 0.925 0.5546875000000002 0.925 0.5890625000000002 0.9421875 0.5890625000000002
4 0.95625 0.4812500000000002 0.9421875 0.4812500000000002 0.9421875 0.5015625000000001 0.95625 0.5015625000000001
4 0.9703125 0.44531250000000017 0.95625 0.44531250000000017 0.95625 0.46406250000000016 0.9703125 0.46406250000000016
4 0.8046875 0.38750000000000007 0.7984375 0.38750000000000007 0.7984375 0.4125000000000002 0.8046875 0.4125000000000002
4 0.8125 0.3859375000000001 0.80625 0.3859375000000001 0.80625 0.4125000000000002 0.8125 0.4125000000000002
4 0.8125 0.32500000000000007 0.80625 0.32500000000000007 0.80625 0.3531250000000001 0.8125 0.3531250000000001
4 0.821875 0.3343750000000001 0.8140625 0.3343750000000001 0.8140625 0.3578125000000001 0.821875 0.3578125000000001
4 0.8359375 0.3312500000000001 0.8265625 0.3312500000000001 0.8265625 0.3546875000000001 0.8359375 0.3546875000000001
4 0.8421875 0.3468750000000001 0.8359375 0.3468750000000001 0.8359375 0.3671875000000001 0.8421875 0.3671875000000001
4 0.865625 0.33281250000000007 0.8578125 0.33281250000000007 0.8578125 0.3515625000000001 0.865625 0.3515625000000001
4 0.8796875 0.32500000000000007 0.8703125 0.32500000000000007 0.8703125 0.3453125000000001 0.8796875 0.3453125000000001
4 0.8609375 0.3859375000000001 0.8515625 0.3859375000000001 0.8515625 0.4125000000000002 0.8609375 0.4125000000000002
4 0.8984375 0.3859375000000001 0.8921875 0.3859375000000001 0.8921875 0.4078125000000002 0.8984375 0.4078125000000002
4 0.884375 0.3859375000000001 0.878125 0.3859375000000001 0.878125 0.4125000000000002 0.884375 0.4125000000000002
4 0.890625 0.38750000000000007 0.8828125 0.38750000000000007 0.8828125 0.40937500000000016 0.890625 0.40937500000000016
4 0.928125 0.3843750000000001 0.9203125 0.3843750000000001 0.9203125 0.4078125000000002 0.928125 0.4078125000000002
4 0.934375 0.3859375000000001 0.928125 0.3859375000000001 0.928125 0.40625000000000017 0.934375 0.40625000000000017
4 0.9703125 0.33281250000000007 0.9609375 0.33281250000000007 0.9609375 0.3515625000000001 0.9703125 0.3515625000000001
4 0.925 0.3296875000000001 0.9171875 0.3296875000000001 0.9171875 0.34843750000000007 0.925 0.34843750000000007
4 0.94375 0.3312500000000001 0.9328125 0.3312500000000001 0.9328125 0.3500000000000001 0.94375 0.3500000000000001
4 0.9625 0.3781250000000001 0.95625 0.3781250000000001 0.95625 0.40156250000000016 0.9625 0.40156250000000016
4 0.95625 0.37968750000000007 0.95 0.37968750000000007 0.95 0.4031250000000002 0.95625 0.4031250000000002
4 0.9109375 0.4421875000000002 0.8953125 0.4421875000000002 0.8953125 0.45625000000000016 0.9109375 0.45625000000000016
0 0.8359375 0.6546875000000002 0.8234375 0.6546875000000002 0.8234375 0.6875000000000002 0.8359375 0.6875000000000002
0 0.85625 0.6500000000000001 0.84375 0.6500000000000001 0.84375 0.6781250000000002 0.85625 0.6781250000000002
4 0.8453125 0.6718750000000002 0.8390625 0.6718750000000002 0.8390625 0.7000000000000002 0.8453125 0.7000000000000002
4 0.79375 0.6718750000000002 0.778125 0.6718750000000002 0.778125 0.6859375000000002 0.79375 0.6859375000000002
4 0.75625 0.6453125000000002 0.7421875 0.6453125000000002 0.7421875 0.6578125000000001 0.75625 0.6578125000000001
4 0.7546875 0.6593750000000002 0.7421875 0.6593750000000002 0.7421875 0.6718750000000002 0.7546875 0.6718750000000002
4 0.7546875 0.6750000000000002 0.7421875 0.6750000000000002 0.7421875 0.6875000000000002 0.7546875 0.6875000000000002
4 0.7515625 0.6875000000000002 0.7390625 0.6875000000000002 0.7390625 0.6968750000000001 0.7515625 0.6968750000000001
4 0.7875 0.6921875000000002 0.7765625 0.6921875000000002 0.7765625 0.7062500000000002 0.7875 0.7062500000000002
2 0.7890625000000001 0.7140625000000002 0.76875 0.7140625000000002 0.76875 0.7640625000000002 0.7890625000000002 0.7640625000000002
2 0.7640625000000002 0.8578125 0.7359375000000001 0.8578125 0.7359375000000001 0.8875 0.7640625000000002 0.8875
4 0.61875 0.4625 0.60625 0.4625 0.60625 0.4828125 0.61875 0.4828125
4 0.646875 0.5515625 0.6296875 0.5515625 0.6296875 0.56875 0.646875 0.56875
4 0.6546875 0.5671875 0.6421875 0.5671875 0.6421875 0.5828125 0.6546875 0.5828125
4 0.665625 0.5859375 0.6515625 0.5859375 0.6515625 0.6 0.665625 0.6
4 0.7140625 0.521875 0.7 0.521875 0.7 0.540625 0.7140625 0.540625
0 0.5125000000000002 0.7765625 0.4968750000000002 0.7765625 0.4968750000000002 0.809375 0.5125000000000002 0.809375
0 0.45625000000000016 0.7484375 0.4421875000000002 0.7484375 0.4421875000000002 0.784375 0.45625000000000016 0.784375
0 0.42500000000000016 0.7984375 0.41406250000000017 0.7984375 0.41406250000000017 0.8375 0.42500000000000016 0.8375
0 0.4390625000000002 0.8171875 0.42968750000000017 0.8171875 0.42968750000000017 0.8484375 0.4390625000000002 0.8484375
4 0.42968750000000017 0.8125 0.42500000000000016 0.8125 0.42500000000000016 0.8390625 0.42968750000000017 0.8390625
4 0.4312500000000002 0.93125 0.4203125000000002 0.93125 0.4203125000000002 0.9578125 0.4312500000000002 0.9578125
4 0.3828125000000001 0.9546875 0.3734375000000001 0.9546875 0.3734375000000001 0.9890625 0.3828125000000001 0.9890625
4 0.4703125000000002 0.9734375 0.46093750000000017 0.9734375 0.46093750000000017 0.9984375 0.4703125000000002 0.9984375
0 0.31718750000000007 0.8359375 0.2968750000000001 0.8359375 0.2968750000000001 0.8703125 0.31718750000000007 0.8703125
4 0.4046875 0.6203125 0.3921875000000001 0.6203125 0.3921875000000001 0.6453125 0.4046875 0.6453125
0 0.3781250000000001 0.6234375 0.35625000000000007 0.6234375 0.35625000000000007 0.6484375 0.3781250000000001 0.6484375
2 0.2562500000000001 0.590625 0.2296875000000001 0.590625 0.2296875000000001 0.6203125 0.2562500000000001 0.6203125
0 0.2218750000000001 0.634375 0.1984375000000001 0.634375 0.1984375000000001 0.6546875 0.2218750000000001 0.6546875
2 0.14843750000000008 0.559375 0.11875000000000009 0.559375 0.11875000000000009 0.5828125 0.14843750000000008 0.5828125
2 0.1453125000000001 0.5921875 0.11562500000000009 0.5921875 0.11562500000000009 0.621875 0.1453125000000001 0.621875
2 0.1843750000000001 0.5703125 0.15625000000000008 0.5703125 0.15625000000000008 0.6 0.1843750000000001 0.6
4 0.1671875000000001 0.6234375 0.15625000000000008 0.6234375 0.15625000000000008 0.640625 0.1671875000000001 0.640625
4 0.1765625000000001 0.6140625 0.16406250000000008 0.6140625 0.16406250000000008 0.628125 0.1765625000000001 0.628125
4 0.16562500000000008 0.6 0.1515625000000001 0.6 0.1515625000000001 0.6140625 0.16562500000000008 0.6140625
4 0.09218750000000006 0.5703125 0.07343750000000007 0.5703125 0.07343750000000007 0.5875 0.09218750000000006 0.5875
4 0.06562500000000007 0.5703125 0.05156250000000007 0.5703125 0.05156250000000007 0.5859375 0.06562500000000007 0.5859375
4 0.048437500000000064 0.55 0.032812500000000064 0.55 0.032812500000000064 0.565625 0.048437500000000064 0.565625
4 0.029687500000000068 0.534375 0.014062500000000066 0.534375 0.014062500000000066 0.55 0.029687500000000068 0.55
4 0.034375000000000065 0.56875 0.020312500000000074 0.56875 0.020312500000000074 0.5875 0.034375000000000065 0.5875
2 0.12031250000000009 0.6265625 0.09687500000000007 0.6265625 0.09687500000000007 0.6609375 0.12031250000000009 0.6609375
4 0.11093750000000005 0.40625 0.09218750000000005 0.40625 0.09218750000000005 0.425 0.11093750000000005 0.425
4 0.12968750000000004 0.38125 0.11562500000000005 0.38125 0.11562500000000005 0.3953125 0.12968750000000004 0.3953125
0 0.14375000000000004 0.4 0.12343750000000005 0.4 0.12343750000000005 0.41875 0.14375000000000004 0.41875
0 0.17968750000000006 0.396875 0.15625000000000006 0.396875 0.15625000000000006 0.4171875 0.17968750000000006 0.4171875
4 0.2890625000000001 0.453125 0.2687500000000001 0.453125 0.2687500000000001 0.471875 0.2890625000000001 0.471875
0 0.3468750000000001 0.434375 0.3296875000000001 0.434375 0.3296875000000001 0.453125 0.3468750000000001 0.453125
0 0.3546875000000001 0.453125 0.3359375000000001 0.453125 0.3359375000000001 0.471875 0.3546875000000001 0.471875
2 0.3296875000000001 0.475 0.3062500000000001 0.475 0.3062500000000001 0.4953125 0.3296875000000001 0.4953125
2 0.3781250000000001 0.475 0.3531250000000001 0.475 0.3531250000000001 0.4953125 0.3781250000000001 0.4953125
0 0.3546875000000001 0.4953125 0.3343750000000001 0.4953125 0.3343750000000001 0.5140625 0.3546875000000001 0.5140625
0 0.3734375000000001 0.4984375 0.3531250000000001 0.4984375 0.3531250000000001 0.515625 0.3734375000000001 0.515625
0 0.3734375000000001 0.4515625 0.3546875000000001 0.4515625 0.3546875000000001 0.4703125 0.3734375000000001 0.4703125
4 0.3703125000000001 0.4125 0.35625000000000007 0.4125 0.35625000000000007 0.4265625 0.3703125000000001 0.4265625
4 0.3546875000000001 0.4234375 0.34062500000000007 0.4234375 0.34062500000000007 0.4375 0.3546875000000001 0.4375
4 0.3281250000000001 0.4375 0.31718750000000007 0.4375 0.31718750000000007 0.4515625 0.3281250000000001 0.4515625
4 0.3359375000000001 0.4578125 0.32500000000000007 0.4578125 0.32500000000000007 0.4703125 0.3359375000000001 0.4703125
4 0.32500000000000007 0.4625 0.3125000000000001 0.4625 0.3125000000000001 0.475 0.32500000000000007 0.475
4 0.3265625000000001 0.4515625 0.3125000000000001 0.4515625 0.3125000000000001 0.4625 0.3265625000000001 0.4625
4 0.37968750000000007 0.4296875 0.3687500000000001 0.4296875 0.3687500000000001 0.440625 0.37968750000000007 0.440625
4 0.3687500000000001 0.425 0.3546875000000001 0.425 0.3546875000000001 0.4390625 0.3687500000000001 0.4390625
4 0.36406250000000007 0.4390625 0.3515625000000001 0.4390625 0.3515625000000001 0.4515625 0.36406250000000007 0.4515625
4 0.3218750000000001 0.4953125 0.30156250000000007 0.4953125 0.30156250000000007 0.5078125 0.3218750000000001 0.5078125
4 0.3500000000000001 0.4703125 0.3390625000000001 0.4703125 0.3390625000000001 0.484375 0.3500000000000001 0.484375
4 0.36718750000000006 0.34218750000000003 0.3578125 0.3421875 0.35781250000000003 0.36718750000000006 0.3671875000000001 0.3671875000000001
4 0.378125 0.3375000000000001 0.3703125 0.3375000000000001 0.3703125 0.3625000000000001 0.378125 0.3625000000000001
4 0.3890625 0.3375000000000001 0.3828125 0.3375000000000001 0.3828125 0.3593750000000001 0.3890625 0.3593750000000001
4 0.396875 0.3390625000000001 0.3921875 0.3390625000000001 0.3921875 0.3578125000000001 0.396875 0.3578125000000001
4 0.39531250000000007 0.3750000000000001 0.3828125000000001 0.3750000000000001 0.3828125000000001 0.3890625000000001 0.39531250000000007 0.3890625000000001
4 0.4078125 0.3359375000000001 0.403125 0.3359375000000001 0.403125 0.35625000000000007 0.4078125 0.35625000000000007
4 0.4015625 0.3000000000000001 0.39375 0.3000000000000001 0.39375 0.3140625000000001 0.4015625 0.3140625000000001
4 0.4265625 0.3062500000000001 0.4171875 0.3062500000000001 0.4171875 0.3218750000000001 0.4265625 0.3218750000000001
4 0.440625 0.2843750000000001 0.43125 0.2843750000000001 0.43125 0.2984375000000001 0.440625 0.2984375000000001
4 0.425 0.2609375000000001 0.415625 0.2609375000000001 0.415625 0.2750000000000001 0.425 0.2750000000000001
4 0.421875 0.27812500000000007 0.4125 0.27812500000000007 0.4125 0.2890625000000001 0.421875 0.2890625000000001
4 0.4140625 0.2921875000000001 0.4046875 0.2921875000000001 0.4046875 0.30937500000000007 0.4140625 0.30937500000000007
4 0.453125 0.2062500000000001 0.4453125 0.2062500000000001 0.4453125 0.2171875000000001 0.453125 0.2171875000000001
4 0.45 0.2328125000000001 0.4390625 0.2328125000000001 0.4390625 0.2390625000000001 0.45 0.2390625000000001
4 0.4609375 0.24375000000000008 0.4515625 0.24375000000000008 0.4515625 0.25468750000000007 0.4609375 0.25468750000000007
4 0.45 0.2593750000000001 0.44375 0.2593750000000001 0.44375 0.2734375000000001 0.45 0.2734375000000001
4 0.4390625 0.2453125000000001 0.428125 0.2453125000000001 0.428125 0.2515625000000001 0.4390625 0.2515625000000001
4 0.440625 0.2515625000000001 0.4296875 0.2515625000000001 0.4296875 0.2593750000000001 0.440625 0.2593750000000001
4 0.4328125 0.2609375000000001 0.4265625 0.2609375000000001 0.4265625 0.2718750000000001 0.4328125 0.2718750000000001
4 0.4421875 0.2984375000000001 0.4359375 0.2984375000000001 0.4359375 0.3140625000000001 0.4421875 0.3140625000000001
4 0.4421875 0.2656250000000001 0.4359375 0.2656250000000001 0.4359375 0.2796875000000001 0.4421875 0.2796875000000001
4 0.515625 0.2593750000000001 0.5109375 0.2593750000000001 0.5109375 0.2796875000000001 0.515625 0.2796875000000001
4 0.540625 0.3187500000000001 0.53125 0.3187500000000001 0.53125 0.3343750000000001 0.540625 0.3343750000000001
0 0.46875 0.2531250000000001 0.4546875 0.2531250000000001 0.4546875 0.2812500000000001 0.46875 0.2812500000000001
2 0.4921875 0.09375000000000007 0.4734375 0.09375000000000007 0.4734375 0.13750000000000004 0.4921875 0.13750000000000004
4 0.4796875 0.13750000000000004 0.4671875 0.13750000000000004 0.4671875 0.15156250000000004 0.4796875 0.15156250000000004
4 0.478125 0.15312500000000004 0.4640625 0.15312500000000004 0.4640625 0.16562500000000005 0.478125 0.16562500000000005
2 0.615625 7.453123879185845e-17 0.6015625 7.367015901120797e-17 0.6015625 0.05312500000000007 0.615625 0.05312500000000007
0 0.6265625 0.012500000000000077 0.6171875 0.012500000000000077 0.6171875 0.045312500000000075 0.6265625 0.045312500000000075
0 0.60625 0.06406250000000006 0.5921875 0.06406250000000006 0.5921875 0.10468750000000009 0.60625 0.10468750000000009
0 0.63125 0.057812500000000065 0.6171875 0.057812500000000065 0.6171875 0.10312500000000009 0.63125 0.10312500000000009
4 0.6140625 0.05468750000000007 0.6046875 0.05468750000000007 0.6046875 0.07812500000000007 0.6140625 0.07812500000000007
4 0.6109375 0.08593750000000007 0.603125 0.08593750000000007 0.603125 0.10312500000000009 0.6109375 0.10312500000000009
4 0.6046875 0.09531250000000006 0.5984375 0.09531250000000006 0.5984375 0.11718750000000008 0.6046875 0.11718750000000008
0 0.6390625 0.02187500000000008 0.628125 0.02187500000000008 0.628125 0.054687500000000076 0.6390625 0.05468750000000009
0 0.615625 0.1062500000000001 0.6046875 0.1062500000000001 0.6046875 0.1375000000000001 0.615625 0.1375000000000001
4 0.603125 0.13281250000000008 0.59375 0.13281250000000008 0.59375 0.1546875000000001 0.603125 0.1546875000000001
4 0.6125 0.1531250000000001 0.6046875 0.1531250000000001 0.6046875 0.1781250000000001 0.6125 0.1781250000000001
0 0.609375 0.18125000000000008 0.5984375 0.18125000000000008 0.5984375 0.2093750000000001 0.609375 0.2093750000000001
2 0.6046875 0.15781250000000008 0.5890625 0.15781250000000008 0.5890625 0.2015625000000001 0.6046875 0.2015625000000001
0 0.5953125 0.2734375000000001 0.58125 0.2734375000000001 0.58125 0.3046875000000001 0.5953125 0.3046875000000001
0 0.590625 0.2078125000000001 0.5765625 0.2078125000000001 0.5765625 0.2375000000000001 0.590625 0.2375000000000001
0 0.60625 0.2171875000000001 0.6 0.2171875000000001 0.6 0.2468750000000001 0.60625 0.2468750000000001
0 0.5875 0.2453125000000001 0.5765625 0.2453125000000001 0.5765625 0.2750000000000001 0.5875 0.2750000000000001
0 0.5984375 0.2390625000000001 0.5875 0.2390625000000001 0.5875 0.27031250000000007 0.5984375 0.27031250000000007
4 0.55 0.2390625000000001 0.5390625 0.2390625000000001 0.5390625 0.2640625000000001 0.55 0.2640625000000001
4 0.5421875 0.2687500000000001 0.5359375 0.2687500000000001 0.5359375 0.29375000000000007 0.5421875 0.29375000000000007
4 0.5640625 0.2875000000000001 0.55625 0.2875000000000001 0.55625 0.3109375000000001 0.5640625 0.3109375000000001
4 0.5765625 0.2406250000000001 0.5703125 0.2406250000000001 0.5703125 0.2687500000000001 0.5765625 0.2687500000000001
4 0.596875 0.2140625000000001 0.590625 0.2140625000000001 0.590625 0.2375000000000001 0.596875 0.2375000000000001
6 0.6078125 0.09687500000000007 0.5578125 0.09687500000000007 0.5578125 0.2156250000000001 0.6078125 0.2156250000000001
6 0.5734375 0.21093750000000008 0.528125 0.21093750000000008 0.528125 0.3000000000000001 0.5734375 0.3000000000000001
0 0.58125 0.3437500000000001 0.5609375 0.3437500000000001 0.5609375 0.3734375000000001 0.58125 0.3734375000000001
0 0.584375 0.3687500000000001 0.575 0.3687500000000001 0.575 0.4 0.584375 0.4
4 0.6234375 0.3000000000000001 0.6140625 0.3000000000000001 0.6140625 0.31718750000000007 0.6234375 0.31718750000000007
4 0.6234375 0.3203125000000001 0.615625 0.3203125000000001 0.615625 0.3375000000000001 0.6234375 0.3375000000000001
4 0.634375 0.3062500000000001 0.621875 0.3062500000000001 0.621875 0.31718750000000007 0.634375 0.31718750000000007
4 0.6328125 0.34062500000000007 0.6234375 0.34062500000000007 0.6234375 0.3546875000000001 0.6328125 0.3546875000000001
4 0.634375 0.3187500000000001 0.625 0.3187500000000001 0.625 0.3312500000000001 0.634375 0.3312500000000001
4 0.646875 0.3703125000000001 0.640625 0.3703125000000001 0.640625 0.3906250000000001 0.646875 0.3906250000000001
4 0.6390625 0.3609375000000001 0.6328125 0.3609375000000001 0.6328125 0.37968750000000007 0.6390625 0.37968750000000007
4 0.640625 0.34062500000000007 0.634375 0.34062500000000007 0.634375 0.3578125000000001 0.640625 0.3578125000000001