2 0.07500000000000004 0.4328125 0.04843750000000006 0.4328125 0.04843750000000006 0.4515625 0.07500000000000004 0.4515625
2 0.07968750000000006 0.4578125 0.05156250000000007 0.4578125 0.05156250000000007 0.4703125 0.07968750000000006 0.4703125
2 0.12187500000000004 0.4515625 0.09843750000000004 0.4515625 0.09843750000000005 0.46875 0.12187500000000004 0.46875
6 0.16875000000000004 0.4546875 0.13906250000000003 0.4546875 0.13906250000000003 0.4734375 0.16875000000000004 0.4734375
4 0.12187500000000004 0.41875 0.10625000000000004 0.41875 0.10625000000000004 0.4328125 0.12187500000000004 0.4328125
4 0.13125000000000003 0.434375 0.12187500000000004 0.434375 0.12187500000000004 0.4484375 0.13125000000000003 0.4484375
4 0.07500000000000004 0.41875 0.059375000000000046 0.41875 0.059375000000000046 0.43125 0.07500000000000004 0.43125
4 0.06562500000000007 0.525 0.05468750000000007 0.525 0.05468750000000007 0.5390625 0.06562500000000007 0.5390625
4 0.08437500000000006 0.5171875 0.06875000000000006 0.5171875 0.06875000000000006 0.53125 0.08437500000000006 0.53125
4 0.08281250000000007 0.55 0.07343750000000007 0.55 0.07343750000000007 0.5625 0.08281250000000007 0.5625
4 0.03906250000000007 0.5453125 0.028125000000000067 0.5453125 0.028125000000000067 0.55625 0.03906250000000007 0.55625
4 0.021875000000000068 0.55 0.006250000000000066 0.55 0.006250000000000068 0.5609375 0.021875000000000068 0.5609375
4 0.018750000000000065 0.5359375 0.004687500000000065 0.5359375 0.004687500000000066 0.546875 0.018750000000000065 0.546875
4 0.025000000000000067 0.525 0.014062500000000066 0.525 0.014062500000000066 0.534375 0.025000000000000067 0.534375
4 0.017187500000000057 0.4328125 0.0015625000000000528 0.4328125 0.0015625000000000539 0.446875 0.017187500000000057 0.446875
4 0.11093750000000006 0.5390625 0.10156250000000004 0.5390625 0.10156250000000007 0.546875 0.11093750000000009 0.546875
4 0.11562500000000009 0.55 0.1062500000000001 0.55 0.1062500000000001 0.5640625 0.11562500000000009 0.5640625
4 0.14218750000000005 0.525 0.12812500000000004 0.525 0.12812500000000004 0.5328125 0.14218750000000005 0.5328125
4 0.14843750000000006 0.5390625 0.13437500000000005 0.5390625 0.13437500000000008 0.553125 0.14843750000000008 0.553125
4 0.15781250000000008 0.553125 0.1453125000000001 0.553125 0.1453125000000001 0.5671875 0.15781250000000008 0.5671875
4 0.17968750000000006 0.5375 0.16875000000000004 0.5375 0.16875000000000007 0.546875 0.17968750000000008 0.546875
4 0.18437500000000004 0.5171875 0.17343750000000005 0.5171875 0.17343750000000005 0.528125 0.18437500000000004 0.528125
4 0.1906250000000001 0.5453125 0.18125000000000008 0.5453125 0.18125000000000008 0.553125 0.1906250000000001 0.553125
4 0.2468750000000001 0.5390625 0.23437500000000008 0.5390625 0.23437500000000008 0.5546875 0.2468750000000001 0.5546875
4 0.27812500000000007 0.5453125 0.2687500000000001 0.5453125 0.2687500000000001 0.559375 0.27812500000000007 0.559375
0 0.17656250000000004 0.421875 0.15937500000000004 0.421875 0.15937500000000004 0.4359375 0.17656250000000004 0.4359375
0 0.26250000000000007 0.4203125 0.24375000000000008 0.4203125 0.24375000000000008 0.4421875 0.26250000000000007 0.4421875
0 0.3109375000000001 0.4140625 0.2921875000000001 0.4140625 0.2921875000000001 0.4359375 0.3109375000000001 0.4359375
0 0.3000000000000001 0.4375 0.28593750000000007 0.4375 0.28593750000000007 0.453125 0.3000000000000001 0.453125
2 0.3140625000000001 0.5265625 0.3031250000000001 0.5265625 0.3031250000000001 0.54375 0.3140625000000001 0.54375