4 0.4234375 0.5578125 0.40625 0.5578125 0.40625 0.5859375 0.4234375 0.5859375
2 0.5359375 0.421875 0.5109375 0.421875 0.5109375 0.4515625 0.5359375 0.4515625
2 0.509375 0.3546875000000001 0.484375 0.3546875000000001 0.484375 0.3843750000000001 0.509375 0.3843750000000001
4 0.43125 0.3984375000000001 0.4125 0.3984375000000001 0.4125 0.4203125 0.43125 0.4203125
3 0.596875 0.4390625 0.5671875 0.4390625 0.5671875 0.465625 0.596875 0.465625
2 0.7578125 0.4156250000000002 0.7296875 0.4156250000000002 0.7296875 0.4468750000000002 0.7578125 0.4468750000000002
2 0.8328125 0.4031250000000002 0.7984375 0.4031250000000002 0.7984375 0.43281250000000016 0.8328125 0.43281250000000016
2 0.821875 0.3671875000000001 0.7953125 0.3671875000000001 0.7953125 0.3890625000000001 0.821875 0.3890625000000001
4 0.7390625 0.3890625000000001 0.7203125 0.3890625000000001 0.7203125 0.41093750000000007 0.7390625 0.4109375000000002
1 0.6921875 0.403125 0.634375 0.403125 0.634375 0.4453125 0.6921875 0.4453125
4 0.696875 0.5328125 0.6796875 0.5328125 0.6796875 0.5578125 0.696875 0.5578125
2 0.996875 0.4390625000000002 0.9703125 0.4390625000000002 0.9703125 0.4703125000000002 0.996875 0.4703125000000002
2 0.9140625 0.39531250000000007 0.8875 0.39531250000000007 0.8875 0.42187500000000017 0.9140625 0.42187500000000017
0 0.85 0.3781250000000001 0.828125 0.3781250000000001 0.828125 0.4031250000000002 0.85 0.4031250000000002
2 0.915625 0.3078125000000001 0.8828125 0.3078125000000001 0.8828125 0.3421875000000001 0.915625 0.3421875000000001
0 0.95 0.3703125000000001 0.925 0.3703125000000001 0.925 0.39531250000000007 0.95 0.39531250000000007
2 0.99375 0.37968750000000007 0.9640625 0.37968750000000007 0.9640625 0.41406250000000017 0.99375 0.41406250000000017
2 0.996875 0.3000000000000001 0.965625 0.3000000000000001 0.965625 0.3312500000000001 0.996875 0.3312500000000001
4 0.5734375 0.3296875000000001 0.55625 0.3296875000000001 0.55625 0.3500000000000001 0.5734375 0.3500000000000001
0 0.20468750000000008 0.378125 0.17812500000000003 0.378125 0.17812500000000003 0.4046875 0.20468750000000008 0.4046875
2 0.16093750000000004 0.253125 0.13593750000000004 0.253125 0.13593750000000004 0.303125 0.16093750000000004 0.303125
2 0.04375000000000004 0.2625 0.021875000000000033 0.2625 0.021875000000000037 0.3203125 0.043750000000000046 0.3203125
0 0.04531250000000002 0.178125 0.026562500000000024 0.178125 0.026562500000000024 0.21875 0.04531250000000002 0.21875
4 0.010937500000000034 0.2765625 3.386913803891899e-17 0.2765625 3.5112919944303015e-17 0.296875 0.010937500000000036 0.296875
2 0.01718750000000004 0.2875 3.5208595475486407e-17 0.2875 3.913129225400527e-17 0.3515625 0.017187500000000043 0.3515625
2 0.1062500000000001 0.565625 0.07343750000000007 0.565625 0.07343750000000007 0.5953125 0.1062500000000001 0.5953125
2 0.07031250000000007 0.546875 0.03906250000000007 0.546875 0.03906250000000007 0.571875 0.07031250000000007 0.571875
2 0.03906250000000007 0.534375 0.004687500000000065 0.534375 0.0046875000000000675 0.5625 0.03906250000000007 0.5625
4 0.028125000000000074 0.56875 0.010937500000000069 0.56875 0.01093750000000007 0.590625 0.028125000000000077 0.590625
4 0.056250000000000064 0.5296875 0.040625000000000064 0.5296875 0.040625000000000064 0.5484375 0.056250000000000064 0.5484375
4 0.040625000000000064 0.5203125 0.025000000000000067 0.5203125 0.025000000000000067 0.5421875 0.040625000000000064 0.5421875
4 0.040625000000000064 0.5578125 0.025000000000000067 0.5578125 0.025000000000000067 0.5765625 0.040625000000000064 0.5765625
2 0.057812500000000065 0.5703125 0.029687500000000068 0.5703125 0.02968750000000007 0.5984375 0.057812500000000065 0.5984375
0 0.09062500000000007 0.590625 0.06875000000000006 0.590625 0.06875000000000006 0.6109375 0.09062500000000007 0.6109375
2 0.796875 0.22812500000000008 0.7609375 0.22812500000000008 0.7609375 0.2593750000000001 0.796875 0.2593750000000001
2 0.7796875 0.1437500000000001 0.75 0.1437500000000001 0.75 0.1765625000000001 0.7796875 0.1765625000000001
3 0.6890625 0.3625000000000001 0.665625 0.3625000000000001 0.665625 0.3890625000000001 0.6890625 0.3890625000000001
3 0.03281250000000001 0.04375 0.014062500000000006 0.04375 0.014062500000000009 0.0828125 0.03281250000000001 0.0828125
3 0.08750000000000004 0.2640625 0.06406250000000002 0.2640625 0.06406250000000004 0.31875 0.08750000000000005 0.31875
4 0.007812500000000012 0.0796875 9.75890418070547e-18 0.0796875 1.2246467991473533e-17 0.1203125 0.007812500000000014 0.1203125
4 0.007812500000000003 0.0109375 0.0015625000000000014 0.0109375 0.0015625000000000031 0.0390625 0.007812500000000005 0.0390625
3 0.029687500000000012 0.046875 0.015625000000000007 0.046875 0.015625000000000007 0.075 0.029687500000000012 0.075
3 0.042187500000000024 0.1796875 0.02812500000000002 0.1796875 0.02812500000000002 0.2140625 0.042187500000000024 0.2140625
3 0.08281250000000004 0.2703125 0.06406250000000002 0.2703125 0.06406250000000004 0.303125 0.08281250000000004 0.303125
2 0.040625000000000036 0.26875 0.021875000000000033 0.26875 0.021875000000000037 0.31875 0.04062500000000004 0.31875
4 0.010937500000000034 0.2765625 3.386913803891899e-17 0.2765625 3.501724441311963e-17 0.2953125 0.010937500000000036 0.2953125
2 0.014062500000000039 0.2953125 3.6165350787320275e-17 0.2953125 3.8557239066904946e-17 0.334375 0.014062500000000039 0.334375
2 0.15468750000000003 0.2609375 0.13906250000000003 0.2609375 0.13906250000000003 0.3 0.15468750000000003 0.3
2 0.05312500000000007 0.5765625 0.032812500000000064 0.5765625 0.03281250000000007 0.590625 0.05312500000000007 0.590625
2 0.10312500000000009 0.56875 0.07656250000000006 0.56875 0.07656250000000006 0.5875 0.10312500000000009 0.5875
2 0.032812500000000064 0.540625 0.006250000000000066 0.540625 0.006250000000000068 0.5578125 0.032812500000000064 0.5578125
2 0.06406250000000006 0.553125 0.042187500000000065 0.553125 0.042187500000000065 0.5671875 0.06406250000000006 0.5671875
2 0.50625 0.3625000000000001 0.4859375 0.3625000000000001 0.4859375 0.3734375000000001 0.50625 0.3734375000000001
2 0.53125 0.428125 0.5140625 0.428125 0.5140625 0.4453125 0.53125 0.4453125
2 0.9953125 0.3046875000000001 0.9734375 0.3046875000000001 0.9734375 0.32500000000000007 0.9953125 0.32500000000000007
2 0.9921875 0.3859375000000001 0.9703125 0.3859375000000001 0.9703125 0.4000000000000002 0.9921875 0.4000000000000002
2 0.9953125 0.4421875000000002 0.9734375 0.4421875000000002 0.9734375 0.4625000000000002 0.9953125 0.4625000000000002
2 0.9109375 0.3984375000000001 0.890625 0.3984375000000001 0.890625 0.4156250000000002 0.9109375 0.4156250000000002
2 0.9109375 0.3109375000000001 0.8859375 0.3109375000000001 0.8859375 0.3312500000000001 0.9109375 0.3312500000000001
2 0.753125 0.42187500000000017 0.7328125 0.42187500000000017 0.7328125 0.4359375000000002 0.753125 0.4359375000000002
2 0.7859375 0.23437500000000008 0.7640625 0.23437500000000008 0.7640625 0.2484375000000001 0.7859375 0.2484375000000001
2 0.81875 0.3687500000000001 0.7984375 0.3687500000000001 0.7984375 0.3843750000000001 0.81875 0.3843750000000001
2 0.828125 0.40937500000000016 0.803125 0.40937500000000016 0.803125 0.4203125000000002 0.828125 0.4203125000000002
2 0.778125 0.1468750000000001 0.7546875 0.1468750000000001 0.7546875 0.16562500000000008 0.778125 0.16562500000000008
3 0.9453125 0.3734375000000001 0.928125 0.3734375000000001 0.928125 0.38750000000000007 0.9453125 0.38750000000000007
3 0.846875 0.3828125000000001 0.8328125 0.3828125000000001 0.8328125 0.3968750000000001 0.846875 0.3968750000000001
6 0.684375 0.3625000000000001 0.66875 0.3625000000000001 0.66875 0.3812500000000001 0.684375 0.3812500000000001
4 0.734375 0.3984375000000001 0.7234375 0.3984375000000001 0.7234375 0.4093750000000001 0.734375 0.40937500000000016
1 0.6859375 0.415625 0.6375 0.415625 0.6375 0.434375 0.6859375 0.434375
4 0.6921875 0.53125 0.68125 0.53125 0.68125 0.546875 0.6921875 0.546875
6 0.5890625 0.44375 0.5703125 0.44375 0.5703125 0.4609375 0.5890625 0.4609375
4 0.5703125 0.33281250000000007 0.55625 0.33281250000000007 0.55625 0.34843750000000007 0.5703125 0.34843750000000007
4 0.421875 0.5640625 0.40625 0.5640625 0.40625 0.5796875 0.421875 0.5796875
4 0.4265625 0.3968750000000001 0.4171875 0.3968750000000001 0.4171875 0.415625 0.4265625 0.415625
0 0.19843750000000004 0.3828125 0.18281250000000004 0.3828125 0.18281250000000004 0.396875 0.19843750000000004 0.396875
3 0.08750000000000006 0.59375 0.06875000000000006 0.59375 0.06875000000000006 0.609375 0.08750000000000006 0.609375
4 0.056250000000000064 0.53125 0.042187500000000065 0.53125 0.042187500000000065 0.546875 0.056250000000000064 0.546875
4 0.03750000000000007 0.5265625 0.026562500000000065 0.5265625 0.026562500000000065 0.5375 0.03750000000000007 0.5375
4 0.03750000000000007 0.559375 0.028125000000000067 0.559375 0.028125000000000067 0.5703125 0.03750000000000007 0.5703125
4 0.026562500000000065 0.56875 0.012500000000000072 0.56875 0.012500000000000072 0.5890625 0.026562500000000065 0.5890625