0 0.1843750000000001 0.70625 0.17187500000000008 0.70625 0.17187500000000008 0.71875 0.1843750000000001 0.71875
0 0.07968750000000009 0.6484375 0.06406250000000009 0.6484375 0.06406250000000009 0.6640625 0.07968750000000009 0.6640625
0 0.2796875000000001 0.740625 0.26250000000000007 0.740625 0.26250000000000007 0.75625 0.2796875000000001 0.75625
4 0.3968750000000001 0.503125 0.3781250000000001 0.503125 0.3781250000000001 0.5234375 0.3968750000000001 0.5234375
0 0.3671875000000001 0.5734375 0.35625000000000007 0.5734375 0.35625000000000007 0.5890625 0.3671875000000001 0.5890625
0 0.559375 0.4875 0.5484375 0.4875 0.5484375 0.503125 0.559375 0.503125
4 0.640625 0.37968750000000007 0.628125 0.37968750000000007 0.628125 0.3937500000000001 0.640625 0.3937500000000001
4 0.6625 0.2718750000000001 0.6515625 0.2718750000000001 0.6515625 0.28593750000000007 0.6625 0.28593750000000007
0 0.790625 0.3421875000000001 0.7796875 0.3421875000000001 0.7796875 0.36406250000000007 0.790625 0.36406250000000007
4 0.584375 0.428125 0.5734375 0.428125 0.5734375 0.4390625 0.584375 0.4390625
0 0.2640625000000001 0.696875 0.2531250000000001 0.696875 0.2531250000000001 0.70625 0.2640625000000001 0.70625
4 0.4171875 0.534375 0.40625 0.534375 0.40625 0.5484375 0.4171875 0.5484375
2 0.3109375 0.2375 0.290625 0.2375 0.290625 0.2578125 0.3109375 0.2578125
4 0.07343750000000002 0.21875 0.06250000000000003 0.21875 0.06250000000000003 0.234375 0.07343750000000002 0.234375
4 0.06718750000000002 0.203125 0.05625000000000002 0.203125 0.05625000000000002 0.2171875 0.06718750000000002 0.2171875
2 0.2296875000000001 0.3921875 0.2093750000000001 0.3921875 0.2093750000000001 0.421875 0.2296875000000001 0.421875
0 0.6015625 0.484375 0.5890625 0.484375 0.5890625 0.496875 0.6015625 0.496875
4 0.8109375 0.7437500000000001 0.803125 0.7437500000000001 0.803125 0.7546875000000002 0.8109375 0.7546875000000002
4 0.74375 0.6937500000000002 0.734375 0.6937500000000002 0.734375 0.7125000000000001 0.74375 0.7125000000000001
0 0.684375 0.6625 0.671875 0.6625 0.671875 0.6828125 0.684375 0.6828125
0 0.5890625 0.634375 0.5734375 0.634375 0.5734375 0.6546875 0.5890625 0.6546875
0 0.64375 0.5609375 0.634375 0.5609375 0.634375 0.5828125 0.64375 0.5828125
4 0.6671875 0.4578125 0.6578125 0.4578125 0.6578125 0.478125 0.6671875 0.478125
0 0.7609375 0.4890625000000002 0.753125 0.4890625000000002 0.753125 0.5078125000000002 0.7609375 0.5078125000000002
0 0.7796875 0.4078125000000002 0.76875 0.4078125000000002 0.76875 0.4312500000000002 0.7796875 0.4312500000000002
4 0.6875 0.22656250000000008 0.678125 0.22656250000000008 0.678125 0.23593750000000008 0.6875 0.23593750000000008
4 0.5984375 0.3390625000000001 0.5875 0.3390625000000001 0.5875 0.3500000000000001 0.5984375 0.3500000000000001
4 0.7375 0.7093750000000001 0.725 0.709375 0.725 0.721875 0.7375 0.7218750000000002
4 0.75625 0.7015625000000002 0.7484375 0.7015625000000002 0.7484375 0.7171875000000002 0.75625 0.7171875000000002
4 0.3000000000000001 0.4234375 0.2906250000000001 0.4234375 0.2906250000000001 0.4390625 0.3000000000000001 0.4390625
4 0.3687500000000001 0.5515625 0.3593750000000001 0.5515625 0.3593750000000001 0.5671875 0.3687500000000001 0.5671875
3 0.2078125000000001 0.753125 0.1937500000000001 0.753125 0.1937500000000001 0.775 0.2078125000000001 0.775
0 0.33281250000000007 0.5890625 0.3203125000000001 0.5890625 0.3203125000000001 0.6046875 0.33281250000000007 0.6046875
4 0.5484375 0.4734375 0.5390625 0.4734375 0.5390625 0.484375 0.5484375 0.484375
4 0.7171875 0.34843750000000007 0.709375 0.34843750000000007 0.709375 0.3656250000000001 0.7171875 0.3656250000000001
4 0.5484375 0.4109375 0.5375 0.4109375 0.5375 0.4265625 0.5484375 0.4265625
0 0.7122665136310444 0.7010348478103414 0.6955295390625003 0.6807693750000002 0.685721456681456 0.688869735002159 0.7024584312500002 0.7091352078125002
4 0.625 0.3765625000000001 0.6140625 0.3765625000000001 0.6140625 0.3921875000000001 0.625 0.3921875000000001
4 0.7171875 0.1703125000000001 0.70625 0.1703125000000001 0.70625 0.1843750000000001 0.7171875 0.1843750000000001
2 0.6593750000000002 0.7375 0.6421875000000001 0.7375 0.6421875000000001 0.7609375 0.6593750000000002 0.7609375
4 0.8015625 0.7359375000000001 0.7921875000000002 0.7359375000000001 0.7921875000000002 0.7500000000000002 0.8015625 0.7500000000000002
4 0.5359375 0.6421875 0.5265625 0.6421875 0.5265625 0.6625 0.5359375 0.6625
4 0.3531250000000001 0.5796875 0.3437500000000001 0.5796875 0.3437500000000001 0.5921875 0.3531250000000001 0.5921875
4 0.553125 0.446875 0.54375 0.446875 0.54375 0.465625 0.553125 0.465625
4 0.609375 0.54375 0.6015625 0.54375 0.6015625 0.559375 0.609375 0.559375
4 0.534375 0.6171875 0.5296875 0.6171875 0.5296875 0.6359375 0.534375 0.6359375
4 0.5984375 0.54375 0.5921875 0.54375 0.5921875 0.5578125 0.5984375 0.5578125
4 0.634375 0.53125 0.6265625 0.53125 0.6265625 0.54375 0.634375 0.54375
0 0.85 0.18125000000000008 0.8375 0.18125000000000008 0.8375 0.2000000000000001 0.85 0.2000000000000001
0 0.75625 0.08125000000000009 0.7453125 0.08125000000000009 0.7453125 0.09687500000000009 0.75625 0.09687500000000009
0 0.8109375 0.2812500000000001 0.79375 0.2812500000000001 0.79375 0.2968750000000001 0.8109375 0.2968750000000001
0 0.07656250000000009 0.7578125 0.06093750000000009 0.7578125 0.06093750000000009 0.7734375 0.07656250000000009 0.7734375
2 0.184375 0.10937500000000003 0.1640625 0.109375 0.1640625 0.13906250000000003 0.184375 0.13906250000000003
4 0.06093750000000001 0.0765625 0.04843750000000001 0.0765625 0.04843750000000001 0.0953125 0.06093750000000002 0.0953125
0 0.6234375 0.6 0.609375 0.6 0.609375 0.6234375 0.6234375 0.6234375
4 0.609375 0.628125 0.5953125 0.628125 0.5953125 0.6453125 0.609375 0.6453125
3 0.7890662997224002 0.9219627578062213 0.7647150296875 0.896534196875 0.7539003049651 0.9068907515687785 0.7782515750000001 0.9323193124999998
4 0.546875 0.4265625 0.5390625 0.4265625 0.5390625 0.4453125 0.546875 0.4453125
4 0.4609375 0.4453125 0.4515625 0.4453125 0.4515625 0.45625 0.4609375 0.45625
4 0.1671875000000001 0.640625 0.15625000000000008 0.640625 0.15625000000000008 0.6515625 0.1671875000000001 0.6515625
0 0.5662269312623109 0.6545718793817427 0.555237621875 0.6540566890625 0.5547611515501891 0.6642200784307573 0.5657504609375 0.66473526875
4 0.5359375 0.4625 0.5265625 0.4625 0.5265625 0.475 0.5359375 0.475
0 0.4875 0.4296875 0.4765625 0.4296875 0.4765625 0.4421875 0.4875 0.4421875
4 0.38125000000000003 0.3546875000000001 0.3765625 0.3546875000000001 0.3765625 0.37187500000000007 0.3812500000000001 0.37187500000000007
0 0.1468750000000001 0.7390625 0.1312500000000001 0.7390625 0.1312500000000001 0.75 0.1468750000000001 0.75
4 0.14218750000000008 0.6640625 0.13281250000000008 0.6640625 0.13281250000000008 0.6734375 0.14218750000000008 0.6734375
0 0.2968750000000001 0.55625 0.2812500000000001 0.55625 0.2812500000000001 0.5703125 0.2968750000000001 0.5703125
0 0.415625 0.5484375 0.40625 0.5484375 0.40625 0.5671875 0.415625 0.5671875
0 0.825 0.2312500000000001 0.8109375 0.2312500000000001 0.8109375 0.2578125000000001 0.825 0.2578125000000001
4 0.771875 0.0312500000000001 0.7671875 0.03125000000000009 0.7671875 0.05156250000000009 0.771875 0.05156250000000009
0 0.7953125 0.018750000000000096 0.7859375 0.018750000000000093 0.7859375 0.0437500000000001 0.7953125 0.0437500000000001
4 0.503125 0.44375 0.4953125 0.44375 0.4953125 0.459375 0.503125 0.459375
0 0.8961847489530597 0.8782912807659123 0.8806453531250001 0.8600615031249997 0.8719116673352245 0.8675062566046383 0.8874510631632839 0.8857360342455509
4 0.7640625000000002 0.7359375000000001 0.7546875000000002 0.7359375000000001 0.7546875000000002 0.7468750000000002 0.7640625000000002 0.7468750000000002
4 0.7765625000000002 0.7468750000000002 0.7671875000000001 0.7468750000000002 0.7671875000000001 0.7609375000000002 0.7765625000000002 0.7609375000000002
4 0.7859375000000002 0.7515625000000001 0.7796875000000002 0.7515625000000001 0.7796875000000002 0.7671875000000001 0.7859375000000002 0.7671875000000001
4 0.7953125000000002 0.7500000000000002 0.7890625000000002 0.7500000000000002 0.7890625000000002 0.7640625000000002 0.7953125000000002 0.7640625000000002
4 0.8046875 0.7484375000000002 0.7968750000000002 0.7484375000000002 0.7968750000000002 0.7578125000000002 0.8046875 0.7578125000000002
4 0.80625 0.7593750000000001 0.7968750000000002 0.7593750000000001 0.7968750000000002 0.7718750000000002 0.80625 0.7718750000000002
0 0.7750000000000001 0.7234375000000002 0.7625 0.7234375000000002 0.7625000000000001 0.7421875000000002 0.7750000000000001 0.7421875000000002
2 0.55 0.65 0.5390625 0.65 0.5390625 0.665625 0.55 0.665625
4 0.5671875 0.6328125 0.55625 0.6328125 0.55625 0.6484375 0.5671875 0.6484375
4 0.5234375 0.6359375 0.5125 0.6359375 0.5125 0.6453125 0.5234375 0.6453125
3 0.6125 0.5125 0.6 0.5125 0.6 0.534375 0.6125 0.534375
4 0.8734375 0.1437500000000001 0.8625 0.1437500000000001 0.8625 0.1593750000000001 0.8734375 0.1593750000000001
4 0.8578125 0.15625000000000008 0.8453125 0.15625000000000008 0.8453125 0.17187500000000008 0.8578125 0.17187500000000008
4 0.5125 0.4703125 0.4953125 0.4703125 0.4953125 0.4921875 0.5125 0.4921875
3 0.3812500000000001 0.4703125 0.3625000000000001 0.4703125 0.3625000000000001 0.5 0.3812500000000001 0.5
4 0.28593750000000007 0.5890625 0.2750000000000001 0.5890625 0.2750000000000001 0.6 0.28593750000000007 0.6
4 0.2671875000000001 0.5984375 0.2578125000000001 0.5984375 0.2578125000000001 0.6125 0.2671875000000001 0.6125
4 0.30937500000000007 0.5546875 0.30156250000000007 0.5546875 0.30156250000000007 0.56875 0.30937500000000007 0.56875
2 0.22795105454198694 0.21655424001313578 0.20475520000000005 0.19922997031250003 0.19671579077051313 0.20999411623686431 0.21991164531250001 0.22731838593750003
2 0.23687921215391908 0.24669298032453466 0.21539696406250003 0.23047116250000005 0.20665259097108094 0.24205117123796543 0.22813483906249998 0.25827298906250007
4 0.253125 0.2234375 0.240625 0.2234375 0.240625 0.2390625 0.253125 0.2390625
4 0.2703125 0.2515625 0.259375 0.2515625 0.259375 0.2734375 0.2703125 0.2734375
4 0.2953125 0.275 0.28125 0.275 0.28125 0.29375 0.2953125 0.29375
4 0.1734375 0.1640625 0.1609375 0.1640625 0.1609375 0.1796875 0.1734375 0.1796875
0 0.1375 0.14375 0.121875 0.14375 0.121875 0.1640625 0.1375 0.1640625
4 0.1234375 0.1203125 0.115625 0.1203125 0.115625 0.1359375 0.1234375 0.1359375
4 0.07343750000000002 0.0796875 0.0625 0.0796875 0.06250000000000001 0.096875 0.07343750000000002 0.096875
2 0.09062500000000002 0.1796875 0.07187500000000002 0.1796875 0.07187500000000002 0.20625 0.09062500000000002 0.20625
0 0.04843750000000002 0.1421875 0.034375000000000024 0.1421875 0.034375000000000024 0.1640625 0.04843750000000002 0.1640625
4 0.3921875 0.3375000000000001 0.38125 0.3375000000000001 0.38125 0.3500000000000001 0.3921875 0.3500000000000001
4 0.3421875 0.31875 0.3296875 0.31875 0.3296875 0.3328125 0.3421875 0.3328125
1 0.6109375 0.553125 0.5625 0.553125 0.5625 0.6328125 0.6109375 0.6328125
1 0.8546875 0.7750000000000001 0.8078125 0.7750000000000001 0.8078125 0.8359375 0.8546875 0.8359375
3 0.8375 0.7578125000000002 0.815625 0.7578125000000002 0.815625 0.7890625000000002 0.8375 0.7890625000000002
3 0.8765625 0.7593750000000001 0.846875 0.7593750000000001 0.846875 0.8046875 0.8765625 0.8046875
2 0.8828125 0.8140625 0.8609375 0.8140625 0.8609375 0.846875 0.8828125 0.846875
2 0.9359375 0.8921875 0.9125 0.8921875 0.9125 0.9359375 0.9359375 0.9359375
2 0.715625 0.6 0.6921875 0.6 0.6921875 0.6359375 0.715625 0.6359375
2 0.73125 0.6125 0.7140625 0.6125 0.7140625 0.6562500000000001 0.73125 0.6562500000000002
6 0.559375 0.3500000000000001 0.5125 0.3500000000000001 0.5125 0.3890625000000001 0.559375 0.3890625000000001
3 0.525 0.4 0.50625 0.4 0.50625 0.43125 0.525 0.43125
3 0.4421875 0.40625 0.415625 0.40625 0.415625 0.4484375 0.4421875 0.4484375
2 0.3078125000000001 0.5265625 0.2812500000000001 0.5265625 0.2812500000000001 0.55625 0.3078125000000001 0.55625
3 0.30156250000000007 0.609375 0.2796875000000001 0.609375 0.2796875000000001 0.6375 0.30156250000000007 0.6375
3 0.27031250000000007 0.615625 0.25468750000000007 0.615625 0.25468750000000007 0.6328125 0.27031250000000007 0.6328125
3 0.1750000000000001 0.6609375 0.15625000000000008 0.6609375 0.15625000000000008 0.68125 0.1750000000000001 0.68125
0 0.2000000000000001 0.7125 0.1859375000000001 0.7125 0.1859375000000001 0.734375 0.2000000000000001 0.734375
2 0.44375 0.5203125 0.4203125 0.5203125 0.4203125 0.5578125 0.44375 0.5578125
2 0.5296875 0.528125 0.5171875 0.528125 0.5171875 0.565625 0.5296875 0.565625
2 0.521875 0.5734375 0.5 0.5734375 0.5 0.609375 0.521875 0.609375
2 0.5 0.60625 0.4765625 0.60625 0.4765625 0.6453125 0.5 0.6453125
0 0.6546875 0.3203125000000001 0.64375 0.3203125000000001 0.64375 0.3468750000000001 0.6546875 0.3468750000000001
2 0.853125 0.13437500000000008 0.834375 0.13437500000000008 0.834375 0.1765625000000001 0.853125 0.1765625000000001
0 0.915625 0.84375 0.8984375 0.84375 0.8984375 0.8765625 0.915625 0.8765625