1 0.2312500000000001 0.8296875 0.1531250000000001 0.8296875 0.1531250000000001 0.8828125 0.2312500000000001 0.8828125
4 0.20468750000000008 0.74375 0.18125000000000008 0.74375 0.18125000000000008 0.76875 0.20468750000000008 0.76875
4 0.04843750000000011 0.9109375 0.03281250000000011 0.9109375 0.03281250000000011 0.940625 0.04843750000000011 0.940625
4 0.10625000000000014 0.925 0.08906250000000011 0.925 0.08906250000000011 0.9515625 0.10625000000000014 0.9515625
4 0.5234375 0.5046875 0.5140625 0.5046875 0.5140625 0.5375 0.5234375 0.5375
4 0.5218750000000002 0.7921875 0.5046875000000002 0.7921875 0.5046875000000002 0.8140625 0.5218750000000002 0.8140625
4 0.5062500000000002 0.7875 0.4906250000000002 0.7875 0.4906250000000002 0.8171875 0.5062500000000002 0.8171875
4 0.4937500000000002 0.88125 0.4750000000000002 0.88125 0.4750000000000002 0.9078125 0.4937500000000002 0.9078125
4 0.5625000000000002 0.8078125 0.5484375000000001 0.8078125 0.5484375000000001 0.834375 0.5625000000000002 0.834375
4 0.5859375000000002 0.8234375 0.5718750000000001 0.8234375 0.5718750000000001 0.8421875 0.5859375000000002 0.8421875
4 0.6515625000000002 0.8359375 0.6343750000000001 0.8359375 0.6343750000000001 0.8625 0.6515625000000002 0.8625
4 0.5671875000000002 0.90625 0.5437500000000002 0.90625 0.5437500000000002 0.9296875 0.5671875000000002 0.9296875
4 0.5984375000000001 0.71875 0.5828125 0.71875 0.5828125000000001 0.7421875 0.5984375000000002 0.7421875
2 0.5000000000000002 0.7515625 0.4734375000000002 0.7515625 0.4734375000000002 0.7921875 0.5000000000000002 0.7921875
4 0.3140625000000001 0.640625 0.3031250000000001 0.640625 0.3031250000000001 0.6578125 0.3140625000000001 0.6578125
2 0.9375 0.7968750000000002 0.9078125 0.7968750000000002 0.9078125 0.83125 0.9375 0.83125
4 0.8234375 0.7515625000000001 0.80625 0.7515625000000001 0.80625 0.7828125000000001 0.8234375 0.7828125000000001
4 0.6968750000000001 0.7609375 0.6812500000000001 0.7609375 0.6812500000000001 0.78125 0.6968750000000001 0.78125
4 0.7156250000000002 0.8828125 0.6984375000000002 0.8828125 0.6984375000000002 0.9109375 0.7156250000000002 0.9109375
4 0.8765625 0.8765625 0.8578125 0.8765625 0.8578125 0.90625 0.8765625 0.90625
0 0.7375000000000002 0.7546875000000001 0.7187500000000002 0.7546875 0.7187500000000002 0.7812500000000001 0.7375000000000002 0.7812500000000002
4 0.6031250000000001 0.8375 0.5859375000000002 0.8375 0.5859375000000002 0.86875 0.6031250000000001 0.86875
2 0.5234375 0.3984375000000001 0.5078125 0.3984375000000001 0.5078125 0.4421875 0.5234375 0.4421875
0 0.528125 0.2062500000000001 0.5109375 0.2062500000000001 0.5109375 0.2500000000000001 0.528125 0.2500000000000001
4 0.5296875 0.10000000000000005 0.5125 0.10000000000000005 0.5125 0.14062500000000006 0.5296875 0.14062500000000006
4 0.18750000000000014 0.940625 0.17500000000000013 0.940625 0.17500000000000013 0.9546875 0.18750000000000014 0.9546875
4 0.4437500000000001 0.7078125 0.3656250000000001 0.7078125 0.3656250000000001 0.84375 0.4437500000000002 0.84375