1 0.25407283284298515 0.8933453482424983 0.2421831187500001 0.8863792140625002 0.20425947340701506 0.9511068361325016 0.21614918750000012 0.9580729703125002
1 0.28003938110407867 0.8363689665341093 0.26757714062500004 0.8308899468750003 0.23999821733342142 0.8936192662783908 0.25246045781250004 0.8990982859375001
0 0.28990238748004576 0.8096415453559622 0.2834110671875 0.8024467281250003 0.26860764689495426 0.8158026952690379 0.27509896718750004 0.8229975125000001
4 0.23437500000000008 0.8671875 0.2250000000000001 0.8671875 0.2250000000000001 0.88125 0.23437500000000008 0.88125
2 0.22031250000000008 0.9609375 0.20312500000000008 0.9609375 0.20312500000000008 0.9953125 0.22031250000000008 0.9953125
2 0.2406250000000001 0.9359375 0.2234375000000001 0.9359375 0.2234375000000001 0.9671875 0.2406250000000001 0.9671875
4 0.2531250000000001 0.9234375 0.2484375000000001 0.9234375 0.2484375000000001 0.934375 0.2531250000000001 0.934375
4 0.2640625000000001 0.9 0.2593750000000001 0.9 0.2593750000000001 0.915625 0.2640625000000001 0.915625
0 0.2906250000000001 0.859375 0.27812500000000007 0.859375 0.27812500000000007 0.8828125 0.2906250000000001 0.8828125
4 0.3203125000000001 0.9546875 0.3140625000000001 0.9546875 0.3140625000000001 0.975 0.3203125000000001 0.975
2 0.3359375000000001 0.9390625 0.3203125000000001 0.9390625 0.3203125000000001 0.9609375 0.3359375000000001 0.9609375
2 0.3828125000000001 0.946875 0.3671875000000001 0.946875 0.3671875000000001 0.971875 0.3828125000000001 0.971875
2 0.38750000000000007 0.9109375 0.3703125000000001 0.9109375 0.3703125000000001 0.9390625 0.38750000000000007 0.9390625
2 0.5062500000000002 0.815625 0.4906250000000002 0.815625 0.4906250000000002 0.8359375 0.5062500000000002 0.8359375
2 0.5640625000000001 0.7671875 0.5437500000000002 0.7671875 0.5437500000000002 0.790625 0.5640625000000001 0.790625
2 0.30156250000000007 0.8203125 0.2843750000000001 0.8203125 0.2843750000000001 0.846875 0.30156250000000007 0.846875
2 0.3343750000000001 0.8140625 0.31718750000000007 0.8140625 0.31718750000000007 0.8375 0.3343750000000001 0.8375
2 0.3296875000000001 0.7828125 0.30937500000000007 0.7828125 0.30937500000000007 0.8046875 0.3296875000000001 0.8046875
4 0.3546875000000001 0.7734375 0.3468750000000001 0.7734375 0.3468750000000001 0.7875 0.3546875000000001 0.7875
0 0.3593750000000001 0.7859375 0.34843750000000007 0.7859375 0.34843750000000007 0.8015625 0.3593750000000001 0.8015625
1 0.20523164450305803 0.8328802370058902 0.19167570781249998 0.8227492375000001 0.14660131174694196 0.8830617129941096 0.1601572484375 0.8931927125
1 0.28452865681393513 0.7191262705961095 0.2707206624999999 0.7087768734375 0.22542798849856477 0.7692056090913905 0.23923598281250005 0.7795550062500001
1 0.25054123036660825 0.7327301298755348 0.2390528218750001 0.7241946875000002 0.19390188369589195 0.7849662794994654 0.20539029218750007 0.7935017218750001
1 0.3493850767039578 0.631349425843023 0.3365740936573947 0.6212908383265869 0.300616548203437 0.667087676546064 0.31342753125000006 0.6771462640625
0 0.10493597414347562 0.9414406101994149 0.09747037482982987 0.9335639204867487 0.08007131162385424 0.9500549134123336 0.08753691093749998 0.957931603125
0 0.09330106711982093 0.915063221396515 0.08583010119963816 0.9107866351179661 0.07307131376731735 0.9330755496589511 0.08054227968750012 0.9373521359374999
6 0.12311644185688127 0.8957387557425077 0.10994340468750008 0.8861589906250001 0.07678327533061884 0.9317571458199925 0.08995631250000002 0.9413369109375
0 0.10480313535056576 0.8889131912309424 0.09379824038966947 0.882444608946002 0.0798479925391038 0.9061779411525599 0.09085288750000009 0.9126465234375003
2 0.12144940133834074 0.8700149506574396 0.11367781093750003 0.8622347906250001 0.0965299158491594 0.8793637977800607 0.10430150625000012 0.8871439578125002
0 0.12032070245310486 0.8471253267602622 0.1134502576666685 0.8436762730299543 0.10236222240106377 0.8657634134571921 0.10923266718750013 0.8692124671875
3 0.1347853499453695 0.8949739191629733 0.12651921411964215 0.8893954049409173 0.10544940323677277 0.9206162482779441 0.11371553906250012 0.9261947625000001
2 0.14921929925529978 0.8730350294249268 0.1393126765625 0.8661045265625 0.12330941480720026 0.8889799627625733 0.13321603750000005 0.895910465625
2 0.13663713084859483 0.8695635418166567 0.12769820625635292 0.8632072601555979 0.11038020665775825 0.8875617964639414 0.11931913125000015 0.8939180781250002
2 0.15214830560964038 0.8403540646990866 0.14236032236065013 0.8340848024745245 0.12387634175100985 0.862943204962938 0.1336643250000001 0.8692124671875
2 0.14668541977018715 0.831207764930112 0.13722139374999998 0.8243700921875001 0.11834664116731294 0.8504946460073883 0.12781066718750012 0.8573323187500002
2 0.16175822292561345 0.8540058610328322 0.15413475212765534 0.8489137380526021 0.13965041201454192 0.8705983957697698 0.14727388281250003 0.8756905187499999
4 0.15360532076265798 0.8492991540226814 0.14859324270245358 0.8455671412445074 0.1384437828772956 0.8591978247218257 0.1434558609375 0.8629298374999997
2 0.16945250446677185 0.8222534403412048 0.16145765937500003 0.8166937390625 0.1435552252207283 0.8424374221587951 0.15155007031250012 0.8479971234375
2 0.17450383309169332 0.8336976387287003 0.16720327177235603 0.8289376557914426 0.15203827618066285 0.8521967686252427 0.15933883750000014 0.8569567515625002
2 0.18753780701055298 0.8160091905239494 0.1812320240294681 0.811701725141255 0.16754154358141515 0.8317434877423058 0.17384732656250007 0.8360509531250002
2 0.18760006839938786 0.8005029992633179 0.17840739993554386 0.7939686064318364 0.15985074247365608 0.8200743524810186 0.16904341093750008 0.8266087453125
2 0.18029846195356125 0.7883523063092509 0.17187114627832417 0.7827167628149698 0.15595131244976296 0.806523067443219 0.164378628125 0.8121586109375001
4 0.15000000000000008 0.8125 0.14062500000000008 0.8125 0.14062500000000008 0.825 0.15000000000000008 0.825
4 0.21250000000000008 0.7359375 0.20312500000000008 0.7359375 0.20312500000000008 0.75 0.21250000000000008 0.75
4 0.2015625000000001 0.740625 0.1937500000000001 0.740625 0.1937500000000001 0.75 0.2015625000000001 0.75
4 0.2062500000000001 0.7296875 0.19687500000000008 0.7296875 0.19687500000000008 0.740625 0.2062500000000001 0.740625
4 0.2140625000000001 0.7203125 0.2078125000000001 0.7203125 0.2078125000000001 0.73125 0.2140625000000001 0.73125
4 0.1906250000000001 0.7921875 0.1828125000000001 0.7921875 0.1828125000000001 0.7984375 0.1906250000000001 0.7984375
4 0.22656250000000008 0.7015625 0.2171875000000001 0.7015625 0.2171875000000001 0.7125 0.22656250000000008 0.7125
4 0.2593750000000001 0.69375 0.2515625000000001 0.69375 0.2515625000000001 0.7046875 0.2593750000000001 0.7046875
4 0.2515625000000001 0.66875 0.2453125000000001 0.66875 0.2453125000000001 0.678125 0.2515625000000001 0.678125
4 0.29375000000000007 0.6515625 0.2875000000000001 0.6515625 0.2875000000000001 0.6609375 0.29375000000000007 0.6609375
4 0.3203125000000001 0.6203125 0.3109375000000001 0.6203125 0.3109375000000001 0.63125 0.3203125000000001 0.63125
0 0.3078125000000001 0.5890625 0.2984375000000001 0.5890625 0.2984375000000001 0.609375 0.3078125000000001 0.609375
4 0.2906250000000001 0.6109375 0.2843750000000001 0.6109375 0.2843750000000001 0.621875 0.2906250000000001 0.621875
4 0.2968750000000001 0.6078125 0.2906250000000001 0.6078125 0.2906250000000001 0.61875 0.2968750000000001 0.61875
2 0.2056852088992208 0.7948667712625728 0.19730590000000006 0.7877526234375001 0.17966477235077932 0.8085310021749272 0.18804408125000008 0.8156451499999999
2 0.19874499979226273 0.7716948396880653 0.19018142187500006 0.7652937125000001 0.17414156270773734 0.7867522118744348 0.18270514062500004 0.7931533390625001
2 0.2130793472923589 0.7549535616849585 0.20520582966311302 0.7490888371543394 0.18949283237075423 0.770183870781881 0.1973663500000001 0.7760485953125003
2 0.22808672284333467 0.7342894076204022 0.2215825218750001 0.7295522937500001 0.2065924052816655 0.750134178317098 0.21309660625000007 0.7548712921875002
2 0.24236267923434643 0.7141086265127755 0.2352207968750002 0.7089045796875 0.22014021607815387 0.7296007297372247 0.22728209843750008 0.7348047765625001
0 0.23152472218221173 0.7115818708812245 0.22415202242019375 0.7065235655082411 0.21095292211298208 0.7257618274395167 0.2183256218750001 0.7308201328124999
2 0.2473227124115455 0.6827108834832588 0.23771753437500007 0.6763272921875001 0.2214967657134547 0.7007341446417413 0.2311019437500001 0.7071177359374999
2 0.2584954581047938 0.6872715938917089 0.2496543270043968 0.6812990311579254 0.23296701108710316 0.7060011153912168 0.24180814218750016 0.7119736781250001
2 0.2657106268018402 0.7065734308547187 0.2565725967596489 0.6997204470149164 0.23847350745780876 0.7238544630351977 0.2476115375000001 0.7307074468750001
2 0.2770874945277417 0.6884907841649115 0.2688497895582437 0.6834725607785123 0.2558676934680021 0.7047834250511007 0.2641053984375001 0.7098016484375
2 0.2754807407696423 0.6768215557397671 0.26688851874999997 0.668027884375 0.24925161704285775 0.6852607520727328 0.2578438390625001 0.6940544234374999
2 0.2774262662754974 0.649313132873947 0.2691276328125 0.642308809375 0.25198874153700274 0.6626147499385531 0.2602873750000001 0.6696190734374999
0 0.28679871822919556 0.6555281681544104 0.2797107511435283 0.6500306515510073 0.26709701260183266 0.6662935880840969 0.27418497968749994 0.6717911046875
2 0.29652587313222334 0.6665832116131675 0.2876414491710567 0.6603475763970896 0.27140939322633334 0.6834747257214222 0.28029381718749996 0.6897103609375
2 0.3122363892775831 0.6499803829556858 0.30336591360334497 0.6429491637666723 0.28715359776326194 0.6634023667484865 0.2960240734375001 0.6704335859375
2 0.31113127957871406 0.6304393304599263 0.303029249230185 0.6240760686519964 0.28547850715147105 0.6464225710045702 0.2935805375000001 0.6527858328125
2 0.3137411874425934 0.611652408197821 0.30645017921995094 0.605156213130627 0.2884276230273576 0.625383839307806 0.29571863125000003 0.6318800343750001
2 0.32607714666794585 0.6331893850747079 0.318048315625 0.62712365625 0.30320034239455423 0.6467770024252921 0.31122917343750006 0.65284273125
2 0.34397582659921183 0.6110087571121807 0.336270274114787 0.6051332914501246 0.31932086939057525 0.627362087462944 0.3270264218750001 0.6332375531250002
2 0.3391091885982465 0.5983087601293375 0.33066040607987063 0.5923068053594716 0.31491233779412414 0.6144749171051339 0.3233611203125 0.620476871875
2 0.3585459591405031 0.5847839101030538 0.3498031140625001 0.5796701437500001 0.3341665549219971 0.6064034758344465 0.3429094000000001 0.6115172421875001
3 0.3680458056530462 0.6014188157102174 0.35713114531249995 0.5930730421875001 0.3332165068469538 0.6243487717897829 0.3441311671875001 0.6326945453125001
0 0.3463159106043775 0.5807959419300923 0.33897311637427174 0.5767162029719103 0.32854144326989426 0.5954913329168179 0.3358842375 0.599571071875
1 0.3606288158236096 0.5347586079059519 0.3468070207004927 0.5260869303225841 0.306484906439383 0.5903563864791324 0.3203067015624999 0.5990280640625001
0 0.3500000000000001 0.4328125 0.3437500000000001 0.4328125 0.3437500000000001 0.4515625 0.3500000000000001 0.4515625
4 0.4375 0.4890625 0.4328125 0.4890625 0.4328125 0.50625 0.4375 0.50625
4 0.440625 0.5203125 0.4359375 0.5203125 0.4359375 0.5359375 0.440625 0.5359375
4 0.50625 0.428125 0.4953125 0.428125 0.4953125 0.4421875 0.50625 0.4421875
2 0.5203125 0.39531250000000007 0.50625 0.39531250000000007 0.50625 0.4171875 0.5203125 0.4171875
2 0.5109375 0.3625000000000001 0.4953125 0.3625000000000001 0.4953125 0.3921875000000001 0.5109375 0.3921875000000001
2 0.4875 0.4140625 0.4734375 0.4140625 0.4734375 0.4390625 0.4875 0.4390625
2 0.4796875 0.4015625 0.4640625 0.4015625 0.4640625 0.425 0.4796875 0.425
0 0.5375 0.40625 0.5265625 0.40625 0.5265625 0.4234375 0.5375 0.4234375
6 0.5484375 0.3578125000000001 0.5203125 0.3578125000000001 0.5203125 0.3984375000000001 0.5484375 0.3984375000000001
2 0.553125 0.4046875 0.5375 0.4046875 0.5375 0.4265625 0.553125 0.4265625
4 0.56875 0.428125 0.559375 0.428125 0.559375 0.4421875 0.56875 0.4421875
0 0.584375 0.4625 0.5734375 0.4625 0.5734375 0.4859375 0.584375 0.4859375
6 0.6140625 0.4640625 0.5875 0.4640625 0.5875 0.5125 0.6140625 0.5125
2 0.5859375 0.5765625 0.5765625 0.5765625 0.5765625 0.6109375 0.5859375 0.6109375
4 0.5578125 0.6328125 0.55 0.6328125 0.55 0.6453125 0.5578125 0.6453125
4 0.5265625 0.6546875 0.5171875 0.6546875 0.5171875 0.665625 0.5265625 0.665625
4 0.5828125 0.6390625 0.5765625 0.6390625 0.5765625 0.653125 0.5828125 0.653125
4 0.590625 0.6203125 0.584375 0.6203125 0.584375 0.6359375 0.590625 0.6359375
2 0.553125 0.7078125 0.5328125 0.7078125 0.5328125 0.725 0.553125 0.725
4 0.5796875 0.7 0.5703125 0.7 0.5703125 0.7109375 0.5796875 0.7109375
3 0.575 0.6625 0.5578125 0.6625 0.5578125 0.7015625 0.575 0.7015625
4 0.6546875 0.571875 0.646875 0.571875 0.646875 0.5859375 0.6546875 0.5859375
0 0.6671875 0.553125 0.65625 0.553125 0.65625 0.5734375 0.6671875 0.5734375
0 0.6734375 0.5421875 0.6625 0.5421875 0.6625 0.5609375 0.6734375 0.5609375
2 0.6890625 0.5953125 0.6703125 0.5953125 0.6703125 0.6203125 0.6890625 0.6203125
2 0.7171875 0.61875 0.7 0.61875 0.7 0.64375 0.7171875 0.64375
4 0.709375 0.6015625 0.7 0.6015625 0.7 0.6125 0.709375 0.6125
2 0.7296875 0.5593750000000001 0.715625 0.559375 0.715625 0.5859375000000001 0.7296875 0.5859375000000002
4 0.7421875 0.6546875000000002 0.7328125 0.6546875000000002 0.7328125 0.6656250000000001 0.7421875 0.6656250000000001
0 0.7671875 0.6406250000000002 0.753125 0.6406250000000002 0.753125 0.6578125000000001 0.7671875 0.6578125000000001
4 0.6484375 0.5171875 0.640625 0.5171875 0.640625 0.5328125 0.6484375 0.5328125
4 0.6515625 0.471875 0.6421875 0.471875 0.6421875 0.4921875 0.6515625 0.4921875
2 0.609375 0.3968750000000001 0.596875 0.3968750000000001 0.596875 0.4265625 0.609375 0.4265625
2 0.759375 0.6781250000000002 0.7453125 0.6781250000000002 0.7453125 0.7031250000000002 0.759375 0.7031250000000002
2 0.76875 0.6640625000000002 0.7546875 0.6640625000000002 0.7546875 0.6859375000000002 0.76875 0.6859375000000002
2 0.825 0.7343750000000002 0.8078125 0.7343750000000002 0.8078125 0.7562500000000002 0.825 0.7562500000000002
2 0.84375 0.7609375000000002 0.828125 0.7609375000000002 0.828125 0.7875000000000002 0.84375 0.7875000000000002
2 0.8671875 0.7765625000000002 0.85 0.7765625000000002 0.85 0.803125 0.8671875 0.803125
4 0.8625 0.7625000000000002 0.8515625 0.7625000000000002 0.8515625 0.7765625000000002 0.8625 0.7765625000000002
4 0.809375 0.7156250000000002 0.803125 0.7156250000000002 0.803125 0.7296875000000002 0.809375 0.7296875000000002
4 0.821875 0.7218750000000002 0.8125 0.7218750000000002 0.8125 0.7359375000000001 0.821875 0.7359375000000001
2 0.8671875 0.88125 0.8484375 0.88125 0.8484375 0.9046875 0.8671875 0.9046875
4 0.8875 0.8203125 0.878125 0.8203125 0.878125 0.8328125 0.8875 0.8328125
2 0.9 0.8046875 0.8796875 0.8046875 0.8796875 0.8328125 0.9 0.8328125
2 0.915625 0.8421875 0.896875 0.8421875 0.896875 0.871875 0.915625 0.871875
2 0.9328125 0.8515625 0.9171875 0.8515625 0.9171875 0.8734375 0.9328125 0.8734375
2 0.9921875 0.89375 0.971875 0.89375 0.971875 0.9171875 0.9921875 0.9171875
4 0.9984375 0.93125 0.9875 0.93125 0.9875 0.95 0.9984375 0.95
4 0.6968750000000001 0.7640625 0.6875000000000002 0.7640625 0.6875000000000002 0.778125 0.6968750000000001 0.778125
0 0.5000000000000001 0.721875 0.4859375 0.721875 0.4859375000000001 0.7359375 0.5000000000000002 0.7359375
4 0.4703125000000001 0.7140625 0.465625 0.7140625 0.46562500000000007 0.7296875 0.4703125000000002 0.7296875
0 0.44218750000000007 0.7125 0.4296875 0.7125 0.4296875000000001 0.728125 0.4421875000000002 0.728125
0 0.4046875000000002 0.7703125 0.3937500000000001 0.7703125 0.3937500000000001 0.784375 0.4046875000000002 0.784375
2 0.4609375 0.671875 0.44375 0.671875 0.44375 0.690625 0.4609375 0.690625
0 0.4671875 0.7 0.4546875 0.7 0.4546875 0.7171875 0.4671875 0.7171875
4 0.4281250000000002 0.7484375 0.4203125000000002 0.7484375 0.4203125000000002 0.765625 0.4281250000000002 0.765625
2 0.3390625 0.296875 0.3234375 0.296875 0.3234375 0.33125 0.3390625 0.33125
4 0.3703125000000001 0.36718750000000006 0.3625000000000001 0.3671875 0.3625000000000001 0.38750000000000007 0.3703125000000001 0.38750000000000007
2 0.4546875 0.2687500000000001 0.434375 0.2687500000000001 0.434375 0.3046875000000001 0.4546875 0.3046875000000001
2 0.3109375 3.721778163033753e-17 0.296875 3.6356701849687046e-17 0.296875 0.026562500000000034 0.3109375 0.026562500000000034
4 0.2609375 0.07812500000000003 0.25 0.07812500000000003 0.25 0.09843750000000002 0.2609375 0.09843750000000002
3 0.3546875 0.020312500000000042 0.33125 0.02031250000000004 0.33125 0.06562500000000004 0.3546875 0.06562500000000004
2 0.871875 0.7312500000000002 0.8609375 0.7312500000000002 0.8609375 0.7609375000000002 0.871875 0.7609375000000002
0 0.8796875 0.7562500000000002 0.8703125 0.7562500000000002 0.8703125 0.7750000000000001 0.8796875 0.7750000000000001
2 0.8875 0.7468750000000002 0.878125 0.7468750000000002 0.878125 0.7765625000000002 0.8875 0.7765625000000002
0 0.9015625 0.7593750000000001 0.8921875 0.7593750000000001 0.8921875 0.7796875000000002 0.9015625 0.7796875000000002
2 0.9125 0.7609375000000002 0.9015625 0.7609375000000002 0.9015625 0.7890625000000002 0.9125 0.7890625000000002
2 0.9515625 0.8046875 0.9359375 0.8046875 0.9359375 0.8390625 0.9515625 0.8390625
2 0.959375 0.8265625 0.94375 0.8265625 0.94375 0.8515625 0.959375 0.8515625
2 0.9703125 0.8515625 0.953125 0.8515625 0.953125 0.8671875 0.9703125 0.8671875
2 0.98125 0.8671875 0.9625 0.8671875 0.9625 0.8859375 0.98125 0.8859375
2 0.8445319281960376 0.9210174313977226 0.8221950562499998 0.899559571875 0.8122648389914622 0.9098965764147774 0.8346017109374999 0.9313544359375001
0 0.8446011758836258 0.8999202172976325 0.8282217343750002 0.889384728125 0.8217322319288746 0.8994739061398678 0.8381116734375003 0.9100093953125
0 0.8330754916812333 0.8950814124508002 0.817095559375 0.8786599015625003 0.8101419133897731 0.8854265622480652 0.8261218456960066 0.9018480731363651
2 0.844172032274608 0.8912962414237736 0.8260222718750001 0.8715817625000002 0.8176439583503919 0.8792950976387269 0.83579371875 0.8990095765625004
2 0.8269725269759967 0.8690825188966063 0.8089054625 0.8486853890625004 0.7999556745865033 0.8566127982908942 0.8180227390624999 0.8770099281250001
2 0.8313716184676408 0.8534148438748037 0.8102962343750001 0.8321856562500001 0.8006560815323592 0.8417559670626964 0.821731465625 0.8629851546875
2 0.812215256142365 0.8374614119108358 0.7922161984375 0.8143109390625 0.7820920754706868 0.8230568908515149 0.8020911331755517 0.8462073636998507
2 0.7921527432424443 0.8086612071655732 0.7708910296875 0.7906613234375 0.7612190817575557 0.8020859631469268 0.7824807953125001 0.8200858468750001
2 0.6950697427322667 0.7524857032251686 0.6753023828125 0.7396696562500003 0.6678944025802334 0.7510956608373319 0.6876617625000001 0.7639117078125003
0 0.6916102376246025 0.731549952659065 0.6757661374999999 0.7174094875 0.6687270561253974 0.725296633278435 0.6845711562499999 0.7394370984375
2 0.7225469686512256 0.7730414211929798 0.7020330734375 0.7540118687499999 0.6917445885467444 0.7651028758343428 0.71225848376047 0.7841324282773227
6 0.723010765867706 0.7493592111418553 0.6906062484375001 0.7277151218750001 0.6799677466322941 0.7436425888581448 0.7123722640625 0.7652866781250001
2 0.7096462744504239 0.7219187980957498 0.6885193578125001 0.7066916296875 0.6799308720110846 0.7186077140643032 0.7010577886490086 0.733834882472553
2 0.7254593340596496 0.7367600640040464 0.7080454281249999 0.71743745 0.6986670831278502 0.7258893922459537 0.7160809890625 0.7452120062500002
2 0.736138544786716 0.7725902675445524 0.7158808140625001 0.752036415625 0.7057131974007841 0.7620575465179475 0.725970928125 0.7826113984374999
0 0.7399097284109745 0.7506931485073973 0.7225712578125 0.7311872328125003 0.7126502372140254 0.7400058561801032 0.7299887078124999 0.7595117718750003
0 0.7513076290005775 0.7463808670213475 0.7375225712628881 0.7431323964325515 0.7319657328873105 0.766713135661204 0.7457507906249998 0.7699616062500001
6 0.7726747204333747 0.7921072452206331 0.7386424109374999 0.7603367578125001 0.7275329354789188 0.772237145184161 0.7615652449747936 0.8040076325922941
2 0.7754509209757324 0.77182908078084 0.7536318312499999 0.7507119218750002 0.7447932790242673 0.7598442660941604 0.7666123687499998 0.7809614250000002
2 0.6578125 0.2968750000000001 0.6328125 0.2968750000000001 0.6328125 0.3281250000000001 0.6578125 0.3281250000000001
0 0.559375 0.29375000000000007 0.5421875 0.29375000000000007 0.5421875 0.3218750000000001 0.559375 0.3218750000000001
4 0.5953125 0.2578125000000001 0.584375 0.2578125000000001 0.584375 0.2765625000000001 0.5953125 0.2765625000000001
0 0.621875 0.2765625000000001 0.6 0.2765625000000001 0.6 0.30156250000000007 0.621875 0.30156250000000007
0 0.6125 0.2468750000000001 0.5984375 0.2468750000000001 0.5984375 0.2765625000000001 0.6125 0.2765625000000001
2 0.5625 0.032812500000000064 0.5515625 0.032812500000000064 0.5515625 0.06875000000000006 0.5625 0.06875000000000006
2 0.6015625 0.04687500000000007 0.5828125 0.04687500000000007 0.5828125 0.07031250000000007 0.6015625 0.07031250000000007
4 0.6796875 0.4515625 0.671875 0.4515625 0.671875 0.465625 0.6796875 0.465625
0 0.678125 0.440625 0.66875 0.440625 0.66875 0.459375 0.678125 0.459375
4 0.6640625 0.4421875 0.6546875 0.4421875 0.6546875 0.453125 0.6640625 0.453125
2 0.66875 0.409375 0.653125 0.409375 0.653125 0.4359375 0.66875 0.4359375
2 0.684375 0.4140625 0.6671875 0.4140625 0.6671875 0.4375 0.684375 0.4375
4 0.6953125 0.403125 0.6875 0.403125 0.6875 0.415625 0.6953125 0.415625
4 0.6875 0.3781250000000001 0.6765625 0.3781250000000001 0.6765625 0.3921875000000001 0.6875 0.3921875000000001
4 0.8109375 0.19687500000000008 0.8 0.19687500000000008 0.8 0.21250000000000008 0.8109375 0.21250000000000008
2 0.803125 0.1515625000000001 0.79375 0.1515625000000001 0.79375 0.18750000000000008 0.803125 0.18750000000000008
2 0.8203125 0.16562500000000008 0.8015625 0.16562500000000008 0.8015625 0.18750000000000008 0.8203125 0.18750000000000008
2 0.8296875 0.1296875000000001 0.81875 0.1296875000000001 0.81875 0.1593750000000001 0.8296875 0.1593750000000001
3 0.8484375 0.1359375000000001 0.834375 0.1359375000000001 0.834375 0.16406250000000008 0.8484375 0.16406250000000008
4 0.85 0.1609375000000001 0.8390625 0.1609375000000001 0.8390625 0.17968750000000008 0.85 0.17968750000000008
4 0.8171875 0.1390625000000001 0.809375 0.1390625000000001 0.809375 0.1546875000000001 0.8171875 0.1546875000000001
4 0.8921875 0.1593750000000001 0.878125 0.1593750000000001 0.878125 0.1781250000000001 0.8921875 0.1781250000000001
2 0.8796875 0.06562500000000011 0.8640625 0.06562500000000011 0.8640625 0.10781250000000009 0.8796875 0.10781250000000009
4 0.9625 0.07656250000000012 0.95 0.07656250000000012 0.95 0.0953125000000001 0.9625 0.0953125000000001
2 0.95 1.1519333954479792e-16 0.93125 1.1404523317059726e-16 0.93125 0.018750000000000117 0.95 0.018750000000000117