5 0.2515625000000001 0.66875 0.1859375000000001 0.66875 0.1859375000000001 0.7234375 0.2515625000000001 0.7234375
5 0.2015625000000001 0.825 0.15000000000000008 0.825 0.15000000000000008 0.865625 0.2015625000000001 0.865625
3 0.03750000000000011 0.865625 0.006250000000000105 0.865625 0.006250000000000108 0.9 0.03750000000000011 0.9
5 0.3109375000000001 0.665625 0.2531250000000001 0.665625 0.2531250000000001 0.69375 0.3109375000000001 0.69375
0 0.2843750000000001 0.703125 0.2640625000000001 0.703125 0.2640625000000001 0.7140625 0.2843750000000001 0.7140625
2 0.3937500000000001 0.696875 0.3671875000000001 0.696875 0.3671875000000001 0.7203125 0.3937500000000001 0.7203125
2 0.3156250000000001 0.815625 0.28593750000000007 0.815625 0.28593750000000007 0.8375 0.3156250000000001 0.8375
2 0.3843750000000001 0.915625 0.36406250000000007 0.915625 0.36406250000000007 0.9515625 0.3843750000000001 0.9515625
2 0.5046875000000001 0.6984375 0.4828125 0.6984375 0.4828125000000001 0.7546875 0.5046875000000002 0.7546875
2 0.6515625000000002 0.8484375 0.6218750000000002 0.8484375 0.6218750000000002 0.878125 0.6515625000000002 0.878125
2 0.6125000000000002 0.846875 0.5890625000000002 0.846875 0.5890625000000002 0.875 0.6125000000000002 0.875
2 0.5203125000000002 0.8015625 0.5000000000000002 0.8015625 0.5000000000000002 0.8328125 0.5203125000000002 0.8328125
2 0.5500000000000002 0.8015625 0.5265625000000002 0.8015625 0.5265625000000002 0.8515625 0.5500000000000002 0.8515625
2 0.5828125000000002 0.840625 0.5593750000000002 0.840625 0.5593750000000002 0.8765625 0.5828125000000002 0.8765625
2 0.81875 0.8375 0.7875000000000002 0.8375 0.7875000000000002 0.871875 0.81875 0.871875
2 0.9203125 0.840625 0.8875 0.840625 0.8875 0.8796875 0.9203125 0.8796875
0 0.9359375 0.7843750000000002 0.9171875 0.7843750000000002 0.9171875 0.803125 0.9359375 0.803125
4 0.88125 0.7687500000000002 0.8640625 0.7687500000000002 0.8640625 0.7921875000000002 0.88125 0.7921875000000002
4 0.971875 0.7828125000000001 0.95625 0.7828125000000001 0.95625 0.80625 0.971875 0.80625
4 0.6000000000000002 0.75625 0.5859375000000002 0.75625 0.5859375000000002 0.775 0.6000000000000002 0.775
0 0.4703125000000002 0.7859375 0.4515625000000002 0.7859375 0.4515625000000002 0.8140625 0.4703125000000002 0.8140625
0 0.4546875000000002 0.896875 0.43281250000000016 0.896875 0.43281250000000016 0.9171875 0.4546875000000002 0.9171875
4 0.4625000000000002 0.8578125 0.45312500000000017 0.8578125 0.45312500000000017 0.8796875 0.4625000000000002 0.8796875
4 0.4515625000000001 0.7203125 0.434375 0.7203125 0.43437500000000007 0.740625 0.4515625000000002 0.740625
4 0.42500000000000016 0.7515625 0.40625000000000017 0.7515625 0.40625000000000017 0.765625 0.42500000000000016 0.765625
4 0.34843750000000007 0.790625 0.3312500000000001 0.790625 0.3312500000000001 0.8125 0.34843750000000007 0.8125
4 0.18125000000000008 0.7984375 0.1593750000000001 0.7984375 0.1593750000000001 0.815625 0.18125000000000008 0.815625
4 0.0781250000000001 0.803125 0.06093750000000009 0.803125 0.0609375000000001 0.8171875 0.07812500000000011 0.8171875
4 0.1312500000000001 0.80625 0.11562500000000009 0.80625 0.11562500000000009 0.8234375 0.1312500000000001 0.8234375
4 0.8296875 0.6906250000000002 0.8140625 0.6906250000000002 0.8140625 0.7078125000000002 0.8296875 0.7078125000000002
4 0.9515625 0.7031250000000002 0.940625 0.7031250000000002 0.940625 0.7359375000000001 0.9515625 0.7359375000000001
2 1 0.8328125 0.9796875 0.8328125 0.9796875 0.8609375 1 0.8609375
2 0.521875 0.3687500000000001 0.50625 0.3687500000000001 0.50625 0.425 0.521875 0.425
4 0.4796875 0.3906250000000001 0.4734375 0.3906250000000001 0.4734375 0.41875 0.4796875 0.41875
4 0.475 0.4765625 0.465625 0.4765625 0.465625 0.50625 0.475 0.50625
4 0.4859375 0.5140625 0.4734375 0.5140625 0.4734375 0.540625 0.4859375 0.540625
4 0.521875 0.20312500000000008 0.515625 0.20312500000000008 0.515625 0.23593750000000008 0.521875 0.23593750000000008
4 0.5140625 0.16718750000000004 0.5 0.16718750000000004 0.5 0.19531250000000006 0.5140625 0.19531250000000006
0 0.465625 0.020312500000000056 0.453125 0.020312500000000056 0.453125 0.053125000000000054 0.465625 0.05312500000000007
4 0.4765625 0.057812500000000065 0.4703125 0.057812500000000065 0.4703125 0.07500000000000007 0.4765625 0.07500000000000007