2 0.05625000000000011 0.9484375 0.03750000000000011 0.9484375 0.03750000000000012 0.9765625 0.05625000000000011 0.9765625
2 0.07031250000000012 0.98125 0.05312500000000011 0.98125 0.053125000000000124 1 0.07031250000000014 1
2 0.10000000000000012 0.88125 0.0796875000000001 0.88125 0.0796875000000001 0.9125 0.10000000000000013 0.9125
2 0.10468750000000009 0.8609375 0.0875000000000001 0.8609375 0.0875000000000001 0.8859375 0.10468750000000009 0.8859375
2 0.2218750000000001 0.9546875 0.2062500000000001 0.9546875 0.2062500000000001 0.9921875 0.2218750000000001 0.9921875
2 0.24375000000000008 0.93125 0.2234375000000001 0.93125 0.2234375000000001 0.9703125 0.24375000000000008 0.9703125
2 0.25468750000000007 0.865625 0.2328125000000001 0.865625 0.2328125000000001 0.896875 0.25468750000000007 0.896875
2 0.18125000000000008 0.79375 0.1609375000000001 0.79375 0.1609375000000001 0.8234375 0.18125000000000008 0.8234375
2 0.24218750000000008 0.7296875 0.2218750000000001 0.7296875 0.2218750000000001 0.759375 0.24218750000000008 0.759375
2 0.2468750000000001 0.7015625 0.22812500000000008 0.7015625 0.22812500000000008 0.728125 0.2468750000000001 0.728125
2 0.26250000000000007 0.7 0.24375000000000008 0.7 0.24375000000000008 0.728125 0.26250000000000007 0.728125
2 0.2765625000000001 0.6828125 0.2609375000000001 0.6828125 0.2609375000000001 0.7046875 0.2765625000000001 0.7046875
2 0.2671875000000001 0.6734375 0.2484375000000001 0.6734375 0.2484375000000001 0.703125 0.2671875000000001 0.703125
2 0.2734375000000001 0.6421875 0.25468750000000007 0.6421875 0.25468750000000007 0.665625 0.2734375000000001 0.665625
2 0.2890625000000001 0.6234375 0.2718750000000001 0.6234375 0.2718750000000001 0.646875 0.2890625000000001 0.646875
2 0.3046875000000001 0.60625 0.2875000000000001 0.60625 0.2875000000000001 0.63125 0.3046875000000001 0.63125
2 0.3125000000000001 0.6125 0.2953125000000001 0.6125 0.2953125000000001 0.6375 0.3125000000000001 0.6375
2 0.32500000000000007 0.5921875 0.3109375000000001 0.5921875 0.3109375000000001 0.6171875 0.32500000000000007 0.6171875
2 0.33281250000000007 0.8078125 0.3187500000000001 0.8078125 0.3187500000000001 0.8359375 0.33281250000000007 0.8359375
2 0.4640625 0.665625 0.45 0.665625 0.45 0.7125 0.4640625 0.7125
2 0.3515625000000001 0.578125 0.3359375000000001 0.578125 0.3359375000000001 0.6046875 0.3515625000000001 0.6046875
2 0.3390625000000001 0.93125 0.3203125000000001 0.93125 0.3203125000000001 0.9625 0.3390625000000001 0.9625
2 0.3843750000000001 0.9390625 0.3671875000000001 0.9390625 0.3671875000000001 0.9703125 0.3843750000000001 0.9703125
2 0.3703125000000001 0.4171875 0.3578125000000001 0.4171875 0.3578125000000001 0.4515625 0.3703125000000001 0.4515625
2 0.3375 0.296875 0.3234375 0.296875 0.3234375 0.3328125 0.3375 0.3328125
2 0.334375 0.2203125 0.31875 0.2203125 0.31875 0.25625 0.334375 0.25625
2 0.303125 0.14531250000000004 0.2890625 0.14531250000000004 0.2890625 0.17656250000000004 0.303125 0.17656250000000004
2 0.259375 0.11093750000000005 0.2421875 0.11093750000000005 0.2421875 0.15000000000000005 0.259375 0.15000000000000005
2 0.328125 3.922696778518866e-17 0.3125 3.827021247335479e-17 0.3125 0.018750000000000037 0.328125 0.018750000000000037
2 0.340625 4.075777628412285e-17 0.325 3.980102097228898e-17 0.325 0.017187500000000043 0.340625 0.017187500000000043
2 0.340625 0.043750000000000046 0.325 0.043750000000000046 0.325 0.07500000000000004 0.340625 0.07500000000000004
2 0.3328125 0.05468750000000004 0.315625 0.05468750000000004 0.315625 0.08750000000000005 0.3328125 0.08750000000000005
2 0.3484375 0.07968750000000005 0.3328125 0.07968750000000005 0.3328125 0.10937500000000004 0.3484375 0.10937500000000004
2 0.3578125 0.10156250000000004 0.34375 0.10156250000000004 0.34375 0.13281250000000006 0.3578125 0.13281250000000006
2 0.371875 0.10156250000000004 0.35625 0.10156250000000004 0.35625 0.13125000000000003 0.371875 0.13125000000000003
2 0.371875 0.07500000000000004 0.3578125 0.07500000000000004 0.3578125 0.10468750000000004 0.371875 0.10468750000000004
2 0.36875 0.12343750000000005 0.3546875 0.12343750000000005 0.3546875 0.15937500000000004 0.36875 0.15937500000000004
2 0.3953125 0.17812500000000003 0.38125 0.17812500000000003 0.38125 0.2078125000000001 0.3953125 0.2078125000000001
2 0.4171875 0.19062500000000004 0.403125 0.19062500000000004 0.403125 0.22656250000000008 0.4171875 0.22656250000000008
2 0.4296875 0.2218750000000001 0.415625 0.2218750000000001 0.415625 0.2515625000000001 0.4296875 0.2515625000000001
2 0.44375 0.26250000000000007 0.4296875 0.26250000000000007 0.4296875 0.2921875000000001 0.44375 0.2921875000000001
2 0.4375 0.2734375000000001 0.421875 0.2734375000000001 0.421875 0.30156250000000007 0.4375 0.30156250000000007
2 0.5890625 0.1765625000000001 0.575 0.1765625000000001 0.575 0.2078125000000001 0.5890625 0.2078125000000001
2 0.559375 0.19687500000000008 0.5484375 0.19687500000000008 0.5484375 0.2312500000000001 0.559375 0.2312500000000001
2 0.571875 0.1140625000000001 0.559375 0.1140625000000001 0.559375 0.14843750000000008 0.571875 0.14843750000000008
2 0.559375 0.026562500000000065 0.5484375 0.026562500000000065 0.5484375 0.06562500000000007 0.559375 0.06562500000000007
2 0.6015625 0.04218750000000007 0.5828125 0.042187500000000065 0.5828125 0.06718750000000007 0.6015625 0.06718750000000007
2 0.65 0.2906250000000001 0.63125 0.2906250000000001 0.63125 0.3140625000000001 0.65 0.3140625000000001
2 0.69375 0.2828125000000001 0.6734375 0.2828125000000001 0.6734375 0.3046875000000001 0.69375 0.3046875000000001
2 0.8015625 0.13437500000000008 0.7890625 0.13437500000000008 0.7890625 0.1750000000000001 0.8015625 0.1750000000000001
2 0.8265625 0.11718750000000008 0.815625 0.11718750000000008 0.815625 0.15000000000000008 0.8265625 0.15000000000000008
2 0.85625 0.0796875000000001 0.8375 0.0796875000000001 0.8375 0.10468750000000009 0.85625 0.10468750000000009
2 0.9796875 0.050000000000000114 0.959375 0.050000000000000114 0.959375 0.08437500000000012 0.9796875 0.08437500000000012
2 0.953125 0.17812500000000014 0.9375 0.17812500000000014 0.9375 0.2062500000000001 0.953125 0.2062500000000001
2 0.94375 0.18125000000000013 0.925 0.18125000000000013 0.925 0.2156250000000001 0.94375 0.2156250000000001
2 0.9375 0.19843750000000013 0.9171875 0.19843750000000013 0.9171875 0.2296875000000001 0.9375 0.2296875000000001
2 0.8390625 0.21875000000000008 0.8171875 0.21875000000000008 0.8171875 0.2453125000000001 0.8390625 0.2453125000000001
2 0.8203125 0.2375000000000001 0.7984375 0.2375000000000001 0.7984375 0.2656250000000001 0.8203125 0.2656250000000001
2 0.79375 0.2453125000000001 0.775 0.2453125000000001 0.775 0.2671875000000001 0.79375 0.2671875000000001
2 0.796875 0.26250000000000007 0.7765625 0.26250000000000007 0.7765625 0.2843750000000001 0.796875 0.2843750000000001
2 0.7765625 0.2640625000000001 0.7625 0.2640625000000001 0.7625 0.2828125000000001 0.7765625 0.2828125000000001
2 0.75625 0.2906250000000001 0.740625 0.2906250000000001 0.740625 0.31718750000000007 0.75625 0.31718750000000007
2 0.759375 0.3062500000000001 0.7421875 0.3062500000000001 0.7421875 0.33281250000000007 0.759375 0.33281250000000007
2 0.7390625 0.3125000000000001 0.7203125 0.3125000000000001 0.7203125 0.3359375000000001 0.7390625 0.3359375000000001
2 0.7421875 0.32500000000000007 0.7234375 0.32500000000000007 0.7234375 0.3546875000000001 0.7421875 0.3546875000000001
2 0.715625 0.3375000000000001 0.696875 0.3375000000000001 0.696875 0.3625000000000001 0.715625 0.3625000000000001
2 0.7265625 0.34062500000000007 0.7109375 0.34062500000000007 0.7109375 0.3750000000000001 0.7265625 0.3750000000000001
2 0.70625 0.37187500000000007 0.6875 0.37187500000000007 0.6875 0.4015625 0.70625 0.4015625
2 0.6875 0.4 0.671875 0.4 0.671875 0.4296875 0.6875 0.4296875
2 0.85 0.7390625000000002 0.8296875 0.7390625000000002 0.8296875 0.7687500000000002 0.85 0.7687500000000002
2 0.8734375 0.7218750000000002 0.8578125 0.7218750000000002 0.8578125 0.7515625000000001 0.8734375 0.7515625000000001
2 0.8875 0.7328125000000002 0.878125 0.7328125000000002 0.878125 0.7671875000000001 0.8875 0.7671875000000001
2 0.915625 0.7468750000000002 0.9 0.7468750000000002 0.9 0.7765625000000002 0.915625 0.7765625000000002
2 0.9703125 0.834375 0.9515625 0.834375 0.9515625 0.8578125 0.9703125 0.8578125
2 0.9515625 0.7921875000000002 0.9328125 0.7921875000000002 0.9328125 0.8265625 0.9515625 0.8265625
2 0.946875 0.821875 0.921875 0.821875 0.921875 0.859375 0.946875 0.859375
2 0.9890625 0.8734375 0.971875 0.8734375 0.971875 0.903125 0.9890625 0.903125
2 0.728125 0.5515625000000001 0.7140625 0.5515625 0.7140625 0.5765625000000001 0.728125 0.5765625000000002
4 0.06562500000000011 0.871875 0.06093750000000011 0.871875 0.06093750000000011 0.8828125 0.06562500000000011 0.8828125
4 0.06250000000000011 0.8578125 0.05312500000000011 0.8578125 0.05312500000000011 0.8671875 0.06250000000000011 0.8671875
4 0.0796875000000001 0.875 0.07031250000000011 0.875 0.07031250000000011 0.8859375 0.0796875000000001 0.8859375
4 0.0875000000000001 0.84375 0.08125000000000011 0.84375 0.08125000000000011 0.8578125 0.0875000000000001 0.8578125
4 0.08906250000000011 0.8390625 0.08437500000000012 0.8390625 0.08437500000000012 0.853125 0.08906250000000011 0.853125
4 0.09375000000000011 0.8375 0.08906250000000011 0.8375 0.08906250000000011 0.8515625 0.09375000000000011 0.8515625
4 0.09843750000000011 0.834375 0.09375000000000011 0.834375 0.09375000000000011 0.8484375 0.09843750000000011 0.8484375
4 0.1140625000000001 0.8234375 0.10781250000000009 0.8234375 0.10781250000000009 0.834375 0.1140625000000001 0.834375
4 0.11718750000000008 0.815625 0.10937500000000008 0.815625 0.10937500000000008 0.828125 0.11718750000000008 0.828125
4 0.12031250000000009 0.80625 0.1140625000000001 0.80625 0.1140625000000001 0.821875 0.12031250000000009 0.821875
4 0.12343750000000009 0.8046875 0.11718750000000008 0.8046875 0.11718750000000008 0.81875 0.12343750000000009 0.81875
4 0.12343750000000009 0.840625 0.11562500000000009 0.840625 0.11562500000000009 0.85625 0.12343750000000009 0.85625
4 0.15000000000000008 0.8296875 0.14218750000000008 0.8296875 0.14218750000000008 0.8484375 0.15000000000000008 0.8484375
4 0.1984375000000001 0.78125 0.1906250000000001 0.78125 0.1906250000000001 0.796875 0.1984375000000001 0.796875
4 0.20312500000000008 0.7609375 0.1937500000000001 0.7609375 0.1937500000000001 0.775 0.20312500000000008 0.775
4 0.2750000000000001 0.65625 0.2687500000000001 0.65625 0.2687500000000001 0.6671875 0.2750000000000001 0.6671875
4 0.2828125000000001 0.646875 0.2750000000000001 0.646875 0.2750000000000001 0.6609375 0.2828125000000001 0.6609375
4 0.3125000000000001 0.6515625 0.3031250000000001 0.6515625 0.3031250000000001 0.6671875 0.3125000000000001 0.6671875
4 0.3109375000000001 0.6 0.3046875000000001 0.6 0.3046875000000001 0.6109375 0.3109375000000001 0.6109375
4 0.33281250000000007 0.575 0.3265625000000001 0.575 0.3265625000000001 0.5890625 0.33281250000000007 0.5890625
4 0.33281250000000007 0.5875 0.3281250000000001 0.5875 0.3281250000000001 0.5984375 0.33281250000000007 0.5984375
4 0.34062500000000007 0.5828125 0.3343750000000001 0.5828125 0.3343750000000001 0.5921875 0.34062500000000007 0.5921875
4 0.3390625000000001 0.5734375 0.3343750000000001 0.5734375 0.3343750000000001 0.584375 0.3390625000000001 0.584375
4 0.3375000000000001 0.5671875 0.3312500000000001 0.5671875 0.3312500000000001 0.58125 0.3375000000000001 0.58125
4 0.3359375000000001 0.5609375 0.3312500000000001 0.5609375 0.3312500000000001 0.5703125 0.3359375000000001 0.5703125
4 0.3312500000000001 0.5625 0.32500000000000007 0.5625 0.32500000000000007 0.5734375 0.3312500000000001 0.5734375
4 0.3593750000000001 0.53125 0.3500000000000001 0.53125 0.3500000000000001 0.5421875 0.3593750000000001 0.5421875
4 0.4046875 0.5765625 0.3968750000000001 0.5765625 0.3968750000000001 0.5921875 0.4046875 0.5921875
4 0.37968750000000007 0.37187500000000007 0.37187500000000007 0.37187500000000007 0.37187500000000007 0.38750000000000007 0.37968750000000007 0.38750000000000007
4 0.3484375 0.29375 0.3390625 0.29375 0.3390625 0.309375 0.3484375 0.309375
4 0.325 0.03906250000000004 0.315625 0.039062500000000035 0.315625 0.05468750000000004 0.325 0.05468750000000004
4 0.3609375 0.03750000000000005 0.353125 0.03750000000000005 0.353125 0.051562500000000046 0.3609375 0.051562500000000046
4 0.3640625 0.06250000000000004 0.3578125 0.06250000000000004 0.3578125 0.07343750000000004 0.3640625 0.07343750000000004
4 0.3671875 0.06093750000000005 0.3625 0.06093750000000005 0.3625 0.07031250000000004 0.3671875 0.07031250000000004
4 0.371875 0.06875000000000005 0.3671875 0.06875000000000005 0.3671875 0.07968750000000005 0.371875 0.07968750000000005
4 0.365625 0.09375000000000004 0.359375 0.09375000000000004 0.359375 0.10781250000000005 0.365625 0.10781250000000005
4 0.3546875 0.09531250000000005 0.3484375 0.09531250000000005 0.3484375 0.11093750000000005 0.3546875 0.11093750000000005
4 0.3953125 0.11718750000000004 0.3890625 0.11718750000000004 0.3890625 0.12343750000000005 0.3953125 0.12343750000000005
4 0.403125 0.11093750000000005 0.3984375 0.11093750000000005 0.3984375 0.12187500000000004 0.403125 0.12187500000000004
4 0.3984375 0.12187500000000004 0.390625 0.12187500000000004 0.390625 0.12968750000000004 0.3984375 0.12968750000000004
4 0.4015625 0.12500000000000006 0.39375 0.12500000000000006 0.39375 0.13593750000000004 0.4015625 0.13593750000000004
4 0.4109375 0.12500000000000006 0.4046875 0.12500000000000006 0.4046875 0.13437500000000005 0.4109375 0.13437500000000005
4 0.4078125 0.13281250000000006 0.3984375 0.13281250000000006 0.3984375 0.14375000000000004 0.4078125 0.14375000000000004
4 0.4109375 0.14062500000000006 0.4015625 0.14062500000000006 0.4015625 0.14687500000000003 0.4109375 0.14687500000000003
4 0.4125 0.14531250000000004 0.40625 0.14531250000000004 0.40625 0.15937500000000004 0.4125 0.15937500000000004
4 0.40625 0.15468750000000003 0.396875 0.15468750000000003 0.396875 0.16718750000000004 0.40625 0.16718750000000004
4 0.4203125 0.14375000000000004 0.4140625 0.14375000000000004 0.4140625 0.15625000000000006 0.4203125 0.15625000000000006
4 0.4234375 0.14687500000000003 0.415625 0.14687500000000003 0.415625 0.15625000000000006 0.4234375 0.15625000000000006
4 0.4140625 0.15937500000000004 0.409375 0.15937500000000004 0.409375 0.17343750000000005 0.4140625 0.17343750000000005
4 0.41875 0.16093750000000004 0.4140625 0.16093750000000004 0.4140625 0.17812500000000003 0.41875 0.17812500000000003
4 0.428125 0.15937500000000004 0.41875 0.15937500000000004 0.41875 0.17343750000000005 0.428125 0.17343750000000005
4 0.4375 0.17500000000000004 0.43125 0.17500000000000004 0.43125 0.18906250000000005 0.4375 0.18906250000000005
4 0.4390625 0.19843750000000004 0.4296875 0.19843750000000004 0.4296875 0.21250000000000008 0.4390625 0.21250000000000008
4 0.421875 0.2093750000000001 0.4171875 0.2093750000000001 0.4171875 0.2218750000000001 0.421875 0.2218750000000001
4 0.4296875 0.22031250000000008 0.421875 0.22031250000000008 0.421875 0.23593750000000008 0.4296875 0.23593750000000008
4 0.41875 0.2406250000000001 0.409375 0.2406250000000001 0.409375 0.25468750000000007 0.41875 0.25468750000000007
4 0.4359375 0.2328125000000001 0.4296875 0.2328125000000001 0.4296875 0.2484375000000001 0.4359375 0.2484375000000001
4 0.4421875 0.24218750000000008 0.4359375 0.24218750000000008 0.4359375 0.2578125000000001 0.4421875 0.2578125000000001
4 0.446875 0.25468750000000007 0.440625 0.25468750000000007 0.440625 0.2687500000000001 0.446875 0.2687500000000001
4 0.4484375 0.27031250000000007 0.4421875 0.27031250000000007 0.4421875 0.28593750000000007 0.4484375 0.28593750000000007
4 0.5046875 0.3125000000000001 0.49375 0.3125000000000001 0.49375 0.3265625000000001 0.5046875 0.3265625000000001
4 0.5625 0.17187500000000008 0.5546875 0.17187500000000008 0.5546875 0.1906250000000001 0.5625 0.1906250000000001
4 0.5125 0.3703125000000001 0.5 0.3703125000000001 0.5 0.3843750000000001 0.5125 0.3843750000000001
4 0.53125 0.38750000000000007 0.521875 0.38750000000000007 0.521875 0.40625 0.53125 0.40625
4 0.7015625 0.3000000000000001 0.690625 0.3000000000000001 0.690625 0.3125000000000001 0.7015625 0.3125000000000001
4 0.7328125 0.2796875000000001 0.71875 0.2796875000000001 0.71875 0.2953125000000001 0.7328125 0.2953125000000001
4 0.7640625 0.2453125000000001 0.7515625 0.2453125000000001 0.7515625 0.2562500000000001 0.7640625 0.2562500000000001
4 0.7515625 0.20468750000000008 0.7453125 0.20468750000000008 0.7453125 0.21875000000000008 0.7515625 0.21875000000000008
4 0.815625 0.1609375000000001 0.803125 0.1609375000000001 0.803125 0.1765625000000001 0.815625 0.1765625000000001
4 0.815625 0.1390625000000001 0.8046875 0.1390625000000001 0.8046875 0.1531250000000001 0.815625 0.1531250000000001
4 0.8171875 0.12656250000000008 0.809375 0.12656250000000008 0.809375 0.14218750000000008 0.8171875 0.14218750000000008
4 0.8640625 0.18906250000000008 0.853125 0.18906250000000008 0.853125 0.2140625000000001 0.8640625 0.2140625000000001
4 0.8203125 0.21250000000000008 0.8078125 0.21250000000000008 0.8078125 0.22812500000000008 0.8203125 0.22812500000000008
4 0.7984375 0.2796875000000001 0.7875 0.2796875000000001 0.7875 0.29375000000000007 0.7984375 0.29375000000000007
4 0.78125 0.2890625000000001 0.7734375 0.2890625000000001 0.7734375 0.3046875000000001 0.78125 0.3046875000000001
4 0.7453125 0.3421875000000001 0.7359375 0.3421875000000001 0.7359375 0.35625000000000007 0.7453125 0.35625000000000007
4 0.7375 0.3359375000000001 0.73125 0.3359375000000001 0.73125 0.3578125000000001 0.7375 0.3578125000000001
4 0.7328125 0.3500000000000001 0.7234375 0.3500000000000001 0.7234375 0.3656250000000001 0.7328125 0.3656250000000001
4 0.71875 0.3750000000000001 0.7125 0.3750000000000001 0.7125 0.3859375000000001 0.71875 0.3859375000000001
4 0.7109375 0.3750000000000001 0.703125 0.3750000000000001 0.703125 0.38750000000000007 0.7109375 0.38750000000000007
4 0.7046875 0.3671875000000001 0.696875 0.3671875000000001 0.696875 0.3750000000000001 0.7046875 0.3750000000000001
4 0.715625 0.3890625000000001 0.7078125 0.3890625000000001 0.7078125 0.4 0.715625 0.4
4 0.6921875 0.4203125 0.684375 0.4203125 0.684375 0.434375 0.6921875 0.434375
4 0.6796875 0.4390625 0.6734375 0.4390625 0.6734375 0.4546875 0.6796875 0.4546875
4 0.6828125 0.45 0.675 0.45 0.675 0.4640625 0.6828125 0.4640625
4 0.6734375 0.4453125 0.665625 0.4453125 0.665625 0.4640625 0.6734375 0.4640625
4 0.6359375 0.4484375 0.625 0.4484375 0.625 0.4703125 0.6359375 0.4703125
4 0.6609375 0.478125 0.653125 0.478125 0.653125 0.49375 0.6609375 0.49375
4 0.6875 0.4859375 0.68125 0.4859375 0.68125 0.503125 0.6875 0.503125
4 0.621875 0.4890625 0.6078125 0.4890625 0.6078125 0.509375 0.621875 0.509375
4 0.6796875 0.5578125 0.671875 0.5578125 0.671875 0.5734375 0.6796875 0.5734375
4 0.696875 0.571875 0.684375 0.571875 0.684375 0.5890625 0.696875 0.5890625
4 0.703125 0.6125 0.690625 0.6125 0.690625 0.6265625 0.703125 0.6265625
4 0.81875 0.6953125000000002 0.8140625 0.6953125000000002 0.8140625 0.7093750000000002 0.81875 0.7093750000000002
4 0.8234375 0.6968750000000001 0.8203125 0.6968750000000001 0.8203125 0.7140625000000002 0.8234375 0.7140625000000002
4 0.8265625 0.6968750000000001 0.821875 0.6968750000000001 0.821875 0.7140625000000002 0.8265625 0.7140625000000002
4 0.8375 0.7109375000000002 0.8328125 0.7109375000000002 0.8328125 0.7218750000000002 0.8375 0.7218750000000002
4 0.84375 0.7218750000000002 0.8390625 0.7218750000000002 0.8390625 0.7359375000000001 0.84375 0.7359375000000001
4 0.846875 0.7203125000000001 0.8421875 0.7203125000000001 0.8421875 0.7328125000000002 0.846875 0.7328125000000002
4 0.853125 0.7234375000000002 0.8484375 0.7234375000000002 0.8484375 0.7375000000000002 0.853125 0.7375000000000002
4 0.85625 0.7312500000000002 0.8515625 0.7312500000000002 0.8515625 0.7453125000000002 0.85625 0.7453125000000002
4 0.9140625 0.7703125000000002 0.9078125 0.7703125000000002 0.9078125 0.7875000000000002 0.9140625 0.7875000000000002
4 0.928125 0.7906250000000001 0.91875 0.7906250000000001 0.91875 0.8125 0.928125 0.8125
4 0.953125 0.815625 0.94375 0.815625 0.94375 0.8375 0.953125 0.8375
4 0.9859375 0.828125 0.9765625 0.828125 0.9765625 0.8359375 0.9859375 0.8359375
4 0.9859375 0.8359375 0.978125 0.8359375 0.978125 0.8453125 0.9859375 0.8453125
4 0.978125 0.8421875 0.96875 0.8421875 0.96875 0.8515625 0.978125 0.8515625
4 0.9875 0.85 0.98125 0.85 0.98125 0.865625 0.9875 0.865625
4 0.9890625 0.8703125 0.98125 0.8703125 0.98125 0.884375 0.9890625 0.884375
4 0.996875 0.88125 0.9875 0.88125 0.9875 0.896875 0.996875 0.896875
4 0.9171875 0.9484375 0.90625 0.9484375 0.90625 0.9671875 0.9171875 0.9671875
4 0.5687500000000002 0.753125 0.5578125000000002 0.753125 0.5578125000000002 0.765625 0.5687500000000002 0.765625
4 0.3781250000000001 0.9234375 0.3687500000000001 0.9234375 0.3687500000000001 0.9375 0.3781250000000001 0.9375
4 0.3671875000000001 0.928125 0.3546875000000001 0.928125 0.3546875000000001 0.94375 0.3671875000000001 0.94375
4 0.3359375000000001 0.9890625 0.32500000000000007 0.9890625 0.32500000000000007 1 0.3359375000000001 1
4 0.2671875000000001 0.8953125 0.2562500000000001 0.8953125 0.2562500000000001 0.921875 0.2671875000000001 0.921875
4 0.3531250000000001 0.76875 0.34062500000000007 0.76875 0.34062500000000007 0.790625 0.3531250000000001 0.790625
4 0.37187500000000007 0.7875 0.35625000000000007 0.7875 0.35625000000000007 0.803125 0.37187500000000007 0.803125
0 0.2984375000000001 0.63125 0.2843750000000001 0.63125 0.2843750000000001 0.653125 0.2984375000000001 0.653125
0 0.3515625000000001 0.43125 0.34062500000000007 0.43125 0.34062500000000007 0.4515625 0.3515625000000001 0.4515625
0 0.2234375000000001 0.7234375 0.2093750000000001 0.7234375 0.2093750000000001 0.746875 0.2234375000000001 0.746875
0 0.10468750000000013 0.9125 0.08906250000000011 0.9125 0.08906250000000011 0.934375 0.10468750000000013 0.934375
0 0.10156250000000014 0.9328125 0.08281250000000011 0.9328125 0.08281250000000011 0.9546875 0.10156250000000014 0.9546875
0 0.328125 0.2390625 0.315625 0.2390625 0.315625 0.2671875 0.328125 0.2671875
0 0.2859375 0.12656250000000005 0.271875 0.12656250000000005 0.271875 0.16093750000000004 0.2859375 0.16093750000000004
0 0.3484375 0.059375000000000046 0.3390625 0.059375000000000046 0.3390625 0.07812500000000004 0.3484375 0.07812500000000004
0 0.38125 0.15625000000000006 0.3703125 0.15625000000000006 0.3703125 0.18437500000000004 0.38125 0.18437500000000004
0 0.4046875 0.17656250000000004 0.390625 0.17656250000000004 0.390625 0.2015625000000001 0.4046875 0.2015625000000001
0 0.440625 0.24218750000000008 0.4296875 0.24218750000000008 0.4296875 0.2640625000000001 0.440625 0.2640625000000001
0 0.553125 0.3578125000000001 0.5359375 0.3578125000000001 0.5359375 0.37968750000000007 0.553125 0.37968750000000007
0 0.6109375 0.2718750000000001 0.5984375 0.2718750000000001 0.5984375 0.29375000000000007 0.6109375 0.29375000000000007
0 0.703125 0.2671875000000001 0.6875 0.2671875000000001 0.6875 0.2875000000000001 0.703125 0.2875000000000001
0 0.7125 0.2515625000000001 0.7015625 0.2515625000000001 0.7015625 0.2718750000000001 0.7125 0.2718750000000001
0 0.9609375 0.05156250000000011 0.9453125 0.05156250000000011 0.9453125 0.08125000000000011 0.9609375 0.08125000000000011
0 0.759375 0.3359375000000001 0.7484375 0.3359375000000001 0.7484375 0.3531250000000001 0.759375 0.3531250000000001
0 0.6703125 0.4296875 0.6546875 0.4296875 0.6546875 0.4546875 0.6703125 0.4546875
0 0.7640625 0.6265625000000001 0.75 0.6265625000000001 0.75 0.6515625000000002 0.7640625 0.6515625000000002
0 0.88125 0.7375000000000002 0.8671875 0.7375000000000002 0.8671875 0.7656250000000002 0.88125 0.7656250000000002
0 0.9015625 0.7437500000000001 0.8953125 0.7437500000000001 0.8953125 0.7687500000000002 0.9015625 0.7687500000000002
3 0.4140625 0.19687500000000005 0.3921875 0.19687500000000005 0.3921875 0.2406250000000001 0.4140625 0.2406250000000001
3 0.3515625 0.01562500000000004 0.3265625 0.015625000000000038 0.3265625 0.06093750000000005 0.3515625 0.06093750000000005
3 0.3609375 0.07500000000000004 0.346875 0.07500000000000004 0.346875 0.10468750000000004 0.3609375 0.10468750000000004
1 0.40625 0.12500000000000006 0.3703125 0.12500000000000006 0.3703125 0.18125000000000005 0.40625 0.18125000000000005
1 0.3375000000000001 0.590625 0.2906250000000001 0.590625 0.2906250000000001 0.671875 0.3375000000000001 0.671875
1 0.3500000000000001 0.69375 0.30937500000000007 0.69375 0.30937500000000007 0.74375 0.3500000000000001 0.74375
1 0.3890625000000001 0.678125 0.3437500000000001 0.678125 0.3437500000000001 0.7265625 0.3890625000000001 0.7265625
1 0.6921875 0.3703125000000001 0.6515625 0.3703125000000001 0.6515625 0.4328125 0.6921875 0.4328125