4 0.010937500000000003 0.00625 0.0015625000000000007 0.00625 0.0015625000000000025 0.034375 0.010937500000000006 0.034375
4 0.103125 0.021875000000000012 0.0921875 0.021875000000000012 0.0921875 0.050000000000000024 0.103125 0.050000000000000024
4 0.010937500000000013 0.08125 9.950255243072244e-18 0.08125 1.1385388210823048e-17 0.1046875 0.010937500000000013 0.1046875
2 0.05312500000000002 0.1109375 0.03593750000000001 0.1109375 0.03593750000000002 0.159375 0.05312500000000002 0.159375
2 0.07031250000000003 0.115625 0.05312500000000002 0.115625 0.05312500000000002 0.1578125 0.07031250000000003 0.1578125
2 0.042187500000000024 0.16875 0.026562500000000024 0.16875 0.026562500000000024 0.2046875 0.042187500000000024 0.2046875
2 0.057812500000000024 0.159375 0.043750000000000025 0.159375 0.043750000000000025 0.203125 0.057812500000000024 0.203125
2 0.05468750000000002 0.209375 0.034375000000000024 0.209375 0.03437500000000003 0.253125 0.05468750000000002 0.253125
2 0.15781250000000005 0.2515625 0.13906250000000003 0.2515625 0.13906250000000003 0.2953125 0.15781250000000005 0.2953125
5 0.02812500000000003 0.2046875 0.003125000000000025 0.2046875 0.0031250000000000305 0.29375 0.028125000000000032 0.29375
5 0.07968750000000005 0.3140625 0.05312500000000005 0.3140625 0.05312500000000005 0.3890625 0.07968750000000005 0.3890625
4 0.10000000000000005 0.34375 0.08281250000000004 0.34375 0.08281250000000004 0.36875 0.10000000000000005 0.36875
0 0.19843750000000004 0.375 0.18437500000000004 0.375 0.18437500000000004 0.39375 0.19843750000000004 0.39375
0 0.23437500000000008 0.5140625 0.21250000000000008 0.5140625 0.21250000000000008 0.534375 0.23437500000000008 0.534375
2 0.07187500000000001 0.0578125 0.0515625 0.0578125 0.05156250000000001 0.1109375 0.07187500000000002 0.1109375
3 0.590625 0.3765625000000001 0.565625 0.3765625000000001 0.565625 0.4046875 0.590625 0.4046875
0 0.428125 0.3921875000000001 0.4109375 0.3921875000000001 0.4109375 0.4125 0.428125 0.4125
2 0.509375 0.3578125000000001 0.484375 0.3578125000000001 0.484375 0.3828125000000001 0.509375 0.3828125000000001
4 0.571875 0.3343750000000001 0.5578125 0.3343750000000001 0.5578125 0.34843750000000007 0.571875 0.34843750000000007
2 0.790625 0.2312500000000001 0.7625 0.2312500000000001 0.7625 0.2562500000000001 0.790625 0.2562500000000001
2 0.7796875 0.1453125000000001 0.7546875 0.1453125000000001 0.7546875 0.1750000000000001 0.7796875 0.1750000000000001
2 0.9125 0.30937500000000007 0.88125 0.30937500000000007 0.88125 0.3375000000000001 0.9125 0.3375000000000001
2 0.9953125 0.3062500000000001 0.9703125 0.3062500000000001 0.9703125 0.3343750000000001 0.9953125 0.3343750000000001
2 0.715625 0.4671875 0.6859375 0.4671875 0.6859375 0.4921875 0.715625 0.4921875
4 0.025000000000000012 0.096875 0.01406250000000001 0.096875 0.014062500000000014 0.1234375 0.025000000000000012 0.1234375
0 0.6078125 0.5125 0.5890625 0.5125 0.5890625 0.5359375 0.6078125 0.5359375
4 0.721875 0.5328125 0.709375 0.5328125 0.709375 0.5484375 0.721875 0.5484375
4 0.8265625 0.4109375000000002 0.8125 0.4109375000000002 0.8125 0.42968750000000017 0.8265625 0.42968750000000017