2 0.7453125 0.08593750000000008 0.728125 0.08593750000000008 0.728125 0.12031250000000009 0.7453125 0.12031250000000009
2 0.73125 0.028125000000000087 0.7171875 0.028125000000000087 0.7171875 0.050000000000000086 0.73125 0.050000000000000086
2 0.7109375 0.26250000000000007 0.7 0.26250000000000007 0.7 0.2828125000000001 0.7109375 0.2828125000000001
2 0.6765625 0.3609375000000001 0.6609375 0.3609375000000001 0.6609375 0.3859375000000001 0.6765625 0.3859375000000001
2 0.5984375 0.37968750000000007 0.584375 0.37968750000000007 0.584375 0.4046875 0.5984375 0.4046875
2 0.646875 0.3765625000000001 0.6328125 0.3765625000000001 0.6328125 0.4 0.646875 0.4
2 0.6359375 0.4 0.6203125 0.4 0.6203125 0.425 0.6359375 0.425
2 0.634375 0.4234375 0.61875 0.4234375 0.61875 0.4484375 0.634375 0.4484375
2 0.6203125 0.4234375 0.60625 0.4234375 0.60625 0.44375 0.6203125 0.44375
2 0.6140625 0.4515625 0.6 0.4515625 0.6 0.4765625 0.6140625 0.4765625
2 0.6046875 0.446875 0.59375 0.446875 0.59375 0.46875 0.6046875 0.46875
2 0.6125 0.4765625 0.5984375 0.4765625 0.5984375 0.5015625 0.6125 0.5015625
2 0.5921875 0.471875 0.578125 0.471875 0.578125 0.4921875 0.5921875 0.4921875
2 0.6015625 0.475 0.5875 0.475 0.5875 0.5 0.6015625 0.5
2 0.2875 0.14375000000000004 0.2765625 0.14375000000000004 0.2765625 0.16250000000000003 0.2875 0.16250000000000003
2 0.4234375 0.22812500000000008 0.40625 0.22812500000000008 0.40625 0.24375000000000008 0.4234375 0.24375000000000008
2 0.45625 0.12500000000000006 0.4421875 0.12500000000000006 0.4421875 0.14687500000000003 0.45625 0.14687500000000003
2 0.4390625 0.2640625000000001 0.4296875 0.2640625000000001 0.4296875 0.2921875000000001 0.4390625 0.2921875000000001
2 0.43125 0.2953125000000001 0.425 0.2953125000000001 0.425 0.32500000000000007 0.43125 0.32500000000000007
2 0.4078125 0.2875000000000001 0.3953125 0.2875000000000001 0.3953125 0.3109375000000001 0.4078125 0.3109375000000001
2 0.44375 0.3515625000000001 0.434375 0.3515625000000001 0.434375 0.3828125000000001 0.44375 0.3828125000000001
2 0.421875 0.3890625000000001 0.4109375 0.3890625000000001 0.4109375 0.4140625 0.421875 0.4140625
2 0.3921875000000001 0.3828125000000001 0.3843750000000001 0.3828125000000001 0.3843750000000001 0.4109375 0.3921875000000001 0.4109375
2 0.4171875 0.4953125 0.4015625 0.4953125 0.4015625 0.51875 0.4171875 0.51875
2 0.4296875 0.534375 0.415625 0.534375 0.415625 0.559375 0.4296875 0.559375
2 0.4453125 0.5640625 0.43125 0.5640625 0.43125 0.5890625 0.4453125 0.5890625
2 0.4359375 0.7015625 0.421875 0.7015625 0.421875 0.7234375 0.4359375 0.7234375
2 0.3187500000000001 0.6765625 0.3046875000000001 0.6765625 0.3046875000000001 0.7 0.3187500000000001 0.7
2 0.2609375000000001 0.7265625 0.2453125000000001 0.7265625 0.2453125000000001 0.7515625 0.2609375000000001 0.7515625
2 0.25468750000000007 0.5046875 0.2406250000000001 0.5046875 0.2406250000000001 0.5296875 0.25468750000000007 0.5296875
2 0.0843750000000001 0.8 0.0671875000000001 0.8 0.0671875000000001 0.8265625 0.08437500000000012 0.8265625
2 0.05468750000000011 0.8828125 0.03593750000000011 0.8828125 0.03593750000000011 0.9109375 0.05468750000000011 0.9109375
2 0.037500000000000124 0.9734375 0.021875000000000117 0.9734375 0.02187500000000012 1 0.037500000000000124 1
2 0.050000000000000114 0.971875 0.03437500000000012 0.971875 0.03437500000000012 0.99375 0.050000000000000114 0.99375
2 0.2593750000000001 0.975 0.24375000000000008 0.975 0.24375000000000008 1 0.2593750000000001 1
2 0.2140625000000001 0.940625 0.2000000000000001 0.940625 0.2000000000000001 0.9625 0.2140625000000001 0.9625
2 0.21250000000000008 0.9703125 0.19843750000000013 0.9703125 0.19843750000000013 0.9953125 0.21250000000000008 0.9953125
2 0.41406250000000017 0.8203125 0.3984375000000001 0.8203125 0.3984375000000001 0.8453125 0.41406250000000017 0.8453125
2 0.7359375000000001 0.8484375 0.7218750000000002 0.8484375 0.7218750000000002 0.871875 0.7359375000000001 0.871875
2 0.7250000000000002 0.8765625 0.7093750000000002 0.8765625 0.7093750000000002 0.903125 0.7250000000000002 0.903125
2 0.7078125000000002 0.88125 0.6937500000000002 0.88125 0.6937500000000002 0.90625 0.7078125000000002 0.90625
2 0.7078125000000002 0.8546875 0.6921875000000002 0.8546875 0.6921875000000002 0.88125 0.7078125000000002 0.88125
2 0.6890625000000001 0.8265625 0.6750000000000002 0.8265625 0.6750000000000002 0.85 0.6890625000000001 0.85
2 0.6875000000000002 0.8453125 0.6734375000000001 0.8453125 0.6734375000000001 0.865625 0.6875000000000002 0.865625
2 0.6765625000000002 0.85 0.6625000000000002 0.85 0.6625000000000002 0.8734375 0.6765625000000002 0.8734375
2 0.6625000000000002 0.8234375 0.6484375000000002 0.8234375 0.6484375000000002 0.853125 0.6625000000000002 0.853125
2 0.6750000000000002 0.8 0.6593750000000002 0.8 0.6593750000000002 0.8234375 0.6750000000000002 0.8234375
2 0.6687500000000002 0.815625 0.6546875000000002 0.815625 0.6546875000000002 0.8390625 0.6687500000000002 0.8390625
2 0.6328125000000002 0.809375 0.6187500000000001 0.809375 0.6187500000000001 0.8328125 0.6328125000000002 0.8328125
2 0.6500000000000001 0.7984375 0.6359375000000002 0.7984375 0.6359375000000002 0.8234375 0.6500000000000001 0.8234375
2 0.6359375000000002 0.775 0.6218750000000002 0.775 0.6218750000000002 0.796875 0.6359375000000002 0.796875
2 0.6203125000000002 0.7703125 0.6078125000000002 0.7703125 0.6078125000000002 0.79375 0.6203125000000002 0.79375
2 0.6296875000000002 0.753125 0.6187500000000001 0.753125 0.6187500000000001 0.7734375 0.6296875000000002 0.7734375
2 0.60625 0.69375 0.5921875 0.69375 0.5921875 0.7171875 0.60625 0.7171875
2 0.6218750000000001 0.7171875 0.6046875 0.7171875 0.6046875 0.7453125 0.6218750000000002 0.7453125
2 0.5765625 0.6984375 0.565625 0.6984375 0.565625 0.7203125 0.5765625 0.7203125
2 0.6140625000000002 0.7390625 0.6000000000000002 0.7390625 0.6000000000000002 0.7625 0.6140625000000002 0.7625
2 0.5875000000000001 0.7453125 0.5718750000000001 0.7453125 0.5718750000000001 0.7734375 0.5875000000000001 0.7734375
2 0.621875 0.6609375 0.609375 0.6609375 0.609375 0.68125 0.621875 0.68125
2 0.55625 0.6453125 0.540625 0.6453125 0.540625 0.675 0.55625 0.675
2 0.5796875 0.5859375 0.5640625 0.5859375 0.5640625 0.6140625 0.5796875 0.6140625
2 0.5484375 0.5734375 0.534375 0.5734375 0.534375 0.59375 0.5484375 0.59375
0 0.7781250000000002 0.9046875 0.7703125000000002 0.9046875 0.7703125000000002 0.9203125 0.7781250000000002 0.9203125
0 0.6968750000000001 0.7390625 0.6890625000000001 0.7390625 0.6890625000000001 0.7546875 0.6968750000000001 0.7546875
0 0.678125 0.6921875 0.6734375 0.6921875 0.6734375 0.7109375 0.678125 0.7109375
0 0.5562500000000001 0.7171875 0.5453125 0.7171875 0.5453125000000001 0.73125 0.5562500000000001 0.73125
0 0.5625 0.6890625 0.55625 0.6890625 0.55625 0.7078125 0.5625 0.7078125
0 0.6046875000000002 0.759375 0.5953125000000001 0.759375 0.5953125000000001 0.7734375 0.6046875000000002 0.7734375
0 0.5546875 0.6796875 0.546875 0.6796875 0.546875 0.6984375 0.5546875 0.6984375
0 0.596875 0.7234375 0.5890625 0.7234375 0.5890625 0.7390625 0.5968750000000002 0.7390625
0 0.6015625000000001 0.7125 0.5921875 0.7125 0.5921875000000001 0.73125 0.6015625000000002 0.73125
0 0.4593750000000002 0.778125 0.4500000000000002 0.778125 0.4500000000000002 0.79375 0.4593750000000002 0.79375
0 0.5515625 0.54375 0.5453125 0.54375 0.5453125 0.5578125 0.5515625 0.5578125
0 0.5875 0.525 0.5796875 0.525 0.5796875 0.5390625 0.5875 0.5390625
0 0.9390625 0.03281250000000011 0.928125 0.03281250000000011 0.928125 0.05312500000000011 0.9390625 0.05312500000000011
0 0.4359375 0.19062500000000004 0.4296875 0.19062500000000004 0.4296875 0.20468750000000008 0.4359375 0.20468750000000008
0 0.4296875 0.2078125000000001 0.4234375 0.2078125000000001 0.4234375 0.2234375000000001 0.4296875 0.2234375000000001
0 0.4359375 0.22656250000000008 0.4296875 0.22656250000000008 0.4296875 0.24218750000000008 0.4359375 0.24218750000000008
0 0.4421875 0.2984375000000001 0.4359375 0.2984375000000001 0.4359375 0.3140625000000001 0.4421875 0.3140625000000001
0 0.421875 0.28593750000000007 0.4171875 0.28593750000000007 0.4171875 0.3031250000000001 0.421875 0.3031250000000001
0 0.4296875 0.3375000000000001 0.425 0.3375000000000001 0.425 0.35625000000000007 0.4296875 0.35625000000000007
0 0.4078125 0.4390625 0.4 0.4390625 0.4 0.4546875 0.4078125 0.4546875
0 0.3578125 0.3015625 0.35 0.3015625 0.35 0.315625 0.3578125 0.315625
0 0.3015625 0.234375 0.2921875 0.234375 0.2921875 0.253125 0.3015625 0.253125
0 0.2953125 0.19687500000000005 0.2859375 0.19687500000000005 0.2859375 0.2109375 0.2953125 0.2109375
0 0.275 0.17656250000000004 0.265625 0.17656250000000004 0.265625 0.19062500000000004 0.275 0.19062500000000004
0 0.3140625 0.048437500000000036 0.3078125 0.048437500000000036 0.3078125 0.059375000000000046 0.3140625 0.059375000000000046
0 0.3859375 0.2312500000000001 0.3765625 0.2312500000000001 0.3765625 0.2468750000000001 0.3859375 0.2468750000000001
4 0.296875 0.05625000000000004 0.290625 0.05625000000000004 0.290625 0.06718750000000004 0.296875 0.06718750000000004
4 0.4859375 0.12031250000000004 0.48125 0.12031250000000004 0.48125 0.12968750000000004 0.4859375 0.12968750000000004
4 0.4984375 0.09843750000000007 0.4921875 0.09843750000000007 0.4921875 0.10781250000000005 0.4984375 0.10781250000000005
5 0.41875 0.12656250000000005 0.396875 0.12656250000000005 0.396875 0.17031250000000003 0.41875 0.17031250000000003
4 0.4296875 0.2500000000000001 0.425 0.2500000000000001 0.425 0.26250000000000007 0.4296875 0.26250000000000007
4 0.425 0.2671875000000001 0.4203125 0.2671875000000001 0.4203125 0.27812500000000007 0.425 0.27812500000000007
4 0.446875 0.2750000000000001 0.4421875 0.2750000000000001 0.4421875 0.28593750000000007 0.446875 0.28593750000000007
4 0.4140625 0.27812500000000007 0.409375 0.27812500000000007 0.409375 0.2906250000000001 0.4140625 0.2906250000000001
4 0.5109375 0.43125 0.50625 0.43125 0.50625 0.4421875 0.5109375 0.4421875
3 0.46875 0.4921875 0.4484375 0.4921875 0.4484375 0.5265625 0.46875 0.5265625
4 0.3593750000000001 0.5296875 0.3546875000000001 0.5296875 0.3546875000000001 0.5390625 0.3593750000000001 0.5390625
4 0.4765625 0.615625 0.4703125 0.615625 0.4703125 0.625 0.4765625 0.625
4 0.29375000000000007 0.70625 0.2890625000000001 0.70625 0.2890625000000001 0.7140625 0.29375000000000007 0.7140625
4 0.2906250000000001 0.775 0.2843750000000001 0.775 0.2843750000000001 0.7875 0.2906250000000001 0.7875
4 0.06718750000000011 0.846875 0.06093750000000011 0.846875 0.06093750000000011 0.85625 0.06718750000000011 0.85625
3 0.07031250000000011 0.878125 0.05312500000000011 0.878125 0.05312500000000011 0.90625 0.07031250000000011 0.90625
0 0.14062500000000014 0.928125 0.12656250000000013 0.928125 0.12656250000000013 0.9484375 0.14062500000000014 0.9484375
4 0.3421875000000001 0.9640625 0.3359375000000001 0.9640625 0.3359375000000001 0.975 0.3421875000000001 0.975
4 0.3453125000000001 0.8578125 0.34062500000000007 0.8578125 0.34062500000000007 0.8703125 0.3453125000000001 0.8703125
6 0.6593750000000002 0.7640625 0.6343750000000001 0.7640625 0.6343750000000001 0.809375 0.6593750000000002 0.809375
4 0.7312500000000002 0.8984375 0.7250000000000002 0.8984375 0.7250000000000002 0.909375 0.7312500000000002 0.909375
4 0.7296875000000002 0.9390625 0.7234375000000002 0.9390625 0.7234375000000002 0.9484375 0.7296875000000002 0.9484375
4 0.7187500000000002 0.9390625 0.7125000000000001 0.9390625 0.7125000000000001 0.9484375 0.7187500000000002 0.9484375
4 0.6750000000000002 0.828125 0.6703125000000002 0.828125 0.6703125000000002 0.8390625 0.6750000000000002 0.8390625
4 0.6515625 0.7109375 0.646875 0.7109375 0.646875 0.71875 0.6515625 0.71875
4 0.6203125000000002 0.759375 0.6156250000000002 0.759375 0.6156250000000002 0.7703125 0.6203125000000002 0.7703125
4 0.6265625000000001 0.7265625 0.6218750000000002 0.7265625 0.6218750000000002 0.7375 0.6265625000000001 0.7375
4 0.6078125000000002 0.7546875 0.6015625000000002 0.7546875 0.6015625000000002 0.765625 0.6078125000000002 0.765625
4 0.6000000000000002 0.746875 0.5968750000000002 0.746875 0.5968750000000002 0.75625 0.6000000000000002 0.75625
4 0.5968750000000002 0.746875 0.5921875000000002 0.746875 0.5921875000000002 0.75625 0.5968750000000002 0.75625
4 0.5937500000000002 0.7359375 0.5890625000000002 0.7359375 0.5890625000000002 0.746875 0.5937500000000002 0.746875
4 0.5875000000000001 0.7265625 0.5828125000000002 0.7265625 0.5828125000000002 0.7359375 0.5875000000000001 0.7359375
4 0.5843750000000002 0.7328125 0.5812500000000002 0.7328125 0.5812500000000002 0.74375 0.5843750000000002 0.74375
4 0.5828125000000002 0.7375 0.5781250000000002 0.7375 0.5781250000000002 0.7453125 0.5828125000000002 0.7453125
4 0.5890625000000002 0.746875 0.5843750000000002 0.746875 0.5843750000000002 0.75625 0.5890625000000002 0.75625
4 0.5953125 0.6515625 0.590625 0.6515625 0.590625 0.6609375 0.5953125 0.6609375
4 0.6 0.6390625 0.59375 0.6390625 0.59375 0.6484375 0.6 0.6484375
4 0.55625 0.63125 0.5515625 0.63125 0.5515625 0.6390625 0.55625 0.6390625
4 0.5546875 0.6421875 0.5484375 0.6421875 0.5484375 0.65 0.5546875 0.65
4 0.5484375 0.6671875 0.54375 0.6671875 0.54375 0.678125 0.5484375 0.678125
4 0.5375 0.646875 0.53125 0.646875 0.53125 0.65625 0.5375 0.65625
4 0.6125 0.4953125 0.60625 0.4953125 0.60625 0.503125 0.6125 0.503125
4 0.60625 0.5078125 0.6 0.5078125 0.6 0.5140625 0.60625 0.5140625
4 0.5984375 0.503125 0.59375 0.503125 0.59375 0.5109375 0.5984375 0.5109375
4 0.59375 0.5046875 0.5875 0.5046875 0.5875 0.5125 0.59375 0.5125
4 0.5921875 0.5140625 0.5875 0.5140625 0.5875 0.521875 0.5921875 0.521875
4 0.5953125 0.5171875 0.590625 0.5171875 0.590625 0.525 0.5953125 0.525
4 0.6171875 0.465625 0.609375 0.465625 0.609375 0.475 0.6171875 0.475
4 0.6921875 0.3531250000000001 0.6875 0.3531250000000001 0.6875 0.3625000000000001 0.6921875 0.3625000000000001
4 0.6453125 0.3281250000000001 0.6375 0.3281250000000001 0.6375 0.34062500000000007 0.6453125 0.34062500000000007
4 0.7296875 0.3812500000000001 0.7234375 0.3812500000000001 0.7234375 0.3921875000000001 0.7296875 0.3921875000000001
4 0.859375 0.0468750000000001 0.853125 0.0468750000000001 0.853125 0.057812500000000114 0.859375 0.057812500000000114
4 0.6875 0.06250000000000008 0.68125 0.06250000000000008 0.68125 0.07343750000000009 0.6875 0.07343750000000009
4 0.6015625 0.2234375000000001 0.596875 0.2234375000000001 0.596875 0.2328125000000001 0.6015625 0.2328125000000001
4 0.5765625 0.2687500000000001 0.5703125 0.2687500000000001 0.5703125 0.2796875000000001 0.5765625 0.2796875000000001
4 0.390625 0.22812500000000008 0.384375 0.22812500000000008 0.384375 0.2375000000000001 0.390625 0.2375000000000001