4 0.13281250000000008 0.73125 0.1140625000000001 0.73125 0.1140625000000001 0.7625 0.13281250000000008 0.7625
4 0.1937500000000001 0.73125 0.1765625000000001 0.73125 0.1765625000000001 0.7609375 0.1937500000000001 0.7609375
4 0.1828125000000001 0.8828125 0.1687500000000001 0.8828125 0.16875000000000012 0.9109375 0.18281250000000013 0.9109375
4 0.08593750000000011 0.8359375 0.07031250000000011 0.8359375 0.07031250000000011 0.865625 0.08593750000000011 0.865625
4 0.45625000000000016 0.7375 0.43281250000000016 0.7375 0.43281250000000016 0.7703125 0.45625000000000016 0.7703125
4 0.4640625 0.6 0.4546875 0.6 0.4546875 0.628125 0.4640625 0.628125
0 0.08281250000000011 0.89375 0.06250000000000011 0.89375 0.06250000000000011 0.925 0.08281250000000011 0.925
0 0.4390625000000002 0.784375 0.4203125000000002 0.784375 0.4203125000000002 0.8109375 0.4390625000000002 0.8109375
2 0.5296875000000002 0.8015625 0.5062500000000002 0.8015625 0.5062500000000002 0.8421875 0.5296875000000002 0.8421875
3 0.5218750000000002 0.853125 0.4906250000000002 0.853125 0.4906250000000002 0.8984375 0.5218750000000002 0.8984375
4 0.525 0.15156250000000004 0.509375 0.15156250000000004 0.509375 0.19843750000000004 0.525 0.19843750000000004
0 0.6093750000000002 0.8359375 0.5890625000000002 0.8359375 0.5890625000000002 0.865625 0.6093750000000002 0.865625
4 0.6515625000000002 0.8890625 0.6343750000000001 0.8890625 0.6343750000000001 0.9140625 0.6515625000000002 0.9140625
4 0.7718750000000002 0.88125 0.7515625000000001 0.88125 0.7515625000000001 0.90625 0.7718750000000002 0.90625
2 0.6546875000000002 0.76875 0.6234375000000002 0.76875 0.6234375000000002 0.8078125 0.6546875000000002 0.8078125
2 0.7046875000000001 0.7828125 0.6796875000000002 0.7828125 0.6796875000000002 0.815625 0.7046875000000001 0.815625
2 0.7765625000000002 0.7953125000000002 0.7453125000000002 0.7953125000000002 0.7453125000000002 0.8296875 0.7765625000000002 0.8296875
2 0.828125 0.803125 0.8015625 0.803125 0.8015625 0.834375 0.828125 0.834375
2 0.903125 0.8078125 0.875 0.8078125 0.875 0.8390625 0.903125 0.8390625
4 0.84375 0.7593750000000001 0.825 0.7593750000000001 0.825 0.7921875000000002 0.84375 0.7921875000000002
4 0.8328125 0.8828125 0.809375 0.8828125 0.809375 0.915625 0.8328125 0.915625
4 0.86875 0.9 0.846875 0.9 0.846875 0.928125 0.86875 0.928125
4 0.928125 0.8515625 0.90625 0.8515625 0.90625 0.88125 0.928125 0.88125
4 0.946875 0.7937500000000002 0.9203125 0.7937500000000002 0.9203125 0.828125 0.946875 0.828125
4 0.99375 0.8609375 0.9765625 0.8609375 0.9765625 0.8875 0.99375 0.8875