2 0.3109375 0.05468750000000004 0.2890625 0.05468750000000004 0.2890625 0.09375000000000004 0.3109375 0.09375000000000004
2 0.4484375 0.27031250000000007 0.4296875 0.27031250000000007 0.4296875 0.3109375000000001 0.4484375 0.3109375000000001
2 0.4125 0.3390625000000001 0.3984375 0.3390625000000001 0.39843750000000006 0.3781250000000001 0.4125 0.3781250000000001
4 0.409375 0.08906250000000004 0.4 0.08906250000000004 0.4 0.10312500000000005 0.409375 0.10312500000000005
4 0.44375 0.12968750000000004 0.434375 0.12968750000000004 0.434375 0.14375000000000004 0.44375 0.14375000000000004
4 0.521875 0.18593750000000003 0.5140625 0.18593750000000003 0.5140625 0.2015625000000001 0.521875 0.2015625000000001
4 0.3875 0.18125000000000005 0.3796875 0.18125000000000005 0.3796875 0.19531250000000006 0.3875 0.19531250000000006
4 0.3828125 0.3046875000000001 0.375 0.3046875000000001 0.375 0.3234375000000001 0.3828125 0.3234375000000001
4 0.4171875 0.3968750000000001 0.4109375 0.3968750000000001 0.4109375 0.4125 0.4171875 0.4125
4 0.421875 0.4375 0.415625 0.4375 0.415625 0.4546875 0.421875 0.4546875
4 0.403125 0.4234375 0.39531250000000007 0.4234375 0.39531250000000007 0.4375 0.403125 0.4375
4 0.3890625000000001 0.4359375 0.3781250000000001 0.4359375 0.3781250000000001 0.446875 0.3890625000000001 0.446875
2 0.48125 0.38750000000000007 0.4671875 0.38750000000000007 0.4671875 0.4265625 0.48125 0.4265625
2 0.2468750000000001 0.5046875 0.2296875000000001 0.5046875 0.2296875000000001 0.5453125 0.2468750000000001 0.5453125
0 0.3453125000000001 0.5171875 0.3312500000000001 0.5171875 0.3312500000000001 0.540625 0.3453125000000001 0.540625
0 0.2390625000000001 0.6859375 0.2234375000000001 0.6859375 0.2234375000000001 0.7125 0.2390625000000001 0.7125
2 0.2078125000000001 0.671875 0.1843750000000001 0.671875 0.1843750000000001 0.7109375 0.2078125000000001 0.7109375
2 0.17968750000000008 0.7203125 0.1625000000000001 0.7203125 0.1625000000000001 0.759375 0.17968750000000008 0.759375
2 0.19531250000000008 0.78125 0.1781250000000001 0.78125 0.1781250000000001 0.8125 0.19531250000000008 0.8125
2 0.17343750000000013 0.9140625 0.15312500000000012 0.9140625 0.15312500000000012 0.9484375 0.17343750000000013 0.9484375
2 0.17031250000000014 0.9546875 0.15000000000000013 0.9546875 0.15000000000000013 0.9890625 0.17031250000000014 0.9890625
2 0.2093750000000001 0.9015625 0.1921875000000001 0.9015625 0.19218750000000012 0.9296875 0.2093750000000001 0.9296875
2 0.2250000000000001 0.8734375 0.2078125000000001 0.8734375 0.2078125000000001 0.903125 0.2250000000000001 0.903125
2 0.24218750000000008 0.8421875 0.2234375000000001 0.8421875 0.2234375000000001 0.8765625 0.24218750000000008 0.8765625
2 0.2296875000000001 0.825 0.2078125000000001 0.825 0.2078125000000001 0.859375 0.2296875000000001 0.859375
2 0.2640625000000001 0.80625 0.24375000000000008 0.80625 0.24375000000000008 0.8375 0.2640625000000001 0.8375
6 0.30937500000000007 0.7296875 0.2796875000000001 0.7296875 0.2796875000000001 0.784375 0.30937500000000007 0.784375
2 0.2843750000000001 0.7765625 0.2640625000000001 0.7765625 0.2640625000000001 0.8109375 0.2843750000000001 0.8109375
2 0.3296875000000001 0.7046875 0.30937500000000007 0.7046875 0.30937500000000007 0.734375 0.3296875000000001 0.734375
2 0.32500000000000007 0.6609375 0.3062500000000001 0.6609375 0.3062500000000001 0.6921875 0.32500000000000007 0.6921875
2 0.3531250000000001 0.6140625 0.3343750000000001 0.6140625 0.3343750000000001 0.6453125 0.3531250000000001 0.6453125
3 0.3687500000000001 0.6375 0.3515625000000001 0.6375 0.3515625000000001 0.665625 0.3687500000000001 0.665625
2 0.3546875000000001 0.671875 0.3359375000000001 0.671875 0.3359375000000001 0.7 0.3546875000000001 0.7
3 0.3765625000000001 0.5796875 0.3593750000000001 0.5796875 0.3593750000000001 0.6078125 0.3765625000000001 0.6078125
2 0.3812500000000001 0.6078125 0.36406250000000007 0.6078125 0.36406250000000007 0.634375 0.3812500000000001 0.634375
2 0.3968750000000001 0.5890625 0.3812500000000001 0.5890625 0.3812500000000001 0.61875 0.3968750000000001 0.61875
2 0.4015625 0.534375 0.3843750000000001 0.534375 0.3843750000000001 0.56875 0.4015625 0.56875
4 0.428125 0.61875 0.4203125 0.61875 0.4203125 0.634375 0.428125 0.634375
4 0.38750000000000007 0.5796875 0.3812500000000001 0.5796875 0.3812500000000001 0.5921875 0.38750000000000007 0.5921875
4 0.403125 0.6375 0.3937500000000001 0.6375 0.3937500000000001 0.6546875 0.403125 0.6546875
4 0.409375 0.65 0.4 0.65 0.4 0.6640625 0.409375 0.6640625
4 0.3500000000000001 0.65 0.34062500000000007 0.65 0.34062500000000007 0.6609375 0.3500000000000001 0.6609375
4 0.3031250000000001 0.68125 0.2984375000000001 0.68125 0.2984375000000001 0.696875 0.3031250000000001 0.696875
4 0.3078125000000001 0.6984375 0.2984375000000001 0.6984375 0.2984375000000001 0.7125 0.3078125000000001 0.7125
4 0.3078125000000001 0.7109375 0.2984375000000001 0.7109375 0.2984375000000001 0.721875 0.3078125000000001 0.721875
4 0.3312500000000001 0.6796875 0.3218750000000001 0.6796875 0.3218750000000001 0.6890625 0.3312500000000001 0.6890625
4 0.33281250000000007 0.6875 0.3234375000000001 0.6875 0.3234375000000001 0.696875 0.33281250000000007 0.696875
4 0.30937500000000007 0.721875 0.3000000000000001 0.721875 0.3000000000000001 0.73125 0.30937500000000007 0.73125
4 0.26250000000000007 0.7546875 0.2531250000000001 0.7546875 0.2531250000000001 0.76875 0.26250000000000007 0.76875
4 0.2484375000000001 0.7828125 0.2406250000000001 0.7828125 0.2406250000000001 0.796875 0.2484375000000001 0.796875
4 0.2609375000000001 0.775 0.2515625000000001 0.775 0.2515625000000001 0.7875 0.2609375000000001 0.7875
4 0.2453125000000001 0.821875 0.2390625000000001 0.821875 0.2390625000000001 0.8359375 0.2453125000000001 0.8359375
4 0.23593750000000008 0.8328125 0.22812500000000008 0.8328125 0.22812500000000008 0.840625 0.23593750000000008 0.840625
4 0.21093750000000008 0.88125 0.2015625000000001 0.88125 0.2015625000000001 0.8953125 0.21093750000000008 0.8953125
4 0.1906250000000001 0.8953125 0.18125000000000008 0.8953125 0.1812500000000001 0.9109375 0.19062500000000013 0.9109375
4 0.15000000000000013 0.9578125 0.14375000000000013 0.9578125 0.14375000000000013 0.9734375 0.15000000000000013 0.9734375
4 0.15156250000000013 0.9734375 0.14218750000000013 0.9734375 0.14218750000000013 0.9828125 0.15156250000000013 0.9828125
4 0.18750000000000014 0.9140625 0.17968750000000014 0.9140625 0.17968750000000014 0.9296875 0.18750000000000014 0.9296875
2 0.7078125 0.646875 0.6890625 0.646875 0.6890625 0.684375 0.7078125 0.684375
2 0.71875 0.6875 0.7046875 0.6875 0.7046875 0.7171875 0.71875 0.7171875
0 0.7421875000000002 0.8828125 0.7281250000000001 0.8828125 0.7281250000000001 0.9078125 0.7421875000000002 0.9078125
0 0.7515625000000001 0.9375 0.7390625000000002 0.9375 0.7390625000000002 0.9609375 0.7515625000000001 0.9609375
2 0.6343750000000001 0.934375 0.6140625000000002 0.934375 0.6140625000000002 0.9625 0.6343750000000001 0.9625
2 0.6359375000000002 0.8375 0.6171875000000002 0.8375 0.6171875000000002 0.875 0.6359375000000002 0.875
2 0.6593750000000002 0.834375 0.6421875000000001 0.834375 0.6421875000000001 0.8703125 0.6593750000000002 0.8703125
3 0.6375000000000002 0.803125 0.6187500000000001 0.803125 0.6187500000000001 0.8421875 0.6375000000000002 0.8421875
2 0.6125000000000002 0.796875 0.5968750000000002 0.796875 0.5968750000000002 0.825 0.6125000000000002 0.825
2 0.6250000000000002 0.7625 0.6109375000000001 0.7625 0.6109375000000001 0.790625 0.6250000000000002 0.790625
1 0.6125 0.6890625 0.575 0.6890625 0.5750000000000001 0.7671875 0.6125000000000002 0.7671875
0 0.5656250000000002 0.75 0.5531250000000002 0.75 0.5531250000000002 0.7734375 0.5656250000000002 0.7734375
0 0.5671875000000001 0.7109375 0.55625 0.7109375 0.5562500000000001 0.734375 0.5671875000000002 0.734375
0 0.5359375 0.6859375 0.521875 0.6859375 0.521875 0.709375 0.5359375 0.709375
3 0.5546875000000001 0.6921875 0.5390625 0.6921875 0.5390625000000001 0.728125 0.5546875000000002 0.728125
0 0.5781250000000002 0.7828125 0.5656250000000002 0.7828125 0.5656250000000002 0.803125 0.5781250000000002 0.803125
4 0.6625000000000002 0.921875 0.6531250000000002 0.921875 0.6531250000000002 0.9359375 0.6625000000000002 0.9359375
4 0.6187500000000001 0.8046875 0.6125000000000002 0.8046875 0.6125000000000002 0.81875 0.6187500000000001 0.81875
4 0.6078125000000002 0.765625 0.6031250000000001 0.765625 0.6031250000000001 0.78125 0.6078125000000002 0.78125
4 0.5578125 0.64375 0.55 0.64375 0.55 0.65625 0.5578125 0.65625
4 0.5515625 0.64375 0.54375 0.64375 0.54375 0.6578125 0.5515625 0.6578125
4 0.546875 0.6625 0.5421875 0.6625 0.5421875 0.6765625 0.546875 0.6765625
4 0.54375 0.6671875 0.5375 0.6671875 0.5375 0.68125 0.54375 0.68125
4 0.5312500000000001 0.721875 0.525 0.721875 0.5250000000000001 0.7375 0.5312500000000002 0.7375
4 0.5734375 0.6984375 0.565625 0.6984375 0.565625 0.7125 0.5734375 0.7125
4 0.5734375 0.6796875 0.5671875 0.6796875 0.5671875 0.6984375 0.5734375 0.6984375
4 0.571875 0.665625 0.565625 0.665625 0.565625 0.68125 0.571875 0.68125
4 0.58125 0.6625 0.575 0.6625 0.575 0.678125 0.58125 0.678125
0 0.575 0.64375 0.5640625 0.64375 0.5640625 0.66875 0.575 0.66875
4 0.5609375 0.2093750000000001 0.5515625 0.2093750000000001 0.5515625 0.22031250000000008 0.5609375 0.22031250000000008
4 0.6265625 0.2015625000000001 0.6171875 0.2015625000000001 0.6171875 0.21093750000000008 0.6265625 0.21093750000000008
0 0.6265625 0.2296875000000001 0.6109375 0.2296875000000001 0.6109375 0.2515625000000001 0.6265625 0.2515625000000001
4 0.6796875 0.16562500000000008 0.671875 0.16562500000000008 0.671875 0.1765625000000001 0.6796875 0.1765625000000001
4 0.703125 0.13281250000000008 0.6953125 0.13281250000000008 0.6953125 0.1453125000000001 0.703125 0.1453125000000001
0 0.671875 0.07968750000000009 0.6609375 0.07968750000000009 0.6609375 0.10312500000000009 0.671875 0.10312500000000009
0 0.6859375 0.06875000000000009 0.671875 0.06875000000000009 0.671875 0.08906250000000009 0.6859375 0.08906250000000009
0 0.63125 0.08125000000000007 0.6171875 0.08125000000000007 0.6171875 0.09687500000000007 0.63125 0.09687500000000007
2 0.71875 8.696905784569875e-17 0.7015625 8.591662700268149e-17 0.7015625 0.02656250000000009 0.71875 0.02656250000000009
2 0.734375 0.009375000000000088 0.7140625 0.009375000000000088 0.7140625 0.042187500000000086 0.734375 0.042187500000000086
2 0.8796875 0.1687500000000001 0.8640625 0.1687500000000001 0.8640625 0.2000000000000001 0.8796875 0.2000000000000001
2 0.984375 0.3593750000000001 0.96875 0.3593750000000001 0.96875 0.3937500000000001 0.984375 0.3937500000000001
2 0.9984375 0.3984375000000001 0.98125 0.3984375000000001 0.98125 0.42968750000000017 0.9984375 0.42968750000000017
6 0.84375 0.1140625000000001 0.81875 0.1140625000000001 0.81875 0.15000000000000008 0.84375 0.15000000000000008
2 0.8078125 0.10156250000000008 0.7875 0.10156250000000008 0.7875 0.1359375000000001 0.8078125 0.1359375000000001
2 0.7765625 0.12031250000000009 0.75625 0.12031250000000009 0.75625 0.1515625000000001 0.7765625 0.1515625000000001
2 0.7625 0.1515625000000001 0.7453125 0.1515625000000001 0.7453125 0.18125000000000008 0.7625 0.18125000000000008
2 0.7859375 0.1593750000000001 0.7625 0.1593750000000001 0.7625 0.19531250000000008 0.7859375 0.19531250000000008
0 0.759375 0.1859375000000001 0.74375 0.1859375000000001 0.74375 0.2062500000000001 0.759375 0.2062500000000001
0 0.746875 0.20468750000000008 0.7328125 0.20468750000000008 0.7328125 0.22656250000000008 0.746875 0.22656250000000008
0 0.7109375 0.2296875000000001 0.696875 0.2296875000000001 0.696875 0.2531250000000001 0.7109375 0.2531250000000001
2 0.7296875 0.1687500000000001 0.709375 0.1687500000000001 0.709375 0.2000000000000001 0.7296875 0.2000000000000001
2 0.746875 0.1765625000000001 0.728125 0.1765625000000001 0.728125 0.2078125000000001 0.746875 0.2078125000000001
2 0.7421875 0.24218750000000008 0.7234375 0.24218750000000008 0.7234375 0.2718750000000001 0.7421875 0.2718750000000001
2 0.7265625 0.1984375000000001 0.7109375 0.1984375000000001 0.7109375 0.2296875000000001 0.7265625 0.2296875000000001
2 0.7109375 0.2000000000000001 0.69375 0.2000000000000001 0.69375 0.2328125000000001 0.7109375 0.2328125000000001
2 0.696875 0.2312500000000001 0.678125 0.2312500000000001 0.678125 0.26250000000000007 0.696875 0.26250000000000007
2 0.6796875 0.2562500000000001 0.6640625 0.2562500000000001 0.6640625 0.2875000000000001 0.6796875 0.2875000000000001
0 0.690625 0.2640625000000001 0.678125 0.2640625000000001 0.678125 0.2843750000000001 0.690625 0.2843750000000001
0 0.68125 0.2890625000000001 0.66875 0.2890625000000001 0.66875 0.3078125000000001 0.68125 0.3078125000000001
0 0.6859375 0.3078125000000001 0.671875 0.3078125000000001 0.671875 0.3312500000000001 0.6859375 0.3312500000000001
0 0.6984375 0.2968750000000001 0.684375 0.2968750000000001 0.684375 0.3140625000000001 0.6984375 0.3140625000000001
2 0.7203125 0.2468750000000001 0.7 0.2468750000000001 0.7 0.2796875000000001 0.7203125 0.2796875000000001
5 0.6671875 0.29375000000000007 0.634375 0.29375000000000007 0.634375 0.3531250000000001 0.6671875 0.3531250000000001
3 0.6578125 0.3546875000000001 0.6375 0.3546875000000001 0.6375 0.3906250000000001 0.6578125 0.3906250000000001
2 0.6296875 0.3593750000000001 0.615625 0.3593750000000001 0.615625 0.3906250000000001 0.6296875 0.3906250000000001
2 0.615625 0.3937500000000001 0.6 0.3937500000000001 0.6 0.4296875 0.615625 0.4296875
2 0.6390625 0.3859375000000001 0.625 0.3859375000000001 0.625 0.415625 0.6390625 0.415625
4 0.6609375 0.515625 0.65625 0.515625 0.65625 0.5328125 0.6609375 0.5328125
4 0.6296875 0.471875 0.6234375 0.471875 0.6234375 0.4859375 0.6296875 0.4859375
4 0.63125 0.459375 0.621875 0.459375 0.621875 0.4703125 0.63125 0.4703125
4 0.6515625 0.440625 0.6421875 0.440625 0.6421875 0.4515625 0.6515625 0.4515625
4 0.61875 0.4453125 0.6109375 0.4453125 0.6109375 0.45625 0.61875 0.45625
4 0.628125 0.4484375 0.6203125 0.4484375 0.6203125 0.459375 0.628125 0.459375
4 0.6265625 0.434375 0.6203125 0.434375 0.6203125 0.4484375 0.6265625 0.4484375
4 0.6328125 0.421875 0.6234375 0.421875 0.6234375 0.43125 0.6328125 0.43125
4 0.6234375 0.3937500000000001 0.615625 0.3937500000000001 0.615625 0.4078125 0.6234375 0.4078125
4 0.6359375 0.3765625000000001 0.6296875 0.3765625000000001 0.6296875 0.3859375000000001 0.6359375 0.3859375000000001
4 0.615625 0.3703125000000001 0.6078125 0.3703125000000001 0.6078125 0.3812500000000001 0.615625 0.3812500000000001
4 0.628125 0.3468750000000001 0.6234375 0.3468750000000001 0.6234375 0.3593750000000001 0.628125 0.3593750000000001
4 0.63125 0.3343750000000001 0.6265625 0.3343750000000001 0.6265625 0.3453125000000001 0.63125 0.3453125000000001
4 0.6765625 0.3421875000000001 0.6671875 0.3421875000000001 0.6671875 0.3531250000000001 0.6765625 0.3531250000000001
4 0.6921875 0.31718750000000007 0.684375 0.31718750000000007 0.684375 0.3281250000000001 0.6921875 0.3281250000000001
4 0.7 0.3125000000000001 0.6921875 0.3125000000000001 0.6921875 0.3234375000000001 0.7 0.3234375000000001
4 0.7046875 0.28593750000000007 0.696875 0.28593750000000007 0.696875 0.2984375000000001 0.7046875 0.2984375000000001
4 0.7140625 0.27812500000000007 0.7046875 0.27812500000000007 0.7046875 0.2890625000000001 0.7140625 0.2890625000000001
4 0.6984375 0.2640625000000001 0.69375 0.2640625000000001 0.69375 0.27812500000000007 0.6984375 0.27812500000000007
2 0.9359375 0.2953125000000001 0.9203125 0.2953125000000001 0.9203125 0.3312500000000001 0.9359375 0.3312500000000001
2 0.9546875 0.36406250000000007 0.9359375 0.36406250000000007 0.9359375 0.3859375000000001 0.9546875 0.3859375000000001
4 0.465625 0.49375 0.459375 0.49375 0.459375 0.5140625 0.465625 0.5140625
4 0.3343750000000001 0.5359375 0.3265625000000001 0.5359375 0.3265625000000001 0.55 0.3343750000000001 0.55
2 0.3421875000000001 0.8734375 0.3281250000000001 0.8734375 0.3281250000000001 0.90625 0.3421875000000001 0.90625
2 0.18593750000000014 0.93125 0.17031250000000014 0.93125 0.17031250000000014 0.959375 0.18593750000000014 0.959375