2 0.35625 0.10000000000000005 0.3375 0.10000000000000005 0.3375 0.13593750000000004 0.35625 0.13593750000000004
2 0.3796875 0.15000000000000005 0.3625 0.15000000000000005 0.3625 0.18281250000000004 0.3796875 0.18281250000000004
2 0.43125 0.18906250000000005 0.4109375 0.18906250000000005 0.4109375 0.2250000000000001 0.43125 0.2250000000000001
2 0.4265625 0.2218750000000001 0.40625 0.2218750000000001 0.40625 0.2640625000000001 0.4265625 0.2640625000000001
2 0.4890625 0.3750000000000001 0.471875 0.3750000000000001 0.471875 0.41875 0.4890625 0.41875
6 0.3546875000000001 0.653125 0.3281250000000001 0.653125 0.3281250000000001 0.696875 0.3546875000000001 0.696875
2 0.6953125 0.22656250000000008 0.675 0.22656250000000008 0.675 0.2609375000000001 0.6953125 0.2609375000000001
2 0.640625 0.3187500000000001 0.6234375 0.3187500000000001 0.6234375 0.3531250000000001 0.640625 0.3531250000000001
1 0.6406250000000002 0.753125 0.5953125000000001 0.753125 0.5953125000000001 0.84375 0.6406250000000002 0.84375
2 0.4125 0.565625 0.3937500000000001 0.565625 0.3937500000000001 0.59375 0.4125 0.59375
2 0.36875 0.09375000000000004 0.353125 0.09375000000000004 0.353125 0.12500000000000006 0.36875 0.12500000000000006
0 0.3421875000000001 0.5140625 0.3281250000000001 0.5140625 0.3281250000000001 0.5328125 0.3421875000000001 0.5328125
2 0.1921875000000001 0.7765625 0.1765625000000001 0.7765625 0.1765625000000001 0.8078125 0.1921875000000001 0.8078125
0 0.23593750000000008 0.6796875 0.2218750000000001 0.6796875 0.2218750000000001 0.7 0.23593750000000008 0.7
2 0.3265625000000001 0.70625 0.3078125000000001 0.70625 0.3078125000000001 0.7375 0.3265625000000001 0.7375
2 0.675 0.2562500000000001 0.6546875 0.2562500000000001 0.6546875 0.2875000000000001 0.675 0.2875000000000001
4 0.3687500000000001 0.61875 0.3609375000000001 0.61875 0.3609375000000001 0.6328125 0.3687500000000001 0.6328125
2 0.325 0.02500000000000004 0.303125 0.025000000000000033 0.303125 0.06562500000000004 0.325 0.06562500000000004
0 0.5125 0.3750000000000001 0.503125 0.3750000000000001 0.503125 0.4 0.5125 0.4
2 0.3765625000000001 0.6296875 0.3546875000000001 0.6296875 0.3546875000000001 0.659375 0.3765625000000001 0.659375
2 0.6234375 0.39531250000000007 0.603125 0.39531250000000007 0.603125 0.4328125 0.6234375 0.4328125
2 0.6703125000000002 0.728125 0.6531250000000002 0.728125 0.6531250000000002 0.7640625 0.6703125000000002 0.7640625
2 0.578125 0.690625 0.5609375 0.690625 0.5609375 0.7203125 0.578125 0.7203125
2 0.565625 0.7125 0.5484375 0.7125 0.5484375000000001 0.7453125 0.5656250000000002 0.7453125
2 0.5937500000000001 0.7234375 0.575 0.7234375 0.5750000000000001 0.759375 0.5937500000000002 0.759375
2 0.559375 0.68125 0.546875 0.68125 0.546875 0.7125 0.559375 0.7125
2 0.5906250000000002 0.7515625 0.5703125000000002 0.7515625 0.5703125000000002 0.7890625 0.5906250000000002 0.7890625
4 0.6015625000000002 0.76875 0.5921875000000002 0.76875 0.5921875000000002 0.7890625 0.6015625000000002 0.7890625
1 0.590625 0.6359375 0.55625 0.6359375 0.55625 0.715625 0.590625 0.715625
2 0.7531250000000002 0.9078125 0.7328125000000002 0.9078125 0.7328125000000002 0.9453125 0.7531250000000002 0.9453125
2 0.7296875000000002 0.846875 0.7093750000000002 0.846875 0.7093750000000002 0.8703125 0.7296875000000002 0.8703125
4 0.553125 0.65 0.5453125 0.65 0.5453125 0.6671875 0.553125 0.6671875
4 0.54375 0.6578125 0.5375 0.6578125 0.5375 0.671875 0.54375 0.671875
4 0.5453125 0.6796875 0.5375 0.6796875 0.5375 0.696875 0.5453125 0.696875
4 0.546875 0.703125 0.5375 0.703125 0.5375 0.715625 0.546875 0.715625
4 0.5296875 0.68125 0.521875 0.68125 0.521875 0.696875 0.5296875 0.696875
4 0.55 0.69375 0.5421875 0.69375 0.5421875 0.7109375 0.55 0.7109375
4 0.5375 0.665625 0.5296875 0.665625 0.5296875 0.68125 0.5375 0.68125
4 0.5453125000000001 0.7109375 0.5375 0.7109375 0.5375000000000001 0.728125 0.5453125000000002 0.728125
4 0.5375 0.7 0.53125 0.7 0.53125 0.7140625 0.5375 0.7140625
2 0.7109375 0.2015625000000001 0.6921875 0.2015625000000001 0.6921875 0.2328125000000001 0.7109375 0.2328125000000001
2 0.8453125 0.11875000000000009 0.81875 0.11875000000000009 0.81875 0.15625000000000008 0.8453125 0.15625000000000008
2 0.7328125 0.014062500000000089 0.7140625 0.014062500000000089 0.7140625 0.04531250000000009 0.7328125 0.04531250000000009
0 0.6890625 0.06406250000000009 0.675 0.06406250000000009 0.675 0.08906250000000009 0.6890625 0.08906250000000009
0 0.6734375 0.07968750000000009 0.6625 0.07968750000000009 0.6625 0.10156250000000008 0.6734375 0.10156250000000008
3 0.3578125000000001 0.6015625 0.3359375000000001 0.6015625 0.3359375000000001 0.634375 0.3578125000000001 0.634375
2 0.2093750000000001 0.8875 0.18906250000000008 0.8875 0.1890625000000001 0.9234375 0.2093750000000001 0.9234375
2 0.2453125000000001 0.828125 0.22656250000000008 0.828125 0.22656250000000008 0.859375 0.2453125000000001 0.859375
2 0.2687500000000001 0.7953125 0.24375000000000008 0.7953125 0.24375000000000008 0.8359375 0.2687500000000001 0.8359375
2 0.2062500000000001 0.665625 0.1859375000000001 0.665625 0.1859375000000001 0.7015625 0.2062500000000001 0.7015625
2 0.30937500000000007 0.7265625 0.2890625000000001 0.7265625 0.2890625000000001 0.7609375 0.30937500000000007 0.7609375
2 0.28593750000000007 0.7625 0.2656250000000001 0.7625 0.2656250000000001 0.79375 0.28593750000000007 0.79375
2 0.3937500000000001 0.6015625 0.3750000000000001 0.6015625 0.3750000000000001 0.6296875 0.3937500000000001 0.6296875
2 0.4046875 0.19843750000000004 0.384375 0.19843750000000004 0.384375 0.23437500000000008 0.4046875 0.23437500000000008
2 0.4109375 0.17656250000000004 0.3953125 0.17656250000000004 0.3953125 0.2171875000000001 0.4109375 0.2171875000000001
2 0.3890625 0.10312500000000005 0.371875 0.10312500000000005 0.371875 0.13906250000000003 0.3890625 0.13906250000000003
2 0.3671875 0.057812500000000044 0.3484375 0.057812500000000044 0.3484375 0.08906250000000004 0.3671875 0.08906250000000004
2 0.34375 0.03906250000000004 0.325 0.03906250000000004 0.325 0.06875000000000005 0.34375 0.06875000000000005
0 0.36875 0.30000000000000004 0.353125 0.3 0.353125 0.321875 0.36875 0.3218750000000001
2 0.2250000000000001 0.8515625 0.2062500000000001 0.8515625 0.2062500000000001 0.8828125 0.2250000000000001 0.8828125
2 0.31718750000000007 0.6671875 0.2968750000000001 0.6671875 0.2968750000000001 0.6953125 0.31718750000000007 0.6953125
2 0.403125 0.3062500000000001 0.384375 0.3062500000000001 0.384375 0.3468750000000001 0.403125 0.3468750000000001
2 0.14375000000000013 0.9671875 0.12500000000000014 0.9671875 0.12500000000000014 1 0.14375000000000013 1
2 0.421875 0.4734375 0.403125 0.4734375 0.403125 0.509375 0.421875 0.509375
4 0.3984375000000001 0.5671875 0.3890625000000001 0.5671875 0.3890625000000001 0.58125 0.3984375000000001 0.58125
5 0.646875 0.37187500000000007 0.625 0.37187500000000007 0.625 0.4078125 0.646875 0.4078125
2 0.5671875000000002 0.7453125 0.5515625000000002 0.7453125 0.5515625000000002 0.7765625 0.5671875000000002 0.7765625
2 0.24375000000000008 0.5 0.22812500000000008 0.5 0.22812500000000008 0.5359375 0.24375000000000008 0.5359375
4 0.3734375000000001 0.6109375 0.3687500000000001 0.6109375 0.3687500000000001 0.621875 0.3734375000000001 0.621875
2 0.18593750000000014 0.909375 0.16562500000000013 0.909375 0.16562500000000013 0.94375 0.18593750000000014 0.94375
0 0.5421875 0.4171875 0.525 0.4171875 0.525 0.45 0.5421875 0.45
2 0.3 0.05468750000000004 0.2828125 0.05468750000000004 0.2828125 0.08750000000000005 0.3 0.08750000000000005
0 0.34375 0.01875000000000004 0.3296875 0.018750000000000037 0.3296875 0.043750000000000046 0.34375 0.043750000000000046
2 0.659375 0.3234375000000001 0.640625 0.3234375000000001 0.640625 0.3578125000000001 0.659375 0.3578125000000001
4 0.63125 0.3609375000000001 0.621875 0.3609375000000001 0.621875 0.37968750000000007 0.63125 0.37968750000000007
2 0.6234375 0.3656250000000001 0.6046875 0.3656250000000001 0.6046875 0.3984375000000001 0.6234375 0.3984375000000001
4 0.5375 0.6765625 0.5265625 0.6765625 0.5265625 0.69375 0.5375 0.69375
0 0.6390625 0.35625000000000007 0.628125 0.35625000000000007 0.628125 0.3734375000000001 0.6390625 0.3734375000000001
4 0.6234375 0.4296875 0.6125 0.4296875 0.6125 0.4421875 0.6234375 0.4421875
4 0.3812500000000001 0.5859375 0.37187500000000007 0.5859375 0.37187500000000007 0.6015625 0.3812500000000001 0.6015625
2 0.4671875 0.478125 0.453125 0.478125 0.453125 0.525 0.4671875 0.525
4 0.4109375 0.4328125 0.4015625 0.4328125 0.4015625 0.4515625 0.4109375 0.4515625
2 0.6984375 0.2640625000000001 0.678125 0.2640625000000001 0.678125 0.2953125000000001 0.6984375 0.2953125000000001
4 0.6171875 0.4484375 0.6078125 0.4484375 0.6078125 0.4625 0.6171875 0.4625
4 0.6359375 0.4109375 0.6265625 0.4109375 0.6265625 0.428125 0.6359375 0.428125
4 0.6046875 0.434375 0.5953125 0.434375 0.5953125 0.4546875 0.6046875 0.4546875
4 0.746875 0.02968750000000009 0.7375 0.02968750000000009 0.7375 0.05312500000000009 0.746875 0.05312500000000009
2 0.2640625000000001 0.7546875 0.24375000000000008 0.7546875 0.24375000000000008 0.784375 0.2640625000000001 0.784375
2 0.3375000000000001 0.7296875 0.3156250000000001 0.7296875 0.3156250000000001 0.7640625 0.3375000000000001 0.7640625
2 0.15937500000000013 0.9234375 0.13750000000000012 0.9234375 0.13750000000000012 0.9578125 0.15937500000000013 0.9578125
2 0.19531250000000008 0.86875 0.17343750000000008 0.86875 0.17343750000000008 0.9046875 0.19531250000000008 0.9046875
4 0.4109375 0.5484375 0.403125 0.5484375 0.403125 0.5625 0.4109375 0.5625
4 0.38750000000000007 0.5765625 0.3828125000000001 0.5765625 0.3828125000000001 0.5875 0.38750000000000007 0.5875
4 0.3875 0.2578125000000001 0.378125 0.2578125000000001 0.378125 0.2765625000000001 0.3875 0.2765625000000001
4 0.490625 0.421875 0.4796875 0.421875 0.4796875 0.4390625 0.490625 0.4390625
4 0.4140625 0.3984375000000001 0.4046875 0.3984375000000001 0.4046875 0.4171875 0.4140625 0.4171875
2 0.659375 0.2875000000000001 0.6421875 0.2875000000000001 0.6421875 0.3218750000000001 0.659375 0.3218750000000001
2 0.6140625000000002 0.7875 0.5937500000000002 0.7875 0.5937500000000002 0.8265625 0.6140625000000002 0.8265625
4 0.5984375 0.70625 0.590625 0.70625 0.590625 0.721875 0.5984375 0.721875
4 0.5906250000000002 0.759375 0.5859375000000002 0.759375 0.5859375000000002 0.7703125 0.5906250000000002 0.7703125
4 0.5328125000000001 0.7203125 0.525 0.7203125 0.5250000000000001 0.7390625 0.5328125000000001 0.7390625
2 0.2984375 0.029687500000000033 0.278125 0.029687500000000033 0.278125 0.059375000000000046 0.2984375 0.059375000000000046
2 0.3921875 0.14218750000000005 0.3765625 0.14218750000000005 0.3765625 0.17500000000000004 0.3921875 0.17500000000000004
0 0.471875 0.2953125000000001 0.4609375 0.2953125000000001 0.4609375 0.3218750000000001 0.471875 0.3218750000000001
2 0.4453125 0.2578125000000001 0.4265625 0.2578125000000001 0.4265625 0.29375000000000007 0.4453125 0.29375000000000007
2 0.7203125 0.21875000000000008 0.7 0.21875000000000008 0.7 0.25468750000000007 0.7203125 0.25468750000000007
2 0.4515625 0.5484375 0.428125 0.5484375 0.428125 0.584375 0.4515625 0.584375
4 0.4578125 0.5828125 0.4453125 0.5828125 0.4453125 0.60625 0.4578125 0.60625
4 0.4046875 0.37187500000000007 0.3890625000000001 0.37187500000000007 0.3890625000000001 0.3906250000000001 0.4046875 0.3906250000000001
2 0.675 0.2953125000000001 0.65625 0.2953125000000001 0.65625 0.3265625000000001 0.675 0.3265625000000001
2 0.4921875 0.446875 0.4796875 0.446875 0.4796875 0.49375 0.4921875 0.49375
4 0.4953125 0.36406250000000007 0.484375 0.36406250000000007 0.484375 0.3828125000000001 0.4953125 0.3828125000000001
2 0.4625 0.3468750000000001 0.4484375 0.3468750000000001 0.4484375 0.3859375000000001 0.4625 0.3859375000000001
2 0.453125 0.2968750000000001 0.434375 0.2968750000000001 0.434375 0.3359375000000001 0.453125 0.3359375000000001
2 0.45625 0.2468750000000001 0.440625 0.2468750000000001 0.440625 0.2828125000000001 0.45625 0.2828125000000001
4 0.459375 0.2296875000000001 0.4484375 0.2296875000000001 0.4484375 0.2500000000000001 0.459375 0.2500000000000001
0 0.2703125 0.031250000000000035 0.25625 0.031250000000000035 0.25625 0.05625000000000002 0.2703125 0.05625000000000002
4 0.2609375 3.128589869696754e-17 0.25 3.061616997868383e-17 0.25 0.018750000000000034 0.2609375 0.018750000000000034
4 0.3359375 0.08281250000000004 0.3265625 0.08281250000000004 0.3265625 0.10000000000000005 0.3359375 0.10000000000000005
4 0.3734375 0.06875000000000005 0.3640625 0.06875000000000005 0.3640625 0.08750000000000005 0.3734375 0.08750000000000005
4 0.3859375 0.08281250000000004 0.3765625 0.08281250000000004 0.3765625 0.10312500000000005 0.3859375 0.10312500000000005
4 0.4015625 0.08593750000000004 0.3890625 0.08593750000000004 0.3890625 0.11093750000000005 0.4015625 0.11093750000000005
0 0.4015625 0.10781250000000005 0.3875 0.10781250000000005 0.3875 0.13437500000000005 0.4015625 0.13437500000000005
0 0.4234375 0.16406250000000006 0.4125 0.16406250000000006 0.4125 0.18437500000000004 0.4234375 0.18437500000000004
0 0.578125 0.2062500000000001 0.5609375 0.2062500000000001 0.5609375 0.22656250000000008 0.578125 0.22656250000000008
4 0.6375 0.1859375000000001 0.628125 0.1859375000000001 0.628125 0.20312500000000008 0.6375 0.20312500000000008
2 0.625 0.6875 0.6078125 0.6875 0.6078125 0.7234375 0.625 0.7234375
4 0.5984375 0.6609375 0.590625 0.6609375 0.590625 0.6765625 0.5984375 0.6765625
4 0.6375000000000001 0.709375 0.6296875 0.709375 0.6296875000000001 0.728125 0.6375000000000002 0.728125
3 0.6671875000000002 0.759375 0.6484375000000002 0.759375 0.6484375000000002 0.790625 0.6671875000000002 0.790625
0 0.6015625 0.5984375 0.5875 0.5984375 0.5875 0.6265625 0.6015625 0.6265625
4 0.4765625 0.34843750000000007 0.4671875 0.34843750000000007 0.4671875 0.3656250000000001 0.4765625 0.3656250000000001
4 0.3687500000000001 0.7015625 0.3578125000000001 0.7015625 0.3578125000000001 0.715625 0.3687500000000001 0.715625
4 0.3312500000000001 0.76875 0.3218750000000001 0.76875 0.3218750000000001 0.784375 0.3312500000000001 0.784375
4 0.3859375000000001 0.684375 0.3750000000000001 0.684375 0.3750000000000001 0.7 0.3859375000000001 0.7
4 0.4015625 0.6546875 0.3921875000000001 0.6546875 0.3921875000000001 0.6703125 0.4015625 0.6703125
4 0.4 0.6359375 0.38750000000000007 0.6359375 0.38750000000000007 0.65 0.4 0.65
4 0.41875 0.65 0.4109375 0.65 0.4109375 0.6640625 0.41875 0.6640625
2 0.28593750000000007 0.715625 0.2671875000000001 0.715625 0.2671875000000001 0.7484375 0.28593750000000007 0.7484375
2 0.2312500000000001 0.8046875 0.21250000000000008 0.8046875 0.21250000000000008 0.834375 0.2312500000000001 0.834375
4 0.20312500000000008 0.84375 0.1937500000000001 0.84375 0.1937500000000001 0.8640625 0.20312500000000008 0.8640625
2 0.12968750000000012 0.959375 0.11093750000000013 0.959375 0.11093750000000013 0.99375 0.12968750000000012 0.99375
4 0.44375 0.5875 0.434375 0.5875 0.434375 0.5984375 0.44375 0.5984375
4 0.3671875000000001 0.5734375 0.3578125000000001 0.5734375 0.3578125000000001 0.5890625 0.3671875000000001 0.5890625
4 0.3765625000000001 0.5546875 0.3671875000000001 0.5546875 0.3671875000000001 0.56875 0.3765625000000001 0.56875
4 0.3968750000000001 0.521875 0.3921875000000001 0.521875 0.3921875000000001 0.5390625 0.3968750000000001 0.5390625
4 0.4140625 0.521875 0.40625 0.521875 0.40625 0.5359375 0.4140625 0.5359375
4 0.44375 0.5296875 0.4375 0.5296875 0.4375 0.54375 0.44375 0.54375