5 0.24375000000000008 0.6546875 0.18750000000000008 0.6546875 0.18750000000000008 0.703125 0.24375000000000008 0.703125
5 0.3062500000000001 0.6453125 0.2468750000000001 0.6453125 0.2468750000000001 0.69375 0.3062500000000001 0.69375
2 0.1609375000000001 0.7109375 0.1359375000000001 0.7109375 0.1359375000000001 0.7453125 0.1609375000000001 0.7453125
2 0.2609375000000001 0.8421875 0.2296875000000001 0.8421875 0.2296875000000001 0.8796875 0.2609375000000001 0.8796875
4 0.2015625000000001 0.775 0.1828125000000001 0.775 0.1828125000000001 0.7984375 0.2015625000000001 0.7984375
4 0.1828125000000001 0.878125 0.1625000000000001 0.878125 0.1625000000000001 0.9046875 0.1828125000000001 0.9046875
2 0.3828125000000001 0.9078125 0.3531250000000001 0.9078125 0.3531250000000001 0.9421875 0.3828125000000001 0.9421875
0 0.4546875000000001 0.696875 0.4375 0.696875 0.4375000000000001 0.7328125 0.4546875000000002 0.7328125
3 0.38750000000000007 0.7515625 0.3546875000000001 0.7515625 0.3546875000000001 0.7765625 0.38750000000000007 0.7765625
2 0.484375 0.4578125 0.465625 0.4578125 0.465625 0.5140625 0.484375 0.5140625
2 0.521875 0.53125 0.4984375 0.53125 0.4984375 0.5859375 0.521875 0.5859375
3 0.53125 0.6609375 0.5171875 0.6609375 0.5171875 0.6875 0.53125 0.6875
4 0.5203125 0.3656250000000001 0.50625 0.3656250000000001 0.50625 0.38750000000000007 0.5203125 0.38750000000000007
2 0.5921875000000002 0.8078125 0.5609375000000002 0.8078125 0.5609375000000002 0.8296875 0.5921875000000002 0.8296875
4 0.5281250000000002 0.825 0.5140625000000002 0.825 0.5140625000000002 0.8453125 0.5281250000000002 0.8453125
4 0.5953125000000001 0.7515625 0.5765625000000002 0.7515625 0.5765625000000002 0.771875 0.5953125000000001 0.771875
2 0.6812500000000001 0.853125 0.6578125000000001 0.853125 0.6578125000000001 0.884375 0.6812500000000001 0.884375
0 0.7234375000000002 0.7671875 0.7031250000000002 0.7671875 0.7031250000000002 0.796875 0.7234375000000002 0.796875
0 0.84375 0.853125 0.8125 0.853125 0.8125 0.875 0.84375 0.875
4 0.803125 0.7765625000000002 0.7875000000000002 0.7765625000000002 0.7875000000000002 0.7968750000000002 0.803125 0.7968750000000002
4 0.7468750000000002 0.85 0.7312500000000002 0.85 0.7312500000000002 0.8765625 0.7468750000000002 0.8765625
2 0.94375 0.7312500000000002 0.9171875 0.7312500000000002 0.9171875 0.7562500000000002 0.94375 0.7562500000000002
2 0.98125 0.7171875000000002 0.95 0.7171875000000002 0.95 0.7406250000000002 0.98125 0.7406250000000002
4 0.69375 0.675 0.6828125 0.675 0.6828125 0.69375 0.69375 0.69375
4 0.5796875 0.659375 0.5671875 0.659375 0.5671875 0.6765625 0.5796875 0.6765625
4 0.10156250000000008 0.7078125 0.0828125000000001 0.7078125 0.0828125000000001 0.721875 0.10156250000000008 0.721875
4 0.6609375000000002 0.9171875 0.6468750000000002 0.9171875 0.6468750000000002 0.93125 0.6609375000000002 0.93125
4 0.6500000000000001 0.846875 0.6390625000000002 0.846875 0.6390625000000002 0.865625 0.6500000000000001 0.865625
4 0.9796875 0.7906250000000001 0.965625 0.7906250000000001 0.965625 0.80625 0.9796875 0.80625
4 0.9625 0.7828125000000001 0.9484375 0.7828125000000001 0.9484375 0.8015625 0.9625 0.8015625