3 0.4703125 0.3578125000000001 0.4484375 0.3578125000000001 0.4484375 0.3812500000000001 0.4703125 0.3812500000000001
0 0.3765625 0.34375000000000006 0.3546875 0.34375 0.35468750000000004 0.36718750000000006 0.3765625000000001 0.3671875000000001
4 0.5390625 0.3515625000000001 0.5203125 0.3515625000000001 0.5203125 0.3828125000000001 0.5390625 0.3828125000000001
4 0.55625 0.3531250000000001 0.540625 0.3531250000000001 0.540625 0.37968750000000007 0.55625 0.37968750000000007
4 0.5875 0.37187500000000007 0.5734375 0.37187500000000007 0.5734375 0.3968750000000001 0.5875 0.3968750000000001
4 0.5640625 0.403125 0.5546875 0.403125 0.5546875 0.4296875 0.5640625 0.4296875
0 0.5421875 0.4359375 0.53125 0.4359375 0.53125 0.4671875 0.5421875 0.4671875
0 0.546875 0.584375 0.534375 0.584375 0.534375 0.6203125 0.546875 0.6203125
4 0.55 0.4921875 0.5390625 0.4921875 0.5390625 0.5203125 0.55 0.5203125
4 0.5625 0.5421875 0.5515625 0.5421875 0.5515625 0.5703125 0.5625 0.5703125
4 0.55625 0.5625 0.5421875 0.5625 0.5421875 0.5859375 0.55625 0.5859375
2 0.55625 0.39531250000000007 0.540625 0.39531250000000007 0.540625 0.4359375 0.55625 0.4359375
4 0.484375 0.475 0.475 0.475 0.475 0.4984375 0.484375 0.4984375
4 0.490625 0.475 0.4828125 0.475 0.4828125 0.503125 0.490625 0.503125
4 0.49375 0.4796875 0.4859375 0.4796875 0.4859375 0.50625 0.49375 0.50625
4 0.4984375 0.4828125 0.490625 0.4828125 0.490625 0.5078125 0.4984375 0.5078125
4 0.48125 0.4953125 0.4734375 0.4953125 0.4734375 0.5203125 0.48125 0.5203125
4 0.4890625 0.490625 0.478125 0.490625 0.478125 0.5171875 0.4890625 0.5171875
4 0.4875 0.509375 0.478125 0.509375 0.478125 0.5390625 0.4875 0.5390625
4 0.5140625 0.51875 0.5046875 0.51875 0.5046875 0.546875 0.5140625 0.546875
4 0.51875 0.496875 0.5078125 0.496875 0.5078125 0.521875 0.51875 0.521875
2 0.496875 0.5125 0.4828125 0.5125 0.4828125 0.55625 0.496875 0.55625
2 0.5109375 0.4890625 0.4953125 0.4890625 0.4953125 0.5328125 0.5109375 0.5328125
2 0.48125 0.5421875 0.4671875 0.5421875 0.4671875 0.5859375 0.48125 0.5859375
4 0.4828125 0.5734375 0.46875 0.5734375 0.46875 0.6046875 0.4828125 0.6046875
4 0.475 0.596875 0.4640625 0.596875 0.4640625 0.61875 0.475 0.61875
4 0.4703125 0.6140625 0.4609375 0.6140625 0.4609375 0.64375 0.4703125 0.64375
2 0.4859375 0.609375 0.4703125 0.609375 0.4703125 0.6515625 0.4859375 0.6515625
2 0.5015625 0.58125 0.4875 0.58125 0.4875 0.634375 0.5015625 0.634375
2 0.4921875 0.553125 0.4765625 0.553125 0.4765625 0.6 0.4921875 0.6
4 0.496875 0.55 0.4875 0.55 0.4875 0.5734375 0.496875 0.5734375
2 0.509375 0.5375 0.49375 0.5375 0.49375 0.58125 0.509375 0.58125
2 0.459375 0.6328125 0.446875 0.6328125 0.446875 0.6734375 0.459375 0.6734375
2 0.4953125 0.634375 0.4828125 0.634375 0.4828125 0.6796875 0.4953125 0.6796875
4 0.56875 0.6078125 0.55625 0.6078125 0.55625 0.6359375 0.56875 0.6359375
0 0.4578125000000002 0.8421875 0.4437500000000002 0.8421875 0.4437500000000002 0.875 0.4578125000000002 0.875
2 0.47187500000000016 0.8875 0.45625000000000016 0.8875 0.45625000000000016 0.93125 0.47187500000000016 0.93125
0 0.44531250000000017 0.9484375 0.4312500000000002 0.9484375 0.4312500000000002 0.9796875 0.44531250000000017 0.9796875
2 0.46093750000000017 0.95625 0.44531250000000017 0.95625 0.44531250000000017 1 0.46093750000000017 1
2 0.10312500000000009 0.5484375 0.07968750000000006 0.5484375 0.07968750000000006 0.5734375 0.10312500000000009 0.5734375
2 0.05937500000000007 0.540625 0.03593750000000007 0.540625 0.03593750000000007 0.5640625 0.05937500000000007 0.5640625
2 0.05312500000000007 0.565625 0.028125000000000067 0.565625 0.028125000000000074 0.596875 0.05312500000000007 0.596875
2 0.046875000000000076 0.6578125 0.023437500000000083 0.6578125 0.023437500000000083 0.6796875 0.046875000000000076 0.6796875
2 0.5109375 0.27812500000000007 0.4875 0.27812500000000007 0.4875 0.3265625000000001 0.5109375 0.3265625000000001
2 0.5234375 0.18281250000000004 0.496875 0.18281250000000004 0.496875 0.21093750000000008 0.5234375 0.21093750000000008
2 0.571875 0.18125000000000008 0.5453125 0.18125000000000008 0.5453125 0.2156250000000001 0.571875 0.2156250000000001
2 0.621875 0.1828125000000001 0.596875 0.1828125000000001 0.596875 0.2093750000000001 0.621875 0.2093750000000001
0 0.6125 0.20468750000000008 0.5921875 0.20468750000000008 0.5921875 0.22812500000000008 0.6125 0.22812500000000008
4 0.4796875 0.17187500000000006 0.4640625 0.17187500000000006 0.4640625 0.18750000000000006 0.4796875 0.18750000000000006
2 0.4703125 0.2296875000000001 0.45625 0.2296875000000001 0.45625 0.2515625000000001 0.4703125 0.2515625000000001
2 0.49375 0.2312500000000001 0.4734375 0.2312500000000001 0.4734375 0.2671875000000001 0.49375 0.2671875000000001
0 0.475 0.2140625000000001 0.4546875 0.2140625000000001 0.4546875 0.2375000000000001 0.475 0.2375000000000001
0 0.59375 0.1609375000000001 0.5703125 0.1609375000000001 0.5703125 0.1859375000000001 0.59375 0.1859375000000001
2 0.5421875 0.16250000000000003 0.5171875 0.16250000000000003 0.5171875 0.19843750000000004 0.5421875 0.19843750000000004
4 0.9234375 0.3781250000000001 0.9046875 0.3781250000000001 0.9046875 0.40156250000000016 0.9234375 0.40156250000000016
4 0.9015625 0.3890625000000001 0.8828125 0.3890625000000001 0.8828125 0.40937500000000016 0.9015625 0.40937500000000016
0 0.875 0.4031250000000002 0.8484375 0.4031250000000002 0.8484375 0.4265625000000002 0.875 0.4265625000000002
4 0.88125 0.20312500000000008 0.8671875 0.20312500000000008 0.8671875 0.2234375000000001 0.88125 0.2234375000000001
2 0.8515625 0.16562500000000008 0.8296875 0.16562500000000008 0.8296875 0.1921875000000001 0.8515625 0.1921875000000001
4 0.871875 0.1765625000000001 0.85625 0.1765625000000001 0.85625 0.2015625000000001 0.871875 0.2015625000000001
2 0.759375 0.37968750000000007 0.734375 0.37968750000000007 0.734375 0.40937500000000016 0.759375 0.40937500000000016
4 0.6609375 0.3421875000000001 0.64375 0.3421875000000001 0.64375 0.3609375000000001 0.6609375 0.3609375000000001
4 0.65 0.3921875000000001 0.6328125 0.3921875000000001 0.6328125 0.4125 0.65 0.4125
3 0.6484375 0.3750000000000001 0.625 0.3750000000000001 0.625 0.3968750000000001 0.6484375 0.3968750000000001
4 0.8046875 0.19531250000000008 0.7859375 0.19531250000000008 0.7859375 0.2171875000000001 0.8046875 0.2171875000000001
4 0.765625 0.2062500000000001 0.7453125 0.2062500000000001 0.7453125 0.2312500000000001 0.765625 0.2312500000000001
2 0.7890625 0.1375000000000001 0.775 0.1375000000000001 0.775 0.1781250000000001 0.7890625 0.1781250000000001
4 0.8125 0.16406250000000008 0.7984375 0.16406250000000008 0.7984375 0.1921875000000001 0.8125 0.1921875000000001
4 0.70625 0.11875000000000009 0.6953125 0.11875000000000009 0.6953125 0.1375000000000001 0.70625 0.1375000000000001
4 0.7140625 0.11875000000000009 0.703125 0.11875000000000009 0.703125 0.1375000000000001 0.7140625 0.1375000000000001
4 0.6890625 0.11718750000000008 0.6796875 0.11718750000000008 0.6796875 0.14218750000000008 0.6890625 0.14218750000000008
4 0.7359375 0.1593750000000001 0.7203125 0.1593750000000001 0.7203125 0.1781250000000001 0.7359375 0.1781250000000001
4 0.8859375 0.15000000000000008 0.8765625 0.15000000000000008 0.8765625 0.1703125000000001 0.8859375 0.1703125000000001
2 0.5703125 0.06093750000000007 0.5546875 0.06093750000000007 0.5546875 0.09218750000000006 0.5703125 0.09218750000000006
2 0.634375 7.673177600907635e-17 0.61875 7.577502069724248e-17 0.61875 0.025000000000000078 0.634375 0.025000000000000078
2 0.5515625 6.668584523482072e-17 0.5375 6.582476545417023e-17 0.5375 0.015625000000000066 0.5515625 0.015625000000000066
0 0.5171875 0.13125000000000003 0.496875 0.13125000000000003 0.496875 0.15781250000000005 0.5171875 0.15781250000000005
2 0.12812500000000004 0.284375 0.10312500000000005 0.284375 0.10312500000000005 0.3109375 0.12812500000000004 0.3109375
2 0.07343750000000003 0.2609375 0.046875000000000035 0.2609375 0.046875000000000035 0.2875 0.07343750000000004 0.2875
2 0.046875000000000035 0.2765625 0.021875000000000033 0.2765625 0.021875000000000037 0.3015625 0.046875000000000035 0.3015625
2 0.1015625 0.146875 0.07343750000000002 0.146875 0.07343750000000002 0.175 0.1015625 0.175
2 0.153125 0.165625 0.1265625 0.165625 0.12656250000000002 0.1921875 0.15312500000000004 0.1921875
3 0.1609375 0.1359375 0.1390625 0.1359375 0.1390625 0.1625 0.1609375 0.1625
4 0.128125 0.1296875 0.1125 0.1296875 0.1125 0.153125 0.128125 0.153125
4 0.048437500000000015 0.1296875 0.03281250000000001 0.1296875 0.032812500000000015 0.15 0.04843750000000002 0.15
4 0.08437500000000002 0.1046875 0.06718750000000002 0.1046875 0.06718750000000002 0.125 0.08437500000000002 0.125
4 0.08906250000000002 0.078125 0.071875 0.078125 0.07187500000000001 0.1046875 0.08906250000000002 0.1046875
1 0.11250000000000004 0.2078125 0.04062500000000002 0.2078125 0.04062500000000003 0.2515625 0.11250000000000004 0.2515625
2 0.020312500000000015 0.1015625 1.2437819053840305e-17 0.1015625 1.4829707333424978e-17 0.140625 0.020312500000000018 0.140625
4 0.02812500000000001 0.0515625 0.009375000000000005 0.0515625 0.009375000000000007 0.06875 0.02812500000000001 0.06875
4 0.02656250000000001 0.0609375 0.006250000000000008 0.0609375 0.00625000000000001 0.0875 0.02656250000000001 0.0875
4 0.04062500000000001 0.0296875 0.021875000000000006 0.0296875 0.021875000000000006 0.0578125 0.04062500000000001 0.0578125
0 0.05625 5.644856339819831e-18 0.0359375 4.401074434435801e-18 0.0359375 0.026562500000000006 0.05625 0.02656250000000001
0 0.1203125 0.1 0.09843750000000002 0.1 0.09843750000000002 0.13125 0.1203125 0.13125
0 0.1578125 0.109375 0.1328125 0.109375 0.1328125 0.14375 0.1578125 0.14375
0 0.19531250000000003 0.16406250000000003 0.16875 0.1640625 0.16875 0.18906250000000002 0.19531250000000006 0.18906250000000005
3 0.2046875 0.12812500000000002 0.18125 0.128125 0.18125 0.15937500000000002 0.2046875 0.15937500000000004
4 0.1796875 0.09375000000000003 0.165625 0.09375000000000003 0.165625 0.11875 0.1796875 0.11875
4 0.2125 0.11406250000000004 0.196875 0.11406250000000004 0.196875 0.13906250000000003 0.2125 0.13906250000000003
4 0.2 0.11562500000000002 0.1796875 0.115625 0.1796875 0.13906250000000003 0.2 0.13906250000000003
2 0.24375 0.13281250000000006 0.215625 0.13281250000000006 0.215625 0.16875000000000004 0.24375 0.16875000000000004
2 0.2828125 0.13125000000000003 0.25625 0.13125000000000003 0.25625 0.16250000000000003 0.2828125 0.16250000000000003
2 0.2328125 0.17812500000000003 0.20625 0.17812500000000003 0.20625 0.209375 0.2328125 0.209375
2 0.2828125 0.15937500000000004 0.2578125 0.15937500000000004 0.2578125 0.19062500000000004 0.2828125 0.19062500000000004
2 0.265625 0.18906250000000005 0.2375 0.18906250000000005 0.2375 0.21875 0.265625 0.21875
2 0.290625 0.18281250000000004 0.265625 0.18281250000000004 0.265625 0.21875 0.290625 0.21875
4 0.30625 0.17500000000000004 0.2921875 0.17500000000000004 0.2921875 0.19843750000000004 0.30625 0.19843750000000004
4 0.315625 0.14687500000000003 0.296875 0.14687500000000003 0.296875 0.16406250000000006 0.315625 0.16406250000000006
4 0.3296875 0.13750000000000004 0.3140625 0.13750000000000004 0.3140625 0.15781250000000005 0.3296875 0.15781250000000005
4 0.3125 0.11875000000000005 0.2953125 0.11875000000000005 0.2953125 0.13906250000000003 0.3125 0.13906250000000003
0 0.3625 0.12656250000000005 0.3421875 0.12656250000000005 0.3421875 0.15000000000000005 0.3625 0.15000000000000005
0 0.35 0.15625000000000006 0.325 0.15625000000000006 0.325 0.18125000000000005 0.35 0.18125000000000005
2 0.35 0.17343750000000005 0.315625 0.17343750000000005 0.315625 0.203125 0.35 0.203125
2 0.3359375 0.19687500000000005 0.3109375 0.19687500000000005 0.3109375 0.2265625 0.3359375 0.2265625
4 0.3640625 0.14218750000000005 0.346875 0.14218750000000005 0.346875 0.16406250000000006 0.3640625 0.16406250000000006
4 0.3703125 0.20156250000000003 0.3546875 0.2015625 0.3546875 0.21875000000000006 0.3703125 0.21875000000000008
4 0.3859375 0.2156250000000001 0.3703125 0.2156250000000001 0.3703125 0.23437500000000008 0.3859375 0.23437500000000008
2 0.38125 0.17968750000000006 0.3546875 0.17968750000000006 0.3546875 0.21250000000000005 0.38125 0.21250000000000008
2 0.4046875 0.13437500000000005 0.378125 0.13437500000000005 0.378125 0.16093750000000004 0.4046875 0.16093750000000004
2 0.3984375 0.15937500000000004 0.3734375 0.15937500000000004 0.3734375 0.18906250000000005 0.3984375 0.18906250000000005
2 0.425 0.18593750000000003 0.4 0.18593750000000003 0.4 0.2156250000000001 0.425 0.2156250000000001
2 0.4359375 0.15312500000000004 0.4125 0.15312500000000004 0.4125 0.18437500000000004 0.4359375 0.18437500000000004
4 0.415625 0.14843750000000006 0.396875 0.14843750000000006 0.396875 0.17031250000000003 0.415625 0.17031250000000003
4 0.4546875 0.15156250000000004 0.4375 0.15156250000000004 0.4375 0.17500000000000004 0.4546875 0.17500000000000004
4 0.465625 0.13906250000000003 0.4453125 0.13906250000000003 0.4453125 0.16250000000000003 0.465625 0.16250000000000003
4 0.41875 0.2156250000000001 0.4046875 0.2156250000000001 0.4046875 0.23593750000000008 0.41875 0.23593750000000008
4 0.415625 0.19843750000000004 0.3984375 0.19843750000000004 0.3984375 0.22656250000000008 0.415625 0.22656250000000008
4 0.453125 0.19687500000000005 0.434375 0.19687500000000005 0.434375 0.2234375000000001 0.453125 0.2234375000000001
2 0.4515625 0.2156250000000001 0.421875 0.2156250000000001 0.421875 0.2484375000000001 0.4515625 0.2484375000000001
2 0.4078125 0.2078125000000001 0.3828125 0.2078125000000001 0.3828125 0.2375000000000001 0.4078125 0.2375000000000001
4 0.3468750000000001 0.3875 0.3312500000000001 0.3875 0.3312500000000001 0.4015625 0.3468750000000001 0.4015625
6 0.3593750000000001 0.39375 0.3359375000000001 0.39375 0.3359375000000001 0.4203125 0.3593750000000001 0.4203125
0 0.1046875 0.1078125 0.07968750000000002 0.1078125 0.07968750000000002 0.1390625 0.1046875 0.1390625
2 0.6546875 0.3531250000000001 0.6328125 0.3531250000000001 0.6328125 0.3765625000000001 0.6546875 0.3765625000000001
3 0.9375 0.17031250000000014 0.91875 0.17031250000000014 0.91875 0.19062500000000013 0.9375 0.19062500000000013
2 0.83125 0.010937500000000102 0.8171875 0.0109375000000001 0.8171875 0.050000000000000114 0.83125 0.050000000000000114
4 0.3078125000000001 0.571875 0.2953125000000001 0.571875 0.2953125000000001 0.5859375 0.3078125000000001 0.5859375
4 0.3078125000000001 0.5796875 0.2921875000000001 0.5796875 0.2921875000000001 0.59375 0.3078125000000001 0.59375
4 0.3046875000000001 0.590625 0.2921875000000001 0.590625 0.2921875000000001 0.6046875 0.3046875000000001 0.6046875