2 0.05468750000000009 0.7609375 0.025000000000000088 0.7609375 0.025000000000000095 0.7890625 0.05468750000000009 0.7890625
2 0.10468750000000009 0.775 0.07656250000000009 0.775 0.07656250000000009 0.80625 0.10468750000000009 0.80625
2 0.23437500000000008 0.8265625 0.20312500000000008 0.8265625 0.20312500000000008 0.853125 0.23437500000000008 0.853125
2 0.2609375000000001 0.853125 0.2312500000000001 0.853125 0.2312500000000001 0.8875 0.2609375000000001 0.8875
2 0.2921875000000001 0.76875 0.2656250000000001 0.76875 0.2656250000000001 0.79375 0.2921875000000001 0.79375
2 0.4734375000000002 0.8625 0.44843750000000016 0.8625 0.44843750000000016 0.8890625 0.4734375000000002 0.8890625
2 0.6859375000000002 0.8421875 0.6609375000000002 0.8421875 0.6609375000000002 0.8703125 0.6859375000000002 0.8703125
2 0.7734375000000002 0.8015625 0.7500000000000002 0.8015625 0.7500000000000002 0.828125 0.7734375000000002 0.828125
2 0.9828125 0.809375 0.95625 0.809375 0.95625 0.8375 0.9828125 0.8375
2 0.6156250000000002 0.8671875 0.5875000000000001 0.8671875 0.5875000000000001 0.9015625 0.6156250000000002 0.9015625
2 0.484375 0.428125 0.4640625 0.428125 0.4640625 0.4734375 0.484375 0.4734375
0 0.0359375000000001 0.7875 0.015625000000000094 0.7875 0.015625000000000097 0.8078125 0.0359375000000001 0.8078125
4 0.08750000000000009 0.7515625 0.07343750000000009 0.7515625 0.07343750000000009 0.7703125 0.08750000000000009 0.7703125
4 0.11250000000000009 0.8640625 0.09687500000000011 0.8640625 0.09687500000000011 0.884375 0.11250000000000009 0.884375
4 0.18750000000000008 0.865625 0.17187500000000008 0.865625 0.17187500000000008 0.8828125 0.18750000000000008 0.8828125
4 0.1906250000000001 0.890625 0.1765625000000001 0.890625 0.17656250000000012 0.9125 0.19062500000000013 0.9125
4 0.09843750000000011 0.896875 0.08437500000000012 0.896875 0.08437500000000012 0.9171875 0.09843750000000011 0.9171875
4 0.3109375000000001 0.8203125 0.2968750000000001 0.8203125 0.2968750000000001 0.840625 0.3109375000000001 0.840625
4 0.4390625000000002 0.8359375 0.4187500000000002 0.8359375 0.4187500000000002 0.8609375 0.4390625000000002 0.8609375
4 0.46093750000000017 0.8921875 0.4390625000000002 0.8921875 0.4390625000000002 0.915625 0.46093750000000017 0.915625
4 0.4703125 0.6390625 0.4609375 0.6390625 0.4609375 0.6625 0.4703125 0.6625
4 0.490625 0.4890625 0.4765625 0.4890625 0.4765625 0.51875 0.490625 0.51875
4 0.5421875 0.6140625 0.5328125 0.6140625 0.5328125 0.64375 0.5421875 0.64375
4 0.5578125 0.6625 0.54375 0.6625 0.54375 0.6859375 0.5578125 0.6859375
4 0.5390625 0.45 0.528125 0.45 0.528125 0.4796875 0.5390625 0.4796875
4 0.7500000000000002 0.7796875000000002 0.7312500000000002 0.7796875000000002 0.7312500000000002 0.803125 0.7500000000000002 0.803125
4 0.7250000000000002 0.8875 0.7109375000000002 0.8875 0.7109375000000002 0.9171875 0.7250000000000002 0.9171875
4 0.6968750000000001 0.8828125 0.6828125000000002 0.8828125 0.6828125000000002 0.90625 0.6968750000000001 0.90625
4 0.9453125 0.7953125000000002 0.928125 0.7953125000000002 0.928125 0.8171875 0.9453125 0.8171875
6 0.9203125 0.7703125000000002 0.8875 0.7703125000000002 0.8875 0.8109375 0.9203125 0.8109375