4 0.020312500000000004 0.004687500000000002 0.009375 0.0046875000000000016 0.009375000000000001 0.0265625 0.020312500000000004 0.0265625
2 0.01718750000000001 0.025 3.061616997868383e-18 0.025 6.123233995736766e-18 0.075 0.017187500000000012 0.075
2 0.018750000000000037 0.2703125 3.3103733789451887e-17 0.2703125 3.6069675256136883e-17 0.31875 0.018750000000000037 0.31875
2 0.08437500000000003 0.271875 0.06406250000000002 0.271875 0.06406250000000004 0.3171875 0.08437500000000005 0.3171875
2 0.15937500000000004 0.24375 0.13750000000000004 0.24375 0.13750000000000004 0.284375 0.15937500000000004 0.284375
0 0.19843750000000004 0.36875 0.17968750000000006 0.36875 0.17968750000000006 0.3875 0.19843750000000004 0.3875
2 0.04687500000000007 0.5125 0.018750000000000062 0.5125 0.018750000000000065 0.5390625 0.04687500000000007 0.5390625
2 0.050000000000000065 0.546875 0.021875000000000068 0.546875 0.021875000000000068 0.5703125 0.050000000000000065 0.5703125
4 0.1671875000000001 0.56875 0.15625000000000008 0.56875 0.15625000000000008 0.5828125 0.1671875000000001 0.5828125
4 0.2921875000000001 0.565625 0.27812500000000007 0.565625 0.27812500000000007 0.58125 0.2921875000000001 0.58125
4 0.484375 0.55625 0.46875 0.55625 0.46875 0.5703125 0.484375 0.5703125
5 0.5078125 0.50625 0.459375 0.50625 0.459375 0.540625 0.5078125 0.540625
2 0.5078125 0.35625000000000007 0.48125 0.35625000000000007 0.48125 0.37968750000000007 0.5078125 0.37968750000000007
4 0.5703125 0.3312500000000001 0.55625 0.3312500000000001 0.55625 0.3453125000000001 0.5703125 0.3453125000000001
4 0.7046875 0.4765625 0.6890625 0.4765625 0.6890625 0.490625 0.7046875 0.490625
4 0.778125 0.5250000000000001 0.7640625 0.5250000000000001 0.7640625 0.5421875000000002 0.778125 0.5421875000000002
4 0.809375 0.4937500000000002 0.7953125 0.4937500000000002 0.7953125 0.5140625000000002 0.809375 0.5140625000000002
0 0.6171875 0.5359375 0.5984375 0.5359375 0.5984375 0.55625 0.6171875 0.55625
0 0.83125 0.5171875000000001 0.8109375 0.5171875000000001 0.8109375 0.5406250000000001 0.83125 0.5406250000000001
2 0.909375 0.3203125000000001 0.8796875 0.3203125000000001 0.8796875 0.3515625000000001 0.909375 0.3515625000000001
2 0.9953125 0.3140625000000001 0.9640625 0.3140625000000001 0.9640625 0.3453125000000001 0.9953125 0.3453125000000001
2 0.7875 0.23593750000000008 0.7609375 0.23593750000000008 0.7609375 0.26250000000000007 0.7875 0.26250000000000007
2 0.778125 0.1531250000000001 0.753125 0.1531250000000001 0.753125 0.1828125000000001 0.778125 0.1828125000000001