2 0.546875 0.5734375 0.521875 0.5734375 0.521875 0.61875 0.546875 0.61875
2 0.56875 0.4328125 0.5390625 0.4328125 0.5390625 0.4703125 0.56875 0.4703125
2 0.615625 0.36406250000000007 0.5875 0.36406250000000007 0.5875 0.3968750000000001 0.615625 0.3968750000000001
0 0.56875 0.3140625000000001 0.5484375 0.3140625000000001 0.5484375 0.3437500000000001 0.56875 0.3437500000000001
0 0.4296875 0.3593750000000001 0.4140625 0.3593750000000001 0.4140625 0.3937500000000001 0.4296875 0.3937500000000001
0 0.4140625 0.4140625 0.4 0.4140625 0.4 0.446875 0.4140625 0.446875
0 0.43125 0.475 0.415625 0.475 0.415625 0.5015625 0.43125 0.5015625
0 0.4484375 0.615625 0.43125 0.615625 0.43125 0.6421875 0.4484375 0.6421875
0 0.34843750000000007 0.615625 0.3343750000000001 0.615625 0.3343750000000001 0.6484375 0.34843750000000007 0.6484375
0 0.3671875000000001 0.7625 0.3515625000000001 0.7625 0.3515625000000001 0.8 0.3671875000000001 0.8
0 0.7437500000000001 0.7546875000000002 0.7296875000000002 0.7546875000000002 0.7296875000000002 0.7875000000000002 0.7437500000000001 0.7875000000000002
2 0.6953125000000001 0.7125 0.6703125 0.7125 0.6703125000000001 0.75 0.6953125000000002 0.75
2 0.809375 0.8890625 0.7890625000000002 0.8890625 0.7890625000000002 0.925 0.809375 0.925
2 0.33437500000000003 0.35625 0.3203125 0.35625 0.32031250000000006 0.4015625 0.3343750000000001 0.4015625
2 0.2421875 0.17031250000000003 0.221875 0.17031250000000003 0.221875 0.2046875 0.2421875 0.2046875
2 0.20625 0.10468750000000002 0.18125 0.1046875 0.18125 0.14218750000000002 0.20625 0.14218750000000005
2 0.3203125 0.09375000000000004 0.2984375 0.09375000000000004 0.2984375 0.12812500000000004 0.3203125 0.12812500000000004
3 0.26250000000000007 0.7796875 0.24375000000000008 0.7796875 0.24375000000000008 0.81875 0.26250000000000007 0.81875
2 0.5328125 0.2578125000000001 0.50625 0.2578125000000001 0.50625 0.2968750000000001 0.5328125 0.2968750000000001
2 0.5640625 0.23437500000000008 0.5375 0.23437500000000008 0.5375 0.2640625000000001 0.5640625 0.2640625000000001
2 0.6328125 0.1375000000000001 0.615625 0.1375000000000001 0.615625 0.1843750000000001 0.6328125 0.1843750000000001
2 0.675 0.1359375000000001 0.6484375 0.1359375000000001 0.6484375 0.16562500000000008 0.675 0.16562500000000008
2 0.7375000000000002 0.95 0.7109375000000002 0.95 0.7109375000000002 0.9734375 0.7375000000000002 0.9734375
2 0.771875 0.6156250000000002 0.746875 0.6156250000000002 0.746875 0.6531250000000002 0.771875 0.6531250000000002
0 0.5671875 0.4890625 0.5515625 0.4890625 0.5515625 0.5171875 0.5671875 0.5171875
0 0.7296875 0.1781250000000001 0.7109375 0.1781250000000001 0.7109375 0.2015625000000001 0.7296875 0.2015625000000001
4 0.2812500000000001 0.84375 0.2671875000000001 0.84375 0.2671875000000001 0.865625 0.2812500000000001 0.865625
4 0.30937500000000007 0.86875 0.2968750000000001 0.86875 0.2968750000000001 0.8921875 0.30937500000000007 0.8921875
4 0.3203125000000001 0.9203125 0.30937500000000007 0.9203125 0.30937500000000007 0.940625 0.3203125000000001 0.940625
4 0.33281250000000007 0.7984375 0.3234375000000001 0.7984375 0.3234375000000001 0.828125 0.33281250000000007 0.828125
4 0.3500000000000001 0.7828125 0.34062500000000007 0.7828125 0.34062500000000007 0.809375 0.3500000000000001 0.809375
4 0.3218750000000001 0.6828125 0.3109375000000001 0.6828125 0.3109375000000001 0.7046875 0.3218750000000001 0.7046875
4 0.3046875000000001 0.6859375 0.2921875000000001 0.6859375 0.2921875000000001 0.709375 0.3046875000000001 0.709375
4 0.3390625000000001 0.66875 0.32500000000000007 0.66875 0.32500000000000007 0.6921875 0.3390625000000001 0.6921875
4 0.3859375000000001 0.596875 0.37187500000000007 0.596875 0.37187500000000007 0.6203125 0.3859375000000001 0.6203125
4 0.3859375000000001 0.55 0.3750000000000001 0.55 0.3750000000000001 0.56875 0.3859375000000001 0.56875
4 0.3625000000000001 0.53125 0.3531250000000001 0.53125 0.3531250000000001 0.55625 0.3625000000000001 0.55625
4 0.3468750000000001 0.553125 0.33281250000000007 0.553125 0.33281250000000007 0.5765625 0.3468750000000001 0.5765625
4 0.3359375000000001 0.5859375 0.32500000000000007 0.5859375 0.32500000000000007 0.6046875 0.3359375000000001 0.6046875
4 0.3296875000000001 0.5671875 0.31718750000000007 0.5671875 0.31718750000000007 0.590625 0.3296875000000001 0.590625
4 0.3187500000000001 0.6078125 0.3078125000000001 0.6078125 0.3078125000000001 0.63125 0.3187500000000001 0.63125
4 0.3343750000000001 0.6171875 0.3234375000000001 0.6171875 0.3234375000000001 0.64375 0.3343750000000001 0.64375
4 0.3890625000000001 0.465625 0.3750000000000001 0.465625 0.3750000000000001 0.4921875 0.3890625000000001 0.4921875
4 0.3750000000000001 0.37031250000000004 0.3609375000000001 0.3703125 0.3609375000000001 0.39843750000000006 0.3750000000000001 0.3984375000000001
4 0.403125 0.3531250000000001 0.390625 0.3531250000000001 0.39062500000000006 0.3812500000000001 0.403125 0.3812500000000001
4 0.3984375000000001 0.3812500000000001 0.3906250000000001 0.3812500000000001 0.3906250000000001 0.40625 0.3984375000000001 0.40625
4 0.3921875000000001 0.3921875000000001 0.3812500000000001 0.3921875000000001 0.3812500000000001 0.4171875 0.3921875000000001 0.4171875
4 0.45625 0.403125 0.4421875 0.403125 0.4421875 0.421875 0.45625 0.421875
4 0.4859375 0.4265625 0.478125 0.4265625 0.478125 0.45625 0.4859375 0.45625
4 0.5109375 0.403125 0.4984375 0.403125 0.4984375 0.4296875 0.5109375 0.4296875
4 0.5328125 0.415625 0.5171875 0.415625 0.5171875 0.4390625 0.5328125 0.4390625
4 0.525 0.496875 0.5140625 0.496875 0.5140625 0.5140625 0.525 0.5140625
4 0.546875 0.49375 0.5359375 0.49375 0.5359375 0.515625 0.546875 0.515625
4 0.590625 0.46875 0.5796875 0.46875 0.5796875 0.4890625 0.590625 0.4890625
4 0.590625 0.4359375 0.5796875 0.4359375 0.5796875 0.45625 0.590625 0.45625
4 0.478125 0.559375 0.46875 0.559375 0.46875 0.5765625 0.478125 0.5765625
4 0.5109375 0.5890625 0.5 0.5890625 0.5 0.60625 0.5109375 0.60625
4 0.565625 0.5609375 0.5515625 0.5609375 0.5515625 0.5828125 0.565625 0.5828125
4 0.565625 0.603125 0.55625 0.603125 0.55625 0.6234375 0.565625 0.6234375
4 0.628125 0.6171875 0.6171875 0.6171875 0.6171875 0.6390625 0.628125 0.6390625
4 0.6453125 0.6015625 0.634375 0.6015625 0.634375 0.6203125 0.6453125 0.6203125
4 0.625 0.5625 0.60625 0.5625 0.60625 0.58125 0.625 0.58125
4 0.575 0.6859375 0.559375 0.6859375 0.559375 0.70625 0.575 0.70625
4 0.596875 0.69375 0.5859375 0.69375 0.5859375 0.7125 0.596875 0.7125
4 0.5906250000000001 0.7234375 0.58125 0.7234375 0.58125 0.74375 0.5906250000000002 0.74375
4 0.6109375000000001 0.7328125 0.6000000000000002 0.7328125 0.6000000000000002 0.7484375 0.6109375000000001 0.7484375
4 0.6109375000000001 0.7671875 0.6000000000000002 0.7671875 0.6000000000000002 0.7875 0.6109375000000001 0.7875
4 0.3484375 0.2953125 0.3375 0.2953125 0.3375 0.3140625 0.3484375 0.3140625
4 0.3765625 0.2484375000000001 0.3640625 0.2484375000000001 0.3640625 0.27031250000000007 0.3765625 0.27031250000000007
4 0.3328125 0.25625 0.3203125 0.25625 0.3203125 0.278125 0.3328125 0.278125
4 0.3265625 0.290625 0.315625 0.290625 0.315625 0.315625 0.3265625 0.315625
4 0.3453125 0.2171875 0.3328125 0.2171875 0.3328125 0.2375 0.3453125 0.2375
4 0.3296875 0.17031250000000003 0.31875 0.17031250000000003 0.31875 0.19218750000000004 0.3296875 0.19218750000000004
4 0.3359375 0.14843750000000006 0.3234375 0.14843750000000006 0.3234375 0.17031250000000003 0.3359375 0.17031250000000003
4 0.284375 0.09843750000000004 0.2671875 0.09843750000000002 0.2671875 0.12031250000000004 0.284375 0.12031250000000004
4 0.265625 0.046875000000000035 0.2484375 0.046875000000000035 0.2484375 0.06875000000000002 0.265625 0.06875000000000002
4 0.184375 0.03750000000000002 0.16875 0.03750000000000002 0.16875 0.059375000000000025 0.184375 0.059375000000000025
4 0.2578125 0.01250000000000003 0.24375 0.012500000000000028 0.24375 0.03437500000000003 0.2578125 0.03437500000000003
4 0.4890625 0.3468750000000001 0.4734375 0.3468750000000001 0.4734375 0.3625000000000001 0.4890625 0.3625000000000001
4 0.4953125 0.30937500000000007 0.4828125 0.30937500000000007 0.4828125 0.3312500000000001 0.4953125 0.3312500000000001
4 0.4671875 0.3296875000000001 0.4578125 0.3296875000000001 0.4578125 0.3500000000000001 0.4671875 0.3500000000000001
4 0.446875 0.34843750000000007 0.4359375 0.34843750000000007 0.4359375 0.36406250000000007 0.446875 0.36406250000000007
4 0.45 0.3062500000000001 0.4390625 0.3062500000000001 0.4390625 0.3312500000000001 0.45 0.3312500000000001
4 0.603125 0.30156250000000007 0.5890625 0.30156250000000007 0.5890625 0.3265625000000001 0.603125 0.3265625000000001
4 0.6125 0.2562500000000001 0.5984375 0.2562500000000001 0.5984375 0.2812500000000001 0.6125 0.2812500000000001
4 0.66875 0.2078125000000001 0.6609375 0.2078125000000001 0.6609375 0.2234375000000001 0.66875 0.2234375000000001
4 0.6578125 0.19687500000000008 0.646875 0.19687500000000008 0.646875 0.2171875000000001 0.6578125 0.2171875000000001
3 0.203125 0.184375 0.17968750000000006 0.184375 0.17968750000000006 0.225 0.203125 0.225
3 0.2640625 0.2203125 0.2453125 0.2203125 0.2453125 0.2515625 0.2640625 0.2515625
3 0.225 0.23125 0.203125 0.23125 0.203125 0.271875 0.225 0.271875
3 0.2484375 0.2625 0.2234375 0.2625 0.2234375 0.30625 0.2484375 0.30625
6 0.2078125 0.2265625 0.18125000000000005 0.2265625 0.18125000000000005 0.28125 0.2078125 0.28125
4 0.18125 0.1015625 0.171875 0.1015625 0.171875 0.121875 0.18125 0.121875
2 0.415625 0.12500000000000006 0.3953125 0.12500000000000006 0.3953125 0.16093750000000004 0.415625 0.16093750000000004
4 0.3343750000000001 0.5109375 0.32500000000000007 0.5109375 0.32500000000000007 0.53125 0.3343750000000001 0.53125
4 0.2984375000000001 0.446875 0.2890625000000001 0.446875 0.2890625000000001 0.4609375 0.2984375000000001 0.4609375
4 0.3078125000000001 0.421875 0.3000000000000001 0.421875 0.3000000000000001 0.440625 0.3078125000000001 0.440625
4 0.434375 0.6546875 0.41875 0.6546875 0.41875 0.66875 0.434375 0.66875
4 0.4296875 0.703125 0.41875 0.703125 0.41875 0.7125 0.4296875 0.7125
4 0.3296875000000001 0.7015625 0.3187500000000001 0.7015625 0.3187500000000001 0.725 0.3296875000000001 0.725
2 0.3359375000000001 0.9 0.3203125000000001 0.9 0.3203125000000001 0.934375 0.3359375000000001 0.934375
6 0.5843750000000002 0.921875 0.5453125000000002 0.921875 0.5453125000000002 0.98125 0.5843750000000002 0.98125
3 0.5328125000000001 0.6875 0.5078125 0.6875 0.5078125000000001 0.7265625 0.5328125000000001 0.7265625
3 0.6421875 0.4921875 0.621875 0.4921875 0.621875 0.525 0.6421875 0.525
3 0.6765625 0.546875 0.6578125 0.546875 0.6578125 0.5765625 0.6765625 0.5765625
3 0.6984375 0.5671875 0.6765625 0.5671875 0.6765625 0.609375 0.6984375 0.609375
3 0.7171875 0.61875 0.6953125 0.61875 0.6953125 0.653125 0.7171875 0.653125
3 0.7390625 0.6609375000000001 0.71875 0.6609375 0.71875 0.6937500000000001 0.7390625 0.6937500000000002
3 0.684375 0.4203125 0.659375 0.4203125 0.659375 0.453125 0.684375 0.453125
3 0.75 0.3703125000000001 0.7234375 0.3703125000000001 0.7234375 0.4046875000000001 0.75 0.4046875000000002
3 0.8234375 0.3187500000000001 0.7984375 0.3187500000000001 0.7984375 0.34843750000000007 0.8234375 0.34843750000000007
2 0.8609375 0.3734375000000001 0.834375 0.3734375000000001 0.834375 0.4125000000000002 0.8609375 0.4125000000000002
3 0.8546875 0.29375000000000007 0.821875 0.29375000000000007 0.821875 0.3343750000000001 0.8546875 0.3343750000000001
3 0.884375 0.3078125000000001 0.8515625 0.3078125000000001 0.8515625 0.3687500000000001 0.884375 0.3687500000000001
3 0.840625 0.4187500000000002 0.8078125 0.4187500000000002 0.8078125 0.4828125000000002 0.840625 0.4828125000000002
2 0.878125 0.2734375000000001 0.8546875 0.2734375000000001 0.8546875 0.3046875000000001 0.878125 0.3046875000000001
4 0.8140625 0.08593750000000008 0.7984375 0.08593750000000008 0.7984375 0.10156250000000008 0.8140625 0.10156250000000008
4 0.8484375 0.0875000000000001 0.834375 0.0875000000000001 0.834375 0.10156250000000008 0.8484375 0.10156250000000008
4 0.8796875 0.05156250000000011 0.8671875 0.05156250000000011 0.8671875 0.06875000000000012 0.8796875 0.06875000000000012
4 0.9140625 0.042187500000000114 0.9 0.042187500000000114 0.9 0.05937500000000011 0.9140625 0.05937500000000011
4 0.8875 0.08281250000000011 0.8734375 0.08281250000000011 0.8734375 0.09843750000000011 0.8875 0.09843750000000011
4 0.90625 0.1437500000000001 0.8953125 0.1437500000000001 0.8953125 0.15781250000000008 0.90625 0.15781250000000008
4 0.8828125 0.1609375000000001 0.86875 0.1609375000000001 0.86875 0.1765625000000001 0.8828125 0.1765625000000001
4 0.85 0.2453125000000001 0.834375 0.2453125000000001 0.834375 0.2609375000000001 0.85 0.2609375000000001
4 0.9625 0.17187500000000014 0.946875 0.17187500000000014 0.946875 0.18906250000000013 0.9625 0.18906250000000013
4 0.9890625 0.12656250000000013 0.9734375 0.12656250000000013 0.9734375 0.14218750000000013 0.9890625 0.14218750000000013
4 0.9515625 0.006250000000000115 0.9375 0.006250000000000114 0.9375 0.020312500000000115 0.9515625 0.020312500000000115
4 0.903125 0.3515625000000001 0.8921875 0.3515625000000001 0.8921875 0.3703125000000001 0.903125 0.3703125000000001
3 0.8140625 0.4906250000000002 0.7984375 0.4906250000000002 0.7984375 0.5218750000000002 0.8140625 0.5218750000000002
4 0.7671875000000001 0.7000000000000002 0.75625 0.7000000000000002 0.7562500000000001 0.7265625000000002 0.7671875000000001 0.7265625000000002
4 0.784375 0.6937500000000002 0.7703125 0.6937500000000002 0.7703125 0.7156250000000002 0.784375 0.7156250000000002
4 0.7109375000000002 0.7484375 0.7000000000000002 0.7484375 0.7000000000000002 0.7640625 0.7109375000000002 0.7640625
4 0.6656250000000001 0.8 0.6531250000000002 0.8 0.6531250000000002 0.815625 0.6656250000000001 0.815625
4 0.6750000000000002 0.81875 0.6625000000000002 0.81875 0.6625000000000002 0.8359375 0.6750000000000002 0.8359375
4 0.7015625000000002 0.846875 0.6906250000000002 0.846875 0.6906250000000002 0.865625 0.7015625000000002 0.865625
4 0.7765625000000002 0.8703125 0.7671875000000001 0.8703125 0.7671875000000001 0.8859375 0.7765625000000002 0.8859375
4 0.7437500000000001 0.871875 0.7328125000000002 0.871875 0.7328125000000002 0.890625 0.7437500000000001 0.890625
4 0.7343750000000002 0.8734375 0.7218750000000002 0.8734375 0.7218750000000002 0.89375 0.7343750000000002 0.89375
4 0.7140625000000002 0.9234375 0.7031250000000002 0.9234375 0.7031250000000002 0.9390625 0.7140625000000002 0.9390625
4 0.7046875000000001 0.9046875 0.6968750000000001 0.9046875 0.6968750000000001 0.9234375 0.7046875000000001 0.9234375
4 0.7109375000000002 0.9640625 0.7015625000000002 0.9640625 0.7015625000000002 0.9828125 0.7109375000000002 0.9828125
4 0.7375000000000002 0.9171875 0.7265625000000002 0.9171875 0.7265625000000002 0.934375 0.7375000000000002 0.934375
4 0.7250000000000002 0.9203125 0.7140625000000002 0.9203125 0.7140625000000002 0.9421875 0.7250000000000002 0.9421875
4 0.7578125000000002 0.928125 0.7453125000000002 0.928125 0.7453125000000002 0.9484375 0.7578125000000002 0.9484375
4 0.7562500000000002 0.909375 0.7421875000000002 0.909375 0.7421875000000002 0.9265625 0.7562500000000002 0.9265625
4 0.7828125000000001 0.940625 0.7703125000000002 0.940625 0.7703125000000002 0.965625 0.7828125000000001 0.965625
4 0.80625 0.9609375 0.7921875000000002 0.9609375 0.7921875000000002 0.9796875 0.80625 0.9796875
4 0.8 0.9828125 0.7890625000000002 0.9828125 0.7890625000000002 1 0.8 1
4 0.8453125 0.94375 0.8328125 0.94375 0.8328125 0.9640625 0.8453125 0.9640625
4 0.8734375 0.975 0.8609375 0.975 0.8609375 0.99375 0.8734375 0.99375
4 0.425 0.415625 0.4171875 0.415625 0.4171875 0.4390625 0.425 0.4390625
4 0.4203125 0.44375 0.4109375 0.44375 0.4109375 0.4625 0.4203125 0.4625
4 0.4 0.4359375 0.3906250000000001 0.4359375 0.3906250000000001 0.453125 0.4 0.453125
4 0.403125 0.403125 0.39531250000000007 0.403125 0.39531250000000007 0.4234375 0.403125 0.4234375
4 0.41875 0.46875 0.4078125 0.46875 0.4078125 0.4828125 0.41875 0.4828125
4 0.45 0.4828125 0.4390625 0.4828125 0.4390625 0.5046875 0.45 0.5046875
4 0.4359375 0.4921875 0.428125 0.4921875 0.428125 0.5109375 0.4359375 0.5109375
4 0.4125 0.496875 0.4015625 0.496875 0.4015625 0.521875 0.4125 0.521875
4 0.3890625000000001 0.50625 0.3765625000000001 0.50625 0.3765625000000001 0.5234375 0.3890625000000001 0.5234375
4 0.3890625000000001 0.525 0.3750000000000001 0.525 0.3750000000000001 0.540625 0.3890625000000001 0.540625
4 0.4640625 0.5609375 0.45 0.5609375 0.45 0.5796875 0.4640625 0.5796875
4 0.30156250000000007 0.6265625 0.2921875000000001 0.6265625 0.2921875000000001 0.6453125 0.30156250000000007 0.6453125
4 0.6875 0.3515625000000001 0.6734375 0.3515625000000001 0.6734375 0.3703125000000001 0.6875 0.3703125000000001
4 0.6453125 0.421875 0.63125 0.421875 0.63125 0.440625 0.6453125 0.440625
4 0.6546875 0.453125 0.6421875 0.453125 0.6421875 0.46875 0.6546875 0.46875
4 0.3359375 0.050000000000000044 0.328125 0.050000000000000044 0.328125 0.07031250000000004 0.3359375 0.07031250000000004
4 0.3484375 0.03281250000000004 0.340625 0.03281250000000004 0.340625 0.051562500000000046 0.3484375 0.051562500000000046
4 0.3484375 0.007812500000000042 0.3390625 0.007812500000000042 0.3390625 0.02187500000000004 0.3484375 0.021875000000000044
4 0.359375 0.042187500000000044 0.35 0.042187500000000044 0.35 0.059375000000000046 0.359375 0.059375000000000046
4 0.3703125 0.051562500000000046 0.3609375 0.051562500000000046 0.3609375 0.06875000000000005 0.3703125 0.06875000000000005
4 0.35 0.06406250000000005 0.3390625 0.06406250000000005 0.3390625 0.07968750000000005 0.35 0.07968750000000005
4 0.340625 0.059375000000000046 0.3328125 0.059375000000000046 0.3328125 0.07343750000000004 0.340625 0.07343750000000004
4 0.33125 0.06406250000000005 0.3203125 0.06406250000000005 0.3203125 0.07500000000000004 0.33125 0.07500000000000004
4 0.3265625 0.07031250000000004 0.3171875 0.07031250000000004 0.3171875 0.08281250000000004 0.3265625 0.08281250000000004
4 0.3171875 0.07968750000000005 0.309375 0.07968750000000005 0.309375 0.09375000000000004 0.3171875 0.09375000000000004
4 0.3828125 0.13281250000000006 0.3765625 0.13281250000000006 0.3765625 0.15156250000000004 0.3828125 0.15156250000000004
4 0.3890625 0.12187500000000004 0.3828125 0.12187500000000004 0.3828125 0.13750000000000004 0.3890625 0.13750000000000004
4 0.3921875 0.09843750000000004 0.3875 0.09843750000000004 0.3875 0.11562500000000005 0.3921875 0.11562500000000005
4 0.38125 0.07343750000000004 0.3734375 0.07343750000000004 0.3734375 0.09062500000000004 0.38125 0.09062500000000004
4 0.384375 0.09375000000000004 0.3765625 0.09375000000000004 0.3765625 0.11250000000000004 0.384375 0.11250000000000004
4 0.38125 0.11093750000000005 0.375 0.11093750000000005 0.375 0.12656250000000005 0.38125 0.12656250000000005
4 0.3765625 0.11875000000000005 0.3703125 0.11875000000000005 0.3703125 0.13906250000000003 0.3765625 0.13906250000000003
4 0.371875 0.10937500000000004 0.365625 0.10937500000000004 0.365625 0.12500000000000006 0.371875 0.12500000000000006
4 0.3671875 0.08906250000000004 0.3625 0.08906250000000004 0.3625 0.10468750000000004 0.3671875 0.10468750000000004
4 0.3640625 0.08125000000000004 0.35625 0.08125000000000004 0.35625 0.09687500000000004 0.3640625 0.09687500000000004
4 0.3453125 0.11875000000000005 0.3359375 0.11875000000000005 0.3359375 0.13437500000000005 0.3453125 0.13437500000000005
4 0.3515625 0.12968750000000004 0.3453125 0.12968750000000004 0.3453125 0.14687500000000003 0.3515625 0.14687500000000003
4 0.3640625 0.10937500000000004 0.3578125 0.10937500000000004 0.3578125 0.12343750000000005 0.3640625 0.12343750000000005
4 0.35 0.10312500000000005 0.3421875 0.10312500000000005 0.3421875 0.11875000000000005 0.35 0.11875000000000005
4 0.3453125 0.09531250000000005 0.3375 0.09531250000000005 0.3375 0.11250000000000004 0.3453125 0.11250000000000004
4 0.3328125 0.09531250000000005 0.3265625 0.09531250000000005 0.3265625 0.11093750000000005 0.3328125 0.11093750000000005
4 0.2640625 0.15000000000000005 0.25 0.15000000000000005 0.25 0.17031250000000003 0.2640625 0.17031250000000003
4 0.2250000000000001 0.846875 0.2156250000000001 0.846875 0.2156250000000001 0.859375 0.2250000000000001 0.859375
4 0.2312500000000001 0.8328125 0.2218750000000001 0.8328125 0.2218750000000001 0.84375 0.2312500000000001 0.84375
4 0.23593750000000008 0.8203125 0.2218750000000001 0.8203125 0.2218750000000001 0.83125 0.23593750000000008 0.83125
4 0.2406250000000001 0.8 0.2296875000000001 0.8 0.2296875000000001 0.809375 0.2406250000000001 0.809375
4 0.2453125000000001 0.7828125 0.23593750000000008 0.7828125 0.23593750000000008 0.79375 0.2453125000000001 0.79375
4 0.2500000000000001 0.7671875 0.2390625000000001 0.7671875 0.2390625000000001 0.7765625 0.2500000000000001 0.7765625
3 0.2875000000000001 0.6578125 0.2718750000000001 0.6578125 0.2718750000000001 0.690625 0.2875000000000001 0.690625
4 0.4125000000000002 0.7328125 0.40156250000000016 0.7328125 0.40156250000000016 0.746875 0.4125000000000002 0.746875
4 0.3953125 0.18281250000000004 0.3859375 0.18281250000000004 0.3859375 0.2000000000000001 0.3953125 0.2000000000000001
4 0.4125 0.25468750000000007 0.40625 0.25468750000000007 0.40625 0.2718750000000001 0.4125 0.2718750000000001
4 0.4421875 0.2796875000000001 0.4359375 0.2796875000000001 0.4359375 0.2984375000000001 0.4421875 0.2984375000000001
4 0.4671875 0.27031250000000007 0.4625 0.27031250000000007 0.4625 0.28593750000000007 0.4671875 0.28593750000000007
4 0.478125 0.2718750000000001 0.46875 0.2718750000000001 0.46875 0.2875000000000001 0.478125 0.2875000000000001
4 0.484375 0.2671875000000001 0.478125 0.2671875000000001 0.478125 0.2890625000000001 0.484375 0.2890625000000001
4 0.4890625 0.25468750000000007 0.4828125 0.25468750000000007 0.4828125 0.2750000000000001 0.4890625 0.2750000000000001
4 0.50625 0.2515625000000001 0.5 0.2515625000000001 0.5 0.2718750000000001 0.50625 0.2718750000000001
4 0.4609375 0.3125000000000001 0.4546875 0.3125000000000001 0.4546875 0.33281250000000007 0.4609375 0.33281250000000007
4 0.45625 0.2906250000000001 0.4453125 0.2906250000000001 0.4453125 0.30937500000000007 0.45625 0.30937500000000007
4 0.5953125 0.21875000000000008 0.584375 0.21875000000000008 0.584375 0.2375000000000001 0.5953125 0.2375000000000001
4 0.5515625 0.2796875000000001 0.5421875 0.2796875000000001 0.5421875 0.2953125000000001 0.5515625 0.2953125000000001
4 0.51875 0.2375000000000001 0.5125 0.2375000000000001 0.5125 0.2562500000000001 0.51875 0.2562500000000001
4 0.5546875 0.17968750000000008 0.546875 0.17968750000000008 0.546875 0.2000000000000001 0.5546875 0.2000000000000001
4 0.559375 0.1750000000000001 0.5515625 0.1750000000000001 0.5515625 0.19531250000000008 0.559375 0.19531250000000008
4 0.56875 0.1921875000000001 0.5609375 0.1921875000000001 0.5609375 0.21093750000000008 0.56875 0.21093750000000008
4 0.58125 0.19531250000000008 0.575 0.19531250000000008 0.575 0.2140625000000001 0.58125 0.2140625000000001
4 0.5875 0.1937500000000001 0.58125 0.1937500000000001 0.58125 0.21250000000000008 0.5875 0.21250000000000008
4 0.5953125 0.1906250000000001 0.5890625 0.1906250000000001 0.5890625 0.2093750000000001 0.5953125 0.2093750000000001
4 0.6078125 0.16406250000000008 0.6 0.16406250000000008 0.6 0.1843750000000001 0.6078125 0.1843750000000001
4 0.6 0.17187500000000008 0.59375 0.17187500000000008 0.59375 0.1906250000000001 0.6 0.1906250000000001
4 0.5875 0.17968750000000008 0.58125 0.17968750000000008 0.58125 0.19531250000000008 0.5875 0.19531250000000008
3 0.5359375 0.20312500000000008 0.5125 0.20312500000000008 0.5125 0.23437500000000008 0.5359375 0.23437500000000008
4 0.6140625 0.12343750000000009 0.6078125 0.12343750000000009 0.6078125 0.14218750000000008 0.6140625 0.14218750000000008
4 0.6375 0.13437500000000008 0.628125 0.13437500000000008 0.628125 0.1546875000000001 0.6375 0.1546875000000001
4 0.646875 0.12656250000000008 0.640625 0.12656250000000008 0.640625 0.1453125000000001 0.646875 0.1453125000000001
4 0.653125 0.1218750000000001 0.646875 0.1218750000000001 0.646875 0.1390625000000001 0.653125 0.1390625000000001
4 0.659375 0.11875000000000009 0.6546875 0.11875000000000009 0.6546875 0.1390625000000001 0.659375 0.1390625000000001
4 0.665625 0.11718750000000008 0.6609375 0.11718750000000008 0.6609375 0.1359375000000001 0.665625 0.1359375000000001
4 0.6859375 0.12500000000000008 0.675 0.12500000000000008 0.675 0.1390625000000001 0.6859375 0.1390625000000001
4 0.6875 0.10156250000000008 0.68125 0.10156250000000008 0.68125 0.1218750000000001 0.6875 0.1218750000000001
4 0.696875 0.09687500000000009 0.6921875 0.09687500000000009 0.6921875 0.11562500000000009 0.696875 0.11562500000000009
4 0.6703125 0.11718750000000008 0.665625 0.11718750000000008 0.665625 0.1359375000000001 0.6703125 0.1359375000000001
4 0.7765625 0.025000000000000095 0.7703125 0.025000000000000088 0.7703125 0.045312500000000096 0.7765625 0.0453125000000001
4 0.78125 0.021875000000000096 0.7765625 0.021875000000000096 0.7765625 0.0421875000000001 0.78125 0.0421875000000001
4 0.7578125 0.3656250000000001 0.7484375 0.3656250000000001 0.7484375 0.3859375000000001 0.7578125 0.3859375000000001
3 0.7171875 0.3984375000000001 0.6859375 0.3984375000000001 0.6859375 0.4375 0.7171875 0.4375
3 0.7015625 0.596875 0.6796875 0.596875 0.6796875 0.6265625 0.7015625 0.6265625
3 0.7296875 0.6328125000000001 0.70625 0.6328125 0.70625 0.6687500000000001 0.7296875 0.6687500000000002
3 0.6375 0.53125 0.6203125 0.53125 0.6203125 0.55625 0.6375 0.55625
3 0.628125 0.4796875 0.6125 0.4796875 0.6125 0.503125 0.628125 0.503125
3 0.6796875 0.5671875 0.6640625 0.5671875 0.6640625 0.59375 0.6796875 0.59375
4 0.7796875000000002 0.7406250000000002 0.7687500000000002 0.7406250000000002 0.7687500000000002 0.7531250000000002 0.7796875000000002 0.7531250000000002
4 0.7859375000000002 0.7312500000000002 0.7765625000000002 0.7312500000000002 0.7765625000000002 0.7421875000000002 0.7859375000000002 0.7421875000000002
4 0.7890625000000001 0.7234375000000002 0.7796875 0.7234375000000002 0.7796875000000001 0.7343750000000002 0.7890625000000002 0.7343750000000002
4 0.7953125 0.7031250000000002 0.7859375 0.7031250000000002 0.7859375 0.7156250000000002 0.7953125 0.7156250000000002
4 0.8046875 0.6765625000000002 0.7953125 0.6765625000000002 0.7953125 0.6953125000000002 0.8046875 0.6953125000000002
4 0.8078125 0.6640625000000002 0.7953125 0.6640625000000002 0.7953125 0.6781250000000002 0.8078125 0.6781250000000002
4 0.8140625 0.6421875000000001 0.8046875 0.6421875000000001 0.8046875 0.6609375000000002 0.8140625 0.6609375000000002
4 0.834375 0.5968750000000002 0.8234375 0.5968750000000002 0.8234375 0.6109375000000001 0.834375 0.6109375000000001
4 0.821875 0.6312500000000002 0.8140625 0.6312500000000002 0.8140625 0.6453125000000002 0.821875 0.6453125000000002
4 0.790625 0.5484375000000001 0.7796875 0.5484375000000001 0.7796875 0.5593750000000002 0.790625 0.5593750000000002
4 0.7859375 0.5578125000000002 0.7734375 0.5578125000000002 0.7734375 0.5703125000000002 0.7859375 0.5703125000000002
4 0.7796875 0.5750000000000002 0.76875 0.5750000000000002 0.76875 0.5859375000000002 0.7796875 0.5859375000000002
4 0.7984375 0.5375000000000002 0.784375 0.5375000000000002 0.784375 0.5531250000000002 0.7984375 0.5531250000000002
4 0.8015625 0.5187500000000002 0.790625 0.5187500000000002 0.790625 0.5296875000000002 0.8015625 0.5296875000000002
4 0.875 0.48437500000000017 0.8625 0.48437500000000017 0.8625 0.4984375000000002 0.875 0.4984375000000002
4 0.8734375 0.46406250000000016 0.8625 0.46406250000000016 0.8625 0.4828125000000002 0.8734375 0.4828125000000002
4 0.88125 0.4734375000000002 0.871875 0.4734375000000002 0.871875 0.4890625000000002 0.88125 0.4890625000000002
4 0.896875 0.42968750000000017 0.8875 0.42968750000000017 0.8875 0.44531250000000017 0.896875 0.44531250000000017
4 0.903125 0.42187500000000017 0.8890625 0.42187500000000017 0.8890625 0.4343750000000002 0.903125 0.4343750000000002
4 0.9125 0.38750000000000007 0.9 0.38750000000000007 0.9 0.4078125000000002 0.9125 0.4078125000000002
4 0.9265625 0.3421875000000001 0.9171875 0.3421875000000001 0.9171875 0.3656250000000001 0.9265625 0.3656250000000001
4 0.93125 0.3343750000000001 0.925 0.3343750000000001 0.925 0.3531250000000001 0.93125 0.3531250000000001
4 0.940625 0.3281250000000001 0.93125 0.3281250000000001 0.93125 0.34843750000000007 0.940625 0.34843750000000007
4 0.7890625 0.015625000000000094 0.7828125 0.015625000000000094 0.7828125 0.0343750000000001 0.7890625 0.0343750000000001
6 0.0953125 9.47187758715531e-18 0.059375 7.271340369937409e-18 0.059375 0.06093750000000001 0.0953125 0.06093750000000002