0 0.05468750000000009 0.7359375 0.03593750000000009 0.7359375 0.03593750000000009 0.75 0.05468750000000009 0.75
4 0.0406250000000001 0.7921875 0.0265625000000001 0.7921875 0.0265625000000001 0.80625 0.0406250000000001 0.80625
4 0.10468750000000009 0.7890625 0.08906250000000009 0.7890625 0.08906250000000009 0.8078125 0.10468750000000009 0.8078125
4 0.17343750000000008 0.89375 0.1609375000000001 0.89375 0.1609375000000001 0.90625 0.17343750000000008 0.90625
0 0.14843750000000014 0.953125 0.13437500000000013 0.953125 0.13437500000000013 0.9734375 0.14843750000000014 0.9734375
0 0.2078125000000001 0.7796875 0.1906250000000001 0.7796875 0.1906250000000001 0.79375 0.2078125000000001 0.79375
4 0.2453125000000001 0.7859375 0.2296875000000001 0.7859375 0.2296875000000001 0.8015625 0.2453125000000001 0.8015625
4 0.3593750000000001 0.7703125 0.3437500000000001 0.7703125 0.3437500000000001 0.78125 0.3593750000000001 0.78125
2 0.3265625000000001 0.878125 0.3046875000000001 0.878125 0.3046875000000001 0.9046875 0.3265625000000001 0.9046875
4 0.2562500000000001 0.690625 0.24375000000000008 0.690625 0.24375000000000008 0.7 0.2562500000000001 0.7
4 0.3656250000000001 0.69375 0.3546875000000001 0.69375 0.3546875000000001 0.7046875 0.3656250000000001 0.7046875
5 0.2484375000000001 0.6578125 0.1921875000000001 0.6578125 0.1921875000000001 0.6859375 0.2484375000000001 0.6859375
5 0.3062500000000001 0.653125 0.2500000000000001 0.653125 0.2500000000000001 0.6796875 0.3062500000000001 0.6796875
2 0.4609375000000001 0.696875 0.44375 0.696875 0.4437500000000001 0.7359375 0.46093750000000017 0.7359375
2 0.4343750000000002 0.790625 0.4078125000000002 0.790625 0.4078125000000002 0.8203125 0.4343750000000002 0.8203125
2 0.4656250000000002 0.8234375 0.4500000000000002 0.8234375 0.4500000000000002 0.859375 0.4656250000000002 0.859375
0 0.47968750000000016 0.825 0.4671875000000002 0.825 0.4671875000000002 0.8484375 0.47968750000000016 0.8484375
1 0.4578125000000002 0.865625 0.4000000000000002 0.865625 0.4000000000000002 0.9 0.4578125000000002 0.9
4 0.4812500000000002 0.85 0.47187500000000016 0.85 0.47187500000000016 0.8625 0.4812500000000002 0.8625
4 0.4937500000000002 0.778125 0.4828125000000002 0.778125 0.4828125000000002 0.79375 0.4937500000000002 0.79375
4 0.5328125000000001 0.775 0.5187500000000002 0.775 0.5187500000000002 0.790625 0.5328125000000001 0.790625
4 0.5625000000000001 0.725 0.553125 0.725 0.5531250000000001 0.7421875 0.5625000000000002 0.7421875
4 0.5531250000000002 0.7796875 0.5421875000000002 0.7796875 0.5421875000000002 0.79375 0.5531250000000002 0.79375
4 0.5437500000000002 0.821875 0.5328125000000001 0.821875 0.5328125000000001 0.8375 0.5437500000000002 0.8375
4 0.5531250000000002 0.8171875 0.5453125000000002 0.8171875 0.5453125000000002 0.8296875 0.5531250000000002 0.8296875
4 0.5125000000000002 0.840625 0.5062500000000002 0.840625 0.5062500000000002 0.8546875 0.5125000000000002 0.8546875
3 0.5359375000000002 0.8828125 0.5062500000000002 0.8828125 0.5062500000000002 0.909375 0.5359375000000002 0.909375
4 0.5609375000000002 0.9203125 0.5515625000000002 0.9203125 0.5515625000000002 0.93125 0.5609375000000002 0.93125
0 0.5171875000000001 0.9390625 0.5015625000000001 0.9390625 0.5015625000000001 0.953125 0.5171875000000001 0.953125
2 0.5750000000000002 0.8328125 0.5562500000000001 0.8328125 0.5562500000000001 0.8578125 0.5750000000000002 0.8578125
0 0.6000000000000002 0.74375 0.5859375000000002 0.74375 0.5859375000000002 0.7625 0.6000000000000002 0.7625
4 0.4953125 0.66875 0.4890625 0.66875 0.4890625 0.684375 0.4953125 0.684375
4 0.5921875000000002 0.8421875 0.5812500000000002 0.8421875 0.5812500000000002 0.8578125 0.5921875000000002 0.8578125
2 0.6687500000000002 0.88125 0.6453125000000002 0.88125 0.6453125000000002 0.9015625 0.6687500000000002 0.9015625
4 0.8078125 0.8484375 0.7953125000000002 0.8484375 0.7953125000000002 0.859375 0.8078125 0.859375
4 0.809375 0.8921875 0.7984375000000001 0.8921875 0.7984375000000001 0.90625 0.809375 0.90625
4 0.7984375000000001 0.7671875000000001 0.7859375000000002 0.7671875000000001 0.7859375000000002 0.7812500000000002 0.7984375000000001 0.7812500000000002
3 0.7250000000000002 0.7640625 0.7093750000000002 0.7640625 0.7093750000000002 0.784375 0.7250000000000002 0.784375
4 0.6828125000000002 0.7796875 0.6671875000000002 0.7796875 0.6671875000000002 0.7921875 0.6828125000000002 0.7921875
4 0.6593750000000002 0.796875 0.6484375000000002 0.796875 0.6484375000000002 0.8109375 0.6593750000000002 0.8109375
4 0.4828125 0.55625 0.4734375 0.55625 0.4734375 0.58125 0.4828125 0.58125
0 0.5296875 0.3906250000000001 0.521875 0.3906250000000001 0.521875 0.4203125 0.5296875 0.4203125
4 0.478125 0.20468750000000008 0.4703125 0.20468750000000008 0.4703125 0.23437500000000008 0.478125 0.23437500000000008
4 0.4734375 0.08906250000000007 0.4671875 0.08906250000000007 0.4671875 0.10781250000000005 0.4734375 0.10781250000000005
4 0.5890625 0.665625 0.578125 0.665625 0.578125 0.6765625 0.5890625 0.6765625
2 0.73125 0.6921875000000001 0.7109375 0.6921875 0.7109375 0.7093750000000001 0.73125 0.7093750000000002
4 0.996875 0.7015625000000002 0.9828125 0.7015625000000002 0.9828125 0.7156250000000002 0.996875 0.7156250000000002