2 0.05468750000000011 0.95 0.03593750000000011 0.95 0.035937500000000115 0.98125 0.05468750000000011 0.98125
2 0.1062500000000001 0.859375 0.0875000000000001 0.859375 0.0875000000000001 0.8953125 0.1062500000000001 0.8953125
2 0.14843750000000008 0.840625 0.12656250000000008 0.840625 0.12656250000000008 0.8703125 0.14843750000000008 0.8703125
2 0.2093750000000001 0.9265625 0.19375000000000014 0.9265625 0.19375000000000014 0.9515625 0.2093750000000001 0.9515625
2 0.21875000000000008 0.9 0.19687500000000008 0.9 0.1968750000000001 0.921875 0.21875000000000008 0.921875
2 0.21875000000000008 0.9578125 0.19843750000000013 0.9578125 0.19843750000000013 0.9984375 0.21875000000000008 0.9984375
2 0.2406250000000001 0.934375 0.2218750000000001 0.934375 0.2218750000000001 0.971875 0.2406250000000001 0.971875
2 0.1843750000000001 0.8109375 0.1687500000000001 0.8109375 0.1687500000000001 0.84375 0.1843750000000001 0.84375
2 0.2000000000000001 0.79375 0.18125000000000008 0.79375 0.18125000000000008 0.8203125 0.2000000000000001 0.8203125
2 0.28593750000000007 0.8046875 0.27031250000000007 0.8046875 0.27031250000000007 0.834375 0.28593750000000007 0.834375
2 0.30156250000000007 0.8109375 0.2828125000000001 0.8109375 0.2828125000000001 0.8375 0.30156250000000007 0.8375
2 0.2062500000000001 0.759375 0.1843750000000001 0.759375 0.1843750000000001 0.784375 0.2062500000000001 0.784375
2 0.2234375000000001 0.7390625 0.20312500000000008 0.7390625 0.20312500000000008 0.765625 0.2234375000000001 0.765625
2 0.2375000000000001 0.7171875 0.22031250000000008 0.7171875 0.22031250000000008 0.740625 0.2375000000000001 0.740625
2 0.2500000000000001 0.6921875 0.23437500000000008 0.6921875 0.23437500000000008 0.715625 0.2500000000000001 0.715625
2 0.2468750000000001 0.6796875 0.2296875000000001 0.6796875 0.2296875000000001 0.7015625 0.2468750000000001 0.7015625
2 0.2593750000000001 0.7 0.2390625000000001 0.7 0.2390625000000001 0.734375 0.2593750000000001 0.734375
2 0.2765625000000001 0.690625 0.2578125000000001 0.690625 0.2578125000000001 0.715625 0.2765625000000001 0.715625
2 0.2687500000000001 0.6734375 0.2500000000000001 0.6734375 0.2500000000000001 0.6984375 0.2687500000000001 0.6984375
2 0.29375000000000007 0.6671875 0.2750000000000001 0.6671875 0.2750000000000001 0.6953125 0.29375000000000007 0.6953125
2 0.31718750000000007 0.7671875 0.29375000000000007 0.7671875 0.29375000000000007 0.796875 0.31718750000000007 0.796875
2 0.3437500000000001 0.746875 0.3234375000000001 0.746875 0.3234375000000001 0.778125 0.3437500000000001 0.778125
2 0.3359375000000001 0.8109375 0.3156250000000001 0.8109375 0.3156250000000001 0.8453125 0.3359375000000001 0.8453125
2 0.3625000000000001 0.7421875 0.3375000000000001 0.7421875 0.3375000000000001 0.7703125 0.3625000000000001 0.7703125
2 0.3078125000000001 0.65 0.2890625000000001 0.65 0.2890625000000001 0.675 0.3078125000000001 0.675
2 0.3031250000000001 0.63125 0.28593750000000007 0.63125 0.28593750000000007 0.6578125 0.3031250000000001 0.6578125
2 0.3234375000000001 0.628125 0.3078125000000001 0.628125 0.3078125000000001 0.6578125 0.3234375000000001 0.6578125
2 0.3359375000000001 0.596875 0.31718750000000007 0.596875 0.31718750000000007 0.6234375 0.3359375000000001 0.6234375
2 0.34062500000000007 0.60625 0.3203125000000001 0.60625 0.3203125000000001 0.6359375 0.34062500000000007 0.6359375
2 0.3531250000000001 0.5796875 0.3359375000000001 0.5796875 0.3359375000000001 0.6125 0.3531250000000001 0.6125
2 0.3859375000000001 0.721875 0.3656250000000001 0.721875 0.3656250000000001 0.7453125 0.3859375000000001 0.7453125
2 0.3906250000000001 0.690625 0.3687500000000001 0.690625 0.3687500000000001 0.7171875 0.3906250000000001 0.7171875
2 0.4078125000000001 0.71875 0.3937500000000001 0.71875 0.3937500000000001 0.7390625 0.4078125000000002 0.7390625
2 0.43125 0.6921875 0.4125 0.6921875 0.4125 0.7140625 0.43125 0.7140625
2 0.4578125000000002 0.8390625 0.43750000000000017 0.8390625 0.43750000000000017 0.8625 0.4578125000000002 0.8625
2 0.4812500000000002 0.7953125 0.4656250000000002 0.7953125 0.4656250000000002 0.8296875 0.4812500000000002 0.8296875
2 0.44062500000000016 0.85625 0.4203125000000002 0.85625 0.4203125000000002 0.88125 0.44062500000000016 0.88125
2 0.42187500000000017 0.875 0.40156250000000016 0.875 0.40156250000000016 0.9015625 0.42187500000000017 0.9015625
2 0.40156250000000016 0.8921875 0.3828125000000001 0.8921875 0.3828125000000001 0.9171875 0.40156250000000016 0.9171875
2 0.37968750000000007 0.9109375 0.3578125000000001 0.9109375 0.3578125000000001 0.946875 0.37968750000000007 0.946875
2 0.3812500000000001 0.9453125 0.3625000000000001 0.9453125 0.3625000000000001 0.9734375 0.3812500000000001 0.9734375
2 0.3359375000000001 0.94375 0.3203125000000001 0.94375 0.3203125000000001 0.9703125 0.3359375000000001 0.9703125
2 0.5 0.6640625 0.471875 0.6640625 0.471875 0.6890625 0.5 0.6890625
2 0.5109375 0.63125 0.4875 0.63125 0.4875 0.6515625 0.5109375 0.6515625
2 0.5625000000000002 0.7671875 0.5406250000000001 0.7671875 0.5406250000000001 0.796875 0.5625000000000002 0.796875
2 0.54375 0.6078125 0.5203125 0.6078125 0.5203125 0.6359375 0.54375 0.6359375
2 0.5546875 0.6171875 0.5359375 0.6171875 0.5359375 0.64375 0.5546875 0.64375
2 0.5859375 0.571875 0.5703125 0.571875 0.5703125 0.6015625 0.5859375 0.6015625
2 0.596875 0.5890625 0.578125 0.5890625 0.578125 0.6203125 0.596875 0.6203125
2 0.609375 0.6921875 0.59375 0.6921875 0.59375 0.715625 0.609375 0.715625
2 0.5921875 0.5265625 0.58125 0.5265625 0.58125 0.5671875 0.5921875 0.5671875
2 0.60625 0.515625 0.59375 0.515625 0.59375 0.5546875 0.60625 0.5546875
2 0.3390625 0.30625 0.325 0.30625 0.325 0.3359375 0.3390625 0.3359375
2 0.33125 3.951399437873882e-17 0.3140625 3.846156353572156e-17 0.3140625 0.026562500000000037 0.33125 0.026562500000000044
2 0.3421875 4.085345181530624e-17 0.325 3.980102097228898e-17 0.325 0.02343750000000004 0.3421875 0.023437500000000045
2 0.3140625 0.015625000000000038 0.3 0.015625000000000038 0.3 0.046875000000000035 0.3140625 0.046875000000000035
2 0.328125 0.04687500000000004 0.3125 0.046875000000000035 0.3125 0.07500000000000004 0.328125 0.07500000000000004
2 0.34375 0.06093750000000005 0.325 0.06093750000000005 0.325 0.09531250000000005 0.34375 0.09531250000000005
2 0.35 0.05625000000000004 0.3328125 0.05625000000000004 0.3328125 0.08437500000000005 0.35 0.08437500000000005
2 0.3546875 0.09843750000000004 0.3375 0.09843750000000004 0.3375 0.12968750000000004 0.3546875 0.12968750000000004
2 0.365625 0.08437500000000005 0.346875 0.08437500000000005 0.346875 0.11406250000000004 0.365625 0.11406250000000004
2 0.3671875 0.12343750000000005 0.3515625 0.12343750000000005 0.3515625 0.15937500000000004 0.3671875 0.15937500000000004
2 0.38125 0.13125000000000003 0.365625 0.13125000000000003 0.365625 0.15937500000000004 0.38125 0.15937500000000004
2 0.3796875 0.15468750000000003 0.3640625 0.15468750000000003 0.3640625 0.18437500000000004 0.3796875 0.18437500000000004
2 0.3953125 0.15156250000000004 0.38125 0.15156250000000004 0.38125 0.18125000000000005 0.3953125 0.18125000000000005
2 0.40625 0.18125000000000005 0.3890625 0.18125000000000005 0.3890625 0.21250000000000008 0.40625 0.21250000000000008
2 0.4046875 0.20312500000000008 0.3921875 0.20312500000000008 0.3921875 0.2296875000000001 0.4046875 0.2296875000000001
2 0.4171875 0.22031250000000008 0.4015625 0.22031250000000008 0.4015625 0.2562500000000001 0.4171875 0.2562500000000001
2 0.4328125 0.2171875000000001 0.4140625 0.2171875000000001 0.4140625 0.2468750000000001 0.4328125 0.2468750000000001
2 0.4328125 0.2453125000000001 0.41875 0.2453125000000001 0.41875 0.2687500000000001 0.4328125 0.2687500000000001
2 0.4234375 0.2562500000000001 0.409375 0.2562500000000001 0.409375 0.2812500000000001 0.4234375 0.2812500000000001
2 0.4359375 0.2765625000000001 0.4203125 0.2765625000000001 0.4203125 0.3078125000000001 0.4359375 0.3078125000000001
2 0.4234375 0.27812500000000007 0.409375 0.27812500000000007 0.409375 0.3078125000000001 0.4234375 0.3078125000000001
2 0.44375 0.2734375000000001 0.4296875 0.2734375000000001 0.4296875 0.3031250000000001 0.44375 0.3031250000000001
2 0.446875 0.2453125000000001 0.4328125 0.2453125000000001 0.4328125 0.2765625000000001 0.446875 0.2765625000000001
2 0.5921875 0.1843750000000001 0.578125 0.1843750000000001 0.578125 0.21875000000000008 0.5921875 0.21875000000000008
2 0.5671875 0.1515625000000001 0.5546875 0.1515625000000001 0.5546875 0.1859375000000001 0.5671875 0.1859375000000001
2 0.575 0.12343750000000009 0.5625 0.12343750000000009 0.5625 0.16406250000000008 0.575 0.16406250000000008
2 0.5640625 0.03906250000000007 0.55 0.03906250000000007 0.55 0.07500000000000007 0.5640625 0.07500000000000007
2 0.603125 0.05156250000000007 0.584375 0.05156250000000007 0.584375 0.07812500000000007 0.603125 0.07812500000000007
2 0.653125 0.30156250000000007 0.63125 0.30156250000000007 0.63125 0.3265625000000001 0.653125 0.3265625000000001
2 0.7828125 0.2828125000000001 0.7671875 0.2828125000000001 0.7671875 0.3078125000000001 0.7828125 0.3078125000000001
2 0.671875 0.4234375 0.653125 0.4234375 0.653125 0.45625 0.671875 0.45625
2 0.821875 0.2390625000000001 0.8015625 0.2390625000000001 0.8015625 0.2750000000000001 0.821875 0.2750000000000001
2 0.803125 0.1515625000000001 0.790625 0.1515625000000001 0.790625 0.1906250000000001 0.803125 0.1906250000000001
2 0.81875 0.16406250000000008 0.8 0.16406250000000008 0.8 0.19531250000000008 0.81875 0.19531250000000008
2 0.8296875 0.1296875000000001 0.8171875 0.1296875000000001 0.8171875 0.16406250000000008 0.8296875 0.16406250000000008
2 0.8828125 0.07500000000000011 0.8625 0.07500000000000011 0.8625 0.10312500000000009 0.8828125 0.10312500000000009
2 0.9375 0.2156250000000001 0.9171875 0.2156250000000001 0.9171875 0.2453125000000001 0.9375 0.2453125000000001
2 0.9484375 0.19843750000000013 0.9265625 0.19843750000000013 0.9265625 0.2328125000000001 0.9484375 0.2328125000000001
2 0.9546875 0.19218750000000012 0.9390625 0.19218750000000012 0.9390625 0.2218750000000001 0.9546875 0.2218750000000001
2 0.9484375 1.1500198848243113e-16 0.9296875 1.1385388210823048e-16 0.9296875 0.02656250000000011 0.9484375 0.02656250000000011
2 0.728125 0.5609375000000001 0.7171875 0.5609375 0.7171875 0.5906250000000001 0.728125 0.5906250000000002
2 0.6906250000000002 0.7453125 0.6718750000000002 0.7453125 0.6718750000000002 0.765625 0.6906250000000002 0.765625
2 0.7046875000000001 0.7140625 0.684375 0.7140625 0.6843750000000001 0.734375 0.7046875000000001 0.734375
2 0.7187500000000001 0.7234375 0.7046875 0.7234375 0.7046875000000001 0.75 0.7187500000000002 0.75
2 0.7171875000000002 0.7625 0.6984375000000002 0.7625 0.6984375000000002 0.784375 0.7171875000000002 0.784375
2 0.7296875000000002 0.7562500000000001 0.7125000000000001 0.75625 0.7125000000000001 0.7812500000000001 0.7296875000000002 0.7812500000000002
2 0.7890625000000002 0.7796875000000002 0.7703125000000002 0.7796875000000002 0.7703125000000002 0.809375 0.7890625000000002 0.809375
2 0.8078125 0.8203125 0.7890625000000002 0.8203125 0.7890625000000002 0.84375 0.8078125 0.84375
2 0.815625 0.86875 0.8015625 0.86875 0.8015625 0.8921875 0.815625 0.8921875
2 0.8515625 0.8796875 0.834375 0.8796875 0.834375 0.9078125 0.8515625 0.9078125
2 0.865625 0.8796875 0.85 0.8796875 0.85 0.909375 0.865625 0.909375
2 0.8890625 0.9140625 0.86875 0.9140625 0.86875 0.9421875 0.8890625 0.9421875
2 0.875 0.7359375000000001 0.8578125 0.7359375000000001 0.8578125 0.7671875000000001 0.875 0.7671875000000001
2 0.8890625 0.7500000000000002 0.878125 0.7500000000000002 0.878125 0.7843750000000002 0.8890625 0.7843750000000002
2 0.9140625 0.7656250000000002 0.9 0.7656250000000002 0.9 0.7937500000000002 0.9140625 0.7937500000000002
2 0.9515625 0.8109375 0.934375 0.8109375 0.934375 0.8421875 0.9515625 0.8421875
2 0.9609375 0.8359375 0.9421875 0.8359375 0.9421875 0.85625 0.9609375 0.85625
2 0.971875 0.8515625 0.9515625 0.8515625 0.9515625 0.8734375 0.971875 0.8734375
2 0.9828125 0.8703125 0.9625 0.8703125 0.9625 0.890625 0.9828125 0.890625
2 0.990625 0.8921875 0.971875 0.8921875 0.971875 0.921875 0.990625 0.921875
4 0.06093750000000011 0.859375 0.05156250000000011 0.859375 0.05156250000000011 0.871875 0.06093750000000011 0.871875
4 0.0640625000000001 0.8734375 0.05625000000000011 0.8734375 0.05625000000000011 0.8875 0.0640625000000001 0.8875
4 0.07812500000000011 0.8796875 0.06875000000000012 0.8796875 0.06875000000000012 0.890625 0.07812500000000011 0.890625
4 0.07343750000000011 0.8609375 0.0640625000000001 0.8609375 0.0640625000000001 0.8734375 0.07343750000000011 0.8734375
4 0.08437500000000012 0.846875 0.07812500000000011 0.846875 0.07812500000000011 0.8609375 0.08437500000000012 0.8609375
4 0.0875000000000001 0.840625 0.08281250000000011 0.840625 0.08281250000000011 0.85625 0.0875000000000001 0.85625
4 0.09218750000000012 0.840625 0.0875000000000001 0.840625 0.0875000000000001 0.8515625 0.09218750000000012 0.8515625
4 0.0953125000000001 0.8390625 0.09062500000000011 0.8390625 0.09062500000000011 0.85 0.0953125000000001 0.85
4 0.11093750000000009 0.825 0.10312500000000009 0.825 0.10312500000000009 0.8390625 0.11093750000000009 0.8390625
4 0.1140625000000001 0.8203125 0.10781250000000009 0.8203125 0.10781250000000009 0.834375 0.1140625000000001 0.834375
4 0.11875000000000009 0.8171875 0.11250000000000009 0.8171875 0.11250000000000009 0.8296875 0.11875000000000009 0.8296875
4 0.1218750000000001 0.8109375 0.1140625000000001 0.8109375 0.1140625000000001 0.821875 0.1218750000000001 0.821875
4 0.1546875000000001 0.809375 0.1453125000000001 0.809375 0.1453125000000001 0.8234375 0.1546875000000001 0.8234375
4 0.18125000000000008 0.8078125 0.17343750000000008 0.8078125 0.17343750000000008 0.821875 0.18125000000000008 0.821875
4 0.1828125000000001 0.7953125 0.17343750000000008 0.7953125 0.17343750000000008 0.8078125 0.1828125000000001 0.8078125
4 0.19531250000000008 0.784375 0.1859375000000001 0.784375 0.1859375000000001 0.7984375 0.19531250000000008 0.7984375
4 0.17968750000000008 0.778125 0.17187500000000008 0.778125 0.17187500000000008 0.7921875 0.17968750000000008 0.7921875
4 0.18906250000000008 0.76875 0.1828125000000001 0.76875 0.1828125000000001 0.7828125 0.18906250000000008 0.7828125
4 0.20468750000000008 0.775 0.19687500000000008 0.775 0.19687500000000008 0.7859375 0.20468750000000008 0.7859375
4 0.2078125000000001 0.740625 0.2015625000000001 0.740625 0.2015625000000001 0.753125 0.2078125000000001 0.753125
4 0.21250000000000008 0.7390625 0.2062500000000001 0.7390625 0.2062500000000001 0.753125 0.21250000000000008 0.753125
4 0.2296875000000001 0.696875 0.2234375000000001 0.696875 0.2234375000000001 0.7109375 0.2296875000000001 0.7109375
4 0.22812500000000008 0.7078125 0.2218750000000001 0.7078125 0.2218750000000001 0.721875 0.22812500000000008 0.721875
4 0.23437500000000008 0.7078125 0.22656250000000008 0.7078125 0.22656250000000008 0.71875 0.23437500000000008 0.71875
4 0.2687500000000001 0.6625 0.26250000000000007 0.6625 0.26250000000000007 0.6734375 0.2687500000000001 0.6734375
4 0.27812500000000007 0.653125 0.2687500000000001 0.653125 0.2687500000000001 0.6640625 0.27812500000000007 0.6640625
4 0.28593750000000007 0.6453125 0.2796875000000001 0.6453125 0.2796875000000001 0.659375 0.28593750000000007 0.659375
4 0.29375000000000007 0.615625 0.28593750000000007 0.615625 0.28593750000000007 0.6296875 0.29375000000000007 0.6296875
4 0.30156250000000007 0.6109375 0.2921875000000001 0.6109375 0.2921875000000001 0.621875 0.30156250000000007 0.621875
4 0.3062500000000001 0.5984375 0.3000000000000001 0.5984375 0.3000000000000001 0.609375 0.3062500000000001 0.609375
4 0.3062500000000001 0.61875 0.30156250000000007 0.61875 0.30156250000000007 0.6296875 0.3062500000000001 0.6296875
4 0.3125000000000001 0.6234375 0.3031250000000001 0.6234375 0.3031250000000001 0.6296875 0.3125000000000001 0.6296875
4 0.3203125000000001 0.61875 0.3125000000000001 0.61875 0.3125000000000001 0.628125 0.3203125000000001 0.628125
4 0.3156250000000001 0.628125 0.3078125000000001 0.628125 0.3078125000000001 0.6390625 0.3156250000000001 0.6390625
4 0.33281250000000007 0.590625 0.32500000000000007 0.590625 0.32500000000000007 0.60625 0.33281250000000007 0.60625
4 0.3390625000000001 0.5765625 0.3296875000000001 0.5765625 0.3296875000000001 0.590625 0.3390625000000001 0.590625
4 0.3343750000000001 0.55 0.32500000000000007 0.55 0.32500000000000007 0.5609375 0.3343750000000001 0.5609375
4 0.3468750000000001 0.4859375 0.34062500000000007 0.4859375 0.34062500000000007 0.5015625 0.3468750000000001 0.5015625
4 0.4078125 0.465625 0.3984375000000001 0.465625 0.3984375000000001 0.48125 0.4078125 0.48125
4 0.315625 0.0015625000000000383 0.3078125 0.0015625000000000374 0.3078125 0.01718750000000004 0.315625 0.01718750000000004
4 0.3234375 0.02500000000000004 0.3140625 0.025000000000000033 0.3140625 0.03906250000000004 0.3234375 0.03906250000000004
4 0.334375 0.050000000000000044 0.325 0.050000000000000044 0.325 0.06406250000000005 0.334375 0.06406250000000005
4 0.340625 0.04687500000000004 0.3328125 0.04687500000000004 0.3328125 0.06093750000000005 0.340625 0.06093750000000005
4 0.3734375 0.07656250000000005 0.3703125 0.07656250000000005 0.3703125 0.08593750000000004 0.3734375 0.08593750000000004
4 0.3625 0.04687500000000004 0.35625 0.04687500000000004 0.35625 0.059375000000000046 0.3625 0.059375000000000046
4 0.36875 0.11875000000000005 0.359375 0.11875000000000005 0.359375 0.13281250000000006 0.36875 0.13281250000000006
4 0.390625 0.17968750000000006 0.3828125 0.17968750000000006 0.3828125 0.18906250000000005 0.390625 0.18906250000000005
4 0.4 0.12812500000000004 0.39375 0.12812500000000004 0.39375 0.13593750000000004 0.4 0.13593750000000004
4 0.4015625 0.14375000000000004 0.3953125 0.14375000000000004 0.3953125 0.15312500000000004 0.4015625 0.15312500000000004
4 0.4015625 0.13281250000000006 0.3953125 0.13281250000000006 0.3953125 0.14062500000000006 0.4015625 0.14062500000000006
4 0.403125 0.13593750000000004 0.3984375 0.13593750000000004 0.3984375 0.14531250000000004 0.403125 0.14531250000000004
4 0.40625 0.13906250000000003 0.4015625 0.13906250000000003 0.4015625 0.15000000000000005 0.40625 0.15000000000000005
4 0.409375 0.14375000000000004 0.4015625 0.14375000000000004 0.4015625 0.14843750000000006 0.409375 0.14843750000000006
4 0.4125 0.13125000000000003 0.4046875 0.13125000000000003 0.4046875 0.14062500000000006 0.4125 0.14062500000000006
4 0.4109375 0.15312500000000004 0.4015625 0.15312500000000004 0.4015625 0.16250000000000003 0.4109375 0.16250000000000003
4 0.4125 0.15468750000000003 0.4046875 0.15468750000000003 0.4046875 0.16406250000000006 0.4125 0.16406250000000006
4 0.415625 0.15781250000000005 0.409375 0.15781250000000005 0.409375 0.17031250000000003 0.415625 0.17031250000000003
4 0.421875 0.15000000000000005 0.4140625 0.15000000000000005 0.4140625 0.16250000000000003 0.421875 0.16250000000000003
4 0.4234375 0.15625000000000006 0.4171875 0.15625000000000006 0.4171875 0.16562500000000005 0.4234375 0.16562500000000005
4 0.41875 0.16875000000000004 0.4109375 0.16875000000000004 0.4109375 0.17968750000000006 0.41875 0.17968750000000006
4 0.4203125 0.17187500000000006 0.415625 0.17187500000000006 0.415625 0.18593750000000003 0.4203125 0.18593750000000003
4 0.428125 0.16875000000000004 0.4234375 0.16875000000000004 0.4234375 0.17968750000000006 0.428125 0.17968750000000006
4 0.4328125 0.17343750000000005 0.425 0.17343750000000005 0.425 0.18593750000000003 0.4328125 0.18593750000000003
4 0.440625 0.18125000000000005 0.4328125 0.18125000000000005 0.4328125 0.19687500000000005 0.440625 0.19687500000000005
4 0.3953125 0.19062500000000004 0.3859375 0.19062500000000004 0.3859375 0.20468750000000008 0.3953125 0.20468750000000008
4 0.390625 0.19531250000000006 0.38125 0.19531250000000006 0.38125 0.21093750000000008 0.390625 0.21093750000000008
4 0.4125 0.2000000000000001 0.40625 0.2000000000000001 0.40625 0.2140625000000001 0.4125 0.2140625000000001
4 0.4203125 0.2062500000000001 0.4140625 0.2062500000000001 0.4140625 0.22031250000000008 0.4203125 0.22031250000000008
4 0.4484375 0.28593750000000007 0.4421875 0.28593750000000007 0.4421875 0.3000000000000001 0.4484375 0.3000000000000001
4 0.45 0.2765625000000001 0.4453125 0.2765625000000001 0.4453125 0.2906250000000001 0.45 0.2906250000000001
4 0.4515625 0.2734375000000001 0.446875 0.2734375000000001 0.446875 0.2875000000000001 0.4515625 0.2875000000000001
4 0.45625 0.27812500000000007 0.4515625 0.27812500000000007 0.4515625 0.2921875000000001 0.45625 0.2921875000000001
4 0.4640625 0.2765625000000001 0.4578125 0.2765625000000001 0.4578125 0.2875000000000001 0.4640625 0.2875000000000001
4 0.4828125 0.3000000000000001 0.4734375 0.3000000000000001 0.4734375 0.3125000000000001 0.4828125 0.3125000000000001
4 0.6171875 0.46875 0.60625 0.46875 0.60625 0.4828125 0.6171875 0.4828125
4 0.6390625 0.4546875 0.628125 0.4546875 0.628125 0.4734375 0.6390625 0.4734375
4 0.628125 0.5015625 0.61875 0.5015625 0.61875 0.5171875 0.628125 0.5171875
4 0.6109375 0.5015625 0.6 0.5015625 0.6 0.521875 0.6109375 0.521875
4 0.615625 0.515625 0.6078125 0.515625 0.6078125 0.5359375 0.615625 0.5359375
4 0.6125 0.045312500000000075 0.6046875 0.045312500000000075 0.6046875 0.06406250000000006 0.6125 0.06406250000000006
4 0.7546875 0.22031250000000008 0.746875 0.22031250000000008 0.746875 0.2328125000000001 0.7546875 0.2328125000000001
4 0.75625 0.21093750000000008 0.75 0.21093750000000008 0.75 0.22656250000000008 0.75625 0.22656250000000008
4 0.8171875 0.1531250000000001 0.809375 0.1531250000000001 0.809375 0.1687500000000001 0.8171875 0.1687500000000001
4 0.815625 0.1390625000000001 0.8109375 0.1390625000000001 0.8109375 0.15781250000000008 0.815625 0.15781250000000008
4 0.9984375 0.020312500000000122 0.984375 0.020312500000000122 0.984375 0.03593750000000012 0.9984375 0.03593750000000012
4 0.7171875 0.3671875000000001 0.70625 0.3671875000000001 0.70625 0.3859375000000001 0.7171875 0.3859375000000001
4 0.7078125 0.3890625000000001 0.696875 0.3890625000000001 0.696875 0.409375 0.7078125 0.409375
4 0.6796875 0.4296875 0.671875 0.4296875 0.671875 0.4453125 0.6796875 0.4453125
4 0.684375 0.4484375 0.675 0.4484375 0.675 0.46875 0.684375 0.46875
4 0.6703125 0.5421875 0.6609375 0.5421875 0.6609375 0.5609375 0.6703125 0.5609375
4 0.675 0.4875 0.6703125 0.4875 0.6703125 0.4984375 0.675 0.4984375
4 0.684375 0.4921875 0.678125 0.4921875 0.678125 0.5 0.684375 0.5
4 0.6890625 0.4984375 0.6828125 0.4984375 0.6828125 0.515625 0.6890625 0.515625
4 0.6046875 0.603125 0.596875 0.603125 0.596875 0.621875 0.6046875 0.621875
4 0.5671875 0.621875 0.55625 0.621875 0.55625 0.6421875 0.5671875 0.6421875
4 0.8203125 0.7109375000000002 0.815625 0.7109375000000002 0.815625 0.7234375000000002 0.8203125 0.7234375000000002
4 0.8234375 0.7140625000000002 0.8203125 0.7140625000000002 0.8203125 0.7265625000000002 0.8234375 0.7265625000000002
4 0.8265625 0.7171875000000002 0.8234375 0.7171875000000002 0.8234375 0.7281250000000001 0.8265625 0.7281250000000001
4 0.8359375 0.7265625000000002 0.8328125 0.7265625000000002 0.8328125 0.7375000000000002 0.8359375 0.7375000000000002
4 0.846875 0.7375000000000002 0.8421875 0.7375000000000002 0.8421875 0.7484375000000002 0.846875 0.7484375000000002
4 0.853125 0.7406250000000002 0.8484375 0.7406250000000002 0.8484375 0.7515625000000001 0.853125 0.7515625000000001
4 0.8546875 0.7437500000000001 0.85 0.7437500000000001 0.85 0.7531250000000002 0.8546875 0.7531250000000002
4 0.85625 0.7484375000000002 0.8515625 0.7484375000000002 0.8515625 0.7562500000000002 0.85625 0.7562500000000002
4 0.915625 0.7906250000000001 0.9078125 0.7906250000000001 0.9078125 0.8046875 0.915625 0.8046875
4 0.9796875 0.8625 0.971875 0.8625 0.971875 0.871875 0.9796875 0.871875
4 0.9859375 0.853125 0.978125 0.853125 0.978125 0.8640625 0.9859375 0.8640625
4 0.9875 0.871875 0.9828125 0.871875 0.9828125 0.8859375 0.9875 0.8859375
4 0.9921875 0.878125 0.9859375 0.878125 0.9859375 0.8890625 0.9921875 0.8890625
4 0.928125 0.98125 0.915625 0.98125 0.915625 0.996875 0.928125 0.996875
4 0.81875 0.85625 0.809375 0.85625 0.809375 0.871875 0.81875 0.871875
4 0.8046875 0.840625 0.7937500000000002 0.840625 0.7937500000000002 0.85625 0.8046875 0.85625
4 0.7906250000000001 0.8203125 0.7812500000000002 0.8203125 0.7812500000000002 0.8359375 0.7906250000000001 0.8359375
4 0.7765625000000002 0.7953125000000002 0.7703125000000002 0.7953125000000002 0.7703125000000002 0.8140625 0.7765625000000002 0.8140625
4 0.7703125000000002 0.7875000000000002 0.7625000000000002 0.7875000000000002 0.7625000000000002 0.8046875 0.7703125000000002 0.8046875
4 0.6984375000000002 0.7546875 0.6890625000000001 0.7546875 0.6890625000000001 0.7640625 0.6984375000000002 0.7640625
4 0.6828125000000002 0.7359375 0.6734375000000001 0.7359375 0.6734375000000001 0.746875 0.6828125000000002 0.746875
4 0.6859375 0.7140625 0.6765625 0.7140625 0.6765625 0.725 0.6859375 0.725
4 0.6890625 0.70625 0.6796875 0.70625 0.6796875 0.7171875 0.6890625 0.7171875
4 0.6953125 0.7046875 0.6875 0.7046875 0.6875 0.715625 0.6953125 0.715625
4 0.6265625 0.678125 0.615625 0.678125 0.615625 0.696875 0.6265625 0.696875
4 0.5734375000000002 0.759375 0.5625000000000002 0.759375 0.5625000000000002 0.7828125 0.5734375000000002 0.7828125
4 0.46406250000000016 0.7453125 0.4578125000000002 0.7453125 0.4578125000000002 0.759375 0.46406250000000016 0.759375
4 0.46093750000000017 0.7296875 0.4546875000000002 0.7296875 0.4546875000000002 0.7453125 0.46093750000000017 0.7453125
4 0.4625000000000001 0.7234375 0.4578125 0.7234375 0.45781250000000007 0.7375 0.4625000000000002 0.7375
4 0.4515625000000001 0.715625 0.446875 0.715625 0.4468750000000001 0.7328125 0.4515625000000002 0.7328125
4 0.4546875000000002 0.73125 0.4500000000000002 0.73125 0.4500000000000002 0.746875 0.4546875000000002 0.746875
4 0.3531250000000001 0.94375 0.3437500000000001 0.94375 0.3437500000000001 0.959375 0.3531250000000001 0.959375
4 0.3281250000000001 0.971875 0.3218750000000001 0.971875 0.3218750000000001 0.990625 0.3281250000000001 0.990625
4 0.3859375000000001 0.78125 0.3765625000000001 0.78125 0.3765625000000001 0.79375 0.3859375000000001 0.79375
4 0.3687500000000001 0.7953125 0.3593750000000001 0.7953125 0.3593750000000001 0.80625 0.3687500000000001 0.80625
4 0.3218750000000001 0.7953125 0.3140625000000001 0.7953125 0.3140625000000001 0.809375 0.3218750000000001 0.809375
4 0.3140625000000001 0.7953125 0.3046875000000001 0.7953125 0.3046875000000001 0.809375 0.3140625000000001 0.809375
4 0.27812500000000007 0.8390625 0.2687500000000001 0.8390625 0.2687500000000001 0.853125 0.27812500000000007 0.853125
4 0.3031250000000001 0.85 0.2953125000000001 0.85 0.2953125000000001 0.8671875 0.3031250000000001 0.8671875
4 0.2484375000000001 0.890625 0.24218750000000008 0.890625 0.24218750000000008 0.903125 0.2484375000000001 0.903125
4 0.2515625000000001 0.903125 0.2453125000000001 0.903125 0.2453125000000001 0.909375 0.2515625000000001 0.909375
4 0.2656250000000001 0.9015625 0.2562500000000001 0.9015625 0.2562500000000001 0.9203125 0.2656250000000001 0.9203125
4 0.25468750000000007 0.925 0.24375000000000008 0.925 0.24375000000000008 0.940625 0.25468750000000007 0.940625
4 0.19375000000000014 0.95625 0.18437500000000012 0.95625 0.18437500000000012 0.971875 0.19375000000000014 0.971875
4 0.18593750000000014 0.978125 0.17812500000000014 0.978125 0.17812500000000014 1 0.18593750000000014 1
4 0.16718750000000013 0.984375 0.15781250000000013 0.984375 0.15781250000000013 1 0.16718750000000013 1
4 0.16093750000000012 0.9828125 0.15312500000000012 0.9828125 0.15312500000000012 0.99375 0.16093750000000012 0.99375
4 0.15156250000000013 0.9859375 0.14062500000000014 0.9859375 0.14062500000000014 1 0.15156250000000013 1
0 0.11875000000000009 0.853125 0.10312500000000009 0.853125 0.10312500000000009 0.8765625 0.11875000000000009 0.8765625
0 0.2531250000000001 0.8609375 0.2406250000000001 0.8609375 0.2406250000000001 0.884375 0.2531250000000001 0.884375
0 0.33281250000000007 0.7984375 0.3203125000000001 0.7984375 0.3203125000000001 0.8203125 0.33281250000000007 0.8203125
0 0.3468750000000001 0.775 0.33281250000000007 0.775 0.33281250000000007 0.7953125 0.3468750000000001 0.7953125
0 0.2593750000000001 0.66875 0.2453125000000001 0.66875 0.2453125000000001 0.690625 0.2593750000000001 0.690625
0 0.2812500000000001 0.65625 0.2671875000000001 0.65625 0.2671875000000001 0.6765625 0.2812500000000001 0.6765625
0 0.4046875000000002 0.7765625 0.3906250000000001 0.7765625 0.3906250000000001 0.7921875 0.4046875000000002 0.7921875
0 0.42500000000000016 0.734375 0.4125000000000002 0.734375 0.4125000000000002 0.75625 0.42500000000000016 0.75625
0 0.3421875000000001 0.5828125 0.33281250000000007 0.5828125 0.33281250000000007 0.6046875 0.3421875000000001 0.6046875
0 0.47187500000000016 0.7265625 0.4625000000000002 0.7265625 0.4625000000000002 0.75 0.47187500000000016 0.75
0 0.5015625000000001 0.7265625 0.48750000000000016 0.7265625 0.48750000000000016 0.7453125 0.5015625000000001 0.7453125
0 0.484375 0.603125 0.4703125 0.603125 0.4703125 0.625 0.484375 0.625
0 0.3515625000000001 0.434375 0.3421875000000001 0.434375 0.3421875000000001 0.4578125 0.3515625000000001 0.4578125
0 0.3265625 0.015625000000000038 0.3171875 0.015625000000000038 0.3171875 0.03593750000000004 0.3265625 0.035937500000000046
0 0.3296875 0.034375000000000044 0.3203125 0.034375000000000044 0.3203125 0.05312500000000005 0.3296875 0.05312500000000005
0 0.378125 0.10781250000000005 0.36875 0.10781250000000005 0.36875 0.13437500000000005 0.378125 0.13437500000000005
0 0.3859375 0.12968750000000004 0.3765625 0.12968750000000004 0.3765625 0.15156250000000004 0.3859375 0.15156250000000004
0 0.4125 0.17656250000000004 0.4015625 0.17656250000000004 0.4015625 0.20312500000000008 0.4125 0.20312500000000008
0 0.4140625 0.20312500000000008 0.4046875 0.20312500000000008 0.4046875 0.22656250000000008 0.4140625 0.22656250000000008
0 0.43125 0.3000000000000001 0.4203125 0.3000000000000001 0.4203125 0.3218750000000001 0.43125 0.3218750000000001
0 0.609375 0.2484375000000001 0.596875 0.2484375000000001 0.596875 0.27031250000000007 0.609375 0.27031250000000007
0 0.6109375 0.2796875000000001 0.596875 0.2796875000000001 0.596875 0.30156250000000007 0.6109375 0.30156250000000007
0 0.7171875 0.2593750000000001 0.703125 0.2593750000000001 0.703125 0.2843750000000001 0.7171875 0.2843750000000001
0 0.85 0.2156250000000001 0.8328125 0.2156250000000001 0.8328125 0.2468750000000001 0.85 0.2468750000000001
0 0.696875 0.4328125 0.6859375 0.4328125 0.6859375 0.459375 0.696875 0.459375
0 0.765625 0.6437500000000002 0.7515625 0.6437500000000002 0.7515625 0.6656250000000001 0.765625 0.6656250000000001
0 0.878125 0.7593750000000001 0.86875 0.7593750000000001 0.86875 0.7796875000000002 0.878125 0.7796875000000002
0 0.90625 0.7640625000000002 0.8921875 0.7640625000000002 0.8921875 0.7859375000000002 0.90625 0.7859375000000002
0 0.7625000000000002 0.7578125000000002 0.7484375000000002 0.7578125000000002 0.7484375000000002 0.7812500000000002 0.7625000000000002 0.7812500000000002
0 0.6875000000000001 0.7171875 0.6703125 0.7171875 0.6703125000000001 0.740625 0.6875000000000002 0.740625
0 0.6015625 0.703125 0.5875 0.703125 0.5875 0.725 0.6015625 0.725
3 0.8390625 0.903125 0.815625 0.903125 0.815625 0.9359375 0.8390625 0.9359375
3 0.7343750000000002 0.7406250000000001 0.7187500000000002 0.740625 0.7187500000000002 0.7656250000000001 0.7343750000000002 0.7656250000000002
3 0.4828125000000002 0.7484375 0.4625000000000002 0.7484375 0.4625000000000002 0.7984375 0.4828125000000002 0.7984375
3 0.353125 0.02187500000000004 0.3296875 0.02187500000000004 0.3296875 0.06562500000000004 0.353125 0.06562500000000004
3 0.3625000000000001 0.6015625 0.3390625000000001 0.6015625 0.3390625000000001 0.640625 0.3625000000000001 0.640625
3 0.2968750000000001 0.6203125 0.2796875000000001 0.6203125 0.2796875000000001 0.646875 0.2968750000000001 0.646875
3 0.2234375000000001 0.715625 0.20312500000000008 0.715625 0.20312500000000008 0.740625 0.2234375000000001 0.740625
1 0.2406250000000001 0.73125 0.19531250000000008 0.73125 0.19531250000000008 0.8 0.2406250000000001 0.8
1 0.3390625000000001 0.55 0.3000000000000001 0.55 0.3000000000000001 0.6296875 0.3390625000000001 0.6296875
1 0.12343750000000013 0.940625 0.07343750000000011 0.940625 0.07343750000000011 0.9953125 0.12343750000000013 0.9953125
1 0.7609375000000002 0.7812500000000001 0.7093750000000002 0.78125 0.7093750000000002 0.834375 0.7609375000000002 0.834375
1 0.8046875 0.8140625 0.7562500000000002 0.8140625 0.7562500000000002 0.875 0.8046875 0.875
1 0.409375 0.2078125000000001 0.3703125 0.2078125000000001 0.3703125 0.27812500000000007 0.409375 0.27812500000000007
1 0.3765625 0.15156250000000004 0.3453125 0.15156250000000004 0.3453125 0.21718750000000003 0.3765625 0.2171875000000001
6 0.7640625000000002 0.7640625000000002 0.7328125000000002 0.7640625000000002 0.7328125000000002 0.80625 0.7640625000000002 0.80625
6 0.7171875000000002 0.7328125 0.6875000000000002 0.7328125 0.6875000000000002 0.765625 0.7171875000000002 0.765625