2 0.56875 0.4390625 0.553125 0.4390625 0.553125 0.484375 0.56875 0.484375
2 0.5640625 0.5734375 0.55 0.5734375 0.55 0.61875 0.5640625 0.61875
2 0.5453125 0.4078125 0.5203125 0.4078125 0.5203125 0.440625 0.5453125 0.440625
4 0.5453125 0.2171875000000001 0.5359375 0.2171875000000001 0.5359375 0.2468750000000001 0.5453125 0.2468750000000001
4 0.553125 0.2921875000000001 0.540625 0.2921875000000001 0.540625 0.3140625000000001 0.553125 0.3140625000000001
0 0.51875 0.13593750000000004 0.496875 0.13593750000000004 0.496875 0.15781250000000005 0.51875 0.15781250000000005
4 0.153125 0.1328125 0.1390625 0.1328125 0.1390625 0.15625 0.153125 0.15625
2 0.1109375 0.0921875 0.08750000000000002 0.0921875 0.08750000000000002 0.1359375 0.1109375 0.1359375
4 0.103125 0.05937500000000001 0.0890625 0.059375 0.0890625 0.08593750000000001 0.103125 0.08593750000000003
0 0.04062500000000001 0.0421875 0.017187500000000005 0.0421875 0.01718750000000001 0.0796875 0.04062500000000001 0.0796875
0 0.0546875 5.453505277453058e-18 0.034375 4.2097233720690266e-18 0.034375 0.026562500000000006 0.0546875 0.02656250000000001
4 0.021875000000000006 0.0421875 0.0062500000000000056 0.0421875 0.0062500000000000056 0.05625 0.021875000000000006 0.05625
4 0.023437500000000007 0.0515625 0.009375000000000005 0.0515625 0.009375000000000007 0.0703125 0.02343750000000001 0.0703125
4 0.14062500000000006 0.3390625 0.12656250000000005 0.3390625 0.12656250000000005 0.3609375 0.14062500000000006 0.3609375
2 0.35625 0.17812500000000003 0.33125 0.17812500000000003 0.33125 0.2046875 0.35625 0.2046875
2 0.3765625 0.16875000000000004 0.353125 0.16875000000000004 0.353125 0.19375000000000003 0.3765625 0.19375000000000003
2 0.3875 0.20312500000000006 0.3609375 0.203125 0.3609375 0.22968750000000004 0.3875 0.2296875000000001
4 0.3640625 0.21250000000000005 0.3484375 0.2125 0.3484375 0.23437500000000006 0.3640625 0.23437500000000008
4 0.4640625 0.13906250000000003 0.4484375 0.13906250000000003 0.4484375 0.15781250000000005 0.4640625 0.15781250000000005
4 0.4359375 0.14531250000000004 0.4203125 0.14531250000000004 0.4203125 0.15937500000000004 0.4359375 0.15937500000000004
4 0.4375 0.15156250000000004 0.41875 0.15156250000000004 0.41875 0.16718750000000004 0.4375 0.16718750000000004
4 0.43125 0.15937500000000004 0.4171875 0.15937500000000004 0.4171875 0.17343750000000005 0.43125 0.17343750000000005
4 0.4328125 0.16718750000000004 0.4171875 0.16718750000000004 0.4171875 0.18281250000000004 0.4328125 0.18281250000000004
4 0.4359375 0.17656250000000004 0.4171875 0.17656250000000004 0.4171875 0.19218750000000004 0.4359375 0.19218750000000004
2 0.43125 0.19062500000000004 0.40625 0.19062500000000004 0.40625 0.2140625000000001 0.43125 0.2140625000000001
4 0.41875 0.2078125000000001 0.4046875 0.2078125000000001 0.4046875 0.2218750000000001 0.41875 0.2218750000000001
4 0.43125 0.2093750000000001 0.415625 0.2093750000000001 0.415625 0.22656250000000008 0.43125 0.22656250000000008
4 0.425 0.2140625000000001 0.4078125 0.2140625000000001 0.4078125 0.2328125000000001 0.425 0.2328125000000001
4 0.43125 0.2218750000000001 0.415625 0.2218750000000001 0.415625 0.24218750000000008 0.43125 0.24218750000000008
2 0.403125 0.18593750000000003 0.3765625 0.18593750000000003 0.3765625 0.2156250000000001 0.403125 0.2156250000000001
2 0.409375 0.20312500000000008 0.384375 0.20312500000000008 0.384375 0.23437500000000008 0.409375 0.23437500000000008
2 0.5703125 0.06562500000000007 0.553125 0.06562500000000007 0.553125 0.10468750000000009 0.5703125 0.10468750000000009
2 0.553125 6.678152076600411e-17 0.5375 6.582476545417023e-17 0.5375 0.021875000000000068 0.553125 0.021875000000000068
2 0.6328125 7.663610047789296e-17 0.61875 7.577502069724248e-17 0.61875 0.028125000000000077 0.6328125 0.028125000000000077
2 0.6484375 7.845393557037732e-17 0.6328125 7.749718025854345e-17 0.6328125 0.02187500000000008 0.6484375 0.02187500000000008
2 0.634375 0.2000000000000001 0.6078125 0.2000000000000001 0.6078125 0.2296875000000001 0.634375 0.2296875000000001
2 0.653125 0.21875000000000008 0.628125 0.21875000000000008 0.628125 0.2453125000000001 0.653125 0.2453125000000001
2 0.6859375 0.2000000000000001 0.665625 0.2000000000000001 0.665625 0.22812500000000008 0.6859375 0.22812500000000008
2 0.7265625 0.2234375000000001 0.703125 0.2234375000000001 0.703125 0.2484375000000001 0.7265625 0.2484375000000001
4 0.6890625 0.11093750000000009 0.6765625 0.11093750000000009 0.6765625 0.1468750000000001 0.6890625 0.1468750000000001
4 0.70625 0.11718750000000008 0.696875 0.11718750000000008 0.696875 0.1453125000000001 0.70625 0.1453125000000001
4 0.715625 0.1218750000000001 0.70625 0.1218750000000001 0.70625 0.1437500000000001 0.715625 0.1437500000000001
2 0.7828125 0.20468750000000008 0.75625 0.20468750000000008 0.75625 0.2296875000000001 0.7828125 0.2296875000000001
2 0.7890625 0.14218750000000008 0.775 0.14218750000000008 0.775 0.18125000000000008 0.7890625 0.18125000000000008
2 0.834375 0.010937500000000102 0.8140625 0.0109375000000001 0.8140625 0.0562500000000001 0.834375 0.05625000000000011
2 0.8546875 0.17187500000000008 0.8296875 0.17187500000000008 0.8296875 0.19687500000000008 0.8546875 0.19687500000000008
2 0.8234375 0.22812500000000008 0.8 0.22812500000000008 0.8 0.2562500000000001 0.8234375 0.2562500000000001
2 0.8984375 0.2375000000000001 0.871875 0.2375000000000001 0.871875 0.2656250000000001 0.8984375 0.2656250000000001
0 0.8796875 0.2015625000000001 0.853125 0.2015625000000001 0.853125 0.2250000000000001 0.8796875 0.2250000000000001
4 0.86875 0.1828125000000001 0.8515625 0.1828125000000001 0.8515625 0.20312500000000008 0.86875 0.20312500000000008
4 0.975 0.20312500000000008 0.95625 0.20312500000000008 0.95625 0.22812500000000008 0.975 0.22812500000000008
4 0.9890625 0.22656250000000008 0.9734375 0.22656250000000008 0.9734375 0.2484375000000001 0.9890625 0.2484375000000001
2 0.9328125 0.21250000000000008 0.9078125 0.21250000000000008 0.9078125 0.2406250000000001 0.9328125 0.2406250000000001
2 0.95625 0.2296875000000001 0.93125 0.2296875000000001 0.93125 0.2562500000000001 0.95625 0.2562500000000001
2 0.9359375 0.2656250000000001 0.90625 0.2656250000000001 0.90625 0.2921875000000001 0.9359375 0.2921875000000001
3 0.9375 0.17187500000000014 0.9171875 0.17187500000000014 0.9171875 0.19531250000000014 0.9375 0.19531250000000014
2 0.953125 0.3937500000000001 0.928125 0.3937500000000001 0.928125 0.4187500000000002 0.953125 0.4187500000000002
3 1 0.37187500000000007 0.9703125 0.37187500000000007 0.9703125 0.3984375000000001 1 0.3984375000000001
3 0.94375 0.4234375000000002 0.9171875 0.4234375000000002 0.9171875 0.4500000000000002 0.94375 0.4500000000000002
2 0.89375 0.3687500000000001 0.8625 0.3687500000000001 0.8625 0.3937500000000001 0.89375 0.3937500000000001
2 0.9265625 0.3968750000000001 0.9015625 0.3968750000000001 0.9015625 0.4265625000000002 0.9265625 0.4265625000000002
2 0.921875 0.42187500000000017 0.8953125 0.42187500000000017 0.8953125 0.4500000000000002 0.921875 0.4500000000000002
4 0.8984375 0.4421875000000002 0.8828125 0.4421875000000002 0.8828125 0.46093750000000017 0.8984375 0.46093750000000017
2 0.8984375 0.3968750000000001 0.8734375 0.3968750000000001 0.8734375 0.4234375000000002 0.8984375 0.4234375000000002
2 0.8984375 0.41406250000000017 0.86875 0.41406250000000017 0.86875 0.4468750000000002 0.8984375 0.4468750000000002
4 0.8515625 0.43750000000000017 0.83125 0.43750000000000017 0.83125 0.45625000000000016 0.8515625 0.45625000000000016
4 0.8421875 0.4046875000000002 0.8234375 0.4046875000000002 0.8234375 0.42500000000000016 0.8421875 0.42500000000000016
2 0.8671875 0.40937500000000016 0.8421875 0.40937500000000016 0.8421875 0.4390625000000002 0.8671875 0.4390625000000002
2 0.8625 0.38750000000000007 0.834375 0.38750000000000007 0.834375 0.4125000000000002 0.8625 0.4125000000000002
1 0.8671875 0.3625000000000001 0.809375 0.3625000000000001 0.809375 0.3937500000000001 0.8671875 0.3937500000000001
2 0.8140625 0.42968750000000017 0.7890625 0.42968750000000017 0.7890625 0.4546875000000002 0.8140625 0.4546875000000002
2 0.790625 0.43281250000000016 0.7625 0.43281250000000016 0.7625 0.46093750000000017 0.790625 0.46093750000000017
0 0.834375 0.4109375000000002 0.8140625 0.4109375000000002 0.8140625 0.4359375000000002 0.834375 0.4359375000000002
0 0.8046875 0.4156250000000002 0.78125 0.4156250000000002 0.78125 0.44062500000000016 0.8046875 0.44062500000000016
2 0.7609375 0.3609375000000001 0.7328125 0.3609375000000001 0.7328125 0.3843750000000001 0.7609375 0.3843750000000001
2 0.784375 0.3593750000000001 0.759375 0.3593750000000001 0.759375 0.3859375000000001 0.784375 0.3859375000000001
2 0.8109375 0.3656250000000001 0.784375 0.3656250000000001 0.784375 0.3890625000000001 0.8109375 0.3890625000000001
2 0.784375 0.3828125000000001 0.7546875 0.3828125000000001 0.7546875 0.40937500000000016 0.784375 0.40937500000000016
2 0.8078125 0.3828125000000001 0.78125 0.3828125000000001 0.78125 0.40937500000000016 0.8078125 0.40937500000000016
4 0.8140625 0.40156250000000016 0.7984375 0.40156250000000016 0.7984375 0.42187500000000017 0.8140625 0.42187500000000017
4 0.8109375 0.4156250000000002 0.7984375 0.4156250000000002 0.7984375 0.4343750000000002 0.8109375 0.4343750000000002
4 0.8046875 0.40156250000000016 0.784375 0.40156250000000016 0.784375 0.41718750000000016 0.8046875 0.41718750000000016
4 0.796875 0.40625000000000017 0.78125 0.40625000000000017 0.78125 0.42500000000000016 0.796875 0.42500000000000016
4 0.5953125 0.5078125 0.5859375 0.5078125 0.5859375 0.5296875 0.5953125 0.5296875
2 0.6953125 0.4328125 0.6703125 0.4328125 0.6703125 0.4546875 0.6953125 0.4546875
2 0.725 0.43125 0.696875 0.43125 0.696875 0.4546875 0.725 0.4546875
2 0.6765625 0.3531250000000001 0.6515625 0.3531250000000001 0.6515625 0.3765625000000001 0.6765625 0.3765625000000001
2 0.70625 0.3531250000000001 0.68125 0.3531250000000001 0.68125 0.3781250000000001 0.70625 0.3781250000000001
2 0.7328125 0.35625000000000007 0.7078125 0.35625000000000007 0.7078125 0.3812500000000001 0.7328125 0.3812500000000001
2 0.684375 0.37968750000000007 0.6546875 0.37968750000000007 0.6546875 0.4046875 0.684375 0.4046875
2 0.709375 0.37968750000000007 0.68125 0.37968750000000007 0.68125 0.40625 0.709375 0.40625
2 0.734375 0.3750000000000001 0.709375 0.3750000000000001 0.709375 0.4046875000000001 0.734375 0.4046875000000002
2 0.7609375 0.3937500000000001 0.73125 0.3937500000000001 0.73125 0.4187500000000002 0.7609375 0.4187500000000002
4 0.6359375 0.39531250000000007 0.625 0.39531250000000007 0.625 0.4109375 0.6359375 0.4109375
4 0.6421875 0.403125 0.625 0.403125 0.625 0.41875 0.6421875 0.41875
4 0.653125 0.40625 0.6375 0.40625 0.6375 0.425 0.653125 0.425
4 0.6390625 0.3390625000000001 0.625 0.3390625000000001 0.625 0.3546875000000001 0.6390625 0.3546875000000001
4 0.6515625 0.34843750000000007 0.6375 0.34843750000000007 0.6375 0.36406250000000007 0.6515625 0.36406250000000007
2 0.6546875 0.3546875000000001 0.6265625 0.3546875000000001 0.6265625 0.3812500000000001 0.6546875 0.3812500000000001
4 0.6546875 0.37187500000000007 0.6390625 0.37187500000000007 0.6390625 0.3890625000000001 0.6546875 0.3890625000000001
4 0.571875 0.3187500000000001 0.5625 0.3187500000000001 0.5625 0.3421875000000001 0.571875 0.3421875000000001
4 0.565625 0.3078125000000001 0.5578125 0.3078125000000001 0.5578125 0.3312500000000001 0.565625 0.3312500000000001
4 0.63125 0.4171875 0.6171875 0.4171875 0.6171875 0.4359375 0.63125 0.4359375
4 0.640625 0.4203125 0.6265625 0.4203125 0.6265625 0.440625 0.640625 0.440625
4 0.65625 0.38750000000000007 0.64375 0.38750000000000007 0.64375 0.4015625 0.65625 0.4015625
4 0.7015625 0.403125 0.6859375 0.403125 0.6859375 0.4203125 0.7015625 0.4203125
4 0.70625 0.4125 0.690625 0.4125 0.690625 0.43125 0.70625 0.43125
4 0.7140625 0.41875 0.7015625 0.41875 0.7015625 0.4359375 0.7140625 0.4359375
4 0.7234375 0.4203125 0.7109375 0.4203125 0.7109375 0.4359375 0.7234375 0.4359375
4 0.7328125 0.4203125000000001 0.7171875 0.4203125 0.7171875 0.4406250000000001 0.7328125 0.44062500000000016
4 0.7484375 0.4203125000000002 0.7328125 0.4203125000000002 0.7328125 0.43750000000000017 0.7484375 0.43750000000000017
2 0.7859375 0.4000000000000002 0.75625 0.4000000000000002 0.75625 0.4312500000000002 0.7859375 0.4312500000000002
2 0.5312500000000002 0.975 0.5171875000000001 0.975 0.5171875000000001 1 0.5312500000000002 1
4 0.4875 0.6859375 0.475 0.6859375 0.475 0.7171875 0.4875 0.7171875
6 0.3625000000000001 0.39375 0.3343750000000001 0.39375 0.3343750000000001 0.4234375 0.3625000000000001 0.4234375
2 0.10156250000000008 0.5484375 0.07656250000000006 0.5484375 0.07656250000000006 0.575 0.10156250000000008 0.575
2 0.056250000000000064 0.540625 0.03593750000000007 0.540625 0.03593750000000007 0.565625 0.056250000000000064 0.565625
2 0.050000000000000065 0.565625 0.028125000000000067 0.565625 0.028125000000000074 0.5953125 0.050000000000000065 0.5953125
2 0.04375000000000008 0.653125 0.023437500000000076 0.653125 0.02343750000000008 0.678125 0.04375000000000008 0.678125
2 0.7671875 0.42968750000000017 0.740625 0.42968750000000017 0.740625 0.4578125000000002 0.7671875 0.4578125000000002
4 0.7390625 0.4375000000000001 0.7203125 0.4375 0.7203125 0.4562500000000001 0.7390625 0.45625000000000016
4 0.90625 0.4656250000000002 0.890625 0.4656250000000002 0.890625 0.4828125000000002 0.90625 0.4828125000000002
2 0.665625 0.4234375 0.6421875 0.4234375 0.6421875 0.4484375 0.665625 0.4484375
0 0.6921875 0.4140625 0.671875 0.4140625 0.671875 0.434375 0.6921875 0.434375
0 0.6765625 0.4078125 0.6546875 0.4078125 0.6546875 0.4296875 0.6765625 0.4296875
0 0.7421875 0.4093750000000001 0.721875 0.409375 0.721875 0.4296875000000001 0.7421875 0.42968750000000017
3 0.65 0.3765625000000001 0.6234375 0.3765625000000001 0.6234375 0.4015625 0.65 0.4015625
2 0.7234375 0.4015625 0.7 0.4015625 0.7 0.428125 0.7234375 0.428125
4 0.6734375 0.4203125 0.6546875 0.4203125 0.6546875 0.440625 0.6734375 0.440625
4 0.75625 0.4187500000000002 0.740625 0.4187500000000002 0.740625 0.4359375000000002 0.75625 0.4359375000000002
4 0.7703125 0.4156250000000002 0.7515625 0.4156250000000002 0.7515625 0.43750000000000017 0.7703125 0.43750000000000017
4 0.7828125 0.42187500000000017 0.765625 0.42187500000000017 0.765625 0.4390625000000002 0.7828125 0.4390625000000002
0 0.8015625 0.4156250000000002 0.7828125 0.4156250000000002 0.7828125 0.4359375000000002 0.8015625 0.4359375000000002
4 0.665625 0.4 0.653125 0.4 0.653125 0.4140625 0.665625 0.4140625
4 0.6765625 0.3984375000000001 0.6625 0.3984375000000001 0.6625 0.4140625 0.6765625 0.4140625
4 0.684375 0.4078125 0.671875 0.4078125 0.671875 0.41875 0.684375 0.41875
0 0.65625 0.4 0.6375 0.4 0.6375 0.4140625 0.65625 0.4140625
4 0.646875 0.4171875 0.6359375 0.4171875 0.6359375 0.43125 0.646875 0.43125
4 0.7515625 0.4109375000000002 0.740625 0.4109375000000002 0.740625 0.4265625000000002 0.7515625 0.4265625000000002
2 0.8359375 0.3906250000000001 0.809375 0.3906250000000001 0.809375 0.41406250000000017 0.8359375 0.41406250000000017
4 0.30937500000000007 0.571875 0.2953125000000001 0.571875 0.2953125000000001 0.5875 0.30937500000000007 0.5875
4 0.30937500000000007 0.58125 0.29375000000000007 0.58125 0.29375000000000007 0.5953125 0.30937500000000007 0.5953125
4 0.3046875000000001 0.5890625 0.2906250000000001 0.5890625 0.2906250000000001 0.6046875 0.3046875000000001 0.6046875
4 0.6390625 0.3453125000000001 0.625 0.3453125000000001 0.625 0.3625000000000001 0.6390625 0.3625000000000001