6 0.03906250000000006 0.478125 5.855342508423283e-17 0.478125 5.989288252080024e-17 0.5 0.03906250000000007 0.5
5 0.1609375000000001 0.6640625 0.12031250000000009 0.6640625 0.12031250000000009 0.6875 0.1609375000000001 0.6875
5 0.1859375000000001 0.628125 0.1453125000000001 0.628125 0.1453125000000001 0.6515625 0.1859375000000001 0.6515625
2 0.2250000000000001 0.521875 0.20468750000000008 0.521875 0.20468750000000008 0.5390625 0.2250000000000001 0.5390625
5 0.2390625000000001 0.475 0.19218750000000004 0.475 0.19218750000000004 0.496875 0.2390625000000001 0.496875
5 0.3156250000000001 0.625 0.2765625000000001 0.625 0.2765625000000001 0.64375 0.3156250000000001 0.64375
4 0.2843750000000001 0.565625 0.2640625000000001 0.565625 0.2640625000000001 0.5765625 0.2843750000000001 0.5765625
5 0.2843750000000001 0.5390625 0.2375000000000001 0.5390625 0.2375000000000001 0.559375 0.2843750000000001 0.559375
4 0.2984375000000001 0.459375 0.2843750000000001 0.459375 0.2843750000000001 0.475 0.2984375000000001 0.475
4 0.3312500000000001 0.4515625 0.3109375000000001 0.4515625 0.3109375000000001 0.46875 0.3312500000000001 0.46875
3 0.4125 0.5953125 0.3890625000000001 0.5953125 0.3890625000000001 0.615625 0.4125 0.615625
6 0.5265625 0.6125 0.4953125 0.6125 0.4953125 0.634375 0.5265625 0.634375
3 0.603125 0.6171875 0.584375 0.6171875 0.584375 0.63125 0.603125 0.63125
3 0.5140625 0.546875 0.4953125 0.546875 0.4953125 0.5671875 0.5140625 0.5671875
6 0.628125 0.53125 0.596875 0.53125 0.596875 0.5546875 0.628125 0.5546875
4 0.6 0.5578125 0.5921875 0.5578125 0.5921875 0.571875 0.6 0.571875
2 0.734375 0.6078125000000001 0.7140625 0.6078125 0.7140625 0.628125 0.734375 0.6281250000000002
2 0.740625 0.6406250000000002 0.73125 0.6406250000000002 0.73125 0.6703125000000002 0.740625 0.6703125000000002
5 0.65625 0.465625 0.6109375 0.465625 0.6109375 0.4875 0.65625 0.4875
2 0.625 0.45 0.60625 0.45 0.60625 0.4609375 0.625 0.4609375
3 0.7078125 0.509375 0.6890625 0.509375 0.6890625 0.528125 0.7078125 0.528125
2 0.7328125 0.4609375000000001 0.7140625 0.4609375 0.7140625 0.4765625000000001 0.7328125 0.47656250000000017
2 0.746875 0.43750000000000017 0.7265625 0.43750000000000017 0.7265625 0.4546875000000002 0.746875 0.4546875000000002
1 0.7015625 0.3734375000000001 0.6578125 0.3734375000000001 0.6578125 0.4 0.7015625 0.4
5 0.7609375 0.3750000000000001 0.7125 0.3750000000000001 0.7125 0.3984375000000001 0.7609375 0.3984375000000001
6 0.809375 0.4234375000000002 0.78125 0.4234375000000002 0.78125 0.4500000000000002 0.809375 0.4500000000000002
0 0.7828125 0.6031250000000001 0.771875 0.6031250000000001 0.771875 0.6156250000000002 0.7828125 0.6156250000000002
4 0.78125 0.6218750000000002 0.771875 0.6218750000000002 0.771875 0.6375000000000002 0.78125 0.6375000000000002
2 0.834375 0.5765625000000002 0.8171875 0.5765625000000002 0.8171875 0.5906250000000002 0.834375 0.5906250000000002
0 0.8453125 0.6015625000000002 0.8328125 0.6015625000000002 0.8328125 0.6125000000000002 0.8453125 0.6125000000000002
4 0.8453125 0.5921875000000002 0.834375 0.5921875000000002 0.834375 0.6000000000000002 0.8453125 0.6000000000000002
4 0.875 0.5937500000000002 0.8640625 0.5937500000000002 0.8640625 0.6046875000000002 0.875 0.6046875000000002
6 0.853125 0.5312500000000002 0.81875 0.5312500000000002 0.81875 0.5515625000000002 0.853125 0.5515625000000002
1 0.9203125 0.5109375000000002 0.8703125 0.5109375000000002 0.8703125 0.5343750000000002 0.9203125 0.5343750000000002
6 0.9 0.4031250000000002 0.865625 0.4031250000000002 0.865625 0.42500000000000016 0.9 0.42500000000000016
2 0.36875 0.27968750000000003 0.35 0.2796875 0.35 0.30156250000000007 0.36875 0.30156250000000007
2 0.528125 0.3140625000000001 0.5171875 0.3140625000000001 0.5171875 0.3437500000000001 0.528125 0.3437500000000001
2 0.5390625 0.3140625000000001 0.5296875 0.3140625000000001 0.5296875 0.3437500000000001 0.5390625 0.3437500000000001
2 0.578125 0.3046875000000001 0.5703125 0.3046875000000001 0.5703125 0.33281250000000007 0.578125 0.33281250000000007
2 0.5921875 0.3046875000000001 0.58125 0.3046875000000001 0.58125 0.33281250000000007 0.5921875 0.33281250000000007