4 0.03437500000000006 0.4390625 0.018750000000000055 0.4390625 0.018750000000000055 0.4546875 0.03437500000000006 0.4546875
4 0.037500000000000054 0.428125 0.02343750000000005 0.428125 0.023437500000000052 0.4375 0.037500000000000054 0.4375
4 0.06875000000000005 0.43125 0.051562500000000046 0.43125 0.051562500000000046 0.4453125 0.06875000000000005 0.4453125
4 0.10625000000000004 0.4234375 0.09218750000000005 0.4234375 0.09218750000000005 0.4375 0.10625000000000004 0.4375
4 0.11562500000000005 0.5140625 0.10156250000000004 0.5140625 0.10156250000000004 0.5328125 0.11562500000000005 0.5328125
4 0.1312500000000001 0.55 0.11250000000000009 0.55 0.11250000000000009 0.565625 0.1312500000000001 0.565625
4 0.16718750000000004 0.403125 0.15000000000000005 0.403125 0.15000000000000005 0.421875 0.16718750000000004 0.421875
4 0.17968750000000006 0.4140625 0.16406250000000006 0.4140625 0.16406250000000006 0.4265625 0.17968750000000006 0.4265625
4 0.18125000000000005 0.4265625 0.16562500000000005 0.4265625 0.16562500000000005 0.440625 0.18125000000000005 0.440625
4 0.2000000000000001 0.43125 0.18593750000000003 0.43125 0.18593750000000003 0.453125 0.2000000000000001 0.453125
4 0.2312500000000001 0.440625 0.22031250000000008 0.440625 0.22031250000000008 0.45625 0.2312500000000001 0.45625
4 0.2500000000000001 0.4140625 0.23593750000000008 0.4140625 0.23593750000000008 0.425 0.2500000000000001 0.425
4 0.2296875000000001 0.503125 0.2140625000000001 0.503125 0.2140625000000001 0.525 0.2296875000000001 0.525
4 0.03906250000000007 0.521875 0.021875000000000068 0.521875 0.021875000000000068 0.54375 0.03906250000000007 0.54375
4 0.2640625000000001 0.434375 0.2531250000000001 0.434375 0.2531250000000001 0.453125 0.2640625000000001 0.453125
4 0.32500000000000007 0.4390625 0.3109375000000001 0.4390625 0.3109375000000001 0.453125 0.32500000000000007 0.453125
4 0.34062500000000007 0.4140625 0.3265625000000001 0.4140625 0.3265625000000001 0.43125 0.34062500000000007 0.43125
4 0.3656250000000001 0.4046875 0.3531250000000001 0.4046875 0.3531250000000001 0.41875 0.3656250000000001 0.41875
4 0.3609375000000001 0.4328125 0.3500000000000001 0.4328125 0.3500000000000001 0.4453125 0.3609375000000001 0.4453125
4 0.3468750000000001 0.4453125 0.3359375000000001 0.4453125 0.3359375000000001 0.459375 0.3468750000000001 0.459375
4 0.3656250000000001 0.4453125 0.3531250000000001 0.4453125 0.3531250000000001 0.45625 0.3656250000000001 0.45625
4 0.3671875000000001 0.45625 0.3515625000000001 0.45625 0.3515625000000001 0.4671875 0.3671875000000001 0.4671875
4 0.3140625000000001 0.5390625 0.3031250000000001 0.5390625 0.3031250000000001 0.553125 0.3140625000000001 0.553125
4 0.3812500000000001 0.540625 0.3671875000000001 0.540625 0.3671875000000001 0.553125 0.3812500000000001 0.553125
4 0.3750000000000001 0.53125 0.36406250000000007 0.53125 0.36406250000000007 0.540625 0.3750000000000001 0.540625
4 0.3859375000000001 0.51875 0.3750000000000001 0.51875 0.3750000000000001 0.528125 0.3859375000000001 0.528125
4 0.4 0.5359375 0.3890625000000001 0.5359375 0.3890625000000001 0.546875 0.4 0.546875
4 0.4140625 0.51875 0.403125 0.51875 0.403125 0.5296875 0.4140625 0.5296875
4 0.4203125 0.5296875 0.40625 0.5296875 0.40625 0.54375 0.4203125 0.54375
4 0.4359375 0.5453125 0.4234375 0.5453125 0.4234375 0.559375 0.4359375 0.559375
4 0.459375 0.55 0.4484375 0.55 0.4484375 0.5625 0.459375 0.5625
4 0.478125 0.5171875 0.4640625 0.5171875 0.4640625 0.5296875 0.478125 0.5296875
4 0.49375 0.5109375 0.4796875 0.5109375 0.4796875 0.521875 0.49375 0.521875
4 0.4984375 0.5234375 0.484375 0.5234375 0.484375 0.534375 0.4984375 0.534375
4 0.4890625 0.4171875 0.478125 0.4171875 0.478125 0.43125 0.4890625 0.43125
4 0.5171875 0.4375 0.5046875 0.4375 0.5046875 0.453125 0.5171875 0.453125
4 0.4796875 0.40625 0.4671875 0.40625 0.4671875 0.4171875 0.4796875 0.4171875
2 0.09062500000000005 0.4484375 0.06250000000000004 0.4484375 0.06250000000000006 0.4703125 0.09062500000000007 0.4703125
2 0.3031250000000001 0.509375 0.2734375000000001 0.509375 0.2734375000000001 0.534375 0.3031250000000001 0.534375
2 0.27812500000000007 0.4484375 0.25468750000000007 0.4484375 0.25468750000000007 0.4640625 0.27812500000000007 0.4640625
2 0.17031250000000003 0.4421875 0.14375000000000004 0.4421875 0.14375000000000004 0.4703125 0.17031250000000003 0.4703125
2 0.3625000000000001 0.5078125 0.34062500000000007 0.5078125 0.34062500000000007 0.5359375 0.3625000000000001 0.5359375
2 0.453125 0.503125 0.428125 0.503125 0.428125 0.534375 0.453125 0.534375
2 0.5515625 0.5109375 0.5265625 0.5109375 0.5265625 0.534375 0.5515625 0.534375
6 0.2500000000000001 0.5296875 0.2156250000000001 0.5296875 0.2156250000000001 0.559375 0.2500000000000001 0.559375
0 0.2218750000000001 0.4109375 0.20468750000000008 0.4109375 0.20468750000000008 0.4390625 0.2218750000000001 0.4390625
0 0.3156250000000001 0.41875 0.2968750000000001 0.41875 0.2968750000000001 0.44375 0.3156250000000001 0.44375
0 0.3812500000000001 0.4140625 0.3625000000000001 0.4140625 0.3625000000000001 0.4390625 0.3812500000000001 0.4390625
0 0.425 0.4171875 0.4046875 0.4171875 0.4046875 0.4390625 0.425 0.4390625
0 0.4578125 0.415625 0.4390625 0.415625 0.4390625 0.4375 0.4578125 0.4375
0 0.4859375 0.5265625 0.471875 0.5265625 0.471875 0.55 0.4859375 0.55
4 0.5953125 0.421875 0.58125 0.421875 0.58125 0.4453125 0.5953125 0.4453125
4 0.60625 0.5265625 0.590625 0.5265625 0.590625 0.5515625 0.60625 0.5515625
4 0.621875 0.54375 0.6 0.54375 0.6 0.5640625 0.621875 0.5640625
4 0.565625 0.5203125 0.5515625 0.5203125 0.5515625 0.5390625 0.565625 0.5390625
4 0.56875 0.5421875 0.5515625 0.5421875 0.5515625 0.5546875 0.56875 0.5546875
4 0.6609375 0.5109375 0.6453125 0.5109375 0.6453125 0.528125 0.6609375 0.528125
4 0.6875 0.5109375 0.6765625 0.5109375 0.6765625 0.525 0.6875 0.525
4 0.7046875 0.5046875 0.69375 0.5046875 0.69375 0.5234375 0.7046875 0.5234375
4 0.7375 0.5046875000000001 0.7234375 0.5046875 0.7234375 0.5234375000000001 0.7375 0.5234375000000002
4 0.715625 0.4046875 0.7015625 0.4046875 0.7015625 0.4234375 0.715625 0.4234375
4 0.7578125 0.4125000000000002 0.7421875 0.4125000000000002 0.7421875 0.42500000000000016 0.7578125 0.42500000000000016
4 0.80625 0.41406250000000017 0.7921875 0.41406250000000017 0.7921875 0.43281250000000016 0.80625 0.43281250000000016
4 0.8265625 0.40156250000000016 0.8125 0.40156250000000016 0.8125 0.4234375000000002 0.8265625 0.4234375000000002
4 0.859375 0.41718750000000016 0.8453125 0.41718750000000016 0.8453125 0.44062500000000016 0.859375 0.44062500000000016
4 0.878125 0.4312500000000002 0.8625 0.4312500000000002 0.8625 0.44531250000000017 0.878125 0.44531250000000017
4 0.7890625 0.5234375000000002 0.771875 0.5234375000000002 0.771875 0.5375000000000002 0.7890625 0.5375000000000002
4 0.7484375 0.5531250000000002 0.7375 0.5531250000000002 0.7375 0.5703125000000002 0.7484375 0.5703125000000002
4 0.7875 0.5093750000000001 0.7734375 0.5093750000000001 0.7734375 0.5250000000000001 0.7875 0.5250000000000001
4 0.83125 0.5328125000000001 0.8171875 0.5328125000000001 0.8171875 0.5515625000000002 0.83125 0.5515625000000002
4 0.8484375 0.5218750000000002 0.8359375 0.5218750000000002 0.8359375 0.5421875000000002 0.8484375 0.5421875000000002
4 0.840625 0.5109375000000002 0.828125 0.5109375000000002 0.828125 0.5265625000000002 0.840625 0.5265625000000002
4 0.859375 0.5093750000000001 0.84375 0.5093750000000001 0.84375 0.5250000000000001 0.859375 0.5250000000000001
4 0.9046875 0.5125000000000002 0.8859375 0.5125000000000002 0.8859375 0.5296875000000002 0.9046875 0.5296875000000002
4 0.921875 0.5265625000000002 0.9078125 0.5265625000000002 0.9078125 0.5406250000000001 0.921875 0.5406250000000001
4 0.90625 0.5546875000000002 0.8875 0.5546875000000002 0.8875 0.5703125000000002 0.90625 0.5703125000000002
4 0.965625 0.5281250000000002 0.9515625 0.5281250000000002 0.9515625 0.5484375000000001 0.965625 0.5484375000000001
4 0.9265625 0.4500000000000002 0.909375 0.4500000000000002 0.909375 0.4625000000000002 0.9265625 0.4625000000000002
4 0.928125 0.4312500000000002 0.9109375 0.4312500000000002 0.9109375 0.44531250000000017 0.928125 0.44531250000000017
4 0.9640625 0.4109375000000002 0.9453125 0.4109375000000002 0.9453125 0.4312500000000002 0.9640625 0.4312500000000002
4 0.9921875 0.4203125000000002 0.9734375 0.4203125000000002 0.9734375 0.4390625000000002 0.9921875 0.4390625000000002
4 0.96875 0.4359375000000002 0.9546875 0.4359375000000002 0.9546875 0.4500000000000002 0.96875 0.4500000000000002
2 0.94375 0.5031250000000002 0.91875 0.5031250000000002 0.91875 0.5312500000000002 0.94375 0.5312500000000002
2 1 0.5125000000000002 0.9796875 0.5125000000000002 0.9796875 0.5437500000000002 1 0.5437500000000002
2 1 0.4437500000000002 0.9796875 0.4437500000000002 0.9796875 0.4656250000000002 1 0.4656250000000002
0 0.9015625 0.5390625000000002 0.88125 0.5390625000000002 0.88125 0.5593750000000002 0.9015625 0.5593750000000002
0 0.8 0.5390625000000002 0.778125 0.5390625000000002 0.778125 0.5609375000000002 0.8 0.5609375000000002
0 0.759375 0.5328125000000001 0.740625 0.5328125000000001 0.740625 0.5531250000000002 0.759375 0.5531250000000002
0 0.6890625 0.525 0.6703125 0.525 0.6703125 0.54375 0.6890625 0.54375
0 0.671875 0.5484375 0.6515625 0.5484375 0.6515625 0.565625 0.671875 0.565625
6 0.08906250000000004 0.40625 0.06406250000000005 0.40625 0.06406250000000005 0.428125 0.08906250000000004 0.428125
4 0.12187500000000004 0.4484375 0.11093750000000005 0.4484375 0.11093750000000005 0.4578125 0.12187500000000004 0.4578125
4 0.018750000000000065 0.5515625 0.004687500000000068 0.5515625 0.004687500000000068 0.5625 0.018750000000000065 0.5625
0 0.03906250000000007 0.5390625 0.029687500000000068 0.5390625 0.029687500000000068 0.5546875 0.03906250000000007 0.5546875
0 0.09843750000000007 0.534375 0.07656250000000006 0.534375 0.07656250000000006 0.5578125 0.09843750000000007 0.5578125
6 0.27812500000000007 0.41875 0.2593750000000001 0.41875 0.2593750000000001 0.440625 0.27812500000000007 0.440625
1 0.4296875 0.44375 0.3765625000000001 0.44375 0.3765625000000001 0.4703125 0.4296875 0.4703125
0 0.3531250000000001 0.5421875 0.3375000000000001 0.5421875 0.3375000000000001 0.5625 0.3531250000000001 0.5625
4 0.534375 0.5484375 0.51875 0.5484375 0.51875 0.565625 0.534375 0.565625
4 0.540625 0.5296875 0.5234375 0.5296875 0.5234375 0.5453125 0.540625 0.5453125