0 0.12656250000000005 0.375 0.10781250000000005 0.375 0.10781250000000005 0.3984375 0.12656250000000005 0.3984375
4 0.06250000000000007 0.4875 0.04843750000000006 0.4875 0.048437500000000064 0.5 0.06250000000000007 0.5
2 0.042187500000000065 0.525 0.017187500000000067 0.525 0.017187500000000067 0.5453125 0.042187500000000065 0.5453125
2 0.06250000000000007 0.5390625 0.042187500000000065 0.5390625 0.042187500000000065 0.5578125 0.06250000000000007 0.5578125
2 0.08750000000000006 0.5375 0.06562500000000007 0.5375 0.06562500000000007 0.5625 0.08750000000000006 0.5625
2 0.050000000000000065 0.5609375 0.03593750000000007 0.5609375 0.035937500000000074 0.59375 0.050000000000000065 0.59375
2 0.06250000000000007 0.5609375 0.050000000000000065 0.5609375 0.050000000000000065 0.5953125 0.06250000000000007 0.5953125
2 0.1062500000000001 0.5671875 0.08125000000000007 0.5671875 0.08125000000000007 0.5890625 0.1062500000000001 0.5890625
2 0.1937500000000001 0.5984375 0.1703125000000001 0.5984375 0.1703125000000001 0.625 0.1937500000000001 0.625
2 0.10937500000000008 0.634375 0.08906250000000007 0.634375 0.08906250000000007 0.6625 0.10937500000000008 0.6625
2 0.10468750000000009 0.6640625 0.07968750000000009 0.6640625 0.07968750000000009 0.7 0.10468750000000009 0.7
2 0.0984375000000001 0.703125 0.07656250000000009 0.703125 0.07656250000000009 0.734375 0.0984375000000001 0.734375
4 0.14062500000000006 0.5375 0.12812500000000004 0.5375 0.12812500000000007 0.55625 0.14062500000000008 0.55625
4 0.18125000000000008 0.5625 0.1703125000000001 0.5625 0.1703125000000001 0.5765625 0.18125000000000008 0.5765625
6 0.2171875000000001 0.5359375 0.17031250000000003 0.5359375 0.17031250000000006 0.58125 0.2171875000000001 0.58125
1 0.22812500000000008 0.46875 0.16718750000000004 0.46875 0.16718750000000004 0.521875 0.22812500000000008 0.521875
4 0.20468750000000008 0.4375 0.19218750000000004 0.4375 0.19218750000000004 0.4578125 0.20468750000000008 0.4578125
6 0.33281250000000007 0.5703125 0.2765625000000001 0.5703125 0.2765625000000001 0.6234375 0.33281250000000007 0.6234375
4 0.3984375000000001 0.5921875 0.3859375000000001 0.5921875 0.3859375000000001 0.609375 0.3984375000000001 0.609375
6 0.4578125 0.5296875 0.40625 0.5296875 0.40625 0.5828125 0.4578125 0.5828125
1 0.3281250000000001 0.5015625 0.2687500000000001 0.5015625 0.2687500000000001 0.540625 0.3281250000000001 0.540625
1 0.3843750000000001 0.515625 0.3343750000000001 0.515625 0.3343750000000001 0.55 0.3843750000000001 0.55
0 0.31718750000000007 0.4390625 0.30156250000000007 0.4390625 0.30156250000000007 0.459375 0.31718750000000007 0.459375
0 0.31718750000000007 0.45625 0.3000000000000001 0.45625 0.3000000000000001 0.4765625 0.31718750000000007 0.4765625
2 0.3187500000000001 0.4765625 0.29375000000000007 0.4765625 0.29375000000000007 0.4953125 0.3187500000000001 0.4953125
4 0.3937500000000001 0.409375 0.37968750000000007 0.409375 0.37968750000000007 0.425 0.3937500000000001 0.425
2 0.3437500000000001 0.4578125 0.3187500000000001 0.4578125 0.3187500000000001 0.4765625 0.3437500000000001 0.4765625
3 0.3531250000000001 0.478125 0.3234375000000001 0.478125 0.3234375000000001 0.4953125 0.3531250000000001 0.4953125
2 0.39531250000000007 0.4484375 0.37187500000000007 0.4484375 0.37187500000000007 0.465625 0.39531250000000007 0.465625
2 0.39531250000000007 0.46875 0.3734375000000001 0.46875 0.3734375000000001 0.484375 0.39531250000000007 0.484375
2 0.4 0.484375 0.3765625000000001 0.484375 0.3765625000000001 0.503125 0.4 0.503125
2 0.3765625000000001 0.484375 0.3546875000000001 0.484375 0.3546875000000001 0.5 0.3765625000000001 0.5
0 0.3546875000000001 0.4375 0.34062500000000007 0.4375 0.34062500000000007 0.45 0.3546875000000001 0.45
0 0.36406250000000007 0.446875 0.34843750000000007 0.446875 0.34843750000000007 0.4625 0.36406250000000007 0.4625
4 0.3375000000000001 0.4375 0.3281250000000001 0.4375 0.3281250000000001 0.4484375 0.3375000000000001 0.4484375
4 0.3265625000000001 0.44375 0.31718750000000007 0.44375 0.31718750000000007 0.4546875 0.3265625000000001 0.4546875
4 0.35625000000000007 0.4265625 0.3468750000000001 0.4265625 0.3468750000000001 0.4375 0.35625000000000007 0.4375
4 0.3781250000000001 0.43125 0.3687500000000001 0.43125 0.3687500000000001 0.440625 0.3781250000000001 0.440625
4 0.3968750000000001 0.4390625 0.3906250000000001 0.4390625 0.3906250000000001 0.4484375 0.3968750000000001 0.4484375
4 0.36406250000000007 0.4640625 0.3531250000000001 0.4640625 0.3531250000000001 0.4734375 0.36406250000000007 0.4734375
4 0.36406250000000007 0.4734375 0.3531250000000001 0.4734375 0.3531250000000001 0.4828125 0.36406250000000007 0.4828125
4 0.3750000000000001 0.471875 0.36406250000000007 0.471875 0.36406250000000007 0.4828125 0.3750000000000001 0.4828125
4 0.3515625000000001 0.4671875 0.3453125000000001 0.4671875 0.3453125000000001 0.4765625 0.3515625000000001 0.4765625
4 0.3671875000000001 0.4296875 0.3578125000000001 0.4296875 0.3578125000000001 0.440625 0.3671875000000001 0.440625
4 0.38750000000000007 0.440625 0.3781250000000001 0.440625 0.3781250000000001 0.4484375 0.38750000000000007 0.4484375
4 0.3765625000000001 0.440625 0.3671875000000001 0.440625 0.3671875000000001 0.4484375 0.3765625000000001 0.4484375
4 0.3937500000000001 0.3671875000000001 0.3843750000000001 0.3671875000000001 0.3843750000000001 0.3890625000000001 0.3937500000000001 0.3890625000000001
4 0.403125 0.3656250000000001 0.39531250000000007 0.3656250000000001 0.39531250000000007 0.3906250000000001 0.403125 0.3906250000000001
4 0.4234375 0.3312500000000001 0.4140625 0.3312500000000001 0.4140625 0.3500000000000001 0.4234375 0.3500000000000001
4 0.4109375 0.3625000000000001 0.40625 0.3625000000000001 0.40625 0.3843750000000001 0.4109375 0.3843750000000001
4 0.41875 0.3656250000000001 0.4140625 0.3656250000000001 0.4140625 0.3843750000000001 0.41875 0.3843750000000001
4 0.4265625 0.3625000000000001 0.421875 0.3625000000000001 0.421875 0.3812500000000001 0.4265625 0.3812500000000001
4 0.4359375 0.3593750000000001 0.4296875 0.3593750000000001 0.4296875 0.3781250000000001 0.4359375 0.3781250000000001
4 0.43125 0.3296875000000001 0.425 0.3296875000000001 0.425 0.3453125000000001 0.43125 0.3453125000000001
4 0.440625 0.31718750000000007 0.43125 0.31718750000000007 0.43125 0.3265625000000001 0.440625 0.3265625000000001
4 0.4421875 0.3031250000000001 0.4296875 0.3031250000000001 0.4296875 0.31718750000000007 0.4421875 0.31718750000000007
4 0.44375 0.3375000000000001 0.434375 0.3375000000000001 0.434375 0.3515625000000001 0.44375 0.3515625000000001
4 0.4484375 0.3281250000000001 0.440625 0.3281250000000001 0.440625 0.3421875000000001 0.4484375 0.3421875000000001
4 0.459375 0.31718750000000007 0.446875 0.31718750000000007 0.446875 0.3265625000000001 0.459375 0.3265625000000001
4 0.4546875 0.2921875000000001 0.4453125 0.2921875000000001 0.4453125 0.3062500000000001 0.4546875 0.3062500000000001
4 0.4625 0.2765625000000001 0.4515625 0.2765625000000001 0.4515625 0.2906250000000001 0.4625 0.2906250000000001
4 0.4703125 0.2875000000000001 0.4609375 0.2875000000000001 0.4609375 0.3000000000000001 0.4703125 0.3000000000000001
0 0.478125 0.2984375000000001 0.4640625 0.2984375000000001 0.4640625 0.3203125000000001 0.478125 0.3203125000000001
6 0.525 0.3703125000000001 0.484375 0.3703125000000001 0.484375 0.45 0.525 0.45
4 0.55 0.3984375000000001 0.540625 0.3984375000000001 0.540625 0.4203125 0.55 0.4203125
0 0.55 0.428125 0.5359375 0.428125 0.5359375 0.459375 0.55 0.459375
0 0.565625 0.4234375 0.553125 0.4234375 0.553125 0.453125 0.565625 0.453125
0 0.5296875 0.5296875 0.51875 0.5296875 0.51875 0.5640625 0.5296875 0.5640625
0 0.5375 0.5375 0.53125 0.5375 0.53125 0.5640625 0.5375 0.5640625
0 0.546875 0.5546875 0.5375 0.5546875 0.5375 0.5828125 0.546875 0.5828125
0 0.5265625 0.603125 0.5125 0.603125 0.5125 0.634375 0.5265625 0.634375
0 0.45625 0.65625 0.4421875 0.65625 0.4421875 0.6875 0.45625 0.6875
4 0.3859375000000001 0.803125 0.3750000000000001 0.803125 0.3750000000000001 0.821875 0.3859375000000001 0.821875
4 0.40625000000000017 0.8140625 0.3921875000000001 0.8140625 0.3921875000000001 0.8359375 0.40625000000000017 0.8359375
0 0.3500000000000001 0.76875 0.3312500000000001 0.76875 0.3312500000000001 0.7984375 0.3500000000000001 0.7984375
0 0.5171875 0.6890625 0.5015625 0.6890625 0.5015625 0.7140625 0.5171875 0.7140625
0 0.5015625000000001 0.75625 0.49218750000000017 0.75625 0.49218750000000017 0.7828125 0.5015625000000001 0.7828125
0 0.5078125000000001 0.71875 0.4984375 0.71875 0.4984375000000001 0.7453125 0.5078125000000002 0.7453125
4 0.5015625000000001 0.7078125 0.4921875 0.7078125 0.4921875000000001 0.728125 0.5015625000000001 0.728125
0 0.4468750000000002 0.890625 0.4359375000000002 0.890625 0.4359375000000002 0.921875 0.4468750000000002 0.921875
0 0.48437500000000017 0.8953125 0.4734375000000002 0.8953125 0.4734375000000002 0.9203125 0.48437500000000017 0.9203125
0 0.4359375000000002 0.9125 0.42500000000000016 0.9125 0.42500000000000016 0.940625 0.4359375000000002 0.940625
0 0.4500000000000002 0.9390625 0.4390625000000002 0.9390625 0.4390625000000002 0.9671875 0.4500000000000002 0.9671875
4 0.46406250000000016 0.86875 0.4546875000000002 0.86875 0.4546875000000002 0.8921875 0.46406250000000016 0.8921875
4 0.47187500000000016 0.840625 0.4625000000000002 0.840625 0.4625000000000002 0.8640625 0.47187500000000016 0.8640625
4 0.49531250000000016 0.8328125 0.4890625000000002 0.8328125 0.4890625000000002 0.853125 0.49531250000000016 0.853125
0 0.4515625000000002 0.809375 0.44062500000000016 0.809375 0.44062500000000016 0.8359375 0.4515625000000002 0.8359375
0 0.47187500000000016 0.8140625 0.4578125000000002 0.8140625 0.4578125000000002 0.8375 0.47187500000000016 0.8375
0 0.43281250000000016 0.7546875 0.4234375000000002 0.7546875 0.4234375000000002 0.78125 0.43281250000000016 0.78125
4 0.4390625000000002 0.7484375 0.4343750000000002 0.7484375 0.4343750000000002 0.7671875 0.4390625000000002 0.7671875
4 0.4234375000000002 0.7921875 0.41406250000000017 0.7921875 0.41406250000000017 0.8109375 0.4234375000000002 0.8109375
4 0.4437500000000002 0.7890625 0.43750000000000017 0.7890625 0.43750000000000017 0.80625 0.4437500000000002 0.80625
4 0.43281250000000016 0.784375 0.4234375000000002 0.784375 0.4234375000000002 0.7984375 0.43281250000000016 0.7984375
4 0.4671875000000002 0.759375 0.46093750000000017 0.759375 0.46093750000000017 0.7828125 0.4671875000000002 0.7828125
4 0.4515625000000002 0.759375 0.4468750000000002 0.759375 0.4468750000000002 0.784375 0.4515625000000002 0.784375
4 0.4437500000000002 0.76875 0.4390625000000002 0.76875 0.4390625000000002 0.7859375 0.4437500000000002 0.7859375
0 0.46875000000000017 0.784375 0.4578125000000002 0.784375 0.4578125000000002 0.8125 0.46875000000000017 0.8125
2 0.4593750000000002 0.759375 0.4515625000000002 0.759375 0.4515625000000002 0.784375 0.4593750000000002 0.784375
4 0.5125 0.2156250000000001 0.503125 0.2156250000000001 0.503125 0.2406250000000001 0.5125 0.2406250000000001
2 0.4984375 0.17031250000000003 0.484375 0.17031250000000003 0.484375 0.20468750000000008 0.4984375 0.20468750000000008
2 0.521875 0.08437500000000006 0.50625 0.08437500000000006 0.50625 0.12343750000000005 0.521875 0.12343750000000005
4 0.5375 0.09687500000000007 0.528125 0.09687500000000007 0.528125 0.11562500000000005 0.5375 0.11562500000000005
4 0.5328125 0.07031250000000007 0.5234375 0.07031250000000007 0.5234375 0.09218750000000006 0.5328125 0.09218750000000006
0 0.5671875 0.3187500000000001 0.55625 0.3187500000000001 0.55625 0.3468750000000001 0.5671875 0.3468750000000001
4 0.5859375 0.32500000000000007 0.5765625 0.32500000000000007 0.5765625 0.3453125000000001 0.5859375 0.3453125000000001
0 0.584375 0.24218750000000008 0.575 0.24218750000000008 0.575 0.2765625000000001 0.584375 0.2765625000000001
4 0.5671875 0.2875000000000001 0.5546875 0.2875000000000001 0.5546875 0.3125000000000001 0.5671875 0.3125000000000001
0 0.5921875 0.19687500000000008 0.5796875 0.19687500000000008 0.5796875 0.22656250000000008 0.5921875 0.22656250000000008
4 0.5875 0.1843750000000001 0.578125 0.1843750000000001 0.578125 0.20312500000000008 0.5875 0.20312500000000008
1 0.58125 0.1921875000000001 0.55625 0.1921875000000001 0.55625 0.2812500000000001 0.58125 0.2812500000000001
4 0.584375 0.1437500000000001 0.575 0.1437500000000001 0.575 0.1687500000000001 0.584375 0.1687500000000001
0 0.590625 0.14843750000000008 0.5828125 0.14843750000000008 0.5828125 0.1781250000000001 0.590625 0.1781250000000001
0 0.59375 0.10468750000000009 0.5828125 0.10468750000000009 0.5828125 0.1390625000000001 0.59375 0.1390625000000001
2 0.609375 0.04062500000000008 0.59375 0.04062500000000008 0.59375 0.08437500000000006 0.609375 0.08437500000000006
1 0.6234375 0.09218750000000006 0.5921875 0.09218750000000006 0.5921875 0.1781250000000001 0.6234375 0.1781250000000001
4 0.615625 0.1750000000000001 0.603125 0.1750000000000001 0.603125 0.1984375000000001 0.615625 0.1984375000000001
4 0.61875 0.15781250000000008 0.609375 0.15781250000000008 0.609375 0.1750000000000001 0.61875 0.1750000000000001
0 0.621875 0.4140625 0.603125 0.4140625 0.603125 0.4375 0.621875 0.4375
4 0.70625 0.3968750000000001 0.6984375 0.3968750000000001 0.6984375 0.4265625 0.70625 0.4265625
4 0.6 0.3750000000000001 0.5890625 0.3750000000000001 0.5890625 0.39531250000000007 0.6 0.39531250000000007
4 0.603125 0.3531250000000001 0.5953125 0.3531250000000001 0.5953125 0.3687500000000001 0.603125 0.3687500000000001
4 0.6015625 0.3359375000000001 0.59375 0.3359375000000001 0.59375 0.3500000000000001 0.6015625 0.3500000000000001
4 0.6125 0.3515625000000001 0.603125 0.3515625000000001 0.603125 0.3625000000000001 0.6125 0.3625000000000001
4 0.6171875 0.3859375000000001 0.6109375 0.3859375000000001 0.6109375 0.4 0.6171875 0.4
4 0.6109375 0.3687500000000001 0.6046875 0.3687500000000001 0.6046875 0.3828125000000001 0.6109375 0.3828125000000001
1 0.6671875 0.4890625 0.609375 0.4890625 0.609375 0.5171875 0.6671875 0.5171875
2 0.6296875 0.553125 0.6046875 0.553125 0.6046875 0.571875 0.6296875 0.571875
2 0.659375 0.5359375 0.634375 0.5359375 0.634375 0.5609375 0.659375 0.5609375
4 0.6375 0.5484375 0.6296875 0.5484375 0.6296875 0.5703125 0.6375 0.5703125
4 0.6171875 0.5234375 0.60625 0.5234375 0.60625 0.5390625 0.6171875 0.5390625
4 0.63125 0.5203125 0.6203125 0.5203125 0.6203125 0.5296875 0.63125 0.5296875
4 0.625 0.5421875 0.6140625 0.5421875 0.6140625 0.553125 0.625 0.553125
0 0.6328125 0.53125 0.61875 0.53125 0.61875 0.5421875 0.6328125 0.5421875
2 0.74375 0.44218750000000007 0.71875 0.4421875 0.71875 0.4687500000000001 0.74375 0.46875000000000017
4 0.75625 0.3593750000000001 0.75 0.3593750000000001 0.75 0.37968750000000007 0.75625 0.37968750000000007
4 0.75 0.4109375000000002 0.7421875 0.4109375000000002 0.7421875 0.4281250000000002 0.75 0.4281250000000002
4 0.8296875 0.3203125000000001 0.81875 0.3203125000000001 0.81875 0.34062500000000007 0.8296875 0.34062500000000007
4 0.796875 0.4046875000000002 0.7875 0.4046875000000002 0.7875 0.4312500000000002 0.796875 0.4312500000000002
4 0.765625 0.40937500000000016 0.7578125 0.40937500000000016 0.7578125 0.4281250000000002 0.765625 0.4281250000000002
4 0.75625 0.4078125000000002 0.75 0.4078125000000002 0.75 0.43281250000000016 0.75625 0.43281250000000016
0 0.7875 0.4812500000000002 0.7671875 0.4812500000000002 0.7671875 0.5015625000000001 0.7875 0.5015625000000001
2 0.8578125 0.4671875000000002 0.8328125 0.4671875000000002 0.8328125 0.4906250000000002 0.8578125 0.4906250000000002
4 0.7734375 0.36406250000000007 0.765625 0.36406250000000007 0.765625 0.3828125000000001 0.7734375 0.3828125000000001
4 0.7640625 0.3656250000000001 0.7546875 0.3656250000000001 0.7546875 0.3859375000000001 0.7640625 0.3859375000000001
4 0.734375 0.5250000000000001 0.7234375 0.525 0.7234375 0.5437500000000001 0.734375 0.5437500000000002
4 0.7515625 0.5312500000000002 0.740625 0.5312500000000002 0.740625 0.5468750000000002 0.7515625 0.5468750000000002
0 0.7703125 0.5531250000000002 0.753125 0.5531250000000002 0.753125 0.5718750000000001 0.7703125 0.5718750000000001
4 0.7859375 0.5765625000000002 0.775 0.5765625000000002 0.775 0.5921875000000002 0.7859375 0.5921875000000002
4 0.8140625 0.5750000000000002 0.7984375 0.5750000000000002 0.7984375 0.5890625000000002 0.8140625 0.5890625000000002
4 0.8890625 0.5640625000000001 0.8734375 0.5640625000000001 0.8734375 0.5796875000000001 0.8890625 0.5796875000000001
2 0.94375 0.5609375000000002 0.9140625 0.5609375000000002 0.9140625 0.5812500000000002 0.94375 0.5812500000000002
4 0.9671875 0.5718750000000001 0.95 0.5718750000000001 0.95 0.5875000000000001 0.9671875 0.5875000000000001
4 0.8109375 0.3593750000000001 0.803125 0.3593750000000001 0.803125 0.3750000000000001 0.8109375 0.3750000000000001
4 0.7984375 0.3625000000000001 0.7921875 0.3625000000000001 0.7921875 0.3812500000000001 0.7984375 0.3812500000000001
4 0.8140625 0.4109375000000002 0.8078125 0.4109375000000002 0.8078125 0.4281250000000002 0.8140625 0.4281250000000002
4 0.828125 0.4078125000000002 0.81875 0.4078125000000002 0.81875 0.4281250000000002 0.828125 0.4281250000000002
4 0.8484375 0.4078125000000002 0.840625 0.4078125000000002 0.840625 0.42500000000000016 0.8484375 0.42500000000000016
4 0.85625 0.4078125000000002 0.85 0.4078125000000002 0.85 0.4265625000000002 0.85625 0.4265625000000002
4 0.8828125 0.3671875000000001 0.875 0.3671875000000001 0.875 0.3843750000000001 0.8828125 0.3843750000000001
4 0.8625 0.3625000000000001 0.853125 0.3625000000000001 0.853125 0.3812500000000001 0.8625 0.3812500000000001
4 0.846875 0.3609375000000001 0.8390625 0.3609375000000001 0.8390625 0.37968750000000007 0.846875 0.37968750000000007
2 0.7156250000000002 0.7859375 0.6937500000000002 0.7859375 0.6937500000000002 0.8203125 0.7156250000000002 0.8203125
2 0.7375 0.6687500000000001 0.7171875 0.66875 0.7171875 0.7125000000000001 0.7375 0.7125000000000001
4 0.7125 0.6203125 0.6953125 0.6203125 0.6953125 0.6296875 0.7125 0.6296875
4 0.7125 0.6296875 0.696875 0.6296875 0.696875 0.6390625 0.7125 0.6390625
4 0.7109375 0.64375 0.696875 0.64375 0.696875 0.653125 0.7109375 0.653125
4 0.740625 0.6375000000000002 0.7265625 0.6375000000000002 0.7265625 0.6515625000000002 0.740625 0.6515625000000002
4 0.7359375 0.6500000000000001 0.725 0.65 0.725 0.6609375000000001 0.7359375 0.6609375000000002
4 0.7375 0.659375 0.7234375 0.659375 0.7234375 0.6671875 0.7375 0.6671875000000002
0 0.775 0.6187500000000001 0.7640625 0.6187500000000001 0.7640625 0.6531250000000002 0.775 0.6531250000000002
0 0.790625 0.6203125000000002 0.78125 0.6203125000000002 0.78125 0.6500000000000001 0.790625 0.6500000000000001
4 0.784375 0.6437500000000002 0.7765625 0.6437500000000002 0.7765625 0.6656250000000001 0.784375 0.6656250000000001
4 0.878125 0.4046875000000002 0.8703125 0.4046875000000002 0.8703125 0.42187500000000017 0.878125 0.42187500000000017