4 0.057812500000000065 0.56875 0.034375000000000065 0.56875 0.034375000000000065 0.5828125 0.057812500000000065 0.5828125
4 0.2687500000000001 0.5203125 0.2390625000000001 0.5203125 0.2390625000000001 0.540625 0.2687500000000001 0.540625
4 0.3359375000000001 0.540625 0.3125000000000001 0.540625 0.3125000000000001 0.55625 0.3359375000000001 0.55625
4 0.625 0.4765625 0.603125 0.4765625 0.603125 0.4953125 0.625 0.4953125
4 0.6375 0.528125 0.6109375 0.528125 0.6109375 0.5453125 0.6375 0.5453125
4 0.9890625 0.4500000000000002 0.9578125 0.4500000000000002 0.9578125 0.47187500000000016 0.9890625 0.47187500000000016
4 0.9125 0.3031250000000001 0.88125 0.3031250000000001 0.88125 0.3296875000000001 0.9125 0.3296875000000001
4 0.99375 0.29375000000000007 0.96875 0.29375000000000007 0.96875 0.3187500000000001 0.99375 0.3187500000000001
4 0.7875 0.22656250000000008 0.7578125 0.22656250000000008 0.7578125 0.24218750000000008 0.7875 0.24218750000000008
4 0.7765625 0.14062500000000008 0.7484375 0.14062500000000008 0.7484375 0.1703125000000001 0.7765625 0.1703125000000001
4 0.965625 0.4828125000000002 0.95 0.4828125000000002 0.95 0.5062500000000002 0.965625 0.5062500000000002
4 0.56875 0.3312500000000001 0.5578125 0.3312500000000001 0.5578125 0.3421875000000001 0.56875 0.3421875000000001
4 0.08281250000000007 0.6015625 0.07187500000000006 0.6015625 0.07187500000000006 0.6171875 0.08281250000000007 0.6171875
4 0.07812500000000007 0.58125 0.06250000000000007 0.58125 0.06250000000000007 0.6 0.07812500000000007 0.6
4 0.03281250000000008 0.5921875 0.020312500000000074 0.5921875 0.020312500000000074 0.60625 0.03281250000000008 0.60625
4 0.07812500000000003 0.1046875 0.06875000000000002 0.1046875 0.06875000000000002 0.128125 0.07812500000000003 0.128125
3 0.050000000000000024 0.14375 0.035937500000000025 0.14375 0.035937500000000025 0.171875 0.050000000000000024 0.171875
2 0.01875000000000003 0.2421875 0.004687500000000029 0.2421875 0.004687500000000033 0.2890625 0.018750000000000034 0.2890625
2 0.007812500000000023 0.153125 1.8752404111943846e-17 0.153125 2.1335643453895294e-17 0.1953125 0.007812500000000024 0.1953125
2 0.009375000000000007 0.0359375 4.401074434435801e-18 0.0359375 6.505936120470315e-18 0.0703125 0.009375000000000008 0.0703125
2 0.15156250000000004 0.2609375 0.13281250000000006 0.2609375 0.13281250000000006 0.3015625 0.15156250000000004 0.3015625
0 0.19531250000000006 0.3796875 0.17812500000000003 0.3796875 0.17812500000000003 0.4 0.19531250000000006 0.4