4 0.03750000000000007 0.5703125 0.026562500000000065 0.5703125 0.026562500000000065 0.58125 0.03750000000000007 0.58125
2 0.07500000000000007 0.5453125 0.057812500000000065 0.5453125 0.057812500000000065 0.5640625 0.07500000000000007 0.5640625
2 0.10937500000000004 0.5296875 0.09062500000000007 0.5296875 0.09062500000000007 0.54375 0.10937500000000004 0.54375
4 0.10937500000000008 0.5921875 0.09843750000000007 0.5921875 0.09843750000000007 0.6015625 0.10937500000000008 0.6015625
0 0.11718750000000008 0.565625 0.10156250000000008 0.565625 0.10156250000000008 0.578125 0.11718750000000008 0.578125
2 0.17343750000000005 0.528125 0.15312500000000004 0.528125 0.15312500000000004 0.54375 0.17343750000000005 0.54375
5 0.15000000000000008 0.665625 0.10937500000000008 0.665625 0.10937500000000008 0.6890625 0.15000000000000008 0.6890625
5 0.1750000000000001 0.634375 0.1359375000000001 0.634375 0.1359375000000001 0.6546875 0.1750000000000001 0.6546875
6 0.16250000000000003 0.4765625 0.12187500000000004 0.4765625 0.12187500000000004 0.5 0.16250000000000003 0.5
0 0.2609375000000001 0.4625 0.2468750000000001 0.4625 0.2468750000000001 0.475 0.2609375000000001 0.475
6 0.3046875000000001 0.6296875 0.27031250000000007 0.6296875 0.27031250000000007 0.6484375 0.3046875000000001 0.6484375
4 0.3046875000000001 0.5890625 0.2953125000000001 0.5890625 0.2953125000000001 0.5984375 0.3046875000000001 0.5984375
2 0.3625 0.2859375 0.3421875 0.2859375 0.3421875 0.3015625 0.3625 0.3015625
0 0.425 0.609375 0.4140625 0.609375 0.4140625 0.6203125 0.425 0.6203125
4 0.49375 0.5640625 0.4859375 0.5640625 0.4859375 0.571875 0.49375 0.571875
6 0.5171875 0.61875 0.4890625 0.61875 0.4890625 0.6375 0.5171875 0.6375
2 0.5125 0.5234375 0.49375 0.5234375 0.49375 0.5375 0.5125 0.5375
6 0.509375 0.4734375 0.478125 0.4734375 0.478125 0.4953125 0.509375 0.4953125
2 0.534375 0.4546875 0.515625 0.4546875 0.515625 0.46875 0.534375 0.46875
6 0.596875 0.5375 0.5640625 0.5375 0.5640625 0.5625 0.596875 0.5625
2 0.5203125 0.31718750000000007 0.5125 0.31718750000000007 0.5125 0.3468750000000001 0.5203125 0.3468750000000001
2 0.5328125 0.3187500000000001 0.5234375 0.3187500000000001 0.5234375 0.34843750000000007 0.5328125 0.34843750000000007
2 0.571875 0.3140625000000001 0.5640625 0.3140625000000001 0.5640625 0.3390625000000001 0.571875 0.3390625000000001
2 0.58125 0.3140625000000001 0.5734375 0.3140625000000001 0.5734375 0.3375000000000001 0.58125 0.3375000000000001
6 0.621875 0.40625 0.59375 0.40625 0.59375 0.421875 0.621875 0.421875
3 0.5921875 0.625 0.578125 0.625 0.578125 0.6390625 0.5921875 0.6390625
2 0.6765625 0.5578125 0.659375 0.5578125 0.659375 0.575 0.6765625 0.575
4 0.6984375 0.459375 0.6890625 0.459375 0.6890625 0.46875 0.6984375 0.46875
3 0.7140625 0.4171875 0.69375 0.4171875 0.69375 0.4359375 0.7140625 0.4359375
1 0.6921875 0.3828125000000001 0.65 0.3828125000000001 0.65 0.4046875 0.6921875 0.4046875
5 0.7515625 0.3812500000000001 0.70625 0.3812500000000001 0.70625 0.40312500000000007 0.7515625 0.4031250000000002
0 0.7625 0.6078125000000002 0.7484375 0.6078125000000002 0.7484375 0.6250000000000002 0.7625 0.6250000000000002
2 0.734375 0.6484375000000001 0.721875 0.6484375 0.721875 0.6781250000000001 0.734375 0.6781250000000002
0 0.8359375 0.6046875000000002 0.8234375 0.6046875000000002 0.8234375 0.6234375000000002 0.8359375 0.6234375000000002
5 0.9140625 0.6406250000000002 0.875 0.6406250000000002 0.875 0.6625000000000002 0.9140625 0.6625000000000002
4 0.903125 0.6187500000000001 0.89375 0.6187500000000001 0.89375 0.6296875000000002 0.903125 0.6296875000000002
4 0.9921875 0.3781250000000001 0.98125 0.3781250000000001 0.98125 0.3937500000000001 0.9921875 0.3937500000000001
3 0.6953125 0.6203125 0.6875 0.6203125 0.6875 0.64375 0.6953125 0.64375
3 0.678125 0.6328125 0.6703125 0.6328125 0.6703125 0.6546875 0.678125 0.6546875
2 0.6921875 0.66875 0.6828125 0.66875 0.6828125 0.6921875 0.6921875 0.6921875