2 0.3515625 0.284375 0.334375 0.284375 0.334375 0.2984375 0.3515625 0.2984375
2 0.4078125 0.2453125000000001 0.3953125 0.2453125000000001 0.3953125 0.2656250000000001 0.4078125 0.2656250000000001
2 0.4015625 0.2093750000000001 0.384375 0.2093750000000001 0.384375 0.22812500000000008 0.4015625 0.22812500000000008
2 0.5125 0.3156250000000001 0.503125 0.3156250000000001 0.503125 0.3437500000000001 0.5125 0.3437500000000001
2 0.5234375 0.3156250000000001 0.5140625 0.3156250000000001 0.5140625 0.3453125000000001 0.5234375 0.3453125000000001
2 0.5625 0.3078125000000001 0.55625 0.3078125000000001 0.55625 0.33281250000000007 0.5625 0.33281250000000007
2 0.571875 0.30937500000000007 0.5640625 0.30937500000000007 0.5640625 0.33281250000000007 0.571875 0.33281250000000007
2 0.965625 0.8578125 0.9546875 0.8578125 0.9546875 0.884375 0.965625 0.884375
2 0.95 0.8921875 0.940625 0.8921875 0.940625 0.921875 0.95 0.921875
2 0.7234375 0.6421875 0.715625 0.6421875 0.715625 0.665625 0.7234375 0.665625
6 0.903125 0.6296875000000002 0.8640625 0.6296875000000002 0.8640625 0.6500000000000001 0.903125 0.6500000000000001
5 0.740625 0.3765625000000001 0.69375 0.3765625000000001 0.69375 0.39531250000000007 0.740625 0.39531250000000007
6 0.68125 0.3765625000000001 0.640625 0.3765625000000001 0.640625 0.3968750000000001 0.68125 0.3968750000000001
6 0.2921875000000001 0.6296875 0.2609375000000001 0.6296875 0.2609375000000001 0.65 0.2921875000000001 0.65
6 0.16562500000000008 0.6375 0.12656250000000008 0.6375 0.12656250000000008 0.65625 0.16562500000000008 0.65625
6 0.14062500000000008 0.6671875 0.10156250000000008 0.6671875 0.10156250000000008 0.6921875 0.14062500000000008 0.6921875
4 0.5515625 0.2750000000000001 0.546875 0.2750000000000001 0.546875 0.2890625000000001 0.5515625 0.2890625000000001
3 0.7671875000000001 0.8453125 0.7453125000000002 0.8453125 0.7453125000000002 0.8625 0.7671875000000001 0.8625
3 0.7203125000000001 0.878125 0.7109375000000002 0.878125 0.7109375000000002 0.9140625 0.7203125000000001 0.9140625
4 0.528125 0.2734375000000001 0.525 0.2734375000000001 0.525 0.2875000000000001 0.528125 0.2875000000000001
4 0.5453125 0.2875000000000001 0.5421875 0.2875000000000001 0.5421875 0.30156250000000007 0.5453125 0.30156250000000007
4 0.571875 0.27812500000000007 0.5671875 0.27812500000000007 0.5671875 0.2921875000000001 0.571875 0.2921875000000001
4 0.5828125 0.30156250000000007 0.578125 0.30156250000000007 0.578125 0.3156250000000001 0.5828125 0.3156250000000001
4 0.5671875 0.23437500000000008 0.5640625 0.23437500000000008 0.5640625 0.2484375000000001 0.5671875 0.2484375000000001
4 0.5359375 0.2250000000000001 0.5328125 0.2250000000000001 0.5328125 0.23593750000000008 0.5359375 0.23593750000000008
4 0.5453125 0.2250000000000001 0.540625 0.2250000000000001 0.540625 0.23593750000000008 0.5453125 0.23593750000000008
4 0.584375 0.2375000000000001 0.58125 0.2375000000000001 0.58125 0.2500000000000001 0.584375 0.2500000000000001
4 0.521875 0.2750000000000001 0.5171875 0.2750000000000001 0.5171875 0.2875000000000001 0.521875 0.2875000000000001
4 0.415625 0.2671875000000001 0.4125 0.2671875000000001 0.4125 0.2812500000000001 0.415625 0.2812500000000001
4 0.5765625 0.2390625000000001 0.5734375 0.2390625000000001 0.5734375 0.2531250000000001 0.5765625 0.2531250000000001
4 0.534375 0.2750000000000001 0.53125 0.2750000000000001 0.53125 0.2890625000000001 0.534375 0.2890625000000001
4 0.540625 0.2921875000000001 0.5375 0.2921875000000001 0.5375 0.3046875000000001 0.540625 0.3046875000000001
4 0.55 0.2906250000000001 0.546875 0.2906250000000001 0.546875 0.30156250000000007 0.55 0.30156250000000007
0 0.8265625 0.6359375000000002 0.8125 0.6359375000000002 0.8125 0.6515625000000002 0.8265625 0.6515625000000002
2 0.6828125 0.640625 0.6765625 0.640625 0.6765625 0.6640625 0.6828125 0.6640625
2 0.6765625 0.621875 0.6703125 0.621875 0.6703125 0.646875 0.6765625 0.646875
2 0.66875 0.625 0.6625 0.625 0.6625 0.646875 0.66875 0.646875
2 0.675 0.6484375 0.66875 0.6484375 0.66875 0.6671875 0.675 0.6671875
0 0.825 0.6000000000000002 0.8125 0.6000000000000002 0.8125 0.6078125000000002 0.825 0.6078125000000002
2 0.975 0.9078125 0.96875 0.9078125 0.96875 0.93125 0.975 0.93125
0 0.8703125 0.3828125000000001 0.8578125 0.3828125000000001 0.8578125 0.39531250000000007 0.8703125 0.39531250000000007
2 0.98125 0.8484375 0.9671875 0.8484375 0.9671875 0.871875 0.98125 0.871875
5 0.9984375 0.5500000000000002 0.9265625 0.5500000000000002 0.9265625 0.5734375000000002 0.9984375 0.5734375000000002
2 0.99375 0.7968750000000002 0.978125 0.7968750000000002 0.978125 0.8265625 0.99375 0.8265625
0 0.7984375 0.5984375000000002 0.7859375 0.5984375000000002 0.7859375 0.6125000000000002 0.7984375 0.6125000000000002
6 0.7328125 0.596875 0.70625 0.596875 0.70625 0.6125 0.7328125 0.6125000000000002
3 0.7578125 0.5953125000000001 0.7375 0.5953125000000001 0.7375 0.6062500000000002 0.7578125 0.6062500000000002
2 0.6 0.5828125 0.5859375 0.5828125 0.5859375 0.5953125 0.6 0.5953125
2 0.534375 0.55625 0.51875 0.55625 0.51875 0.5671875 0.534375 0.5671875
2 0.58125 0.6203125 0.5703125 0.6203125 0.5703125 0.6328125 0.58125 0.6328125
6 0.6109375 0.5984375 0.58125 0.5984375 0.58125 0.615625 0.6109375 0.615625
5 0.9046875 0.46093750000000017 0.865625 0.46093750000000017 0.865625 0.4812500000000002 0.9046875 0.4812500000000002
2 0.4546875 0.5375 0.4375 0.5375 0.4375 0.5515625 0.4546875 0.5515625
6 0.684375 0.4671875 0.6453125 0.4671875 0.6453125 0.4859375 0.684375 0.4859375
4 0.6484375 0.5546875 0.640625 0.5546875 0.640625 0.5671875 0.6484375 0.5671875
2 0.8515625 0.6281250000000002 0.8453125 0.6281250000000002 0.8453125 0.6546875000000002 0.8515625 0.6546875000000002
4 0.2156250000000001 0.5921875 0.2062500000000001 0.5921875 0.2062500000000001 0.6015625 0.2156250000000001 0.6015625
6 0.1609375000000001 0.55 0.1281250000000001 0.55 0.1281250000000001 0.565625 0.1609375000000001 0.565625
4 0.06562500000000007 0.56875 0.056250000000000064 0.56875 0.056250000000000064 0.5828125 0.06562500000000007 0.5828125
4 0.09375000000000007 0.5578125 0.08750000000000006 0.5578125 0.08750000000000006 0.571875 0.09375000000000007 0.571875
4 0.3765625000000001 0.4484375 0.3656250000000001 0.4484375 0.3656250000000001 0.4625 0.3765625000000001 0.4625
3 0.9890625 0.3921875000000001 0.96875 0.3921875000000001 0.96875 0.4109375000000002 0.9890625 0.4109375000000002
6 0.9265625 0.5093750000000001 0.890625 0.5093750000000001 0.890625 0.5296875000000002 0.9265625 0.5296875000000002
5 0.9046875 0.5312500000000002 0.865625 0.5312500000000002 0.865625 0.5500000000000002 0.9046875 0.5500000000000002
6 0.884375 0.5781250000000002 0.846875 0.5781250000000002 0.846875 0.6031250000000001 0.884375 0.6031250000000001
6 0.825 0.5281250000000002 0.7875 0.5281250000000002 0.7875 0.5500000000000002 0.825 0.5500000000000002
2 0.95 0.5968750000000002 0.93125 0.5968750000000002 0.93125 0.6093750000000002 0.95 0.6093750000000002
4 0.971875 0.6000000000000002 0.9625 0.6000000000000002 0.9625 0.6109375000000001 0.971875 0.6109375000000001
2 0.11875000000000005 0.5296875 0.10468750000000004 0.5296875 0.10468750000000004 0.54375 0.11875000000000005 0.54375
5 0.08906250000000007 0.4890625 0.06875000000000006 0.4890625 0.06875000000000006 0.5046875 0.08906250000000007 0.5046875
6 0.026562500000000062 0.4765625 5.836207402186604e-17 0.4765625 5.989288252080024e-17 0.5015625 0.026562500000000065 0.5015625