2 0.3640625 0.28593750000000007 0.346875 0.2859375 0.346875 0.30000000000000004 0.3640625 0.3000000000000001
2 0.421875 0.2453125000000001 0.4109375 0.2453125000000001 0.4109375 0.2671875000000001 0.421875 0.2671875000000001
2 0.415625 0.21093750000000008 0.3984375 0.21093750000000008 0.3984375 0.2296875000000001 0.415625 0.2296875000000001
2 0.525 0.3140625000000001 0.5171875 0.3140625000000001 0.5171875 0.3437500000000001 0.525 0.3437500000000001
2 0.5375 0.3140625000000001 0.528125 0.3140625000000001 0.528125 0.3437500000000001 0.5375 0.3437500000000001
2 0.5765625 0.3062500000000001 0.5703125 0.3062500000000001 0.5703125 0.3312500000000001 0.5765625 0.3312500000000001
2 0.5859375 0.3078125000000001 0.578125 0.3078125000000001 0.578125 0.3312500000000001 0.5859375 0.3312500000000001
2 0.96875 0.896875 0.959375 0.896875 0.959375 0.925 0.96875 0.925
2 0.7390625 0.6453125000000002 0.73125 0.6453125000000002 0.73125 0.6687500000000002 0.7390625 0.6687500000000002
6 0.9234375 0.6296875000000002 0.8828125 0.6296875000000002 0.8828125 0.6500000000000001 0.9234375 0.6500000000000001
5 0.75625 0.3750000000000001 0.7109375 0.3750000000000001 0.7109375 0.3937500000000001 0.75625 0.3937500000000001
6 0.696875 0.3750000000000001 0.6546875 0.3750000000000001 0.6546875 0.3937500000000001 0.696875 0.3937500000000001
6 0.30937500000000007 0.628125 0.27812500000000007 0.628125 0.27812500000000007 0.6484375 0.30937500000000007 0.6484375
6 0.1828125000000001 0.6359375 0.1437500000000001 0.6359375 0.1437500000000001 0.6546875 0.1828125000000001 0.6546875
6 0.1593750000000001 0.66875 0.12031250000000009 0.66875 0.12031250000000009 0.69375 0.1593750000000001 0.69375
4 0.565625 0.2734375000000001 0.5609375 0.2734375000000001 0.5609375 0.2875000000000001 0.565625 0.2875000000000001
3 0.7843750000000002 0.8453125 0.7625000000000002 0.8453125 0.7625000000000002 0.8640625 0.7843750000000002 0.8640625
3 0.7375000000000002 0.884375 0.7281250000000001 0.884375 0.7281250000000001 0.91875 0.7375000000000002 0.91875
4 0.5421875 0.2734375000000001 0.5390625 0.2734375000000001 0.5390625 0.2875000000000001 0.5421875 0.2875000000000001
4 0.559375 0.28593750000000007 0.55625 0.28593750000000007 0.55625 0.30156250000000007 0.559375 0.30156250000000007
4 0.5859375 0.2765625000000001 0.58125 0.2765625000000001 0.58125 0.2906250000000001 0.5859375 0.2906250000000001
4 0.596875 0.3000000000000001 0.5921875 0.3000000000000001 0.5921875 0.3140625000000001 0.596875 0.3140625000000001
4 0.584375 0.2328125000000001 0.58125 0.2328125000000001 0.58125 0.2484375000000001 0.584375 0.2484375000000001
4 0.55 0.2250000000000001 0.546875 0.2250000000000001 0.546875 0.23593750000000008 0.55 0.23593750000000008
4 0.559375 0.2250000000000001 0.5546875 0.2250000000000001 0.5546875 0.23593750000000008 0.559375 0.23593750000000008
4 0.5984375 0.23437500000000008 0.5953125 0.23437500000000008 0.5953125 0.2484375000000001 0.5984375 0.2484375000000001
4 0.5359375 0.2734375000000001 0.53125 0.2734375000000001 0.53125 0.2875000000000001 0.5359375 0.2875000000000001
4 0.4296875 0.2671875000000001 0.4265625 0.2671875000000001 0.4265625 0.2812500000000001 0.4296875 0.2812500000000001
4 0.590625 0.2375000000000001 0.5875 0.2375000000000001 0.5875 0.2500000000000001 0.590625 0.2500000000000001
4 0.5484375 0.2750000000000001 0.5453125 0.2750000000000001 0.5453125 0.2890625000000001 0.5484375 0.2890625000000001
4 0.5546875 0.2890625000000001 0.5515625 0.2890625000000001 0.5515625 0.30156250000000007 0.5546875 0.30156250000000007
4 0.5640625 0.2906250000000001 0.5609375 0.2906250000000001 0.5609375 0.3031250000000001 0.5640625 0.3031250000000001
0 0.846875 0.6406250000000002 0.83125 0.6406250000000002 0.83125 0.6562500000000002 0.846875 0.6562500000000002
2 0.7 0.6390625 0.69375 0.6390625 0.69375 0.6625 0.7 0.6625
2 0.6921875 0.6203125 0.6859375 0.6203125 0.6859375 0.6453125 0.6921875 0.6453125
2 0.684375 0.6265625 0.678125 0.6265625 0.678125 0.6484375 0.684375 0.6484375
2 0.6921875 0.6484375 0.6859375 0.6484375 0.6859375 0.66875 0.6921875 0.66875
0 0.84375 0.6000000000000002 0.83125 0.6000000000000002 0.83125 0.6078125000000002 0.84375 0.6078125000000002
2 0.9875 0.8609375 0.9734375 0.8609375 0.9734375 0.8890625 0.9875 0.8890625
6 0.934375 0.5312500000000002 0.8875 0.5312500000000002 0.8875 0.5515625000000002 0.934375 0.5515625000000002
2 0.5984375 0.6203125 0.5859375 0.6203125 0.5859375 0.6328125 0.5984375 0.6328125
2 0.703125 0.4 0.6875 0.4 0.6875 0.4109375 0.703125 0.4109375
0 0.9359375 0.3750000000000001 0.921875 0.3750000000000001 0.921875 0.38750000000000007 0.9359375 0.38750000000000007
0 0.3156250000000001 0.6125 0.3031250000000001 0.6125 0.3031250000000001 0.6234375 0.3156250000000001 0.6234375
2 0.4484375 0.5515625 0.4328125 0.5515625 0.4328125 0.5625 0.4484375 0.5625
2 0.5109375 0.2593750000000001 0.5015625 0.2593750000000001 0.5015625 0.2812500000000001 0.5109375 0.2812500000000001
4 0.8640625 0.5984375000000002 0.85625 0.5984375000000002 0.85625 0.6093750000000002 0.8640625 0.6093750000000002
6 0.525 0.615625 0.4953125 0.615625 0.4953125 0.6328125 0.525 0.6328125
4 0.978125 0.4515625000000002 0.9703125 0.4515625000000002 0.9703125 0.46093750000000017 0.978125 0.46093750000000017
3 0.5578125 0.596875 0.540625 0.596875 0.540625 0.6140625 0.5578125 0.6140625
4 0.08906250000000004 0.4203125 0.08281250000000004 0.4203125 0.08281250000000004 0.4265625 0.08906250000000004 0.4265625
6 0.3812500000000001 0.45625 0.3515625000000001 0.45625 0.3515625000000001 0.4734375 0.3812500000000001 0.4734375
3 0.4203125 0.496875 0.40625 0.496875 0.40625 0.509375 0.4203125 0.509375
1 0.6609375 0.4078125 0.6328125 0.4078125 0.6328125 0.4296875 0.6609375 0.4296875
4 0.07656250000000006 0.6203125 0.06875000000000006 0.6203125 0.06875000000000006 0.63125 0.07656250000000006 0.63125
2 0.9984375 0.9125 0.9890625 0.9125 0.9890625 0.9359375 0.9984375 0.9359375
3 0.36406250000000007 0.4765625 0.3437500000000001 0.4765625 0.3437500000000001 0.4921875 0.36406250000000007 0.4921875
2 0.4109375 0.525 0.39531250000000007 0.525 0.39531250000000007 0.5375 0.4109375 0.5375
2 0.3578125000000001 0.590625 0.3453125000000001 0.590625 0.3453125000000001 0.6015625 0.3578125000000001 0.6015625
2 0.3859375000000001 0.60625 0.37187500000000007 0.60625 0.37187500000000007 0.6171875 0.3859375000000001 0.6171875
2 0.409375 0.5890625 0.3937500000000001 0.5890625 0.3937500000000001 0.6 0.409375 0.6
6 0.08437500000000006 0.5515625 0.040625000000000064 0.5515625 0.040625000000000064 0.5703125 0.08437500000000006 0.5703125
6 0.86875 0.828125 0.859375 0.828125 0.859375 0.8640625 0.86875 0.8640625
4 0.871875 0.7921875000000002 0.865625 0.7921875000000002 0.865625 0.803125 0.871875 0.803125