0 0.10156250000000008 0.7265625 0.08125000000000009 0.7265625 0.08125000000000009 0.7578125 0.10156250000000008 0.7578125
5 0.25468750000000007 0.671875 0.18906250000000008 0.671875 0.18906250000000008 0.7046875 0.25468750000000007 0.7046875
5 0.3140625000000001 0.659375 0.25468750000000007 0.659375 0.25468750000000007 0.6984375 0.3140625000000001 0.6984375
2 0.27031250000000007 0.8125 0.2406250000000001 0.8125 0.2406250000000001 0.853125 0.27031250000000007 0.853125
2 0.36406250000000007 0.7609375 0.3359375000000001 0.7609375 0.3359375000000001 0.8 0.36406250000000007 0.8
2 0.38750000000000007 0.921875 0.36406250000000007 0.921875 0.36406250000000007 0.95 0.38750000000000007 0.95
2 0.3593750000000001 0.9125 0.3390625000000001 0.9125 0.3390625000000001 0.940625 0.3593750000000001 0.940625
2 0.5312500000000002 0.796875 0.5093750000000001 0.796875 0.5093750000000001 0.846875 0.5312500000000002 0.846875
2 0.7265625000000002 0.7906250000000001 0.6937500000000002 0.790625 0.6937500000000002 0.821875 0.7265625000000002 0.821875
2 0.8203125 0.7968750000000002 0.7906250000000001 0.7968750000000002 0.7906250000000001 0.8359375 0.8203125 0.8359375
2 0.85625 0.8 0.83125 0.8 0.83125 0.83125 0.85625 0.83125
2 1 0.7703125000000002 0.953125 0.7703125000000002 0.953125 0.7921875000000002 1 0.7921875000000002
0 0.8234375 0.8484375 0.8015625 0.8484375 0.8015625 0.875 0.8234375 0.875
2 0.484375 0.490625 0.465625 0.490625 0.465625 0.5328125 0.484375 0.5328125
0 0.528125 0.4453125 0.5109375 0.4453125 0.5109375 0.475 0.528125 0.475
2 0.4953125 0.2593750000000001 0.4765625 0.2593750000000001 0.4765625 0.30937500000000007 0.4953125 0.30937500000000007
0 0.471875 0.24375000000000008 0.4546875 0.24375000000000008 0.4546875 0.2765625000000001 0.471875 0.2765625000000001
4 0.5203125 0.17031250000000003 0.5015625 0.17031250000000003 0.5015625 0.20468750000000008 0.5203125 0.20468750000000008
4 0.525 0.3593750000000001 0.5109375 0.3593750000000001 0.5109375 0.4 0.525 0.4
4 0.5296875 0.5890625 0.515625 0.5890625 0.515625 0.6125 0.5296875 0.6125
4 0.5281250000000001 0.7125 0.509375 0.7125 0.5093750000000001 0.7375 0.5281250000000002 0.7375
4 0.42187500000000017 0.784375 0.4046875000000002 0.784375 0.4046875000000002 0.8078125 0.42187500000000017 0.8078125
4 0.43281250000000016 0.74375 0.4109375000000002 0.74375 0.4109375000000002 0.7671875 0.43281250000000016 0.7671875
4 0.12500000000000014 0.9234375 0.10781250000000013 0.9234375 0.10781250000000013 0.95 0.12500000000000014 0.95
4 0.11250000000000013 0.95625 0.09843750000000011 0.95625 0.09843750000000011 0.9796875 0.11250000000000013 0.9796875
4 0.19531250000000014 0.9375 0.17812500000000014 0.9375 0.17812500000000014 0.9609375 0.19531250000000014 0.9609375
4 0.2375000000000001 0.76875 0.21875000000000008 0.76875 0.21875000000000008 0.790625 0.2375000000000001 0.790625
4 0.2390625000000001 0.79375 0.2156250000000001 0.79375 0.2156250000000001 0.8125 0.2390625000000001 0.8125
4 0.3515625000000001 0.8796875 0.3312500000000001 0.8796875 0.3312500000000001 0.9 0.3515625000000001 0.9
4 0.3843750000000001 0.878125 0.3687500000000001 0.878125 0.3687500000000001 0.9015625 0.3843750000000001 0.9015625
4 0.42500000000000016 0.871875 0.4109375000000002 0.871875 0.4109375000000002 0.890625 0.42500000000000016 0.890625
4 0.5859375000000002 0.76875 0.5656250000000002 0.76875 0.5656250000000002 0.784375 0.5859375000000002 0.784375
4 0.6109375000000001 0.765625 0.5921875000000002 0.765625 0.5921875000000002 0.79375 0.6109375000000001 0.79375
4 0.5859375000000002 0.8828125 0.5703125000000002 0.8828125 0.5703125000000002 0.90625 0.5859375000000002 0.90625
4 0.5625000000000002 0.90625 0.5484375000000001 0.90625 0.5484375000000001 0.9328125 0.5625000000000002 0.9328125
4 0.5609375000000002 0.803125 0.5500000000000002 0.803125 0.5500000000000002 0.840625 0.5609375000000002 0.840625
4 0.59375 0.6640625 0.5734375 0.6640625 0.5734375 0.6875 0.59375 0.6875
4 0.625 0.6828125 0.6125 0.6828125 0.6125 0.7109375 0.625 0.7109375
4 0.6578125 0.6703125 0.6421875 0.6703125 0.6421875 0.69375 0.6578125 0.69375
4 0.809375 0.7000000000000002 0.784375 0.7000000000000002 0.784375 0.7203125000000001 0.809375 0.7203125000000001
4 0.978125 0.7187500000000002 0.953125 0.7187500000000002 0.953125 0.7390625000000002 0.978125 0.7390625000000002
4 0.871875 0.7640625000000002 0.85625 0.7640625000000002 0.85625 0.7843750000000002 0.871875 0.7843750000000002
4 0.7328125000000002 0.8359375 0.7093750000000002 0.8359375 0.7093750000000002 0.8734375 0.7328125000000002 0.8734375
4 0.6437500000000002 0.8453125 0.6281250000000002 0.8453125 0.6281250000000002 0.865625 0.6437500000000002 0.865625
4 0.9015625 0.7890625000000002 0.88125 0.7890625000000002 0.88125 0.8140625 0.9015625 0.8140625
4 0.0390625000000001 0.8015625 0.0203125000000001 0.8015625 0.0203125000000001 0.828125 0.0390625000000001 0.828125
4 0.02656250000000011 0.9015625 0.012500000000000112 0.9015625 0.012500000000000113 0.9296875 0.02656250000000011 0.9296875
4 0.75625 0.6984375000000002 0.740625 0.6984375000000002 0.740625 0.7187500000000002 0.75625 0.7187500000000002