4 0.009375000000000105 0.85 1.0409497792752501e-16 0.85 1.0495605770817549e-16 0.8640625 0.009375000000000105 0.8640625
2 0.03281250000000009 0.7125 0.010937500000000086 0.7125 0.010937500000000088 0.7296875 0.03281250000000009 0.7296875
0 0.07187500000000009 0.7765625 0.05468750000000009 0.7765625 0.05468750000000009 0.790625 0.07187500000000009 0.790625
4 0.05625000000000011 0.90625 0.04531250000000011 0.90625 0.04531250000000011 0.9203125 0.05625000000000011 0.9203125
0 0.08906250000000009 0.696875 0.07343750000000009 0.696875 0.07343750000000009 0.715625 0.08906250000000009 0.715625
0 0.12031250000000009 0.696875 0.10312500000000009 0.696875 0.10312500000000009 0.7125 0.12031250000000009 0.7125
0 0.14375000000000013 0.940625 0.12968750000000012 0.940625 0.12968750000000012 0.95625 0.14375000000000013 0.95625
0 0.2828125000000001 0.68125 0.2671875000000001 0.68125 0.2671875000000001 0.6921875 0.2828125000000001 0.6921875
0 0.2734375000000001 0.7765625 0.2578125000000001 0.7765625 0.2578125000000001 0.790625 0.2734375000000001 0.790625
0 0.47187500000000016 0.775 0.4578125000000002 0.775 0.4578125000000002 0.79375 0.47187500000000016 0.79375
0 0.5062500000000002 0.953125 0.49218750000000017 0.953125 0.49218750000000017 0.965625 0.5062500000000002 0.965625
0 0.53125 0.509375 0.521875 0.509375 0.521875 0.53125 0.53125 0.53125
0 0.76875 0.7203125000000001 0.753125 0.7203125000000001 0.753125 0.7359375000000001 0.7687500000000002 0.7359375000000001
4 0.475 0.08437500000000006 0.46875 0.08437500000000006 0.46875 0.10468750000000004 0.475 0.10468750000000004
4 0.4765625 0.18906250000000005 0.4703125 0.18906250000000005 0.4703125 0.21093750000000008 0.4765625 0.21093750000000008
4 0.4875 0.18593750000000003 0.48125 0.18593750000000003 0.48125 0.2015625000000001 0.4875 0.2015625000000001
4 0.4828125 0.2515625000000001 0.475 0.2515625000000001 0.475 0.27031250000000007 0.4828125 0.27031250000000007
4 0.4921875 0.3062500000000001 0.4859375 0.3062500000000001 0.4859375 0.3281250000000001 0.4921875 0.3281250000000001
2 0.5296875 0.3812500000000001 0.51875 0.3812500000000001 0.51875 0.41875 0.5296875 0.41875
4 0.478125 0.46875 0.471875 0.46875 0.471875 0.4890625 0.478125 0.4890625
4 0.4875 0.490625 0.48125 0.490625 0.48125 0.509375 0.4875 0.509375
2 0.4921875 0.58125 0.478125 0.58125 0.478125 0.625 0.4921875 0.625
4 0.4640625 0.6890625 0.4546875 0.6890625 0.4546875 0.7046875 0.4640625 0.7046875
4 0.4390625000000002 0.79375 0.4281250000000002 0.79375 0.4281250000000002 0.803125 0.4390625000000002 0.803125
4 0.3843750000000001 0.78125 0.3734375000000001 0.78125 0.3734375000000001 0.7953125 0.3843750000000001 0.7953125
2 0.4000000000000002 0.809375 0.3781250000000001 0.809375 0.3781250000000001 0.8296875 0.4000000000000002 0.8296875
2 0.47656250000000017 0.8296875 0.4546875000000002 0.8296875 0.4546875000000002 0.8484375 0.47656250000000017 0.8484375
2 0.4781250000000002 0.8 0.44843750000000016 0.8 0.44843750000000016 0.825 0.4781250000000002 0.825
2 0.5250000000000001 0.81875 0.5046875000000002 0.81875 0.5046875000000002 0.8375 0.5250000000000001 0.8375
2 0.5296875000000002 0.903125 0.5093750000000001 0.903125 0.5093750000000001 0.928125 0.5296875000000002 0.928125
2 0.5953125000000001 0.825 0.5734375000000002 0.825 0.5734375000000002 0.846875 0.5953125000000001 0.846875
4 0.5093750000000001 0.8421875 0.5015625000000001 0.8421875 0.5015625000000001 0.859375 0.5093750000000001 0.859375
4 0.5265625000000002 0.8453125 0.5171875000000001 0.8453125 0.5171875000000001 0.8609375 0.5265625000000002 0.8609375
4 0.5390625000000002 0.8421875 0.5281250000000002 0.8421875 0.5281250000000002 0.85625 0.5390625000000002 0.85625
4 0.5390625000000002 0.7703125 0.5265625000000002 0.7703125 0.5265625000000002 0.7828125 0.5390625000000002 0.7828125
4 0.5484375000000001 0.7890625 0.5359375000000002 0.7890625 0.5359375000000002 0.803125 0.5484375000000001 0.803125
4 0.5781250000000002 0.8578125 0.5640625000000001 0.8578125 0.5640625000000001 0.871875 0.5781250000000002 0.871875
4 0.6546875000000002 0.78125 0.6406250000000002 0.78125 0.6406250000000002 0.7984375 0.6546875000000002 0.7984375
2 0.7062500000000002 0.8015625 0.6859375000000002 0.8015625 0.6859375000000002 0.8296875 0.7062500000000002 0.8296875
4 0.83125 0.7375000000000002 0.8125 0.7375000000000002 0.8125 0.7515625000000001 0.83125 0.7515625000000001
4 0.878125 0.7406250000000002 0.865625 0.7406250000000002 0.865625 0.7531250000000002 0.878125 0.7531250000000002
4 0.909375 0.8390625 0.896875 0.8390625 0.896875 0.85 0.909375 0.85
4 0.88125 0.815625 0.871875 0.815625 0.871875 0.8265625 0.88125 0.8265625
3 0.996875 0.7734375000000002 0.975 0.7734375000000002 0.975 0.7984375000000001 0.996875 0.7984375000000001
2 0.2218750000000001 0.8 0.2015625000000001 0.8 0.2015625000000001 0.8234375 0.2218750000000001 0.8234375
2 0.0984375000000001 0.721875 0.07812500000000008 0.721875 0.07812500000000008 0.7359375 0.0984375000000001 0.7359375
2 0.27031250000000007 0.7 0.2531250000000001 0.7 0.2531250000000001 0.7171875 0.27031250000000007 0.7171875
2 0.3125000000000001 0.6984375 0.2906250000000001 0.6984375 0.2906250000000001 0.71875 0.3125000000000001 0.71875
4 0.3515625000000001 0.6796875 0.34062500000000007 0.6796875 0.34062500000000007 0.6921875 0.3515625000000001 0.6921875
5 0.2468750000000001 0.653125 0.1921875000000001 0.653125 0.1921875000000001 0.68125 0.2468750000000001 0.68125
5 0.3046875000000001 0.6515625 0.2500000000000001 0.6515625 0.2500000000000001 0.675 0.3046875000000001 0.675