0 0.53125 0.5640625 0.5171875 0.5640625 0.5171875 0.5953125 0.53125 0.5953125
4 0.484375 0.509375 0.46875 0.509375 0.46875 0.5296875 0.484375 0.5296875
0 0.48125 0.475 0.4671875 0.475 0.4671875 0.5046875 0.48125 0.5046875
4 0.2078125000000001 0.409375 0.19062500000000004 0.409375 0.19062500000000004 0.4234375 0.2078125000000001 0.4234375
0 0.2984375000000001 0.4203125 0.2828125000000001 0.4203125 0.2828125000000001 0.4390625 0.2984375000000001 0.4390625
4 0.2093750000000001 0.5734375 0.19687500000000008 0.5734375 0.19687500000000008 0.59375 0.2093750000000001 0.59375
6 0.3609375000000001 0.5859375 0.3187500000000001 0.5859375 0.3187500000000001 0.615625 0.3609375000000001 0.615625
2 0.040625000000000064 0.490625 0.015625000000000062 0.490625 0.015625000000000062 0.5140625 0.040625000000000064 0.5140625
4 0.11093750000000005 0.525 0.09531250000000006 0.525 0.09531250000000006 0.54375 0.11093750000000005 0.54375
4 0.1609375000000001 0.5609375 0.1453125000000001 0.5609375 0.1453125000000001 0.575 0.1609375000000001 0.575
6 0.19531250000000006 0.528125 0.14843750000000006 0.528125 0.14843750000000006 0.5640625 0.19531250000000008 0.5640625
1 0.21093750000000008 0.4890625 0.15156250000000004 0.4890625 0.15156250000000004 0.5328125 0.21093750000000008 0.5328125
1 0.2609375000000001 0.48125 0.20312500000000008 0.48125 0.20312500000000008 0.525 0.2609375000000001 0.525
1 0.3296875000000001 0.503125 0.2671875000000001 0.503125 0.2671875000000001 0.5390625 0.3296875000000001 0.5390625
1 0.38750000000000007 0.5140625 0.3312500000000001 0.5140625 0.3312500000000001 0.5484375 0.38750000000000007 0.5484375
2 0.1937500000000001 0.5984375 0.1687500000000001 0.5984375 0.1687500000000001 0.625 0.1937500000000001 0.625
2 0.08593750000000007 0.5375 0.06250000000000007 0.5375 0.06250000000000007 0.5640625 0.08593750000000007 0.5640625
2 0.06250000000000007 0.534375 0.042187500000000065 0.534375 0.042187500000000065 0.5609375 0.06250000000000007 0.5609375
2 0.040625000000000064 0.521875 0.015625000000000066 0.521875 0.015625000000000066 0.54375 0.040625000000000064 0.54375
2 0.04843750000000007 0.55625 0.03593750000000007 0.55625 0.035937500000000074 0.590625 0.04843750000000008 0.590625
2 0.06093750000000007 0.5625 0.04687500000000007 0.5625 0.04687500000000007 0.596875 0.06093750000000007 0.596875
2 0.10312500000000009 0.5640625 0.07812500000000007 0.5640625 0.07812500000000007 0.5859375 0.10312500000000009 0.5859375
2 0.09843750000000004 0.38125 0.07343750000000004 0.38125 0.07343750000000004 0.4140625 0.09843750000000004 0.4140625
0 0.034375000000000044 0.34375 0.006250000000000042 0.34375 0.006250000000000043 0.3703125 0.034375000000000044 0.3703125
1 0.16093750000000004 0.396875 0.11093750000000005 0.396875 0.11093750000000005 0.4328125 0.16093750000000004 0.4328125
2 0.1062500000000001 0.6328125 0.09062500000000007 0.6328125 0.09062500000000008 0.6625 0.1062500000000001 0.6625
2 0.10156250000000008 0.6640625 0.08437500000000009 0.6640625 0.08437500000000009 0.7 0.10156250000000008 0.7
2 0.09531250000000009 0.7 0.07812500000000008 0.7 0.07812500000000008 0.7375 0.09531250000000009 0.7375
0 0.3531250000000001 0.76875 0.33281250000000007 0.76875 0.33281250000000007 0.8 0.3531250000000001 0.8
4 0.3687500000000001 0.7734375 0.3578125000000001 0.7734375 0.3578125000000001 0.7953125 0.3687500000000001 0.7953125
4 0.40937500000000016 0.8421875 0.3968750000000001 0.8421875 0.3968750000000001 0.86875 0.40937500000000016 0.86875
4 0.3734375000000001 0.8125 0.3593750000000001 0.8125 0.3593750000000001 0.8234375 0.3734375000000001 0.8234375
0 0.4343750000000002 0.7546875 0.42187500000000017 0.7546875 0.42187500000000017 0.78125 0.4343750000000002 0.78125
0 0.5125000000000002 0.728125 0.5000000000000002 0.728125 0.5000000000000002 0.753125 0.5125000000000002 0.753125
0 0.525 0.659375 0.5140625 0.659375 0.5140625 0.6875 0.525 0.6875
1 0.5125 0.63125 0.490625 0.63125 0.490625 0.7171875 0.5125 0.7171875
4 0.5265625 0.6296875 0.5171875 0.6296875 0.5171875 0.65 0.5265625 0.65
0 0.4937500000000002 0.821875 0.48437500000000017 0.821875 0.48437500000000017 0.8515625 0.4937500000000002 0.8515625
0 0.4890625000000002 0.884375 0.47656250000000017 0.884375 0.47656250000000017 0.9140625 0.4890625000000002 0.9140625
0 0.4750000000000002 0.90625 0.4656250000000002 0.90625 0.4656250000000002 0.9359375 0.4750000000000002 0.9359375
4 0.44843750000000016 0.921875 0.4390625000000002 0.921875 0.4390625000000002 0.94375 0.44843750000000016 0.94375
0 0.4703125000000002 0.815625 0.46093750000000017 0.815625 0.46093750000000017 0.840625 0.4703125000000002 0.840625
0 0.4593750000000002 0.8296875 0.4515625000000002 0.8296875 0.4515625000000002 0.8578125 0.4593750000000002 0.8578125
0 0.43750000000000017 0.7890625 0.4281250000000002 0.7890625 0.4281250000000002 0.8140625 0.43750000000000017 0.8140625
2 0.4593750000000002 0.7578125 0.4515625000000002 0.7578125 0.4515625000000002 0.7875 0.4593750000000002 0.7875
4 0.4750000000000002 0.7328125 0.4671875000000002 0.7328125 0.4671875000000002 0.753125 0.4750000000000002 0.753125
4 0.48437500000000017 0.7515625 0.47656250000000017 0.7515625 0.47656250000000017 0.775 0.48437500000000017 0.775
0 0.46875000000000017 0.7859375 0.4578125000000002 0.7859375 0.4578125000000002 0.8140625 0.46875000000000017 0.8140625
4 0.4734375000000002 0.765625 0.4656250000000002 0.765625 0.4656250000000002 0.7875 0.4734375000000002 0.7875
4 0.46406250000000016 0.75625 0.4593750000000002 0.75625 0.4593750000000002 0.78125 0.46406250000000016 0.78125
4 0.47968750000000016 0.8484375 0.4734375000000002 0.8484375 0.4734375000000002 0.871875 0.47968750000000016 0.871875
4 0.4234375000000002 0.9109375 0.4156250000000002 0.9109375 0.4156250000000002 0.93125 0.4234375000000002 0.93125
0 0.44062500000000016 0.8140625 0.4312500000000002 0.8140625 0.4312500000000002 0.8328125 0.44062500000000016 0.8328125
0 0.4515625000000002 0.80625 0.4421875000000002 0.80625 0.4421875000000002 0.834375 0.4515625000000002 0.834375
0 0.4500000000000002 0.8375 0.44062500000000016 0.8375 0.44062500000000016 0.865625 0.4500000000000002 0.865625
4 0.4421875000000002 0.746875 0.4359375000000002 0.746875 0.4359375000000002 0.76875 0.4421875000000002 0.76875
4 0.44531250000000017 0.7671875 0.43750000000000017 0.7671875 0.43750000000000017 0.7875 0.44531250000000017 0.7875
4 0.4515625000000002 0.7578125 0.44531250000000017 0.7578125 0.44531250000000017 0.7828125 0.4515625000000002 0.7828125
4 0.4437500000000002 0.7859375 0.43750000000000017 0.7859375 0.43750000000000017 0.80625 0.4437500000000002 0.80625
6 0.44062500000000016 0.8390625 0.42500000000000016 0.8390625 0.42500000000000016 0.93125 0.44062500000000016 0.93125
4 0.6171875 0.07656250000000006 0.60625 0.07656250000000006 0.60625 0.10156250000000008 0.6171875 0.10156250000000008
4 0.6109375 0.02187500000000007 0.603125 0.02187500000000007 0.603125 0.050000000000000065 0.6109375 0.050000000000000065
2 0.5421875 0.27812500000000007 0.51875 0.27812500000000007 0.51875 0.30937500000000007 0.5421875 0.30937500000000007
0 0.509375 0.2656250000000001 0.49375 0.2656250000000001 0.49375 0.3000000000000001 0.509375 0.3000000000000001
0 0.4796875 0.2984375000000001 0.465625 0.2984375000000001 0.465625 0.3234375000000001 0.4796875 0.3234375000000001
4 0.55 0.3062500000000001 0.540625 0.3062500000000001 0.540625 0.3218750000000001 0.55 0.3218750000000001
0 0.5625 0.3468750000000001 0.5453125 0.3468750000000001 0.5453125 0.3703125000000001 0.5625 0.3703125000000001
0 0.5625 0.2531250000000001 0.5484375 0.2531250000000001 0.5484375 0.2750000000000001 0.5625 0.2750000000000001
4 0.5875 0.21093750000000008 0.5765625 0.21093750000000008 0.5765625 0.2312500000000001 0.5875 0.2312500000000001
4 0.575 0.2390625000000001 0.5671875 0.2390625000000001 0.5671875 0.2593750000000001 0.575 0.2593750000000001
0 0.5890625 0.2531250000000001 0.58125 0.2531250000000001 0.58125 0.2843750000000001 0.5890625 0.2843750000000001
6 0.5796875 0.2609375000000001 0.5671875 0.2609375000000001 0.5671875 0.3078125000000001 0.5796875 0.3078125000000001
1 0.63125 0.3890625000000001 0.590625 0.3890625000000001 0.590625 0.4640625 0.63125 0.4640625
1 0.665625 0.4921875 0.6140625 0.4921875 0.6140625 0.5203125 0.665625 0.5203125
0 0.7078125 0.4703125 0.6875 0.4703125 0.6875 0.49375 0.7078125 0.49375
0 0.75625 0.5515625000000002 0.734375 0.5515625000000002 0.734375 0.5765625000000002 0.75625 0.5765625000000002
2 0.7453125 0.44218750000000007 0.715625 0.4421875 0.715625 0.4671875000000001 0.7453125 0.4671875000000002
2 0.5265625 0.08437500000000006 0.5046875 0.08437500000000006 0.5046875 0.12500000000000006 0.5265625 0.12500000000000006
2 0.5015625 0.17187500000000006 0.4828125 0.17187500000000006 0.4828125 0.20312500000000008 0.5015625 0.20312500000000008
4 0.3937500000000001 0.3656250000000001 0.3828125000000001 0.3656250000000001 0.3828125000000001 0.3890625000000001 0.3937500000000001 0.3890625000000001
4 0.403125 0.3656250000000001 0.3937500000000001 0.3656250000000001 0.3937500000000001 0.3859375000000001 0.403125 0.3859375000000001
4 0.4125 0.3625000000000001 0.40625 0.3625000000000001 0.40625 0.3843750000000001 0.4125 0.3843750000000001
4 0.4234375 0.3312500000000001 0.4140625 0.3312500000000001 0.4140625 0.3515625000000001 0.4234375 0.3515625000000001
4 0.428125 0.3625000000000001 0.4203125 0.3625000000000001 0.4203125 0.3812500000000001 0.428125 0.3812500000000001
4 0.4359375 0.3234375000000001 0.428125 0.3234375000000001 0.428125 0.3421875000000001 0.4359375 0.3421875000000001
4 0.4421875 0.3031250000000001 0.43125 0.3031250000000001 0.43125 0.31718750000000007 0.4421875 0.31718750000000007
4 0.4625 0.2750000000000001 0.4484375 0.2750000000000001 0.4484375 0.2890625000000001 0.4625 0.2890625000000001
4 0.4484375 0.3265625000000001 0.440625 0.3265625000000001 0.440625 0.3453125000000001 0.4484375 0.3453125000000001
4 0.4421875 0.3531250000000001 0.4328125 0.3531250000000001 0.4328125 0.3687500000000001 0.4421875 0.3687500000000001
4 0.459375 0.3078125000000001 0.4484375 0.3078125000000001 0.4484375 0.3203125000000001 0.459375 0.3203125000000001
4 0.603125 0.3359375000000001 0.5921875 0.3359375000000001 0.5921875 0.3515625000000001 0.603125 0.3515625000000001
4 0.45625 0.3296875000000001 0.45 0.3296875000000001 0.45 0.34843750000000007 0.45625 0.34843750000000007
4 0.6046875 0.3546875000000001 0.596875 0.3546875000000001 0.596875 0.3687500000000001 0.6046875 0.3687500000000001
4 0.6140625 0.3671875000000001 0.6046875 0.3671875000000001 0.6046875 0.37968750000000007 0.6140625 0.37968750000000007
4 0.6234375 0.3937500000000001 0.6140625 0.3937500000000001 0.6140625 0.4109375 0.6234375 0.4109375
2 0.7015625 0.54375 0.6765625 0.54375 0.6765625 0.565625 0.7015625 0.565625
2 0.6296875 0.5515625 0.6046875 0.5515625 0.6046875 0.5703125 0.6296875 0.5703125
2 0.65625 0.5375 0.634375 0.5375 0.634375 0.5578125 0.65625 0.5578125
0 0.634375 0.53125 0.61875 0.53125 0.61875 0.5453125 0.634375 0.5453125
4 0.61875 0.5265625 0.6078125 0.5265625 0.6078125 0.540625 0.61875 0.540625
4 0.6234375 0.5140625 0.6140625 0.5140625 0.6140625 0.528125 0.6234375 0.528125
4 0.634375 0.51875 0.6234375 0.51875 0.6234375 0.5296875 0.634375 0.5296875
4 0.6359375 0.5671875 0.625 0.5671875 0.625 0.5796875 0.6359375 0.5796875
4 0.6125 0.575 0.5984375 0.575 0.5984375 0.5890625 0.6125 0.5890625
4 0.590625 0.5890625 0.575 0.5890625 0.575 0.603125 0.590625 0.603125
4 0.6703125 0.565625 0.659375 0.565625 0.659375 0.58125 0.6703125 0.58125
0 0.678125 0.5515625 0.6609375 0.5515625 0.6609375 0.565625 0.678125 0.565625
4 0.6390625 0.5515625 0.628125 0.5515625 0.628125 0.565625 0.6390625 0.565625
4 0.6265625 0.5421875 0.615625 0.5421875 0.615625 0.5515625 0.6265625 0.5515625
2 0.7156250000000002 0.7875 0.6875000000000002 0.7875 0.6875000000000002 0.815625 0.7156250000000002 0.815625
2 0.7359375 0.6703125000000001 0.7203125 0.6703125 0.7203125 0.7187500000000001 0.7359375 0.7187500000000002
0 0.775 0.6203125000000002 0.765625 0.6203125000000002 0.765625 0.6546875000000002 0.775 0.6546875000000002
0 0.790625 0.6203125000000002 0.7828125 0.6203125000000002 0.7828125 0.6500000000000001 0.790625 0.6500000000000001
4 0.7828125 0.6421875000000001 0.7765625 0.6421875000000001 0.7765625 0.6625000000000002 0.7828125 0.6625000000000002
4 0.815625 0.46875000000000017 0.8046875 0.46875000000000017 0.8046875 0.48750000000000016 0.815625 0.48750000000000016
4 0.821875 0.5609375000000002 0.80625 0.5609375000000002 0.80625 0.5796875000000001 0.821875 0.5796875000000001
4 0.8015625 0.5750000000000002 0.7875 0.5750000000000002 0.7875 0.5921875000000002 0.8015625 0.5921875000000002
4 0.7734375 0.5687500000000002 0.759375 0.5687500000000002 0.759375 0.5875000000000001 0.7734375 0.5875000000000001
4 0.7109375 0.6203125 0.6953125 0.6203125 0.6953125 0.63125 0.7109375 0.63125
4 0.709375 0.628125 0.6953125 0.628125 0.6953125 0.640625 0.709375 0.640625
4 0.7109375 0.64375 0.6953125 0.64375 0.6953125 0.653125 0.7109375 0.653125
4 0.709375 0.653125 0.6953125 0.653125 0.6953125 0.6640625 0.709375 0.6640625
4 0.7421875 0.6390625000000002 0.7265625 0.6390625000000002 0.7265625 0.6531250000000002 0.7421875 0.6531250000000002
4 0.7375 0.6562500000000001 0.725 0.65625 0.725 0.6703125000000001 0.7375 0.6703125000000002
4 0.8765625 0.5625000000000002 0.8625 0.5625000000000002 0.8625 0.5812500000000002 0.8765625 0.5812500000000002
0 0.8703125 0.47187500000000016 0.846875 0.47187500000000016 0.846875 0.49218750000000017 0.8703125 0.49218750000000017
2 0.9625 0.5609375000000002 0.934375 0.5609375000000002 0.934375 0.5859375000000002 0.9625 0.5859375000000002
4 0.9265625 0.5859375000000002 0.909375 0.5859375000000002 0.909375 0.6000000000000002 0.9265625 0.6000000000000002
4 0.975 0.5531250000000002 0.9625 0.5531250000000002 0.9625 0.5671875000000002 0.975 0.5671875000000002
4 0.7515625 0.40937500000000016 0.7453125 0.40937500000000016 0.7453125 0.42968750000000017 0.7515625 0.42968750000000017
4 0.7640625 0.3687500000000001 0.75625 0.3687500000000001 0.75625 0.38750000000000007 0.7640625 0.38750000000000007
4 0.7734375 0.3625000000000001 0.7671875 0.3625000000000001 0.7671875 0.3828125000000001 0.7734375 0.3828125000000001
4 0.7671875 0.40937500000000016 0.759375 0.40937500000000016 0.759375 0.4265625000000002 0.7671875 0.4265625000000002
4 0.796875 0.40937500000000016 0.7890625 0.40937500000000016 0.7890625 0.4281250000000002 0.796875 0.4281250000000002
4 0.78125 0.3781250000000001 0.7734375 0.3781250000000001 0.7734375 0.3968750000000001 0.78125 0.3968750000000001
4 0.8015625 0.3656250000000001 0.790625 0.3656250000000001 0.790625 0.3859375000000001 0.8015625 0.3859375000000001
4 0.8125 0.3578125000000001 0.8046875 0.3578125000000001 0.8046875 0.3765625000000001 0.8125 0.3765625000000001
4 0.884375 0.36406250000000007 0.8765625 0.36406250000000007 0.8765625 0.38750000000000007 0.884375 0.38750000000000007
4 0.8140625 0.4078125000000002 0.8078125 0.4078125000000002 0.8078125 0.4281250000000002 0.8140625 0.4281250000000002
4 0.8265625 0.40625000000000017 0.8203125 0.40625000000000017 0.8203125 0.4281250000000002 0.8265625 0.4281250000000002
4 0.85 0.4078125000000002 0.8421875 0.4078125000000002 0.8421875 0.4265625000000002 0.85 0.4265625000000002
4 0.8375 0.3734375000000001 0.828125 0.3734375000000001 0.828125 0.39531250000000007 0.8375 0.39531250000000007
4 0.878125 0.40625000000000017 0.86875 0.40625000000000017 0.86875 0.42500000000000016 0.878125 0.42500000000000016
4 0.8484375 0.3656250000000001 0.840625 0.3656250000000001 0.840625 0.3812500000000001 0.8484375 0.3812500000000001
4 0.8625 0.3625000000000001 0.853125 0.3625000000000001 0.853125 0.3812500000000001 0.8625 0.3812500000000001