0 0.7890625000000002 0.9703125 0.7734375000000002 0.9703125 0.7734375000000002 1 0.7890625000000002 1
2 0.7328125000000002 0.8515625 0.7093750000000002 0.8515625 0.7093750000000002 0.86875 0.7328125000000002 0.86875
6 0.6625000000000002 0.765625 0.6406250000000002 0.765625 0.6406250000000002 0.8109375 0.6625000000000002 0.8109375
2 0.6296875000000002 0.93125 0.6078125000000002 0.93125 0.6078125000000002 0.95625 0.6296875000000002 0.95625
4 0.6859375000000002 0.7671875 0.6812500000000001 0.7671875 0.6812500000000001 0.7828125 0.6859375000000002 0.7828125
2 0.5875000000000001 0.7140625 0.5671875 0.7140625 0.5671875000000001 0.753125 0.5875000000000001 0.753125
0 0.571875 0.6390625 0.559375 0.6390625 0.559375 0.6640625 0.571875 0.6640625
4 0.5390625 0.6625 0.5328125 0.6625 0.5328125 0.678125 0.5390625 0.678125
4 0.5453125 0.6578125 0.5390625 0.6578125 0.5390625 0.6734375 0.5453125 0.6734375
4 0.546875 0.6421875 0.5421875 0.6421875 0.5421875 0.65625 0.546875 0.65625
4 0.55625 0.6375 0.55 0.6375 0.55 0.65 0.55625 0.65
4 0.58125 0.6671875 0.5734375 0.6671875 0.5734375 0.68125 0.58125 0.68125
4 0.6 0.58125 0.590625 0.58125 0.590625 0.5921875 0.6 0.5921875
4 0.596875 0.5640625 0.5890625 0.5640625 0.5890625 0.5734375 0.596875 0.5734375
4 0.675 0.6203125 0.66875 0.6203125 0.66875 0.6328125 0.675 0.6328125
4 0.5484375 0.5515625 0.5390625 0.5515625 0.5390625 0.5609375 0.5484375 0.5609375
4 0.565625 0.5328125 0.55625 0.5328125 0.55625 0.5484375 0.565625 0.5484375
4 0.5796875 0.553125 0.571875 0.553125 0.571875 0.5640625 0.5796875 0.5640625
4 0.5984375 0.521875 0.5890625 0.521875 0.5890625 0.53125 0.5984375 0.53125
4 0.6078125 0.5140625 0.5984375 0.5140625 0.5984375 0.5234375 0.6078125 0.5234375
4 0.61875 0.5265625 0.6078125 0.5265625 0.6078125 0.5359375 0.61875 0.5359375
4 0.5984375 0.4953125 0.5890625 0.4953125 0.5890625 0.50625 0.5984375 0.50625
4 0.6171875 0.4953125 0.609375 0.4953125 0.609375 0.50625 0.6171875 0.50625
4 0.6390625 0.53125 0.63125 0.53125 0.63125 0.5421875 0.6390625 0.5421875
4 0.640625 0.5203125 0.63125 0.5203125 0.63125 0.528125 0.640625 0.528125
0 0.625 0.540625 0.6109375 0.540625 0.6109375 0.5546875 0.625 0.5546875
0 0.5734375 0.5 0.5609375 0.5 0.5609375 0.51875 0.5734375 0.51875
3 0.640625 0.4875 0.6265625 0.4875 0.6265625 0.521875 0.640625 0.521875
4 0.6625 0.484375 0.65625 0.484375 0.65625 0.5 0.6625 0.5
4 0.625 0.475 0.615625 0.475 0.615625 0.4859375 0.625 0.4859375
4 0.596875 0.478125 0.5890625 0.478125 0.5890625 0.4859375 0.596875 0.4859375
4 0.609375 0.475 0.603125 0.475 0.603125 0.4859375 0.609375 0.4859375
4 0.58125 0.4796875 0.571875 0.4796875 0.571875 0.4890625 0.58125 0.4890625
4 0.559375 0.4796875 0.55 0.4796875 0.55 0.4921875 0.559375 0.4921875
4 0.5671875 0.46875 0.55625 0.46875 0.55625 0.4765625 0.5671875 0.4765625
4 0.5765625 0.4453125 0.5671875 0.4453125 0.5671875 0.453125 0.5765625 0.453125
4 0.5765625 0.43125 0.565625 0.43125 0.565625 0.440625 0.5765625 0.440625
4 0.6015625 0.45 0.5921875 0.45 0.5921875 0.4609375 0.6015625 0.4609375
4 0.6078125 0.4546875 0.5984375 0.4546875 0.5984375 0.4640625 0.6078125 0.4640625
4 0.621875 0.4640625 0.6125 0.4640625 0.6125 0.475 0.621875 0.475
4 0.625 0.4546875 0.615625 0.4546875 0.615625 0.4625 0.625 0.4625
4 0.6203125 0.440625 0.6109375 0.440625 0.6109375 0.45 0.6203125 0.45
4 0.6109375 0.4359375 0.603125 0.4359375 0.603125 0.446875 0.6109375 0.446875
4 0.6234375 0.428125 0.6171875 0.428125 0.6171875 0.4390625 0.6234375 0.4390625
4 0.63125 0.4171875 0.625 0.4171875 0.625 0.4265625 0.63125 0.4265625
4 0.6296875 0.428125 0.6234375 0.428125 0.6234375 0.4375 0.6296875 0.4375
4 0.6328125 0.440625 0.6265625 0.440625 0.6265625 0.4515625 0.6328125 0.4515625
4 0.6421875 0.4453125 0.6328125 0.4453125 0.6328125 0.45625 0.6421875 0.45625
4 0.6390625 0.4578125 0.634375 0.4578125 0.634375 0.471875 0.6390625 0.471875
4 0.646875 0.46875 0.6421875 0.46875 0.6421875 0.4828125 0.646875 0.4828125
4 0.6375 0.4234375 0.63125 0.4234375 0.63125 0.434375 0.6375 0.434375
4 0.6375 0.403125 0.63125 0.403125 0.63125 0.4171875 0.6375 0.4171875
4 0.64375 0.40625 0.6390625 0.40625 0.6390625 0.4171875 0.64375 0.4171875
2 0.61875 0.403125 0.6 0.403125 0.6 0.4328125 0.61875 0.4328125
2 0.6015625 0.4109375 0.5859375 0.4109375 0.5859375 0.4421875 0.6015625 0.4421875
3 0.64375 0.3734375000000001 0.6234375 0.3734375000000001 0.6234375 0.4078125 0.64375 0.4078125
5 0.625 0.3765625000000001 0.6140625 0.3765625000000001 0.6140625 0.39531250000000007 0.625 0.39531250000000007
2 0.6328125 0.3390625000000001 0.615625 0.3390625000000001 0.615625 0.3687500000000001 0.6328125 0.3687500000000001
2 0.615625 0.3078125000000001 0.596875 0.3078125000000001 0.596875 0.34062500000000007 0.615625 0.34062500000000007
2 0.65625 0.3281250000000001 0.640625 0.3281250000000001 0.640625 0.35625000000000007 0.65625 0.35625000000000007
2 0.65625 0.29375000000000007 0.6375 0.29375000000000007 0.6375 0.32500000000000007 0.65625 0.32500000000000007
2 0.6734375 0.2953125000000001 0.65625 0.2953125000000001 0.65625 0.32500000000000007 0.6734375 0.32500000000000007
2 0.671875 0.2593750000000001 0.6546875 0.2593750000000001 0.6546875 0.2875000000000001 0.671875 0.2875000000000001
1 0.7234375 0.2515625000000001 0.6734375 0.2515625000000001 0.6734375 0.3359375000000001 0.7234375 0.3359375000000001
0 0.6359375 0.1921875000000001 0.621875 0.1921875000000001 0.621875 0.21093750000000008 0.6359375 0.21093750000000008
2 0.6875 0.1859375000000001 0.6703125 0.1859375000000001 0.6703125 0.2156250000000001 0.6875 0.2156250000000001
3 0.7125 0.2062500000000001 0.696875 0.2062500000000001 0.696875 0.23437500000000008 0.7125 0.23437500000000008
2 0.7265625 0.20312500000000008 0.7109375 0.20312500000000008 0.7109375 0.2328125000000001 0.7265625 0.2328125000000001
2 0.725 0.1781250000000001 0.70625 0.1781250000000001 0.70625 0.20312500000000008 0.725 0.20312500000000008
2 0.740625 0.14843750000000008 0.7234375 0.14843750000000008 0.7234375 0.1781250000000001 0.740625 0.1781250000000001
2 0.75 0.1703125000000001 0.73125 0.1703125000000001 0.73125 0.20312500000000008 0.75 0.20312500000000008
3 0.746875 0.2312500000000001 0.7328125 0.2312500000000001 0.7328125 0.2531250000000001 0.746875 0.2531250000000001
0 0.725 0.22812500000000008 0.7140625 0.22812500000000008 0.7140625 0.2484375000000001 0.725 0.2484375000000001
0 0.73125 0.24375000000000008 0.7171875 0.24375000000000008 0.7171875 0.2593750000000001 0.73125 0.2593750000000001
2 0.775 0.1781250000000001 0.75625 0.1781250000000001 0.75625 0.21250000000000008 0.775 0.21250000000000008
0 0.7671875 0.1609375000000001 0.753125 0.1609375000000001 0.753125 0.17968750000000008 0.7671875 0.17968750000000008
0 0.7546875 0.1453125000000001 0.7421875 0.1453125000000001 0.7421875 0.1671875000000001 0.7546875 0.1671875000000001
0 0.7890625 0.1453125000000001 0.775 0.1453125000000001 0.775 0.1671875000000001 0.7890625 0.1671875000000001
0 0.8 0.1531250000000001 0.7859375 0.1531250000000001 0.7859375 0.1765625000000001 0.8 0.1765625000000001
0 0.7953125 0.12500000000000008 0.78125 0.12500000000000008 0.78125 0.1437500000000001 0.7953125 0.1437500000000001
0 0.7828125 0.12031250000000009 0.7703125 0.12031250000000009 0.7703125 0.1437500000000001 0.7828125 0.1437500000000001
0 0.7984375 0.07656250000000009 0.7859375 0.07656250000000009 0.7859375 0.09531250000000009 0.7984375 0.09531250000000009
3 0.7640625 0.11718750000000008 0.7484375 0.11718750000000008 0.7484375 0.14062500000000008 0.7640625 0.14062500000000008
2 0.8 0.09375000000000008 0.7828125 0.09375000000000008 0.7828125 0.12343750000000009 0.8 0.12343750000000009
2 0.78125 0.08593750000000008 0.7625 0.08593750000000008 0.7625 0.11562500000000009 0.78125 0.11562500000000009
6 0.8421875 0.1140625000000001 0.8171875 0.1140625000000001 0.8171875 0.15000000000000008 0.8421875 0.15000000000000008
6 0.884375 1.0648686620710968e-16 0.8546875 1.0466903111462534e-16 0.8546875 0.048437500000000105 0.884375 0.04843750000000011
2 0.8546875 0.0031250000000001034 0.8375 0.0031250000000001025 0.8375 0.0406250000000001 0.8546875 0.0406250000000001
2 0.8375 0.010937500000000102 0.81875 0.0109375000000001 0.81875 0.0406250000000001 0.8375 0.0406250000000001
2 0.815625 0.0390625000000001 0.7953125 0.0390625000000001 0.7953125 0.07187500000000009 0.815625 0.07187500000000009
2 0.825 0.0640625000000001 0.803125 0.06406250000000009 0.803125 0.0921875000000001 0.825 0.09218750000000012
2 0.71875 8.687338231451536e-17 0.7 8.572527594031472e-17 0.7 0.023437500000000087 0.71875 0.02343750000000009
2 0.7328125 0.009375000000000088 0.7125 0.009375000000000086 0.7125 0.03906250000000009 0.7328125 0.03906250000000009
0 0.6859375 0.06562500000000009 0.6703125 0.06562500000000009 0.6703125 0.08593750000000008 0.6859375 0.08593750000000008
0 0.6703125 0.07343750000000009 0.65625 0.07343750000000009 0.65625 0.10000000000000009 0.6703125 0.10000000000000009
0 0.628125 0.07343750000000007 0.615625 0.07343750000000007 0.615625 0.09062500000000007 0.628125 0.09062500000000007
4 0.7859375 0.018750000000000093 0.7765625 0.018750000000000093 0.7765625 0.0296875000000001 0.7859375 0.0296875000000001
4 0.7421875 0.08906250000000009 0.734375 0.08906250000000009 0.734375 0.10468750000000009 0.7421875 0.10468750000000009
4 0.7078125 0.04062500000000009 0.7015625 0.04062500000000009 0.7015625 0.05156250000000009 0.7078125 0.05156250000000009
4 0.6859375 0.13437500000000008 0.678125 0.13437500000000008 0.678125 0.1453125000000001 0.6859375 0.1453125000000001
4 0.684375 0.1625000000000001 0.675 0.1625000000000001 0.675 0.1750000000000001 0.684375 0.1750000000000001
4 0.771875 0.11562500000000009 0.765625 0.11562500000000009 0.765625 0.12656250000000008 0.771875 0.12656250000000008
4 0.7671875 0.15000000000000008 0.75625 0.15000000000000008 0.75625 0.1609375000000001 0.7671875 0.1609375000000001
4 0.7546875 0.20468750000000008 0.746875 0.20468750000000008 0.746875 0.21875000000000008 0.7546875 0.21875000000000008
4 0.671875 0.3265625000000001 0.6609375 0.3265625000000001 0.6609375 0.3359375000000001 0.671875 0.3359375000000001
4 0.6640625 0.33281250000000007 0.6546875 0.33281250000000007 0.6546875 0.3421875000000001 0.6640625 0.3421875000000001
4 0.675 0.34062500000000007 0.665625 0.34062500000000007 0.665625 0.34843750000000007 0.675 0.34843750000000007
4 0.6625 0.3453125000000001 0.65625 0.3453125000000001 0.65625 0.3593750000000001 0.6625 0.3593750000000001
4 0.646875 0.3625000000000001 0.6390625 0.3625000000000001 0.6390625 0.3734375000000001 0.646875 0.3734375000000001
4 0.653125 0.3687500000000001 0.646875 0.3687500000000001 0.646875 0.3843750000000001 0.653125 0.3843750000000001
4 0.6109375 0.3937500000000001 0.603125 0.3937500000000001 0.603125 0.4046875 0.6109375 0.4046875
4 0.546875 0.3750000000000001 0.5375 0.3750000000000001 0.5375 0.3906250000000001 0.546875 0.3906250000000001
4 0.5578125 0.3781250000000001 0.5484375 0.3781250000000001 0.5484375 0.3921875000000001 0.5578125 0.3921875000000001
4 0.525 0.403125 0.515625 0.403125 0.515625 0.415625 0.525 0.415625
4 0.54375 0.4765625 0.534375 0.4765625 0.534375 0.4859375 0.54375 0.4859375
4 0.4640625 0.409375 0.459375 0.409375 0.459375 0.4234375 0.4640625 0.4234375
2 0.540625 0.4234375 0.5203125 0.4234375 0.5203125 0.4546875 0.540625 0.4546875
2 0.4015625 0.3140625000000001 0.3875 0.3140625000000001 0.3875 0.3468750000000001 0.4015625 0.3468750000000001
2 0.4140625 0.38750000000000007 0.4046875 0.38750000000000007 0.4046875 0.421875 0.4140625 0.421875
2 0.409375 0.484375 0.39531250000000007 0.484375 0.39531250000000007 0.5265625 0.409375 0.5265625
3 0.4703125 0.4953125 0.446875 0.4953125 0.446875 0.5265625 0.4703125 0.5265625
3 0.3890625000000001 0.553125 0.3687500000000001 0.553125 0.3687500000000001 0.584375 0.3890625000000001 0.584375
0 0.3421875000000001 0.5125 0.3281250000000001 0.5125 0.3281250000000001 0.53125 0.3421875000000001 0.53125
4 0.3296875000000001 0.5296875 0.3234375000000001 0.5296875 0.3234375000000001 0.5421875 0.3296875000000001 0.5421875
4 0.3656250000000001 0.575 0.3578125000000001 0.575 0.3578125000000001 0.5859375 0.3656250000000001 0.5859375
2 0.3921875000000001 0.5859375 0.3765625000000001 0.5859375 0.3765625000000001 0.6109375 0.3921875000000001 0.6109375
2 0.3734375000000001 0.6078125 0.3546875000000001 0.6078125 0.3546875000000001 0.6328125 0.3734375000000001 0.6328125
2 0.3500000000000001 0.61875 0.3312500000000001 0.61875 0.3312500000000001 0.65 0.3500000000000001 0.65
4 0.3843750000000001 0.6125 0.3765625000000001 0.6125 0.3765625000000001 0.6265625 0.3843750000000001 0.6265625
2 0.3203125000000001 0.6546875 0.3031250000000001 0.6546875 0.3031250000000001 0.684375 0.3203125000000001 0.684375
4 0.2984375000000001 0.68125 0.2906250000000001 0.68125 0.2906250000000001 0.6921875 0.2984375000000001 0.6921875
2 0.3078125000000001 0.7046875 0.2875000000000001 0.7046875 0.2875000000000001 0.7390625 0.3078125000000001 0.7390625
4 0.6953125 0.2140625000000001 0.6890625 0.2140625000000001 0.6890625 0.2234375000000001 0.6953125 0.2234375000000001
4 0.7 0.19687500000000008 0.6921875 0.19687500000000008 0.6921875 0.21093750000000008 0.7 0.21093750000000008
4 0.68125 0.22656250000000008 0.671875 0.22656250000000008 0.671875 0.2390625000000001 0.68125 0.2390625000000001
4 0.6734375 0.24375000000000008 0.6671875 0.24375000000000008 0.6671875 0.25468750000000007 0.6734375 0.25468750000000007
4 0.5875 0.20468750000000008 0.5765625 0.20468750000000008 0.5765625 0.21250000000000008 0.5875 0.21250000000000008
4 0.5765625 0.21875000000000008 0.5671875 0.21875000000000008 0.5671875 0.2296875000000001 0.5765625 0.2296875000000001
4 0.3859375000000001 0.6890625 0.3765625000000001 0.6890625 0.3765625000000001 0.7 0.3859375000000001 0.7
0 0.2328125000000001 0.68125 0.21875000000000008 0.68125 0.21875000000000008 0.7015625 0.2328125000000001 0.7015625
2 0.20312500000000008 0.665625 0.1828125000000001 0.665625 0.1828125000000001 0.7 0.20312500000000008 0.7
2 0.1750000000000001 0.7140625 0.15781250000000008 0.7140625 0.15781250000000008 0.74375 0.1750000000000001 0.74375
2 0.18906250000000008 0.775 0.17187500000000008 0.775 0.17187500000000008 0.8046875 0.18906250000000008 0.8046875
2 0.2875000000000001 0.7109375 0.2687500000000001 0.7109375 0.2687500000000001 0.7421875 0.2875000000000001 0.7421875
3 0.28593750000000007 0.759375 0.2656250000000001 0.759375 0.2656250000000001 0.7890625 0.28593750000000007 0.7890625
2 0.2484375000000001 0.7796875 0.22812500000000008 0.7796875 0.22812500000000008 0.8125 0.2484375000000001 0.8125
2 0.2593750000000001 0.8078125 0.2390625000000001 0.8078125 0.2390625000000001 0.8375 0.2593750000000001 0.8375
2 0.2015625000000001 0.853125 0.18125000000000008 0.853125 0.18125000000000008 0.8859375 0.2015625000000001 0.8859375
2 0.2156250000000001 0.865625 0.19687500000000008 0.865625 0.19687500000000008 0.89375 0.2156250000000001 0.89375
6 0.19218750000000012 0.90625 0.1593750000000001 0.90625 0.1593750000000001 0.959375 0.19218750000000012 0.959375
2 0.14062500000000014 0.9484375 0.12187500000000014 0.9484375 0.12187500000000014 0.978125 0.14062500000000014 0.978125
2 0.15156250000000013 0.9703125 0.12968750000000012 0.9703125 0.12968750000000012 1 0.15156250000000013 1
4 0.2218750000000001 0.825 0.2140625000000001 0.825 0.2140625000000001 0.8390625 0.2218750000000001 0.8390625
4 0.23593750000000008 0.828125 0.22656250000000008 0.828125 0.22656250000000008 0.8421875 0.23593750000000008 0.8421875
4 0.2312500000000001 0.84375 0.22031250000000008 0.84375 0.22031250000000008 0.8578125 0.2312500000000001 0.8578125
4 0.2578125000000001 0.7921875 0.2484375000000001 0.7921875 0.2484375000000001 0.80625 0.2578125000000001 0.80625
4 0.2671875000000001 0.771875 0.2593750000000001 0.771875 0.2593750000000001 0.7828125 0.2671875000000001 0.7828125
4 0.27812500000000007 0.74375 0.27031250000000007 0.74375 0.27031250000000007 0.7578125 0.27812500000000007 0.7578125
4 0.28593750000000007 0.7421875 0.2765625000000001 0.7421875 0.2765625000000001 0.75625 0.28593750000000007 0.75625
2 0.24218750000000008 0.496875 0.22656250000000008 0.496875 0.22656250000000008 0.5359375 0.24218750000000008 0.5359375
2 0.29375 0.032812500000000036 0.2734375 0.032812500000000036 0.2734375 0.07187500000000005 0.29375 0.07187500000000005
2 0.325 0.026562500000000037 0.303125 0.026562500000000034 0.303125 0.06875000000000005 0.325 0.06875000000000005
2 0.384375 0.03281250000000004 0.3671875 0.03281250000000004 0.3671875 0.06875000000000005 0.384375 0.06875000000000005
2 0.3515625 0.06406250000000005 0.3359375 0.06406250000000005 0.3359375 0.09375000000000004 0.3515625 0.09375000000000004
2 0.340625 0.07343750000000004 0.325 0.07343750000000004 0.325 0.10781250000000005 0.340625 0.10781250000000005
2 0.328125 0.08593750000000004 0.309375 0.08593750000000004 0.309375 0.12656250000000005 0.328125 0.12656250000000005
2 0.3578125 0.10156250000000004 0.340625 0.10156250000000004 0.340625 0.13906250000000003 0.3578125 0.13906250000000003
2 0.3796875 0.08281250000000004 0.3609375 0.08281250000000004 0.3609375 0.12187500000000004 0.3796875 0.12187500000000004
2 0.396875 0.12031250000000004 0.378125 0.12031250000000004 0.378125 0.15468750000000003 0.396875 0.15468750000000003
2 0.3796875 0.11093750000000005 0.3609375 0.11093750000000005 0.3609375 0.15156250000000004 0.3796875 0.15156250000000004
2 0.3796875 0.15156250000000004 0.3625 0.15156250000000004 0.3625 0.18593750000000003 0.3796875 0.18593750000000003
0 0.4359375 0.11250000000000004 0.425 0.11250000000000004 0.425 0.13437500000000005 0.4359375 0.13437500000000005
2 0.415625 0.15937500000000004 0.4 0.15937500000000004 0.4 0.19531250000000006 0.415625 0.19531250000000006
2 0.3984375 0.15781250000000005 0.3796875 0.15781250000000005 0.3796875 0.19531250000000006 0.3984375 0.19531250000000006
2 0.4015625 0.19218750000000004 0.3828125 0.19218750000000004 0.3828125 0.22656250000000008 0.4015625 0.22656250000000008
6 0.440625 0.18750000000000006 0.4125 0.18750000000000006 0.4125 0.24218750000000008 0.440625 0.24218750000000008
2 0.421875 0.2296875000000001 0.4015625 0.2296875000000001 0.4015625 0.2687500000000001 0.421875 0.2687500000000001
0 0.4625 0.22812500000000008 0.4515625 0.22812500000000008 0.4515625 0.2500000000000001 0.4625 0.2500000000000001
0 0.453125 0.2531250000000001 0.440625 0.2531250000000001 0.440625 0.27812500000000007 0.453125 0.27812500000000007
4 0.446875 0.2390625000000001 0.4421875 0.2390625000000001 0.4421875 0.2531250000000001 0.446875 0.2531250000000001
4 0.409375 0.2140625000000001 0.4046875 0.2140625000000001 0.4046875 0.22812500000000008 0.409375 0.22812500000000008
4 0.359375 0.07812500000000004 0.353125 0.07812500000000004 0.353125 0.09687500000000004 0.359375 0.09687500000000004
2 0.4375 0.2671875000000001 0.4171875 0.2671875000000001 0.4171875 0.3062500000000001 0.4375 0.3062500000000001
2 0.8765625 0.1703125000000001 0.8625 0.1703125000000001 0.8625 0.2015625000000001 0.8765625 0.2015625000000001
2 0.93125 0.2968750000000001 0.9171875 0.2968750000000001 0.9171875 0.33281250000000007 0.93125 0.33281250000000007
4 0.9 0.2390625000000001 0.8921875 0.2390625000000001 0.8921875 0.2531250000000001 0.9 0.2531250000000001