2 0.35 0.2875 0.3328125 0.2875 0.3328125 0.3015625 0.35 0.3015625
2 0.4078125 0.2468750000000001 0.3953125 0.2468750000000001 0.3953125 0.2671875000000001 0.4078125 0.2671875000000001
2 0.4 0.21093750000000008 0.384375 0.21093750000000008 0.384375 0.2296875000000001 0.4 0.2296875000000001
2 0.5109375 0.3156250000000001 0.503125 0.3156250000000001 0.503125 0.3453125000000001 0.5109375 0.3453125000000001
2 0.5234375 0.3140625000000001 0.5140625 0.3140625000000001 0.5140625 0.3437500000000001 0.5234375 0.3437500000000001
2 0.5625 0.3062500000000001 0.5546875 0.3062500000000001 0.5546875 0.3312500000000001 0.5625 0.3312500000000001
2 0.571875 0.3078125000000001 0.5640625 0.3078125000000001 0.5640625 0.3312500000000001 0.571875 0.3312500000000001
2 0.9671875 0.8515625 0.95625 0.8515625 0.95625 0.878125 0.9671875 0.878125
2 0.9515625 0.8890625 0.9421875 0.8890625 0.9421875 0.915625 0.9515625 0.915625
2 0.7234375 0.6421875 0.715625 0.6421875 0.715625 0.665625 0.7234375 0.665625
6 0.9046875 0.6265625000000001 0.8640625 0.6265625000000001 0.8640625 0.6468750000000002 0.9046875 0.6468750000000002
5 0.740625 0.3734375000000001 0.6953125 0.3734375000000001 0.6953125 0.3937500000000001 0.740625 0.3937500000000001
6 0.6828125 0.3750000000000001 0.640625 0.3750000000000001 0.640625 0.39531250000000007 0.6828125 0.39531250000000007
6 0.2953125000000001 0.6296875 0.2640625000000001 0.6296875 0.2640625000000001 0.65 0.2953125000000001 0.65
6 0.1671875000000001 0.640625 0.1281250000000001 0.640625 0.1281250000000001 0.659375 0.1671875000000001 0.659375
6 0.14218750000000008 0.671875 0.10312500000000009 0.671875 0.10312500000000009 0.696875 0.14218750000000008 0.696875
4 0.5515625 0.2734375000000001 0.546875 0.2734375000000001 0.546875 0.2875000000000001 0.5515625 0.2875000000000001
3 0.7703125000000002 0.84375 0.7484375000000002 0.84375 0.7484375000000002 0.8609375 0.7703125000000002 0.8609375
3 0.7234375000000002 0.88125 0.7125000000000001 0.88125 0.7125000000000001 0.9171875 0.7234375000000002 0.9171875
4 0.528125 0.2750000000000001 0.525 0.2750000000000001 0.525 0.2890625000000001 0.528125 0.2890625000000001
4 0.5453125 0.2875000000000001 0.5421875 0.2875000000000001 0.5421875 0.30156250000000007 0.5453125 0.30156250000000007
4 0.571875 0.2765625000000001 0.5671875 0.2765625000000001 0.5671875 0.2906250000000001 0.571875 0.2906250000000001
4 0.58125 0.3000000000000001 0.578125 0.3000000000000001 0.578125 0.3140625000000001 0.58125 0.3140625000000001
4 0.5703125 0.23593750000000008 0.5671875 0.23593750000000008 0.5671875 0.2500000000000001 0.5703125 0.2500000000000001
4 0.5359375 0.22656250000000008 0.5328125 0.22656250000000008 0.5328125 0.23593750000000008 0.5359375 0.23593750000000008
4 0.54375 0.2250000000000001 0.5390625 0.2250000000000001 0.5390625 0.23593750000000008 0.54375 0.23593750000000008
4 0.5828125 0.2375000000000001 0.5796875 0.2375000000000001 0.5796875 0.2500000000000001 0.5828125 0.2500000000000001
4 0.5203125 0.2734375000000001 0.5171875 0.2734375000000001 0.5171875 0.2875000000000001 0.5203125 0.2875000000000001
4 0.415625 0.2687500000000001 0.4125 0.2687500000000001 0.4125 0.2812500000000001 0.415625 0.2812500000000001
4 0.5765625 0.2375000000000001 0.5734375 0.2375000000000001 0.5734375 0.2515625000000001 0.5765625 0.2515625000000001
4 0.5328125 0.2750000000000001 0.5296875 0.2750000000000001 0.5296875 0.2890625000000001 0.5328125 0.2890625000000001
4 0.540625 0.2906250000000001 0.5375 0.2906250000000001 0.5375 0.3031250000000001 0.540625 0.3031250000000001
4 0.5484375 0.2906250000000001 0.5453125 0.2906250000000001 0.5453125 0.3031250000000001 0.5484375 0.3031250000000001
0 0.828125 0.6359375000000002 0.8140625 0.6359375000000002 0.8140625 0.6515625000000002 0.828125 0.6515625000000002
2 0.684375 0.6359375 0.6796875 0.6359375 0.6796875 0.6609375 0.684375 0.6609375
2 0.6796875 0.6203125 0.6734375 0.6203125 0.6734375 0.6453125 0.6796875 0.6453125
2 0.6703125 0.6234375 0.6640625 0.6234375 0.6640625 0.6453125 0.6703125 0.6453125
2 0.678125 0.6453125 0.671875 0.6453125 0.671875 0.665625 0.678125 0.665625
0 0.8265625 0.5984375000000002 0.8140625 0.5984375000000002 0.8140625 0.6078125000000002 0.8265625 0.6078125000000002
2 0.9765625 0.9046875 0.9703125 0.9046875 0.9703125 0.928125 0.9765625 0.928125
2 0.984375 0.8453125 0.9703125 0.8453125 0.9703125 0.86875 0.984375 0.86875
5 1 0.5468750000000002 0.9296875 0.5468750000000002 0.9296875 0.5703125000000002 1 0.5703125000000002
2 0.9953125 0.7937500000000002 0.98125 0.7937500000000002 0.98125 0.8234375 0.9953125 0.8234375
0 0.821875 0.5843750000000002 0.809375 0.5843750000000002 0.809375 0.5968750000000002 0.821875 0.5968750000000002
6 0.725 0.596875 0.6984375 0.596875 0.6984375 0.6125 0.725 0.6125
4 0.4921875 0.5484375 0.484375 0.5484375 0.484375 0.5578125 0.4921875 0.5578125
2 0.9875 0.3906250000000001 0.971875 0.3906250000000001 0.971875 0.4031250000000002 0.9875 0.4031250000000002
0 0.3125000000000001 0.6171875 0.3000000000000001 0.6171875 0.3000000000000001 0.6265625 0.3125000000000001 0.6265625
4 0.10625000000000004 0.475 0.10000000000000005 0.475 0.10000000000000005 0.4828125 0.10625000000000004 0.4828125
3 0.403125 0.5578125 0.3843750000000001 0.5578125 0.3843750000000001 0.571875 0.403125 0.571875
4 0.8953125 0.5734375000000002 0.8890625 0.5734375000000002 0.8890625 0.5859375000000002 0.8953125 0.5859375000000002
4 0.6796875 0.4140625 0.6734375 0.4140625 0.6734375 0.421875 0.6796875 0.421875
2 0.8859375 0.4828125000000002 0.871875 0.4828125000000002 0.871875 0.49531250000000016 0.8859375 0.49531250000000016
6 0.509375 0.6140625 0.48125 0.6140625 0.48125 0.6328125 0.509375 0.6328125
2 0.31718750000000007 0.534375 0.3046875000000001 0.534375 0.3046875000000001 0.5453125 0.31718750000000007 0.5453125
6 0.3687500000000001 0.54375 0.3437500000000001 0.54375 0.3437500000000001 0.559375 0.3687500000000001 0.559375
2 0.14687500000000003 0.4765625 0.13281250000000006 0.4765625 0.13281250000000006 0.4875 0.14687500000000003 0.4875
6 0.534375 0.4640625 0.4984375 0.4640625 0.4984375 0.4828125 0.534375 0.4828125
4 0.78125 0.3906250000000001 0.771875 0.3906250000000001 0.771875 0.4000000000000002 0.78125 0.4000000000000002
6 0.7796875 0.47968750000000016 0.7609375 0.47968750000000016 0.7609375 0.49531250000000016 0.7796875 0.49531250000000016
2 0.3984375000000001 0.45625 0.3843750000000001 0.45625 0.3843750000000001 0.4671875 0.3984375000000001 0.4671875
5 0.6984375 0.446875 0.653125 0.446875 0.653125 0.465625 0.6984375 0.465625
1 0.32500000000000007 0.5984375 0.2953125000000001 0.5984375 0.2953125000000001 0.6140625 0.32500000000000007 0.6140625
4 0.11093750000000009 0.6015625 0.10312500000000009 0.6015625 0.10312500000000009 0.6109375 0.11093750000000009 0.6109375
4 0.571875 0.6015625 0.5640625 0.6015625 0.5640625 0.6125 0.571875 0.6125
4 0.7734375 0.5750000000000002 0.765625 0.5750000000000002 0.765625 0.5859375000000002 0.7734375 0.5859375000000002
2 1 0.5828125000000002 0.984375 0.5828125000000002 0.984375 0.6000000000000002 1 0.6000000000000002
4 0.940625 0.5734375000000002 0.934375 0.5734375000000002 0.934375 0.5843750000000002 0.940625 0.5843750000000002