2 0.3734375 0.2828125 0.3578125 0.2828125 0.3578125 0.29687500000000006 0.3734375 0.2968750000000001
2 0.51875 0.2562500000000001 0.5109375 0.2562500000000001 0.5109375 0.2812500000000001 0.51875 0.2812500000000001
2 0.5328125 0.3125000000000001 0.5265625 0.3125000000000001 0.5265625 0.34062500000000007 0.5328125 0.34062500000000007
2 0.54375 0.3125000000000001 0.5375 0.3125000000000001 0.5375 0.3375000000000001 0.54375 0.3375000000000001
2 0.5859375 0.3046875000000001 0.5765625 0.3046875000000001 0.5765625 0.3265625000000001 0.5859375 0.3265625000000001
2 0.59375 0.3046875000000001 0.5859375 0.3046875000000001 0.5859375 0.3265625000000001 0.59375 0.3265625000000001
4 0.609375 0.29375000000000007 0.60625 0.29375000000000007 0.60625 0.3078125000000001 0.609375 0.3078125000000001
4 0.603125 0.29375000000000007 0.6 0.29375000000000007 0.6 0.30937500000000007 0.603125 0.30937500000000007
4 0.6 0.2875000000000001 0.5984375 0.2875000000000001 0.5984375 0.2984375000000001 0.6 0.2984375000000001
4 0.596875 0.2812500000000001 0.59375 0.2812500000000001 0.59375 0.2968750000000001 0.596875 0.2968750000000001
4 0.59375 0.2890625000000001 0.590625 0.2890625000000001 0.590625 0.3031250000000001 0.59375 0.3031250000000001
4 0.59375 0.2734375000000001 0.5890625 0.2734375000000001 0.5890625 0.2875000000000001 0.59375 0.2875000000000001
4 0.571875 0.2718750000000001 0.5703125 0.2718750000000001 0.5703125 0.28593750000000007 0.571875 0.28593750000000007
4 0.5671875 0.2828125000000001 0.5640625 0.2828125000000001 0.5640625 0.2984375000000001 0.5671875 0.2984375000000001
4 0.5625 0.2875000000000001 0.559375 0.2875000000000001 0.559375 0.30156250000000007 0.5625 0.30156250000000007
4 0.55 0.27031250000000007 0.546875 0.27031250000000007 0.546875 0.2843750000000001 0.55 0.2843750000000001
4 0.553125 0.27031250000000007 0.55 0.27031250000000007 0.55 0.2843750000000001 0.553125 0.2843750000000001
4 0.5421875 0.27031250000000007 0.5390625 0.27031250000000007 0.5390625 0.2843750000000001 0.5421875 0.2843750000000001
4 0.5921875 0.2328125000000001 0.5890625 0.2328125000000001 0.5890625 0.2468750000000001 0.5921875 0.2468750000000001
4 0.5890625 0.2312500000000001 0.5859375 0.2312500000000001 0.5859375 0.2453125000000001 0.5890625 0.2453125000000001
4 0.5984375 0.2328125000000001 0.5953125 0.2328125000000001 0.5953125 0.2468750000000001 0.5984375 0.2468750000000001
4 0.603125 0.2312500000000001 0.6 0.2312500000000001 0.6 0.2453125000000001 0.603125 0.2453125000000001
4 0.60625 0.2312500000000001 0.603125 0.2312500000000001 0.603125 0.2453125000000001 0.60625 0.2453125000000001
4 0.5703125 0.2218750000000001 0.5671875 0.2218750000000001 0.5671875 0.2328125000000001 0.5703125 0.2328125000000001
4 0.6984375 0.3937500000000001 0.6921875 0.3937500000000001 0.6921875 0.3984375000000001 0.6984375 0.3984375000000001
4 0.9546875 0.6046875000000002 0.946875 0.6046875000000002 0.946875 0.6125000000000002 0.9546875 0.6125000000000002
4 0.921875 0.6000000000000002 0.915625 0.6000000000000002 0.915625 0.6093750000000002 0.921875 0.6093750000000002
4 0.8875 0.6343750000000001 0.8796875 0.6343750000000001 0.8796875 0.6390625000000002 0.8875 0.6390625000000002
4 0.81875 0.5625000000000002 0.8125 0.5625000000000002 0.8125 0.5687500000000002 0.81875 0.5687500000000002
4 0.8 0.5796875000000001 0.79375 0.5796875000000001 0.79375 0.5875000000000001 0.8 0.5875000000000001
4 0.6265625 0.5765625 0.6171875 0.5765625 0.6171875 0.5828125 0.6265625 0.5828125
4 0.5125 0.5828125 0.503125 0.5828125 0.503125 0.590625 0.5125 0.590625
4 0.31718750000000007 0.5640625 0.3125000000000001 0.5640625 0.3125000000000001 0.56875 0.31718750000000007 0.56875
4 0.3000000000000001 0.5875 0.29375000000000007 0.5875 0.29375000000000007 0.59375 0.3000000000000001 0.59375
4 0.16562500000000008 0.6140625 0.1593750000000001 0.6140625 0.1593750000000001 0.61875 0.16562500000000008 0.61875
4 0.16406250000000008 0.5953125 0.1546875000000001 0.5953125 0.1546875000000001 0.6046875 0.16406250000000008 0.6046875
4 0.06718750000000007 0.615625 0.06093750000000007 0.615625 0.06093750000000007 0.621875 0.06718750000000007 0.621875
2 0.0390625000000001 0.8171875 0.0296875000000001 0.8171875 0.0296875000000001 0.8375 0.0390625000000001 0.8375
4 0.12500000000000006 0.478125 0.11875000000000005 0.478125 0.11875000000000005 0.4859375 0.12500000000000006 0.4859375
2 0.3812500000000001 0.5296875 0.3671875000000001 0.5296875 0.3671875000000001 0.5421875 0.3812500000000001 0.5421875
2 0.4390625 0.521875 0.425 0.521875 0.425 0.534375 0.4390625 0.534375
2 0.6578125 0.5328125 0.64375 0.5328125 0.64375 0.5453125 0.6578125 0.5453125
2 0.971875 0.7937500000000002 0.9609375 0.7937500000000002 0.9609375 0.8046875 0.971875 0.8046875
2 0.971875 0.80625 0.959375 0.80625 0.959375 0.821875 0.971875 0.821875
2 0.9953125 0.859375 0.9859375 0.859375 0.9859375 0.8875 0.9953125 0.8875
2 0.9859375 0.8890625 0.9796875 0.8890625 0.9796875 0.9125 0.9859375 0.9125
2 0.978125 0.89375 0.9703125 0.89375 0.9703125 0.9203125 0.978125 0.9203125
2 0.746875 0.6406250000000002 0.740625 0.6406250000000002 0.740625 0.6656250000000001 0.746875 0.6656250000000001
2 0.69375 0.621875 0.6875 0.621875 0.6875 0.646875 0.69375 0.646875
2 0.7015625 0.6203125 0.69375 0.6203125 0.69375 0.6421875 0.7015625 0.6421875
2 0.7015625 0.64375 0.69375 0.64375 0.69375 0.6640625 0.7015625 0.6640625
2 0.60625 0.6171875 0.59375 0.6171875 0.59375 0.6296875 0.60625 0.6296875
5 0.06718750000000011 0.9078125 0.05625000000000011 0.9078125 0.05625000000000011 0.9515625 0.06718750000000011 0.9515625
5 0.07031250000000008 0.721875 0.05937500000000009 0.721875 0.05937500000000009 0.7703125 0.07031250000000008 0.7703125
5 0.10000000000000009 0.7046875 0.08750000000000009 0.7046875 0.08750000000000009 0.7578125 0.10000000000000009 0.7578125
5 0.16406250000000008 0.6671875 0.1296875000000001 0.6671875 0.1296875000000001 0.6875 0.16406250000000008 0.6875
5 0.1906250000000001 0.634375 0.1546875000000001 0.634375 0.1546875000000001 0.65 0.1906250000000001 0.65
5 0.3187500000000001 0.628125 0.2890625000000001 0.628125 0.2890625000000001 0.6421875 0.3187500000000001 0.6421875
5 1 0.5468750000000002 0.9375 0.5468750000000002 0.9375 0.5671875000000002 1 0.5671875000000002
5 0.7640625 0.3734375000000001 0.71875 0.3734375000000001 0.71875 0.3890625000000001 0.7640625 0.3890625000000001
5 0.70625 0.3734375000000001 0.665625 0.3734375000000001 0.665625 0.3906250000000001 0.70625 0.3906250000000001
5 0.446875 0.453125 0.40625 0.453125 0.40625 0.4703125 0.446875 0.4703125
5 0.3125000000000001 0.475 0.2687500000000001 0.475 0.2687500000000001 0.49375 0.3125000000000001 0.49375
3 0.475 0.4953125 0.459375 0.4953125 0.459375 0.50625 0.475 0.50625
2 0.7140625 0.4421875 0.7 0.4421875 0.7 0.45625 0.7140625 0.45625
0 0.853125 0.5984375000000002 0.840625 0.5984375000000002 0.840625 0.6093750000000002 0.853125 0.6093750000000002
0 0.853125 0.6421875000000001 0.8421875 0.6421875000000001 0.8421875 0.6515625000000002 0.853125 0.6515625000000002
0 0.7890625 0.6593750000000002 0.771875 0.6593750000000002 0.771875 0.6781250000000002 0.7890625 0.6781250000000002
3 0.7109375 0.6109375 0.703125 0.6109375 0.703125 0.634375 0.7109375 0.634375
0 0.621875 0.5984375 0.6125 0.5984375 0.6125 0.60625 0.621875 0.60625
0 0.6515625 0.6046875 0.6421875 0.6046875 0.6421875 0.6125 0.6515625 0.6125
3 0.5890625 0.6 0.575 0.6 0.575 0.6140625 0.5890625 0.6140625
6 0.5296875 0.6109375 0.5046875 0.6109375 0.5046875 0.6296875 0.5296875 0.6296875
0 0.3968750000000001 0.5625 0.3859375000000001 0.5625 0.3859375000000001 0.5734375 0.3968750000000001 0.5734375
6 0.5890625 0.465625 0.5640625 0.465625 0.5640625 0.4828125 0.5890625 0.4828125
0 0.7453125 0.4312500000000002 0.7359375 0.4312500000000002 0.7359375 0.4390625000000002 0.7453125 0.4390625000000002
6 0.93125 0.6281250000000002 0.8921875 0.6281250000000002 0.8921875 0.6484375000000002 0.93125 0.6484375000000002
3 0.7453125000000002 0.88125 0.7359375000000001 0.88125 0.7359375000000001 0.9125 0.7453125000000002 0.9125
3 0.7921875000000002 0.846875 0.7718750000000002 0.846875 0.7718750000000002 0.8625 0.7921875000000002 0.8625