2 0.3484375 0.278125 0.334375 0.278125 0.334375 0.290625 0.3484375 0.290625
2 0.509375 0.3125000000000001 0.5046875 0.3125000000000001 0.5046875 0.3390625000000001 0.509375 0.3390625000000001
2 0.5203125 0.3109375000000001 0.515625 0.3109375000000001 0.515625 0.3359375000000001 0.5203125 0.3359375000000001
2 0.5625 0.3031250000000001 0.5546875 0.3031250000000001 0.5546875 0.3265625000000001 0.5625 0.3265625000000001
2 0.5703125 0.3046875000000001 0.5640625 0.3046875000000001 0.5640625 0.3265625000000001 0.5703125 0.3265625000000001
4 0.5859375 0.29375000000000007 0.5828125 0.29375000000000007 0.5828125 0.3046875000000001 0.5859375 0.3046875000000001
4 0.58125 0.2921875000000001 0.578125 0.2921875000000001 0.578125 0.3109375000000001 0.58125 0.3109375000000001
4 0.578125 0.2890625000000001 0.575 0.2890625000000001 0.575 0.2984375000000001 0.578125 0.2984375000000001
4 0.5734375 0.2812500000000001 0.5703125 0.2812500000000001 0.5703125 0.2953125000000001 0.5734375 0.2953125000000001
4 0.5703125 0.2875000000000001 0.5671875 0.2875000000000001 0.5671875 0.30156250000000007 0.5703125 0.30156250000000007
4 0.5703125 0.2750000000000001 0.5671875 0.2750000000000001 0.5671875 0.28593750000000007 0.5703125 0.28593750000000007
4 0.5484375 0.2828125000000001 0.5453125 0.2828125000000001 0.5453125 0.2984375000000001 0.5484375 0.2984375000000001
4 0.5453125 0.2843750000000001 0.5421875 0.2843750000000001 0.5421875 0.2968750000000001 0.5453125 0.2968750000000001
4 0.5484375 0.2718750000000001 0.546875 0.2718750000000001 0.546875 0.2828125000000001 0.5484375 0.2828125000000001
4 0.540625 0.28593750000000007 0.5375 0.28593750000000007 0.5375 0.2984375000000001 0.540625 0.2984375000000001
4 0.534375 0.27031250000000007 0.5296875 0.27031250000000007 0.5296875 0.2843750000000001 0.534375 0.2843750000000001
4 0.53125 0.2687500000000001 0.528125 0.2687500000000001 0.528125 0.2828125000000001 0.53125 0.2828125000000001
4 0.528125 0.2687500000000001 0.525 0.2687500000000001 0.525 0.2843750000000001 0.528125 0.2843750000000001
4 0.5203125 0.2687500000000001 0.5171875 0.2687500000000001 0.5171875 0.2828125000000001 0.5203125 0.2828125000000001
4 0.4125 0.2593750000000001 0.409375 0.2593750000000001 0.409375 0.2734375000000001 0.4125 0.2734375000000001
4 0.415625 0.2609375000000001 0.4125 0.2609375000000001 0.4125 0.2718750000000001 0.415625 0.2718750000000001
4 0.4203125 0.2515625000000001 0.41875 0.2515625000000001 0.41875 0.26250000000000007 0.4203125 0.26250000000000007
4 0.4375 0.19531250000000006 0.43125 0.19531250000000006 0.43125 0.2062500000000001 0.4375 0.2062500000000001
4 0.4 0.2078125000000001 0.3859375 0.2078125000000001 0.3859375 0.2218750000000001 0.4 0.2218750000000001
4 0.4078125 0.2406250000000001 0.396875 0.2406250000000001 0.396875 0.2593750000000001 0.4078125 0.2593750000000001
4 0.584375 0.22812500000000008 0.58125 0.22812500000000008 0.58125 0.2468750000000001 0.584375 0.2468750000000001
4 0.5796875 0.2328125000000001 0.578125 0.2328125000000001 0.578125 0.2468750000000001 0.5796875 0.2468750000000001
4 0.5765625 0.2234375000000001 0.575 0.2234375000000001 0.575 0.23437500000000008 0.5765625 0.23437500000000008
4 0.5765625 0.23437500000000008 0.5734375 0.23437500000000008 0.5734375 0.2468750000000001 0.5765625 0.2468750000000001
4 0.5703125 0.2312500000000001 0.5671875 0.2312500000000001 0.5671875 0.2453125000000001 0.5703125 0.2453125000000001
4 0.5671875 0.2312500000000001 0.5640625 0.2312500000000001 0.5640625 0.2453125000000001 0.5671875 0.2453125000000001
4 0.5484375 0.21875000000000008 0.5453125 0.21875000000000008 0.5453125 0.2328125000000001 0.5484375 0.2328125000000001
4 0.54375 0.22031250000000008 0.540625 0.22031250000000008 0.540625 0.2312500000000001 0.54375 0.2312500000000001
4 0.5359375 0.22031250000000008 0.5328125 0.22031250000000008 0.5328125 0.2312500000000001 0.5359375 0.2312500000000001
4 0.53125 0.22031250000000008 0.5296875 0.22031250000000008 0.5296875 0.2296875000000001 0.53125 0.2296875000000001
4 0.528125 0.2218750000000001 0.5265625 0.2218750000000001 0.5265625 0.2296875000000001 0.528125 0.2296875000000001
5 0.68125 0.37187500000000007 0.640625 0.37187500000000007 0.640625 0.3921875000000001 0.68125 0.3921875000000001
5 0.7390625 0.3734375000000001 0.6953125 0.3734375000000001 0.6953125 0.3921875000000001 0.7390625 0.3921875000000001
4 0.7109375 0.3968750000000001 0.7046875 0.3968750000000001 0.7046875 0.4046875 0.7109375 0.4046875
2 0.7453125 0.4359375000000002 0.7328125 0.4359375000000002 0.7328125 0.4500000000000002 0.7453125 0.4500000000000002
6 0.825 0.38750000000000007 0.803125 0.38750000000000007 0.803125 0.4031250000000002 0.825 0.4031250000000002
6 0.8875 0.4000000000000002 0.8515625 0.4000000000000002 0.8515625 0.4203125000000002 0.8875 0.4203125000000002
0 0.821875 0.4156250000000002 0.8125 0.4156250000000002 0.8125 0.4265625000000002 0.821875 0.4265625000000002
4 0.9140625 0.37968750000000007 0.90625 0.37968750000000007 0.90625 0.3890625000000001 0.9140625 0.3890625000000001
6 0.953125 0.39531250000000007 0.9234375 0.39531250000000007 0.9234375 0.4125000000000002 0.953125 0.4125000000000002
6 1 0.3968750000000001 0.9734375 0.3968750000000001 0.9734375 0.4109375000000002 1 0.4109375000000002
3 0.996875 0.2812500000000001 0.9890625 0.2812500000000001 0.9890625 0.30937500000000007 0.996875 0.30937500000000007
4 0.9703125 0.2375000000000001 0.9640625 0.2375000000000001 0.9640625 0.2453125000000001 0.9703125 0.2453125000000001
3 0.025000000000000067 0.525 0.009375000000000064 0.525 0.009375000000000066 0.5375 0.025000000000000067 0.5375
3 0.05937500000000007 0.565625 0.04531250000000007 0.565625 0.04531250000000007 0.5765625 0.05937500000000007 0.5765625
4 0.012500000000000058 0.475 0.0031250000000000583 0.475 0.0031250000000000583 0.48125 0.012500000000000061 0.48125
2 0.17968750000000006 0.4875 0.16406250000000006 0.4875 0.16406250000000006 0.4984375 0.17968750000000006 0.4984375
4 0.2453125000000001 0.5609375 0.2390625000000001 0.5609375 0.2390625000000001 0.5671875 0.2453125000000001 0.5671875
4 0.3187500000000001 0.4640625 0.3125000000000001 0.4640625 0.3125000000000001 0.4703125 0.3187500000000001 0.4703125
4 0.3296875000000001 0.45625 0.3234375000000001 0.45625 0.3234375000000001 0.4625 0.3296875000000001 0.4625
3 0.2515625000000001 0.525 0.2375000000000001 0.525 0.2375000000000001 0.5359375 0.2515625000000001 0.5359375
6 0.2875000000000001 0.5375 0.2656250000000001 0.5375 0.2656250000000001 0.553125 0.2875000000000001 0.553125
6 0.3078125000000001 0.490625 0.27812500000000007 0.490625 0.27812500000000007 0.50625 0.3078125000000001 0.50625
6 0.38750000000000007 0.46875 0.3546875000000001 0.46875 0.3546875000000001 0.484375 0.38750000000000007 0.484375
5 0.409375 0.490625 0.3687500000000001 0.490625 0.3687500000000001 0.50625 0.409375 0.50625
5 0.4046875 0.446875 0.37187500000000007 0.446875 0.37187500000000007 0.4625 0.4046875 0.4625
2 0.3593750000000001 0.4890625 0.3453125000000001 0.4890625 0.3453125000000001 0.5 0.3593750000000001 0.5
5 0.3296875000000001 0.515625 0.2890625000000001 0.515625 0.2890625000000001 0.534375 0.3296875000000001 0.534375
5 0.634375 0.5296875 0.59375 0.5296875 0.59375 0.546875 0.634375 0.546875
5 0.590625 0.58125 0.5578125 0.58125 0.5578125 0.596875 0.590625 0.596875
6 0.6015625 0.5109375 0.5765625 0.5109375 0.5765625 0.5265625 0.6015625 0.5265625
2 0.6046875 0.5578125 0.59375 0.5578125 0.59375 0.56875 0.6046875 0.56875
2 0.6125 0.4515625 0.6015625 0.4515625 0.6015625 0.4625 0.6125 0.4625
4 0.6390625 0.546875 0.6328125 0.546875 0.6328125 0.553125 0.6390625 0.553125
4 0.675 0.553125 0.66875 0.553125 0.66875 0.559375 0.675 0.559375
6 0.721875 0.5078125 0.696875 0.5078125 0.696875 0.5234375 0.721875 0.5234375
6 0.7296875 0.5265625 0.6953125 0.5265625 0.6953125 0.5453125000000001 0.7296875 0.5453125000000002
2 0.7375 0.55 0.725 0.55 0.725 0.5609375000000001 0.7375 0.5609375000000002
2 0.7671875 0.5281250000000002 0.7515625 0.5281250000000002 0.7515625 0.5421875000000002 0.7671875 0.5421875000000002
2 0.890625 0.5812500000000002 0.878125 0.5812500000000002 0.878125 0.5906250000000002 0.890625 0.5906250000000002
5 0.85 0.5265625000000002 0.7953125 0.5265625000000002 0.7953125 0.5468750000000002 0.85 0.5468750000000002
3 0.8875 0.5093750000000001 0.86875 0.5093750000000001 0.86875 0.5234375000000002 0.8875 0.5234375000000002
5 0.996875 0.5531250000000002 0.928125 0.5531250000000002 0.928125 0.5718750000000001 0.996875 0.5718750000000001
2 0.9265625 0.5328125000000001 0.9125 0.5328125000000001 0.9125 0.5453125000000002 0.9265625 0.5453125000000002
3 1 0.5953125000000001 0.9796875 0.5953125000000001 0.9796875 0.6109375000000001 1 0.6109375000000001
6 0.9 0.6265625000000001 0.8640625 0.6265625000000001 0.8640625 0.6468750000000002 0.9 0.6468750000000002
2 0.9390625 0.7906250000000001 0.928125 0.7906250000000001 0.928125 0.8015625 0.9390625 0.8015625
2 0.9390625 0.8046875 0.928125 0.8046875 0.928125 0.815625 0.9390625 0.815625
2 0.990625 0.7968750000000002 0.9765625 0.7968750000000002 0.9765625 0.821875 0.990625 0.821875
2 0.9796875 0.85 0.9671875 0.85 0.9671875 0.8703125 0.9796875 0.8703125
2 0.9984375 0.8671875 0.984375 0.8671875 0.984375 0.89375 0.9984375 0.89375
2 0.9609375 0.85625 0.953125 0.85625 0.953125 0.8828125 0.9609375 0.8828125
2 0.9453125 0.8890625 0.9375 0.8890625 0.9375 0.9171875 0.9453125 0.9171875
2 0.953125 0.884375 0.946875 0.884375 0.946875 0.9078125 0.953125 0.9078125
2 0.971875 0.90625 0.965625 0.90625 0.965625 0.93125 0.971875 0.93125
2 1 0.8984375 0.9953125 0.8984375 0.9953125 0.9203125 1 0.9203125
2 0.7203125 0.6421875 0.7140625 0.6421875 0.7140625 0.6625 0.7203125 0.6625
2 0.66875 0.621875 0.6625 0.621875 0.6625 0.6421875 0.66875 0.6421875
2 0.6765625 0.61875 0.6703125 0.61875 0.6703125 0.640625 0.6765625 0.640625
2 0.68125 0.6546875 0.6734375 0.6546875 0.6734375 0.68125 0.68125 0.68125
0 0.8234375 0.5968750000000002 0.8125 0.5968750000000002 0.8125 0.6078125000000002 0.8234375 0.6078125000000002
0 0.825 0.6390625000000002 0.8140625 0.6390625000000002 0.8140625 0.6500000000000001 0.825 0.6500000000000001
0 0.7984375 0.5984375000000002 0.7875 0.5984375000000002 0.7875 0.6093750000000002 0.7984375 0.6093750000000002
0 0.7609375 0.6609375000000002 0.746875 0.6609375000000002 0.746875 0.6718750000000002 0.7609375 0.6718750000000002
3 0.7578125 0.5906250000000002 0.7390625 0.5906250000000002 0.7390625 0.6046875000000002 0.7578125 0.6046875000000002
3 0.684375 0.609375 0.678125 0.609375 0.678125 0.6296875 0.684375 0.6296875
3 0.7171875000000002 0.8796875 0.7109375000000002 0.8796875 0.7109375000000002 0.9078125 0.7171875000000002 0.9078125
3 0.7656250000000002 0.8453125 0.7468750000000002 0.8453125 0.7468750000000002 0.859375 0.7656250000000002 0.859375
6 0.7328125 0.5953125000000001 0.7078125 0.5953125 0.7078125 0.6109375000000001 0.7328125 0.6109375000000001
2 0.58125 0.6171875 0.5703125 0.6171875 0.5703125 0.6265625 0.58125 0.6265625
5 0.29375000000000007 0.6234375 0.2640625000000001 0.6234375 0.2640625000000001 0.6390625 0.29375000000000007 0.6390625
5 0.1625000000000001 0.6296875 0.1281250000000001 0.6296875 0.1281250000000001 0.646875 0.1625000000000001 0.646875
5 0.1375000000000001 0.6609375 0.10312500000000009 0.6609375 0.10312500000000009 0.6828125 0.1375000000000001 0.6828125
4 0.12656250000000008 0.609375 0.12031250000000009 0.609375 0.12031250000000009 0.6171875 0.12656250000000008 0.6171875
4 0.07187500000000006 0.615625 0.06562500000000007 0.615625 0.06562500000000007 0.621875 0.07187500000000006 0.621875
5 0.04062500000000009 0.715625 0.02656250000000009 0.715625 0.02656250000000009 0.765625 0.04062500000000009 0.765625
5 0.06875000000000009 0.7046875 0.057812500000000086 0.7046875 0.057812500000000086 0.75625 0.06875000000000009 0.75625
5 0.034375000000000114 0.90625 0.02343750000000011 0.90625 0.023437500000000114 0.9515625 0.034375000000000114 0.9515625
2 0.006250000000000101 0.8140625 9.969390349308921e-17 0.8140625 1.0093768539847325e-16 0.834375 0.006250000000000103 0.834375