4 0.475 0.5234375 0.4625 0.5234375 0.4625 0.5484375 0.475 0.5484375
4 0.4859375 0.50625 0.475 0.50625 0.475 0.5375 0.4859375 0.5375
4 0.4796875 0.446875 0.4671875 0.446875 0.4671875 0.4765625 0.4796875 0.4765625
0 0.4703125 0.4390625 0.45625 0.4390625 0.45625 0.4734375 0.4703125 0.4734375
0 0.5796875 0.5171875 0.559375 0.5171875 0.559375 0.5578125 0.5796875 0.5578125
4 0.56875 0.56875 0.559375 0.56875 0.559375 0.5953125 0.56875 0.5953125
2 0.5109375 0.5359375 0.49375 0.5359375 0.49375 0.5828125 0.5109375 0.5828125
2 0.5171875 0.446875 0.4984375 0.446875 0.4984375 0.5015625 0.5171875 0.5015625
2 0.503125 0.4375 0.484375 0.4375 0.484375 0.4859375 0.503125 0.4859375
2 0.528125 0.3812500000000001 0.509375 0.3812500000000001 0.509375 0.4265625 0.528125 0.4265625
3 0.4984375 0.38750000000000007 0.4796875 0.38750000000000007 0.4796875 0.4375 0.4984375 0.4375
2 0.5312500000000001 0.6875 0.5125 0.6875 0.5125000000000001 0.740625 0.5312500000000002 0.740625
2 0.5343750000000002 0.7828125 0.5140625000000002 0.7828125 0.5140625000000002 0.8390625 0.5343750000000002 0.8390625
2 0.5234375000000002 0.9296875 0.5062500000000002 0.9296875 0.5062500000000002 0.9828125 0.5234375000000002 0.9828125
3 0.48437500000000017 0.765625 0.46406250000000016 0.765625 0.46406250000000016 0.834375 0.48437500000000017 0.834375
0 0.5265625 0.3421875000000001 0.5109375 0.3421875000000001 0.5109375 0.3812500000000001 0.5265625 0.3812500000000001
2 0.5109375 0.30937500000000007 0.4875 0.30937500000000007 0.4875 0.36406250000000007 0.5109375 0.36406250000000007
2 0.5578125 0.2984375000000001 0.5359375 0.2984375000000001 0.5359375 0.3531250000000001 0.5578125 0.3531250000000001
2 0.5390625 0.2796875000000001 0.515625 0.2796875000000001 0.515625 0.3437500000000001 0.5390625 0.3437500000000001
2 0.58125 0.2453125000000001 0.5546875 0.2453125000000001 0.5546875 0.3062500000000001 0.58125 0.3062500000000001
3 0.559375 0.2375000000000001 0.534375 0.2375000000000001 0.534375 0.2875000000000001 0.559375 0.2875000000000001
4 0.734375 0.2328125000000001 0.7171875 0.2328125000000001 0.7171875 0.2531250000000001 0.734375 0.2531250000000001
3 0.5953125 0.19531250000000008 0.5734375 0.19531250000000008 0.5734375 0.2234375000000001 0.5953125 0.2234375000000001
3 0.6296875 0.18906250000000008 0.6109375 0.18906250000000008 0.6109375 0.2234375000000001 0.6296875 0.2234375000000001
4 0.6109375 0.2093750000000001 0.5953125 0.2093750000000001 0.5953125 0.22812500000000008 0.6109375 0.22812500000000008
4 0.6078125 0.2515625000000001 0.5890625 0.2515625000000001 0.5890625 0.27031250000000007 0.6078125 0.27031250000000007
2 0.6234375 0.2218750000000001 0.5890625 0.2218750000000001 0.5890625 0.2609375000000001 0.6234375 0.2609375000000001
2 0.6609375 0.2250000000000001 0.63125 0.2250000000000001 0.63125 0.2578125000000001 0.6609375 0.2578125000000001
2 0.6921875 0.22656250000000008 0.665625 0.22656250000000008 0.665625 0.2609375000000001 0.6921875 0.2609375000000001
2 0.7140625 0.1937500000000001 0.6828125 0.1937500000000001 0.6828125 0.2328125000000001 0.7140625 0.2328125000000001
4 0.7015625 0.10937500000000008 0.690625 0.10937500000000008 0.690625 0.13437500000000008 0.7015625 0.13437500000000008
4 0.7109375 0.11250000000000009 0.7 0.11250000000000009 0.7 0.1359375000000001 0.7109375 0.1359375000000001
4 0.684375 0.10781250000000009 0.6734375 0.10781250000000009 0.6734375 0.1375000000000001 0.684375 0.1375000000000001
2 0.5671875 0.057812500000000065 0.546875 0.057812500000000065 0.546875 0.10312500000000009 0.5671875 0.10312500000000009
2 0.5484375 6.611179204772041e-17 0.53125 6.505936120470313e-17 0.53125 0.021875000000000068 0.5484375 0.021875000000000068
2 0.6296875 7.615772282197602e-17 0.6140625 7.520096751014216e-17 0.6140625 0.02656250000000008 0.6296875 0.02656250000000008
0 0.5140625 0.13281250000000006 0.4953125 0.13281250000000006 0.4953125 0.16093750000000004 0.5140625 0.16093750000000004
2 0.7546875 0.21250000000000008 0.7296875 0.21250000000000008 0.7296875 0.2468750000000001 0.7546875 0.2468750000000001
2 0.7890625 0.1281250000000001 0.771875 0.1281250000000001 0.771875 0.1750000000000001 0.7890625 0.1750000000000001
2 0.83125 1.0045930774255631e-16 0.809375 9.91198503059889e-17 0.809375 0.0468750000000001 0.83125 0.0468750000000001
2 0.853125 0.15625000000000008 0.8234375 0.15625000000000008 0.8234375 0.18750000000000008 0.853125 0.18750000000000008
2 0.84375 0.1984375000000001 0.8171875 0.1984375000000001 0.8171875 0.2312500000000001 0.84375 0.2312500000000001
3 0.8953125 0.1531250000000001 0.875 0.1531250000000001 0.875 0.1906250000000001 0.8953125 0.1906250000000001
3 0.9390625 0.15156250000000013 0.9140625 0.15156250000000013 0.9140625 0.18593750000000014 0.9390625 0.18593750000000014
2 0.940625 0.2156250000000001 0.90625 0.2156250000000001 0.90625 0.2500000000000001 0.940625 0.2500000000000001
2 0.9875 0.2171875000000001 0.9578125 0.2171875000000001 0.9578125 0.2500000000000001 0.9875 0.2500000000000001
2 0.9984375 0.2406250000000001 0.9671875 0.2406250000000001 0.9671875 0.2796875000000001 0.9984375 0.2796875000000001
0 0.846875 0.2250000000000001 0.8234375 0.2250000000000001 0.8234375 0.2531250000000001 0.846875 0.2531250000000001
2 0.996875 0.3578125000000001 0.9671875 0.3578125000000001 0.9671875 0.38750000000000007 0.996875 0.38750000000000007
2 1 0.3546875000000001 0.990625 0.3546875000000001 0.990625 0.3906250000000001 1 0.3906250000000001
2 1 0.3828125000000001 0.990625 0.3828125000000001 0.990625 0.4125000000000002 1 0.4125000000000002
2 1 0.4125000000000002 0.9921875 0.4125000000000002 0.9921875 0.44843750000000016 1 0.44843750000000016
2 0.9875 0.4203125000000002 0.95625 0.4203125000000002 0.95625 0.44531250000000017 0.9875 0.44531250000000017
2 0.9921875 0.3828125000000001 0.959375 0.3828125000000001 0.959375 0.4125000000000002 0.9921875 0.4125000000000002
4 0.95625 0.3734375000000001 0.9375 0.3734375000000001 0.9375 0.39531250000000007 0.95625 0.39531250000000007
2 0.9625 0.3578125000000001 0.9359375 0.3578125000000001 0.9359375 0.3859375000000001 0.9625 0.3859375000000001
1 0.965625 0.37968750000000007 0.90625 0.37968750000000007 0.90625 0.4187500000000002 0.965625 0.4187500000000002
1 0.8421875 0.37187500000000007 0.765625 0.37187500000000007 0.765625 0.4109375000000002 0.8421875 0.4109375000000002
4 0.815625 0.4203125000000002 0.7984375 0.4203125000000002 0.7984375 0.44531250000000017 0.815625 0.44531250000000017
4 0.84375 0.44531250000000017 0.8234375 0.44531250000000017 0.8234375 0.4671875000000002 0.84375 0.4671875000000002
3 0.9421875 0.3500000000000001 0.915625 0.3500000000000001 0.915625 0.37968750000000007 0.9421875 0.37968750000000007
2 0.9375 0.4109375000000002 0.90625 0.4109375000000002 0.90625 0.4390625000000002 0.9375 0.4390625000000002
4 0.878125 0.3750000000000001 0.8609375 0.3750000000000001 0.8609375 0.39531250000000007 0.878125 0.39531250000000007
2 0.871875 0.3546875000000001 0.8421875 0.3546875000000001 0.8421875 0.3843750000000001 0.871875 0.3843750000000001
2 0.8953125 0.3500000000000001 0.8671875 0.3500000000000001 0.8671875 0.3765625000000001 0.8953125 0.3765625000000001
2 0.921875 0.3546875000000001 0.8921875 0.3546875000000001 0.8921875 0.3843750000000001 0.921875 0.3843750000000001
2 0.8453125 0.3437500000000001 0.81875 0.3437500000000001 0.81875 0.3765625000000001 0.8453125 0.3765625000000001
0 0.81875 0.40156250000000016 0.79375 0.40156250000000016 0.79375 0.4312500000000002 0.81875 0.4312500000000002
0 0.8 0.4031250000000002 0.775 0.4031250000000002 0.775 0.4265625000000002 0.8 0.4265625000000002
0 0.790625 0.35625000000000007 0.7671875 0.35625000000000007 0.7671875 0.3828125000000001 0.790625 0.3828125000000001
6 0.8234375 0.3515625000000001 0.79375 0.3515625000000001 0.79375 0.3859375000000001 0.8234375 0.3859375000000001
2 0.7703125 0.3906250000000001 0.7421875 0.3906250000000001 0.7421875 0.4265625000000002 0.7703125 0.4265625000000002
2 0.76875 0.3500000000000001 0.740625 0.3500000000000001 0.740625 0.3765625000000001 0.76875 0.3765625000000001
2 0.7265625 0.3437500000000001 0.696875 0.3437500000000001 0.696875 0.3734375000000001 0.7265625 0.3734375000000001
6 0.7640625 0.3656250000000001 0.7171875 0.3656250000000001 0.7171875 0.4046875000000001 0.7640625 0.4046875000000002
2 0.721875 0.3921875000000001 0.696875 0.3921875000000001 0.696875 0.41875 0.721875 0.41875
4 0.71875 0.3828125000000001 0.6984375 0.3828125000000001 0.6984375 0.403125 0.71875 0.403125
4 0.7109375 0.3625000000000001 0.6953125 0.3625000000000001 0.6953125 0.38750000000000007 0.7109375 0.38750000000000007
4 0.7 0.3578125000000001 0.6828125 0.3578125000000001 0.6828125 0.3765625000000001 0.7 0.3765625000000001
4 0.725 0.40625 0.7078125 0.40625 0.7078125 0.4265625 0.725 0.4265625
4 0.7359375 0.4046875000000001 0.721875 0.4046875 0.721875 0.4234375000000001 0.7359375 0.4234375000000002
4 0.7359375 0.3906250000000001 0.715625 0.3906250000000001 0.715625 0.4125000000000001 0.7359375 0.4125000000000002
4 0.7453125 0.3937500000000001 0.728125 0.3937500000000001 0.728125 0.4156250000000002 0.7453125 0.4156250000000002
2 0.7015625 0.425 0.6734375 0.425 0.6734375 0.4515625 0.7015625 0.4515625
0 0.646875 0.415625 0.6234375 0.415625 0.6234375 0.4359375 0.646875 0.4359375
0 0.646875 0.39531250000000007 0.625 0.39531250000000007 0.625 0.4140625 0.646875 0.4140625
2 0.6921875 0.3453125000000001 0.6609375 0.3453125000000001 0.6609375 0.3781250000000001 0.6921875 0.3781250000000001
2 0.684375 0.3687500000000001 0.65625 0.3687500000000001 0.65625 0.4 0.684375 0.4
2 0.709375 0.3703125000000001 0.68125 0.3703125000000001 0.68125 0.4015625 0.709375 0.4015625
4 0.6390625 0.3343750000000001 0.6234375 0.3343750000000001 0.6234375 0.3546875000000001 0.6390625 0.3546875000000001
4 0.634375 0.3453125000000001 0.6203125 0.3453125000000001 0.6203125 0.3687500000000001 0.634375 0.3687500000000001
4 0.6546875 0.33281250000000007 0.634375 0.33281250000000007 0.634375 0.3546875000000001 0.6546875 0.3546875000000001
2 0.665625 0.3468750000000001 0.63125 0.3468750000000001 0.63125 0.3734375000000001 0.665625 0.3734375000000001
2 0.65625 0.3687500000000001 0.6265625 0.3687500000000001 0.6265625 0.39531250000000007 0.65625 0.39531250000000007
4 0.6484375 0.3812500000000001 0.63125 0.3812500000000001 0.63125 0.4015625 0.6484375 0.4015625
4 0.6640625 0.3843750000000001 0.6453125 0.3843750000000001 0.6453125 0.403125 0.6640625 0.403125
4 0.6734375 0.38750000000000007 0.6578125 0.38750000000000007 0.6578125 0.40625 0.6734375 0.40625
4 0.678125 0.3921875000000001 0.6625 0.3921875000000001 0.6625 0.4109375 0.678125 0.4109375
4 0.6890625 0.3937500000000001 0.671875 0.3937500000000001 0.671875 0.4109375 0.6890625 0.4109375
4 0.6984375 0.4015625 0.6796875 0.4015625 0.6796875 0.4171875 0.6984375 0.4171875
4 0.6953125 0.4078125 0.68125 0.4078125 0.68125 0.425 0.6953125 0.425
4 0.6890625 0.4140625 0.6734375 0.4140625 0.6734375 0.4328125 0.6890625 0.4328125
4 0.68125 0.4015625 0.6671875 0.4015625 0.6671875 0.4234375 0.68125 0.4234375
4 0.678125 0.41875 0.6640625 0.41875 0.6640625 0.4328125 0.678125 0.4328125
4 0.6671875 0.4140625 0.6546875 0.4140625 0.6546875 0.4375 0.6671875 0.4375
4 0.6578125 0.41875 0.64375 0.41875 0.64375 0.4390625 0.6578125 0.4390625
4 0.659375 0.4109375 0.6453125 0.4109375 0.6453125 0.425 0.659375 0.425
4 0.66875 0.4046875 0.653125 0.4046875 0.653125 0.425 0.66875 0.425
4 0.65625 0.39531250000000007 0.6421875 0.39531250000000007 0.6421875 0.4109375 0.65625 0.4109375
4 0.634375 0.434375 0.6234375 0.434375 0.6234375 0.45625 0.634375 0.45625
4 0.5921875 0.475 0.5765625 0.475 0.5765625 0.5 0.5921875 0.5
4 0.6203125 0.446875 0.6015625 0.446875 0.6015625 0.46875 0.6203125 0.46875
5 0.19375000000000012 0.8703125 0.15781250000000008 0.8703125 0.1578125000000001 0.9375 0.19375000000000014 0.9375
4 0.3078125000000001 0.5734375 0.29375000000000007 0.5734375 0.29375000000000007 0.596875 0.3078125000000001 0.596875
4 0.3062500000000001 0.5875 0.2906250000000001 0.5875 0.2906250000000001 0.603125 0.3062500000000001 0.603125
4 0.3078125000000001 0.5921875 0.2906250000000001 0.5921875 0.2906250000000001 0.615625 0.3078125000000001 0.615625
4 0.3859375000000001 0.425 0.3703125000000001 0.425 0.3703125000000001 0.4453125 0.3859375000000001 0.4453125
4 0.3375000000000001 0.4140625 0.3234375000000001 0.4140625 0.3234375000000001 0.434375 0.3375000000000001 0.434375
6 0.3593750000000001 0.4 0.3296875000000001 0.4 0.3296875000000001 0.428125 0.3593750000000001 0.428125
2 0.10468750000000009 0.559375 0.07656250000000006 0.559375 0.07656250000000006 0.5890625 0.10468750000000009 0.5890625
2 0.06250000000000007 0.5515625 0.032812500000000064 0.5515625 0.032812500000000064 0.5796875 0.06250000000000007 0.5796875
2 0.056250000000000064 0.578125 0.02187500000000007 0.578125 0.02187500000000007 0.609375 0.056250000000000064 0.609375
2 0.05156250000000009 0.6640625 0.025000000000000078 0.6640625 0.025000000000000085 0.6953125 0.05156250000000009 0.6953125
4 0.14375000000000002 0.1640625 0.128125 0.1640625 0.12812500000000002 0.1875 0.14375000000000004 0.1875
2 0.2046875 0.14375000000000002 0.1734375 0.14375 0.1734375 0.17968750000000003 0.2046875 0.17968750000000006
2 0.0921875 0.0765625 0.071875 0.0765625 0.07187500000000001 0.1296875 0.09218750000000002 0.1296875
4 0.0921875 0.05000000000000001 0.0765625 0.05 0.0765625 0.07812500000000001 0.0921875 0.07812500000000003
0 0.103125 0.03437500000000001 0.0828125 0.03437500000000001 0.0828125 0.07343750000000002 0.103125 0.07343750000000002
0 0.05 0.006250000000000004 0.0296875 0.006250000000000003 0.0296875 0.045312500000000006 0.05 0.04531250000000001
4 0.03281250000000001 0.0453125 0.015625000000000007 0.0453125 0.015625000000000007 0.06875 0.03281250000000001 0.06875
4 0.012500000000000008 0.0625 0.0031250000000000084 0.0625 0.003125000000000009 0.084375 0.012500000000000011 0.084375
4 0.02187500000000001 0.0671875 0.0046875000000000085 0.0671875 0.004687500000000009 0.084375 0.021875000000000012 0.084375
4 0.3171875 0.17812500000000003 0.303125 0.17812500000000003 0.303125 0.2 0.3171875 0.2
4 0.3484375 0.2125 0.334375 0.2125 0.334375 0.2375 0.3484375 0.2375
2 0.371875 0.20468750000000005 0.346875 0.2046875 0.346875 0.23437500000000006 0.371875 0.23437500000000008
2 0.425 0.17343750000000005 0.4015625 0.17343750000000005 0.4015625 0.19843750000000004 0.425 0.19843750000000004
2 0.428125 0.18906250000000005 0.4 0.18906250000000005 0.4 0.2171875000000001 0.428125 0.2171875000000001
4 0.421875 0.15937500000000004 0.40625 0.15937500000000004 0.40625 0.17968750000000006 0.421875 0.17968750000000006
0 0.39375 0.2078125000000001 0.375 0.2078125000000001 0.375 0.2390625000000001 0.39375 0.2390625000000001
0 0.409375 0.2171875000000001 0.3875 0.2171875000000001 0.3875 0.24375000000000008 0.409375 0.24375000000000008
0 0.425 0.21250000000000008 0.403125 0.21250000000000008 0.403125 0.23593750000000008 0.425 0.23593750000000008
4 0.715625 0.1468750000000001 0.6984375 0.1468750000000001 0.6984375 0.1765625000000001 0.715625 0.1765625000000001
4 0.6390625 0.4078125 0.625 0.4078125 0.625 0.421875 0.6390625 0.421875
1 0.9109375 0.3828125000000001 0.8453125 0.3828125000000001 0.8453125 0.41718750000000016 0.9109375 0.41718750000000016