1 0.30937500000000007 0.640625 0.2531250000000001 0.640625 0.2531250000000001 0.6734375 0.30937500000000007 0.6734375
1 0.2531250000000001 0.6484375 0.19687500000000008 0.6484375 0.19687500000000008 0.6796875 0.2531250000000001 0.6796875
0 0.17187500000000008 0.7078125 0.1515625000000001 0.7078125 0.1515625000000001 0.725 0.17187500000000008 0.725
0 0.44375 0.6703125 0.428125 0.6703125 0.428125 0.6859375 0.44375 0.6859375
1 0.93125 0.846875 0.8640625 0.846875 0.8640625 0.8796875 0.93125 0.8796875
0 0.05625000000000011 0.91875 0.03750000000000011 0.91875 0.03750000000000011 0.934375 0.05625000000000011 0.934375
0 0.15312500000000012 0.94375 0.13750000000000012 0.94375 0.13750000000000012 0.9640625 0.15312500000000012 0.9640625
0 0.5187500000000002 0.93125 0.5046875000000002 0.93125 0.5046875000000002 0.94375 0.5187500000000002 0.94375
2 0.484375 0.26250000000000007 0.471875 0.26250000000000007 0.471875 0.3062500000000001 0.484375 0.3062500000000001
2 0.4890625 0.4796875 0.4796875 0.4796875 0.4796875 0.5203125 0.4890625 0.5203125
2 0.534375 0.565625 0.51875 0.565625 0.51875 0.6140625 0.534375 0.6140625
2 0.5250000000000001 0.6828125 0.5109375 0.6828125 0.5109375 0.728125 0.5250000000000001 0.728125
2 0.5687500000000002 0.7953125 0.5453125000000002 0.7953125 0.5453125000000002 0.8171875 0.5687500000000002 0.8171875
2 0.5890625000000002 0.8265625 0.5687500000000002 0.8265625 0.5687500000000002 0.85625 0.5890625000000002 0.85625
2 0.4703125000000002 0.9 0.44531250000000017 0.9 0.44531250000000017 0.9265625 0.4703125000000002 0.9265625
2 0.12500000000000008 0.796875 0.10156250000000008 0.796875 0.10156250000000008 0.8203125 0.12500000000000008 0.8203125
2 0.1859375000000001 0.8734375 0.16562500000000008 0.8734375 0.16562500000000008 0.896875 0.1859375000000001 0.896875
2 0.9953125 0.803125 0.971875 0.803125 0.971875 0.825 0.9953125 0.825
4 0.020312500000000094 0.78125 0.006250000000000094 0.78125 0.006250000000000096 0.7921875 0.020312500000000094 0.7921875
4 0.11562500000000009 0.8734375 0.10312500000000009 0.8734375 0.10312500000000009 0.8875 0.11562500000000009 0.8875
4 0.11875000000000013 0.946875 0.10781250000000013 0.946875 0.10781250000000013 0.9546875 0.11875000000000013 0.9546875
4 0.19687500000000013 0.9296875 0.18593750000000014 0.9296875 0.18593750000000014 0.94375 0.19687500000000013 0.94375
4 0.3000000000000001 0.934375 0.2890625000000001 0.934375 0.2890625000000001 0.94375 0.3000000000000001 0.94375
4 0.4953125 0.04843750000000006 0.4890625 0.04843750000000006 0.4890625 0.07031250000000007 0.4953125 0.07031250000000007
4 0.4765625 0.14218750000000005 0.4703125 0.14218750000000005 0.4703125 0.16093750000000004 0.4765625 0.16093750000000004
4 0.475 0.428125 0.4671875 0.428125 0.4671875 0.453125 0.475 0.453125
4 0.475 0.484375 0.46875 0.484375 0.46875 0.50625 0.475 0.50625
4 0.4828125 0.578125 0.4734375 0.578125 0.4734375 0.6 0.4828125 0.6
4 0.4890625 0.6296875 0.48125 0.6296875 0.48125 0.6515625 0.4890625 0.6515625
4 0.5640625 0.696875 0.5546875 0.696875 0.5546875 0.7171875 0.5640625 0.7171875
4 0.5500000000000002 0.765625 0.5375000000000002 0.765625 0.5375000000000002 0.7828125 0.5500000000000002 0.7828125
4 0.5484375000000001 0.8234375 0.5359375000000002 0.8234375 0.5359375000000002 0.840625 0.5484375000000001 0.840625
4 0.5968750000000002 0.7421875 0.5875000000000001 0.7421875 0.5875000000000001 0.75625 0.5968750000000002 0.75625
4 0.6187500000000001 0.7484375 0.6078125000000002 0.7484375 0.6078125000000002 0.7640625 0.6187500000000001 0.7640625
4 0.5968750000000002 0.771875 0.5828125000000002 0.771875 0.5828125000000002 0.7859375 0.5968750000000002 0.7859375
4 0.6625000000000002 0.7640625 0.6515625000000002 0.7640625 0.6515625000000002 0.7796875 0.6625000000000002 0.7796875
4 0.6718750000000002 0.7484375 0.6593750000000002 0.7484375 0.6593750000000002 0.7625 0.6718750000000002 0.7625
4 0.6890625000000001 0.778125 0.6765625000000002 0.778125 0.6765625000000002 0.7921875 0.6890625000000001 0.7921875
4 0.7578125000000002 0.7515625000000001 0.7453125000000002 0.7515625000000001 0.7453125000000002 0.7671875000000001 0.7578125000000002 0.7671875000000001
4 0.7468750000000002 0.8453125 0.7328125000000002 0.8453125 0.7328125000000002 0.8640625 0.7468750000000002 0.8640625
4 0.6812500000000001 0.8890625 0.6656250000000001 0.8890625 0.6656250000000001 0.9 0.6812500000000001 0.9
4 0.8453125 0.7171875000000002 0.834375 0.7171875000000002 0.834375 0.7312500000000002 0.8453125 0.7312500000000002
4 0.875 0.803125 0.8609375 0.803125 0.8609375 0.8171875 0.875 0.8171875
4 0.8890625 0.7671875000000001 0.875 0.7671875000000001 0.875 0.7859375000000002 0.8890625 0.7859375000000002
4 0.4703125000000002 0.7734375 0.4578125000000002 0.7734375 0.4578125000000002 0.7890625 0.4703125000000002 0.7890625
4 0.3968750000000001 0.7671875 0.3859375000000001 0.7671875 0.3859375000000001 0.784375 0.3968750000000001 0.784375
4 0.41718750000000016 0.875 0.4046875000000002 0.875 0.4046875000000002 0.890625 0.41718750000000016 0.890625
4 0.2796875000000001 0.678125 0.2687500000000001 0.678125 0.2687500000000001 0.6921875 0.2796875000000001 0.6921875