0 0.3531250000000001 0.4328125 0.3421875000000001 0.4328125 0.3421875000000001 0.4578125 0.3531250000000001 0.4578125
2 0.3421875 0.3015625 0.321875 0.3015625 0.321875 0.33125 0.3421875 0.33125
4 0.40625 0.465625 0.3968750000000001 0.465625 0.3968750000000001 0.475 0.40625 0.475
4 0.421875 0.4 0.4109375 0.4 0.4109375 0.4140625 0.421875 0.4140625
4 0.4203125 0.453125 0.4078125 0.453125 0.4078125 0.4640625 0.4203125 0.4640625
4 0.4125 0.490625 0.403125 0.490625 0.403125 0.5046875 0.4125 0.5046875
4 0.4390625 0.4546875 0.4296875 0.4546875 0.4296875 0.465625 0.4390625 0.465625
4 0.459375 0.434375 0.4484375 0.434375 0.4484375 0.4484375 0.459375 0.4484375
4 0.5 0.409375 0.4890625 0.409375 0.4890625 0.41875 0.5 0.41875
4 0.5046875 0.3656250000000001 0.49375 0.3656250000000001 0.49375 0.37968750000000007 0.5046875 0.37968750000000007
4 0.5484375 0.4171875 0.5375 0.4171875 0.5375 0.428125 0.5484375 0.428125
2 0.5296875 0.3531250000000001 0.5125 0.3531250000000001 0.5125 0.3765625000000001 0.5296875 0.3765625000000001
2 0.4515625 0.2734375000000001 0.434375 0.2734375000000001 0.434375 0.3000000000000001 0.4515625 0.3000000000000001
2 0.415625 0.22031250000000008 0.4015625 0.22031250000000008 0.4015625 0.25468750000000007 0.415625 0.25468750000000007
4 0.390625 0.15000000000000005 0.3796875 0.15000000000000005 0.3796875 0.16406250000000006 0.390625 0.16406250000000006
4 0.3453125 0.06250000000000004 0.3359375 0.06250000000000004 0.3359375 0.07656250000000005 0.3453125 0.07656250000000005
3 0.3546875 0.01875000000000004 0.3328125 0.018750000000000037 0.3328125 0.06250000000000004 0.3546875 0.06250000000000004
2 0.3171875 0.0031250000000000383 0.3015625 0.0031250000000000375 0.3015625 0.03593750000000003 0.3171875 0.03593750000000003
4 0.2796875 0.13593750000000004 0.26875 0.13593750000000004 0.26875 0.15000000000000005 0.2796875 0.15000000000000005
4 0.3781250000000001 0.5296875 0.3703125000000001 0.5296875 0.3703125000000001 0.540625 0.3781250000000001 0.540625
0 0.3937500000000001 0.515625 0.3828125000000001 0.515625 0.3828125000000001 0.5296875 0.3937500000000001 0.5296875
4 0.35625000000000007 0.546875 0.3468750000000001 0.546875 0.3468750000000001 0.5578125 0.35625000000000007 0.5578125
4 0.3578125000000001 0.553125 0.34843750000000007 0.553125 0.34843750000000007 0.5640625 0.3578125000000001 0.5640625
4 0.3437500000000001 0.5515625 0.3343750000000001 0.5515625 0.3343750000000001 0.5671875 0.3437500000000001 0.5671875
4 0.34843750000000007 0.5640625 0.3421875000000001 0.5640625 0.3421875000000001 0.578125 0.34843750000000007 0.578125
4 0.3343750000000001 0.565625 0.3296875000000001 0.565625 0.3296875000000001 0.5796875 0.3343750000000001 0.5796875
4 0.3343750000000001 0.5796875 0.32500000000000007 0.5796875 0.32500000000000007 0.5953125 0.3343750000000001 0.5953125
4 0.3234375000000001 0.6046875 0.31718750000000007 0.6046875 0.31718750000000007 0.61875 0.3234375000000001 0.61875
4 0.25468750000000007 0.6640625 0.2484375000000001 0.6640625 0.2484375000000001 0.675 0.25468750000000007 0.675
4 0.2750000000000001 0.63125 0.2687500000000001 0.63125 0.2687500000000001 0.6421875 0.2750000000000001 0.6421875
4 0.2734375000000001 0.6578125 0.2640625000000001 0.6578125 0.2640625000000001 0.66875 0.2734375000000001 0.66875
4 0.1984375000000001 0.7453125 0.18906250000000008 0.7453125 0.18906250000000008 0.759375 0.1984375000000001 0.759375
2 0.05312500000000011 0.95 0.03750000000000011 0.95 0.03750000000000012 0.975 0.05312500000000011 0.975
2 0.07812500000000011 0.96875 0.06250000000000011 0.96875 0.06250000000000011 0.99375 0.07812500000000011 0.99375
4 0.06875000000000012 0.9453125 0.05937500000000011 0.9453125 0.05937500000000011 0.9609375 0.06875000000000012 0.9609375
0 0.08593750000000011 0.91875 0.07656250000000012 0.91875 0.07656250000000012 0.9390625 0.08593750000000011 0.9390625
0 0.10000000000000013 0.940625 0.08593750000000011 0.940625 0.08593750000000011 0.9609375 0.10000000000000013 0.9609375
0 0.10937500000000008 0.875 0.09843750000000011 0.875 0.09843750000000011 0.89375 0.10937500000000008 0.89375
0 0.11562500000000009 0.85 0.1062500000000001 0.85 0.1062500000000001 0.86875 0.11562500000000009 0.86875
4 0.12031250000000009 0.8625 0.11093750000000009 0.8625 0.11093750000000009 0.8734375 0.12031250000000009 0.8734375
6 0.12068738896756681 0.8979414072563543 0.1098939187500001 0.8900081484375001 0.07917288759493335 0.9318051630561458 0.08996635781250006 0.939738421875
3 0.1358252942481037 0.8959985839546372 0.12517126119575744 0.8891604693387469 0.10367688101015382 0.9226495010091099 0.1143309140625001 0.929487615625
2 0.13646012562444296 0.8717181860839357 0.12752993673252674 0.864980454639988 0.10895037048308383 0.8896058107435522 0.11788055937500004 0.8963435421874999
2 0.14931038591068582 0.872759965357106 0.13994610830769966 0.8668054443034139 0.1236236286470139 0.892474718008808 0.13298790625000007 0.8984292390625
2 0.14893722507886914 0.8450077172092259 0.14069959900386034 0.839435192519403 0.12311559736249125 0.8654288737476772 0.13135322343750006 0.8710013984374999
2 0.16195665137299967 0.8557161419688615 0.1523702402280444 0.8495034421297664 0.13725737166754476 0.872823122035905 0.1468437828125 0.8790358218750001
4 0.15000000000000008 0.8515625 0.14062500000000008 0.8515625 0.14062500000000008 0.8625 0.15000000000000008 0.8625
2 0.13437500000000008 0.8296875 0.1218750000000001 0.8296875 0.1218750000000001 0.853125 0.13437500000000008 0.853125
4 0.14062500000000008 0.8359375 0.1312500000000001 0.8359375 0.1312500000000001 0.8484375 0.14062500000000008 0.8484375
2 0.17624888531573593 0.8352682066929793 0.168219009375 0.8293055421875 0.14991398499676406 0.8539567823695207 0.15794386093749999 0.859919446875
2 0.16589869034423663 0.8116363867518255 0.15798282812500006 0.805069971875 0.14010318153076354 0.8266240194981747 0.1480190437500001 0.8331904343750001
2 0.1676820817027101 0.8258643263458254 0.15927691800335944 0.8201639463633386 0.14245909723814942 0.8449616856425134 0.15086426093750008 0.850662065625
2 0.1860365940201425 0.8029972748595583 0.17811460084222128 0.7971026603027733 0.1600675099470787 0.821356821380715 0.1679895031249999 0.8272514359375001
2 0.1802186817328857 0.7888407002399 0.1712257188379339 0.7830557944859763 0.1547152324175482 0.8087222786210762 0.1637081953125 0.8145071843749999
2 0.1896657405981909 0.8178372846920998 0.18129924964851143 0.8117552593525698 0.16569469030032064 0.8332210371604699 0.17406118125000014 0.8393030625000002
2 0.20514984136474626 0.7970459163745099 0.19652496403060474 0.7900495581947474 0.1792143429783585 0.8113895152577377 0.18783922031250003 0.8183858734375
2 0.19969644225310867 0.7702127637922775 0.19129983291789757 0.7647581972138039 0.1757868266022889 0.7886384912340265 0.1841834359375 0.7940930578125001
4 0.18906250000000008 0.7921875 0.18125000000000008 0.7921875 0.18125000000000008 0.8015625 0.18906250000000008 0.8015625
4 0.2000000000000001 0.7765625 0.1937500000000001 0.7765625 0.1937500000000001 0.7875 0.2000000000000001 0.7875
2 0.21505023349789298 0.7507515592965648 0.20746648750000013 0.7454156171875 0.19240990556460727 0.7668148922659354 0.19999365156250012 0.7721508343750001
2 0.23003304712408915 0.7323923124759288 0.22287318560808522 0.7275940453261154 0.20805589004649616 0.7497040656626865 0.21521575156250008 0.7545023328125
2 0.2432350789363272 0.7129189096762863 0.23556617644303932 0.7076932901287003 0.22133030375671225 0.728585266389914 0.22899920625000014 0.7338108859375001
0 0.2412432181787525 0.6946602560792993 0.23579514588980816 0.6911355608033668 0.22504527614855568 0.7077514844115675 0.23049334843750002 0.7112761796875
2 0.2635252593827615 0.7069058096758318 0.2556910081898781 0.701703024383896 0.23883509255711668 0.7270843287705642 0.24666934375000005 0.7322871140625
2 0.25691224210741803 0.6896814794270627 0.2495473763886955 0.6844392632907963 0.23401122334377766 0.7062662307387335 0.24137608906250016 0.711508446875
2 0.2773540780062335 0.6725493262983252 0.26850120357431145 0.6652451183518459 0.2510181177555779 0.6864350358035207 0.2598709921875 0.6937392437500002
2 0.2760133454693311 0.691661901680129 0.269320268024754 0.6865793514856326 0.2554353319304229 0.7048640607430038 0.262128409375 0.7099466109375001
2 0.28225924810467684 0.6418524965143041 0.2731831232750283 0.6349075280426151 0.2548913782953515 0.6588123393408111 0.26396750312500006 0.6657573078125001
0 0.29262887517317326 0.6468827218060696 0.2865416890625 0.6426237218749999 0.2743049873268268 0.6601130578814305 0.2803921734375 0.6643720578125002
2 0.2955027176146071 0.6669607819770621 0.2878264998443281 0.6616171260103371 0.272560266604721 0.683547229970775 0.280236484375 0.6888908859375
4 0.2921875000000001 0.6515625 0.28593750000000007 0.6515625 0.28593750000000007 0.6625 0.2921875000000001 0.6625
4 0.28593750000000007 0.6390625 0.2796875000000001 0.6390625 0.2796875000000001 0.6484375 0.28593750000000007 0.6484375
4 0.29375000000000007 0.6296875 0.2875000000000001 0.6296875 0.2875000000000001 0.6390625 0.29375000000000007 0.6390625
4 0.2953125000000001 0.6359375 0.2906250000000001 0.6359375 0.2906250000000001 0.646875 0.2953125000000001 0.646875
2 0.31386385122250576 0.6459786177731222 0.305818431117049 0.6400470400250685 0.29025927833204335 0.6611510238144466 0.2983046984375001 0.6670826015625002
2 0.3064454143027754 0.6123048934264584 0.2995958721656159 0.6064030719538855 0.28437292192534047 0.6240705394649273 0.29122246406249996 0.6299723609375002
2 0.3171491176914035 0.621672205181045 0.3098601804996582 0.6162889905843937 0.29319255030825475 0.6388571619658487 0.3004814875000001 0.6442403765625
2 0.33054252191791444 0.6260178294001599 0.3229160087057295 0.6207873482756331 0.30842337897531497 0.6419189095004733 0.31604989218749996 0.6471493906250001
2 0.32413236014356384 0.5953219001322737 0.3168328573780708 0.5902644178109693 0.30238700035950705 0.6111142333036954 0.3096865031250001 0.616171715625
2 0.34197832666928996 0.5938042251219127 0.33467199743543813 0.5887972769067025 0.3201202270161482 0.6100317736597898 0.32742655625 0.615038721875
2 0.35428001948233045 0.5946017172869665 0.3457843248253443 0.5890755946224223 0.3295173803430139 0.6140839054604559 0.3380130750000001 0.6196100281250001
3 0.36603241677872683 0.5973296869781948 0.3583411244593211 0.592267427670671 0.3391179295555943 0.6214739938174764 0.34680922187499996 0.626536253125
1 0.3474473508619954 0.6324375381475547 0.3351523173873404 0.6228382898556448 0.2993771399628451 0.6686603157705902 0.3116721734375001 0.6782595640625001
1 0.2824642139096861 0.7203727282498898 0.26942078173939354 0.7113804448306492 0.22728306001720738 0.7725017962682594 0.24032649218749996 0.7814940796875001
1 0.23669639134111056 0.784389610497249 0.22466326406250006 0.7757897375 0.18071489928388962 0.8372832348152512 0.19274802656250012 0.8458831078125002
0 0.19218750000000012 0.9390625 0.17812500000000014 0.9390625 0.17812500000000014 0.96875 0.19218750000000012 0.96875
2 0.21875000000000008 0.9640625 0.20312500000000008 0.9640625 0.20312500000000008 0.9953125 0.21875000000000008 0.9953125
2 0.2406250000000001 0.9359375 0.2250000000000001 0.9359375 0.2250000000000001 0.9671875 0.2406250000000001 0.9671875
2 0.2515625000000001 0.8390625 0.23593750000000008 0.8390625 0.23593750000000008 0.8671875 0.2515625000000001 0.8671875
0 0.2890625000000001 0.8640625 0.27812500000000007 0.8640625 0.27812500000000007 0.884375 0.2890625000000001 0.884375
2 0.3000000000000001 0.8234375 0.2828125000000001 0.8234375 0.2828125000000001 0.846875 0.3000000000000001 0.846875
4 0.2812500000000001 0.8078125 0.2718750000000001 0.8078125 0.2718750000000001 0.8234375 0.2812500000000001 0.8234375
2 0.3343750000000001 0.8140625 0.31718750000000007 0.8140625 0.31718750000000007 0.8375 0.3343750000000001 0.8375
2 0.34062500000000007 0.7515625 0.3234375000000001 0.7515625 0.3234375000000001 0.78125 0.34062500000000007 0.78125
0 0.3593750000000001 0.784375 0.34843750000000007 0.784375 0.34843750000000007 0.803125 0.3593750000000001 0.803125
0 0.3921875000000001 0.74375 0.3812500000000001 0.74375 0.3812500000000001 0.759375 0.3921875000000001 0.759375
0 0.4046875000000002 0.771875 0.3937500000000001 0.771875 0.3937500000000001 0.784375 0.4046875000000002 0.784375
0 0.4125000000000002 0.74375 0.4000000000000002 0.74375 0.4000000000000002 0.7625 0.4125000000000002 0.7625
4 0.4203125 0.70625 0.4109375 0.70625 0.4109375 0.7203125 0.4203125 0.7203125
4 0.4281250000000002 0.75 0.4187500000000002 0.75 0.4187500000000002 0.7640625 0.4281250000000002 0.7640625
4 0.2468750000000001 0.9234375 0.2406250000000001 0.9234375 0.2406250000000001 0.9328125 0.2468750000000001 0.9328125
4 0.2656250000000001 0.9 0.2593750000000001 0.9 0.2593750000000001 0.9140625 0.2656250000000001 0.9140625
4 0.3203125000000001 0.959375 0.3156250000000001 0.959375 0.3156250000000001 0.98125 0.3203125000000001 0.98125
4 0.3468750000000001 0.91875 0.3421875000000001 0.91875 0.3421875000000001 0.9375 0.3468750000000001 0.9375
4 0.3546875000000001 0.95 0.3437500000000001 0.95 0.3437500000000001 0.965625 0.3546875000000001 0.965625
2 0.3359375000000001 0.9421875 0.3218750000000001 0.9421875 0.3218750000000001 0.965625 0.3359375000000001 0.965625
2 0.34843750000000007 0.9671875 0.33281250000000007 0.9671875 0.33281250000000007 0.9953125 0.34843750000000007 0.9953125
2 0.3812500000000001 0.9484375 0.3671875000000001 0.9484375 0.3671875000000001 0.975 0.3812500000000001 0.975
2 0.48750000000000016 0.7921875 0.4734375000000002 0.7921875 0.4734375000000002 0.81875 0.48750000000000016 0.81875
3 0.5218750000000002 0.7765625 0.4968750000000002 0.7765625 0.4968750000000002 0.809375 0.5218750000000002 0.809375
2 0.4875 0.703125 0.46875 0.703125 0.46875 0.7234375 0.4875 0.7234375
0 0.5000000000000001 0.7234375 0.4859375 0.7234375 0.4859375000000001 0.7375 0.5000000000000002 0.7375
2 0.5625000000000002 0.7671875 0.5437500000000002 0.7671875 0.5437500000000002 0.790625 0.5625000000000002 0.790625
4 0.5375000000000002 0.75625 0.5296875000000002 0.75625 0.5296875000000002 0.7671875 0.5375000000000002 0.7671875
4 0.5375000000000002 0.7453125 0.5312500000000002 0.7453125 0.5312500000000002 0.75625 0.5375000000000002 0.75625
2 0.5265625 0.6515625 0.5125 0.6515625 0.5125 0.671875 0.5265625 0.671875
4 0.553125 0.6890625 0.5421875 0.6890625 0.5421875 0.70625 0.553125 0.70625
0 0.5515625 0.6203125 0.5375 0.6203125 0.5375 0.6390625 0.5515625 0.6390625
4 0.5953125 0.565625 0.5875 0.565625 0.5875 0.5875 0.5953125 0.5875
0 0.60625 0.4953125 0.5953125 0.4953125 0.5953125 0.5109375 0.60625 0.5109375
2 0.590625 0.4515625 0.571875 0.4515625 0.571875 0.48125 0.590625 0.48125
2 0.6375 0.51875 0.6203125 0.51875 0.6203125 0.5484375 0.6375 0.5484375
6 0.6421875 0.4796875 0.6140625 0.4796875 0.6140625 0.525 0.6421875 0.525
2 0.6703125 0.5359375 0.653125 0.5359375 0.653125 0.5671875 0.6703125 0.5671875
4 0.6375 0.4359375 0.63125 0.4359375 0.63125 0.4578125 0.6375 0.4578125
2 0.5640625 0.4140625 0.55 0.4140625 0.55 0.446875 0.5640625 0.446875
2 0.6515625 0.2984375000000001 0.634375 0.2984375000000001 0.634375 0.3218750000000001 0.6515625 0.3218750000000001
4 0.675 0.3125000000000001 0.665625 0.3125000000000001 0.665625 0.3265625000000001 0.675 0.3265625000000001
4 0.803125 0.27031250000000007 0.7921875 0.27031250000000007 0.7921875 0.2843750000000001 0.803125 0.2843750000000001
2 0.828125 0.12500000000000008 0.81875 0.12500000000000008 0.81875 0.1593750000000001 0.828125 0.1593750000000001
2 0.803125 0.14843750000000008 0.79375 0.14843750000000008 0.79375 0.18750000000000008 0.803125 0.18750000000000008
2 0.8203125 0.1625000000000001 0.8 0.1625000000000001 0.8 0.19531250000000008 0.8203125 0.19531250000000008
3 0.8703125 0.10156250000000008 0.85 0.10156250000000008 0.85 0.1296875000000001 0.8703125 0.1296875000000001
4 0.8359375 0.1515625000000001 0.8265625 0.1515625000000001 0.8265625 0.1703125000000001 0.8359375 0.1703125000000001
2 0.88125 0.06875000000000012 0.8625 0.06875000000000012 0.8625 0.09843750000000011 0.88125 0.09843750000000011
4 0.8890625 0.10156250000000008 0.8796875 0.10156250000000008 0.8796875 0.11562500000000009 0.8890625 0.11562500000000009
4 0.8890625 0.08281250000000011 0.8796875 0.08281250000000011 0.8796875 0.09687500000000011 0.8890625 0.09687500000000011
2 0.9515625 1.1519333954479792e-16 0.9296875 1.1385388210823048e-16 0.9296875 0.020312500000000115 0.9515625 0.020312500000000115
2 0.9609375 0.06562500000000011 0.9375 0.06562500000000011 0.9375 0.09375000000000011 0.9609375 0.09375000000000011
4 0.6546875 0.4484375 0.6453125 0.4484375 0.6453125 0.475 0.6546875 0.475
6 0.703125 0.5890625 0.6734375 0.5890625 0.6734375 0.6328125 0.703125 0.6328125
2 0.6943911336614063 0.7510095041988041 0.6737590109375 0.7407536234375 0.6681440944635938 0.7520493520511959 0.6887762171875 0.7623052328125001
0 0.6906825385381008 0.7300626756607667 0.6757936015624999 0.7173054624999999 0.6687528371285086 0.7255227350811417 0.6836417741041095 0.7382799482419083
2 0.7091157441912287 0.7200330440271181 0.6876135937499999 0.7060986234375001 0.6797722604962713 0.7181985544103824 0.7012744109375 0.7321329750000002
2 0.7202545865579021 0.7728046261424171 0.70225858125 0.7571328453125 0.6944355228170978 0.766116112920083 0.712431528125 0.78178789375
2 0.7348842445052021 0.7722145757649665 0.7166944749999999 0.7516156375000003 0.7078056867447978 0.7594648289225339 0.72599545625 0.7800637671875001
2 0.7242203214652032 0.7393351991205147 0.7071997265625001 0.71799511875 0.6968574799909426 0.7262439719043475 0.7138780748936459 0.7475840522748622
0 0.7384907782128413 0.7506677405949187 0.7208605421875001 0.73420193125 0.7141783327246587 0.7413566922175813 0.73180856875 0.7578225015625
0 0.7533666694162238 0.7566236358774054 0.738009225 0.7452363531250001 0.7308571728689952 0.7548819591446312 0.746214617285219 0.7662692418970366
6 0.7723893465747131 0.7920466986804098 0.7377185687500001 0.7619604125000001 0.725525154987787 0.7760118356945904 0.7601959328125001 0.806098121875
2 0.773919534255587 0.7709699251066182 0.7542859421875002 0.7507535687500002 0.7448776174253873 0.7598906856055277 0.7645112094934741 0.7801070419621459
4 0.6781250000000002 0.753125 0.6687500000000002 0.753125 0.6687500000000002 0.7625 0.6781250000000002 0.7625
4 0.6875000000000002 0.759375 0.6765625000000002 0.759375 0.6765625000000002 0.775 0.6875000000000002 0.775
4 0.7031250000000002 0.76875 0.6937500000000002 0.76875 0.6937500000000002 0.7796875 0.7031250000000002 0.7796875
4 0.7093750000000002 0.78125 0.7000000000000002 0.78125 0.7000000000000002 0.790625 0.7093750000000002 0.790625
4 0.6968750000000001 0.753125 0.6890625000000001 0.753125 0.6890625000000001 0.7609375 0.6968750000000001 0.7609375
4 0.7343750000000002 0.7515625000000001 0.7234375000000002 0.7515625 0.7234375000000002 0.7625000000000001 0.7343750000000002 0.7625000000000002
4 0.6828125000000002 0.7328125 0.6734375000000001 0.7328125 0.6734375000000001 0.7421875 0.6828125000000002 0.7421875
4 0.7718750000000002 0.803125 0.7625000000000002 0.803125 0.7625000000000002 0.815625 0.7718750000000002 0.815625
2 0.7902203081164212 0.809181722480999 0.770556496875 0.7919810390625002 0.7622136903210789 0.801518530644001 0.7818775015625 0.8187192140624999
2 0.8105743710435884 0.8383953138386012 0.7920504484374998 0.8142364750000001 0.7825505455134858 0.821520577837286 0.8010744681195744 0.8456794166758872
2 0.8272939142929208 0.8726606044045224 0.808064246875 0.8501325890625002 0.7997548763320793 0.8572253768454778 0.8189845437500001 0.8797533921875
2 0.8290476580270143 0.8539566941385267 0.8094897874999998 0.8335467265625003 0.8014612622854855 0.8412400683614738 0.8210191328125 0.8616500359375003
2 0.8448749044913487 0.8899758479282471 0.8254382828125001 0.8705822265625003 0.8177731972492339 0.8782643074601062 0.8372098189280825 0.897657928825853
2 0.8702177709065545 0.8990067309143829 0.8525661453124999 0.8779959874999997 0.845181878754229 0.8841996855797196 0.8628335043482835 0.9052104289941028
2 0.8442972773041534 0.9211880162384751 0.8236943484375002 0.8993751859375001 0.813748789883347 0.9087690900115252 0.8343517187500001 0.9305819203125003
0 0.8320429834263597 0.8945379505143067 0.8172999234374998 0.878168396875 0.8096575120921685 0.885051451319027 0.8244005720810283 0.9014210049583337
0 0.8422295699951219 0.8995840885822147 0.8279572937499999 0.8895476500000001 0.8214358409423783 0.8988214551677857 0.8357081171875003 0.9088578937500001
4 0.8328125 0.8609375 0.8234375 0.8609375 0.8234375 0.8703125 0.8328125 0.8703125
6 0.7232006851102502 0.7498800600537727 0.6900412421875001 0.7275638671875001 0.67906850707725 0.7438681618212273 0.71222795 0.7661843546875
2 0.7296875 0.5609375000000001 0.715625 0.5609375 0.715625 0.5875000000000001 0.7296875 0.5875000000000001
4 0.7484375 0.6484375000000002 0.7390625 0.6484375000000002 0.7390625 0.6625000000000002 0.7484375 0.6625000000000002
0 0.7640625 0.6406250000000002 0.7515625 0.6406250000000002 0.7515625 0.6593750000000002 0.7640625 0.6593750000000002
0 0.7703125 0.6734375000000001 0.759375 0.6734375000000001 0.759375 0.6906250000000002 0.7703125 0.6906250000000002
2 0.7984375000000001 0.7203125000000001 0.7828125 0.7203125000000001 0.7828125000000001 0.7421875000000002 0.7984375000000001 0.7421875000000002
4 0.8140625 0.7531250000000002 0.8046875 0.7531250000000002 0.8046875 0.7625000000000002 0.8140625 0.7625000000000002
4 0.825 0.7406250000000002 0.8171875 0.7406250000000002 0.8171875 0.7531250000000002 0.825 0.7531250000000002
2 0.8359375 0.7562500000000002 0.8171875 0.7562500000000002 0.8171875 0.7812500000000002 0.8359375 0.7812500000000002
2 0.846875 0.7406250000000002 0.8296875 0.7406250000000002 0.8296875 0.7609375000000002 0.846875 0.7609375000000002
2 0.878125 0.7984375000000001 0.859375 0.7984375000000001 0.859375 0.821875 0.878125 0.821875
4 0.8703125 0.7828125000000001 0.8609375 0.7828125000000001 0.8609375 0.7953125000000002 0.8703125 0.7953125000000002
2 0.875 0.7343750000000002 0.859375 0.7343750000000002 0.859375 0.7625000000000002 0.875 0.7625000000000002
0 0.878125 0.7562500000000002 0.86875 0.7562500000000002 0.86875 0.7750000000000001 0.878125 0.7750000000000001
2 0.8875 0.7500000000000002 0.878125 0.7500000000000002 0.878125 0.7750000000000001 0.8875 0.7750000000000001
0 0.9015625 0.7578125000000002 0.890625 0.7578125000000002 0.890625 0.7781250000000002 0.9015625 0.7781250000000002
2 0.9125 0.7562500000000002 0.9015625 0.7562500000000002 0.9015625 0.7906250000000001 0.9125 0.7906250000000001
2 0.9109375 0.825 0.89375 0.825 0.89375 0.85 0.9109375 0.85
4 0.9203125 0.8265625 0.9109375 0.8265625 0.9109375 0.840625 0.9203125 0.840625
4 0.93125 0.8453125 0.921875 0.8453125 0.921875 0.85625 0.93125 0.85625
2 0.93125 0.8578125 0.9125 0.8578125 0.9125 0.8828125 0.93125 0.8828125
2 0.95 0.86875 0.934375 0.86875 0.934375 0.8953125 0.95 0.8953125
2 0.9609375 0.88125 0.9515625 0.88125 0.9515625 0.8953125 0.9609375 0.8953125
2 0.9484375 0.8078125 0.934375 0.8078125 0.934375 0.8359375 0.9484375 0.8359375
2 0.9609375 0.8296875 0.940625 0.8296875 0.940625 0.8546875 0.9609375 0.8546875
2 0.9703125 0.8515625 0.9515625 0.8515625 0.9515625 0.8671875 0.9703125 0.8671875
2 0.98125 0.86875 0.9625 0.86875 0.9625 0.8828125 0.98125 0.8828125
4 0.990625 0.9328125 0.9828125 0.9328125 0.9828125 0.94375 0.990625 0.94375
2 0.9951581612508178 0.9079737236173617 0.9746684390624999 0.8896756421875003 0.9668852082662825 0.898391104371519 0.9873749304546005 0.9166891858013806
2 0.9915591617723649 0.9238648212101908 0.9728030515625001 0.9047919093750002 0.963444802290135 0.9139947178523096 0.9822009124999997 0.9330676296875001
2 0.590625 0.1828125000000001 0.5765625 0.1828125000000001 0.5765625 0.21875000000000008 0.590625 0.21875000000000008
0 0.6109375 0.24375000000000008 0.5953125 0.24375000000000008 0.5953125 0.2687500000000001 0.6109375 0.2687500000000001
0 0.5546875 0.2968750000000001 0.54375 0.2968750000000001 0.54375 0.31718750000000007 0.5546875 0.31718750000000007
0 0.6125 0.2750000000000001 0.6 0.2750000000000001 0.6 0.30156250000000007 0.6125 0.30156250000000007
2 0.559375 0.3218750000000001 0.54375 0.3218750000000001 0.54375 0.3531250000000001 0.559375 0.3531250000000001
2 0.3734375000000001 0.559375 0.3546875000000001 0.559375 0.3546875000000001 0.5859375 0.3734375000000001 0.5859375
1 0.2531011149279475 0.8980789430592433 0.24217312500000004 0.8913108296875002 0.20411256632205266 0.9527644991282569 0.21504055625000013 0.9595326125
1 0.27792015868826575 0.8398697950969035 0.26517146200602887 0.8345502099222571 0.23946345956776321 0.8961609398253538 0.2522121562500001 0.9014805250000002
2 0.6759215992005679 0.41327757619623495 0.6647883964763911 0.4059787239495926 0.6467604113383232 0.4334774602533577 0.6578936140625 0.44077631250000004
2 0.6891613607909683 0.41458305285443836 0.67935101875 0.40747234843750013 0.6609899860840317 0.4328042987080619 0.6708003281250001 0.43991500312500015
0 0.6784161915719868 0.439718944696246 0.6715343915059816 0.43765354189348715 0.6650840405589947 0.4591457300097412 0.671965840625 0.46121113281250004
4 0.6953125 0.4015625 0.6890625 0.4015625 0.6890625 0.415625 0.6953125 0.415625
4 0.678125 0.45625 0.6671875 0.45625 0.6671875 0.46875 0.678125 0.46875
4 0.66875 0.440625 0.6625 0.440625 0.6625 0.453125 0.66875 0.453125