6 0.1593750000000001 0.7796875 0.10156250000000008 0.7796875 0.10156250000000008 0.8296875 0.1593750000000001 0.8296875
4 0.0640625000000001 0.8671875 0.03906250000000011 0.8671875 0.03906250000000011 0.90625 0.0640625000000001 0.90625
4 0.1890625000000001 0.8953125 0.17343750000000008 0.8953125 0.1734375000000001 0.925 0.18906250000000013 0.925
4 0.34843750000000007 0.875 0.3343750000000001 0.875 0.3343750000000001 0.8984375 0.34843750000000007 0.8984375
4 0.2078125000000001 0.8703125 0.1921875000000001 0.8703125 0.1921875000000001 0.9 0.2078125000000001 0.9
4 0.4937500000000002 0.771875 0.4750000000000002 0.771875 0.4750000000000002 0.796875 0.4937500000000002 0.796875
3 0.5812500000000002 0.8375 0.5468750000000002 0.8375 0.5468750000000002 0.8671875 0.5812500000000002 0.8671875
2 0.49531250000000016 0.846875 0.46093750000000017 0.846875 0.46093750000000017 0.890625 0.49531250000000016 0.890625
2 0.4156250000000002 0.778125 0.3890625000000001 0.778125 0.3890625000000001 0.8125 0.4156250000000002 0.8125
2 0.7250000000000002 0.7765625 0.7015625000000002 0.7765625 0.7015625000000002 0.8078125 0.7250000000000002 0.8078125
4 0.3906250000000001 0.8578125 0.37187500000000007 0.8578125 0.37187500000000007 0.8875 0.3906250000000001 0.8875
4 0.6000000000000001 0.715625 0.5859375 0.715625 0.5859375000000001 0.746875 0.6000000000000002 0.746875
0 0.6250000000000002 0.7390625 0.6078125000000002 0.7390625 0.6078125000000002 0.7671875 0.6250000000000002 0.7671875
2 0.5234375 0.17343750000000005 0.509375 0.17343750000000005 0.509375 0.21875000000000008 0.5234375 0.21875000000000008
4 0.484375 0.24375000000000008 0.4734375 0.24375000000000008 0.4734375 0.2734375000000001 0.484375 0.2734375000000001
4 0.46875 0.30156250000000007 0.459375 0.30156250000000007 0.459375 0.33281250000000007 0.46875 0.33281250000000007
4 0.4796875 0.3937500000000001 0.4734375 0.3937500000000001 0.4734375 0.41875 0.4796875 0.41875
4 0.4703125 0.4484375 0.4609375 0.4484375 0.4609375 0.475 0.4703125 0.475
4 0.471875 0.4140625 0.4609375 0.4140625 0.4609375 0.4375 0.471875 0.4375
4 0.4890625 0.40625 0.48125 0.40625 0.48125 0.4328125 0.4890625 0.4328125
4 0.925 0.7671875000000001 0.9078125 0.7671875000000001 0.9078125 0.7890625000000002 0.925 0.7890625000000002
4 0.5562500000000001 0.9078125 0.5421875000000002 0.9078125 0.5421875000000002 0.9265625 0.5562500000000001 0.9265625