2 0.7796875 0.15781250000000008 0.753125 0.15781250000000008 0.753125 0.1843750000000001 0.7796875 0.1843750000000001
2 0.790625 0.2406250000000001 0.7625 0.2406250000000001 0.7625 0.2671875000000001 0.790625 0.2671875000000001
0 0.990625 0.3703125000000001 0.9703125 0.3703125000000001 0.9703125 0.3921875000000001 0.990625 0.3921875000000001
4 0.925 0.5187500000000002 0.90625 0.5187500000000002 0.90625 0.5343750000000002 0.925 0.5343750000000002
2 0.809375 0.5015625000000001 0.7828125 0.5015625000000001 0.7828125 0.5281250000000002 0.809375 0.5281250000000002
0 0.740625 0.49687500000000007 0.7203125 0.496875 0.7203125 0.5171875000000001 0.740625 0.5171875000000001
4 0.7078125 0.3906250000000001 0.690625 0.3906250000000001 0.690625 0.4046875 0.7078125 0.4046875
4 0.7140625 0.5234375 0.6984375 0.5234375 0.6984375 0.540625 0.7140625 0.540625
2 0.509375 0.3531250000000001 0.484375 0.3531250000000001 0.484375 0.3781250000000001 0.509375 0.3781250000000001
2 0.50625 0.5125 0.4796875 0.5125 0.4796875 0.5375 0.50625 0.5375
3 0.446875 0.4453125 0.4265625 0.4453125 0.4265625 0.4671875 0.446875 0.4671875
6 0.484375 0.5734375 0.4453125 0.5734375 0.4453125 0.6015625 0.484375 0.6015625
4 0.428125 0.53125 0.4140625 0.53125 0.4140625 0.5453125 0.428125 0.5453125
2 0.2671875000000001 0.396875 0.24218750000000008 0.396875 0.24218750000000008 0.415625 0.2671875000000001 0.415625
4 0.26250000000000007 0.3609375 0.2515625 0.3609375 0.2515625 0.3703125 0.26250000000000007 0.3703125
0 0.20312500000000008 0.3640625 0.18437500000000004 0.3640625 0.18437500000000004 0.3828125 0.20312500000000008 0.3828125
4 0.2062500000000001 0.56875 0.1921875000000001 0.56875 0.1921875000000001 0.584375 0.2062500000000001 0.584375
4 0.1609375000000001 0.5703125 0.1468750000000001 0.5703125 0.1468750000000001 0.5859375 0.1609375000000001 0.5859375
4 0.043750000000000074 0.584375 0.028125000000000067 0.584375 0.028125000000000074 0.596875 0.04375000000000008 0.596875
2 0.16093750000000004 0.2390625 0.14218750000000005 0.2390625 0.14218750000000005 0.2828125 0.16093750000000004 0.2828125
3 0.08125000000000004 0.29375 0.05468750000000004 0.29375 0.05468750000000004 0.359375 0.08125000000000004 0.359375
2 0.02812500000000003 0.2265625 0.007812500000000028 0.2265625 0.007812500000000031 0.2796875 0.028125000000000032 0.2796875
2 0.043750000000000025 0.2234375 0.02812500000000002 0.2234375 0.02812500000000003 0.2625 0.04375000000000003 0.2625
4 0.048437500000000036 0.2484375 0.039062500000000035 0.2484375 0.039062500000000035 0.2703125 0.048437500000000036 0.2703125
2 0.05468750000000002 0.1765625 0.035937500000000025 0.1765625 0.035937500000000025 0.2203125 0.05468750000000002 0.2203125
2 0.04062500000000002 0.165625 0.021875000000000023 0.165625 0.021875000000000026 0.215625 0.04062500000000002 0.215625
2 0.06562500000000002 0.13125 0.050000000000000024 0.13125 0.050000000000000024 0.1734375 0.06562500000000002 0.1734375
2 0.05625000000000002 0.109375 0.03593750000000001 0.109375 0.03593750000000002 0.1640625 0.05625000000000002 0.1640625
2 0.08750000000000001 0.0671875 0.06875 0.0671875 0.06875 0.10625 0.08750000000000002 0.10625
2 0.06875 0.0703125 0.053125 0.0703125 0.05312500000000001 0.115625 0.06875000000000002 0.115625
0 0.0890625 0.02343750000000001 0.075 0.02343750000000001 0.075 0.053125 0.0890625 0.053125
2 0.078125 0.01875000000000001 0.059375 0.018750000000000006 0.059375 0.0703125 0.078125 0.0703125
2 0.023437500000000003 0.020312500000000004 0.0031250000000000028 0.0203125 0.0031250000000000054 0.0671875 0.023437500000000007 0.0671875
4 0.025 2.3918882795846743e-18 0.0140625 1.7221595613009655e-18 0.0140625 0.018750000000000003 0.025 0.018750000000000006