2 0.0359375 0.004687500000000002 0.015625 0.0046875000000000016 0.015625000000000003 0.04375 0.0359375 0.04375
4 0.015625000000000007 0.0390625 0.009375000000000005 0.0390625 0.009375000000000005 0.0546875 0.015625000000000007 0.0546875
4 0.014062500000000006 0.025 0.0031250000000000028 0.025 0.0031250000000000036 0.0359375 0.014062500000000006 0.0359375
4 0.007812500000000005 0.0390625 4.783776559169349e-18 0.0390625 5.7405318710032185e-18 0.0546875 0.007812500000000005 0.0546875
2 0.084375 0.03593750000000001 0.065625 0.03593750000000001 0.065625 0.08125 0.084375 0.08125
2 0.16875000000000004 0.228125 0.14843750000000006 0.228125 0.14843750000000006 0.2640625 0.16875000000000004 0.2640625
2 0.035937500000000025 0.215625 0.015625000000000028 0.215625 0.01562500000000003 0.2578125 0.03593750000000003 0.2578125
2 0.015625000000000035 0.26875 3.2912382727085115e-17 0.26875 3.530427100666979e-17 0.3078125 0.015625000000000038 0.3078125
2 0.040625000000000036 0.253125 0.020312500000000032 0.253125 0.020312500000000035 0.296875 0.040625000000000036 0.296875
3 0.08750000000000005 0.275 0.06250000000000004 0.275 0.06250000000000004 0.34375 0.08750000000000005 0.34375
0 0.20781250000000004 0.353125 0.18906250000000005 0.353125 0.18906250000000005 0.3671875 0.2078125000000001 0.3671875
4 0.26875 0.353125 0.2578125 0.353125 0.2578125 0.3609375 0.26875 0.3609375
0 0.5125 0.3578125000000001 0.490625 0.3578125000000001 0.490625 0.37968750000000007 0.5125 0.37968750000000007
4 0.6125 0.3531250000000001 0.6015625 0.3531250000000001 0.6015625 0.36406250000000007 0.6125 0.36406250000000007
2 0.7921875 0.25468750000000007 0.7671875 0.25468750000000007 0.7671875 0.2765625000000001 0.7921875 0.2765625000000001
2 0.7859375 0.17343750000000008 0.7609375 0.17343750000000008 0.7609375 0.1937500000000001 0.7859375 0.1937500000000001
2 0.9953125 0.3468750000000001 0.9671875 0.3468750000000001 0.9671875 0.3671875000000001 0.9953125 0.3671875000000001
2 0.940625 0.47968750000000016 0.9109375 0.47968750000000016 0.9109375 0.5015625000000001 0.940625 0.5015625000000001
0 0.9109375 0.5062500000000002 0.8921875 0.5062500000000002 0.8921875 0.5203125000000002 0.9109375 0.5203125000000002
4 0.871875 0.49531250000000016 0.8609375 0.49531250000000016 0.8609375 0.5062500000000002 0.871875 0.5062500000000002
0 0.728125 0.534375 0.709375 0.534375 0.709375 0.5484375000000001 0.728125 0.5484375000000001
4 0.7171875 0.5140625 0.7046875 0.5140625 0.7046875 0.525 0.7171875 0.525