0 0.2640625 0.007812500000000031 0.2515625 0.007812500000000031 0.2515625 0.03437500000000003 0.2640625 0.03437500000000003
2 0.2953125 0.050000000000000044 0.275 0.050000000000000044 0.275 0.09218750000000005 0.2953125 0.09218750000000005
0 0.3046875 0.05625000000000004 0.2921875 0.05625000000000004 0.2921875 0.07968750000000005 0.3046875 0.07968750000000005
2 0.3140625 3.721778163033753e-17 0.29375 3.59739997249535e-17 0.29375 0.031250000000000035 0.3140625 0.031250000000000035
2 0.33125 0.032812500000000036 0.3109375 0.032812500000000036 0.3109375 0.07343750000000004 0.33125 0.07343750000000004
2 0.35625 0.020312500000000042 0.3359375 0.02031250000000004 0.3359375 0.059375000000000046 0.35625 0.059375000000000046
2 0.353125 0.09062500000000004 0.3375 0.09062500000000004 0.3375 0.12343750000000005 0.353125 0.12343750000000005
2 0.3703125 0.12656250000000005 0.353125 0.12656250000000005 0.353125 0.16093750000000004 0.3703125 0.16093750000000004
2 0.39375 0.17500000000000004 0.378125 0.17500000000000004 0.378125 0.2078125000000001 0.39375 0.2078125000000001
2 0.3984375 0.11718750000000004 0.3796875 0.11718750000000004 0.3796875 0.15156250000000004 0.3984375 0.15156250000000004
3 0.41875 0.17031250000000003 0.403125 0.17031250000000003 0.403125 0.20468750000000008 0.41875 0.20468750000000008
2 0.4234375 0.2062500000000001 0.4046875 0.2062500000000001 0.4046875 0.2453125000000001 0.4234375 0.2453125000000001
2 0.396875 0.2250000000000001 0.378125 0.2250000000000001 0.378125 0.2593750000000001 0.396875 0.2593750000000001
2 0.4390625 0.11250000000000004 0.41875 0.11250000000000004 0.41875 0.14375000000000004 0.4390625 0.14375000000000004
4 0.3609375 0.07343750000000004 0.3546875 0.07343750000000004 0.3546875 0.08750000000000005 0.3609375 0.08750000000000005
4 0.3703125 0.08906250000000004 0.3625 0.08906250000000004 0.3625 0.10781250000000005 0.3703125 0.10781250000000005
4 0.4328125 0.17968750000000006 0.4234375 0.17968750000000006 0.4234375 0.19218750000000004 0.4328125 0.19218750000000004
4 0.4265625 0.15781250000000005 0.4171875 0.15781250000000005 0.4171875 0.17187500000000006 0.4265625 0.17187500000000006
4 0.43125 0.20312500000000008 0.4265625 0.20312500000000008 0.4265625 0.21875000000000008 0.43125 0.21875000000000008
4 0.4375 0.2093750000000001 0.43125 0.2093750000000001 0.43125 0.2250000000000001 0.4375 0.2250000000000001
0 0.45625 0.2140625000000001 0.4421875 0.2140625000000001 0.4421875 0.2390625000000001 0.45625 0.2390625000000001
4 0.434375 0.2578125000000001 0.428125 0.2578125000000001 0.428125 0.2734375000000001 0.434375 0.2734375000000001
4 0.4 0.2687500000000001 0.3921875 0.2687500000000001 0.3921875 0.2828125000000001 0.4 0.2828125000000001
4 0.36875 0.2593750000000001 0.3640625 0.2593750000000001 0.3640625 0.2734375000000001 0.36875 0.2734375000000001
2 0.45625 0.24375000000000008 0.440625 0.24375000000000008 0.440625 0.2750000000000001 0.45625 0.2750000000000001
2 0.45625 0.2812500000000001 0.440625 0.2812500000000001 0.440625 0.31718750000000007 0.45625 0.31718750000000007
2 0.4171875 0.30156250000000007 0.4015625 0.30156250000000007 0.4015625 0.3359375000000001 0.4171875 0.3359375000000001
2 0.4046875 0.3437500000000001 0.3890625 0.3437500000000001 0.38906250000000003 0.3812500000000001 0.4046875 0.3812500000000001
2 0.471875 0.3343750000000001 0.453125 0.3343750000000001 0.453125 0.3734375000000001 0.471875 0.3734375000000001
2 0.4453125 0.3359375000000001 0.428125 0.3359375000000001 0.428125 0.3703125000000001 0.4453125 0.3703125000000001
4 0.4125 0.3375000000000001 0.4046875 0.3375000000000001 0.4046875 0.3500000000000001 0.4125 0.3500000000000001
4 0.425 0.3671875000000001 0.41875 0.3671875000000001 0.41875 0.3828125000000001 0.425 0.3828125000000001
4 0.4390625 0.3765625000000001 0.4296875 0.3765625000000001 0.4296875 0.3906250000000001 0.4390625 0.3906250000000001
4 0.4671875 0.3890625000000001 0.4625 0.3890625000000001 0.4625 0.40625 0.4671875 0.40625
4 0.478125 0.3859375000000001 0.4734375 0.3859375000000001 0.4734375 0.4015625 0.478125 0.4015625
4 0.49375 0.3968750000000001 0.4875 0.3968750000000001 0.4875 0.4140625 0.49375 0.4140625
6 0.484375 0.2890625000000001 0.459375 0.2890625000000001 0.459375 0.3453125000000001 0.484375 0.3453125000000001
4 0.28125 0.014062500000000033 0.2734375 0.014062500000000033 0.2734375 0.028125000000000032 0.28125 0.028125000000000032
4 0.284375 0.032812500000000036 0.278125 0.032812500000000036 0.278125 0.046875000000000035 0.284375 0.046875000000000035
4 0.2625 0.04218750000000003 0.25625 0.04218750000000003 0.25625 0.057812500000000024 0.2625 0.057812500000000024
4 0.3765625 0.11250000000000004 0.3703125 0.11250000000000004 0.3703125 0.12656250000000005 0.3765625 0.12656250000000005
2 0.490625 0.4109375 0.478125 0.4109375 0.478125 0.4546875 0.490625 0.4546875
2 0.425 0.41875 0.4140625 0.41875 0.4140625 0.4578125 0.425 0.4578125
0 0.565625 0.5 0.55625 0.5 0.55625 0.525 0.565625 0.525
4 0.484375 0.49375 0.4796875 0.49375 0.4796875 0.509375 0.484375 0.509375
2 0.4515625 0.5875 0.428125 0.5875 0.428125 0.60625 0.4515625 0.60625
2 0.4046875 0.5265625 0.38750000000000007 0.5265625 0.38750000000000007 0.5546875 0.4046875 0.5546875
0 0.3453125000000001 0.5140625 0.3312500000000001 0.5140625 0.3312500000000001 0.5328125 0.3453125000000001 0.5328125
4 0.33281250000000007 0.528125 0.32500000000000007 0.528125 0.32500000000000007 0.54375 0.33281250000000007 0.54375
2 0.39531250000000007 0.5859375 0.3781250000000001 0.5859375 0.3781250000000001 0.6125 0.39531250000000007 0.6125
2 0.3671875000000001 0.584375 0.3500000000000001 0.584375 0.3500000000000001 0.6140625 0.3671875000000001 0.6140625
2 0.37968750000000007 0.603125 0.3609375000000001 0.603125 0.3609375000000001 0.63125 0.37968750000000007 0.63125
3 0.3687500000000001 0.634375 0.3500000000000001 0.634375 0.3500000000000001 0.6640625 0.3687500000000001 0.6640625
2 0.3421875000000001 0.6234375 0.3234375000000001 0.6234375 0.3234375000000001 0.6546875 0.3421875000000001 0.6546875
2 0.3531250000000001 0.6640625 0.3343750000000001 0.6640625 0.3343750000000001 0.6953125 0.3531250000000001 0.6953125
2 0.3078125000000001 0.678125 0.2921875000000001 0.678125 0.2921875000000001 0.709375 0.3078125000000001 0.709375
0 0.23593750000000008 0.678125 0.2218750000000001 0.678125 0.2218750000000001 0.7 0.23593750000000008 0.7
2 0.2062500000000001 0.6625 0.18750000000000008 0.6625 0.18750000000000008 0.7015625 0.2062500000000001 0.7015625
2 0.1781250000000001 0.7125 0.1593750000000001 0.7125 0.1593750000000001 0.746875 0.1781250000000001 0.746875
2 0.1921875000000001 0.7734375 0.1765625000000001 0.7734375 0.1765625000000001 0.803125 0.1921875000000001 0.803125
2 0.32500000000000007 0.6953125 0.30937500000000007 0.6953125 0.30937500000000007 0.7265625 0.32500000000000007 0.7265625
6 0.3078125000000001 0.725 0.27812500000000007 0.725 0.27812500000000007 0.7734375 0.3078125000000001 0.7734375
2 0.2796875000000001 0.7671875 0.2593750000000001 0.7671875 0.2593750000000001 0.8 0.2796875000000001 0.8
2 0.2578125000000001 0.7640625 0.24218750000000008 0.7640625 0.24218750000000008 0.7890625 0.2578125000000001 0.7890625
2 0.2609375000000001 0.796875 0.2406250000000001 0.796875 0.2406250000000001 0.8296875 0.2609375000000001 0.8296875
2 0.22656250000000008 0.8171875 0.2062500000000001 0.8171875 0.2062500000000001 0.8515625 0.22656250000000008 0.8515625
2 0.2234375000000001 0.8625 0.20468750000000008 0.8625 0.20468750000000008 0.89375 0.2234375000000001 0.89375
2 0.2000000000000001 0.859375 0.18125000000000008 0.859375 0.18125000000000008 0.890625 0.2000000000000001 0.890625
2 0.2062500000000001 0.890625 0.18750000000000008 0.890625 0.1875000000000001 0.9203125 0.2062500000000001 0.9203125
2 0.2171875000000001 0.9453125 0.2000000000000001 0.9453125 0.2000000000000001 0.9765625 0.2171875000000001 0.9765625
2 0.1750000000000001 0.903125 0.15625000000000008 0.903125 0.1562500000000001 0.9328125 0.17500000000000013 0.9328125
2 0.15156250000000013 0.9390625 0.12968750000000012 0.9390625 0.12968750000000012 0.96875 0.15156250000000013 0.96875
2 0.15156250000000013 0.9765625 0.13125000000000014 0.9765625 0.13125000000000014 1 0.15156250000000013 1
4 0.19375000000000014 0.9578125 0.18593750000000014 0.9578125 0.18593750000000014 0.96875 0.19375000000000014 0.96875
4 0.1781250000000001 0.88125 0.1703125000000001 0.88125 0.1703125000000001 0.89375 0.1781250000000001 0.89375
4 0.3312500000000001 0.7703125 0.3234375000000001 0.7703125 0.3234375000000001 0.7828125 0.3312500000000001 0.7828125
4 0.2890625000000001 0.7171875 0.2796875000000001 0.7171875 0.2796875000000001 0.728125 0.2890625000000001 0.728125
4 0.3046875000000001 0.7140625 0.2984375000000001 0.7140625 0.2984375000000001 0.7234375 0.3046875000000001 0.7234375
4 0.2375000000000001 0.759375 0.2296875000000001 0.759375 0.2296875000000001 0.76875 0.2375000000000001 0.76875
4 0.2656250000000001 0.6328125 0.2578125000000001 0.6328125 0.2578125000000001 0.6453125 0.2656250000000001 0.6453125
4 0.3187500000000001 0.65 0.3109375000000001 0.65 0.3109375000000001 0.6640625 0.3187500000000001 0.6640625
4 0.3218750000000001 0.6890625 0.3140625000000001 0.6890625 0.3140625000000001 0.6984375 0.3218750000000001 0.6984375
4 0.3000000000000001 0.665625 0.2921875000000001 0.665625 0.2921875000000001 0.671875 0.3000000000000001 0.671875
4 0.3312500000000001 0.659375 0.32500000000000007 0.659375 0.32500000000000007 0.671875 0.3312500000000001 0.671875
4 0.3296875000000001 0.678125 0.3218750000000001 0.678125 0.3218750000000001 0.6890625 0.3296875000000001 0.6890625
4 0.34843750000000007 0.65 0.3421875000000001 0.65 0.3421875000000001 0.6625 0.34843750000000007 0.6625
0 0.3671875000000001 0.69375 0.35625000000000007 0.69375 0.35625000000000007 0.7140625 0.3671875000000001 0.7140625
4 0.3859375000000001 0.575 0.3781250000000001 0.575 0.3781250000000001 0.5859375 0.3859375000000001 0.5859375
2 0.3390625000000001 0.8671875 0.32500000000000007 0.8671875 0.32500000000000007 0.896875 0.3390625000000001 0.896875
0 0.5390625 0.19218750000000004 0.525 0.19218750000000004 0.525 0.21250000000000008 0.5390625 0.21250000000000008
4 0.5875 0.2093750000000001 0.5765625 0.2093750000000001 0.5765625 0.21875000000000008 0.5875 0.21875000000000008
4 0.628125 0.2062500000000001 0.61875 0.2062500000000001 0.61875 0.2171875000000001 0.628125 0.2171875000000001
2 0.6953125 0.1531250000000001 0.6765625 0.1531250000000001 0.6765625 0.1781250000000001 0.6953125 0.1781250000000001
0 0.6734375 0.08125000000000009 0.6625 0.08125000000000009 0.6625 0.1062500000000001 0.6734375 0.1062500000000001
0 0.6890625 0.07187500000000009 0.6734375 0.07187500000000009 0.6734375 0.0906250000000001 0.6890625 0.0906250000000001
2 0.7375 0.01250000000000009 0.7171875 0.01250000000000009 0.7171875 0.04531250000000009 0.7375 0.04531250000000009
2 0.765625 0.06093750000000009 0.746875 0.06093750000000009 0.746875 0.0906250000000001 0.765625 0.0906250000000001
6 0.8453125 0.12031250000000009 0.81875 0.12031250000000009 0.81875 0.15625000000000008 0.8453125 0.15625000000000008
4 0.765625 0.17968750000000008 0.75625 0.17968750000000008 0.75625 0.1906250000000001 0.765625 0.1906250000000001
4 0.6984375 0.2656250000000001 0.6890625 0.2656250000000001 0.6890625 0.27812500000000007 0.6984375 0.27812500000000007
4 0.7203125 0.2828125000000001 0.7109375 0.2828125000000001 0.7109375 0.29375000000000007 0.7203125 0.29375000000000007
4 0.6953125 0.3109375000000001 0.6875 0.3109375000000001 0.6875 0.3265625000000001 0.6953125 0.3265625000000001
4 0.68125 0.3312500000000001 0.671875 0.3312500000000001 0.671875 0.3468750000000001 0.68125 0.3468750000000001
2 0.6953125 0.2328125000000001 0.678125 0.2328125000000001 0.678125 0.2640625000000001 0.6953125 0.2640625000000001
2 0.68125 0.26250000000000007 0.6625 0.26250000000000007 0.6625 0.2906250000000001 0.68125 0.2906250000000001
5 0.6671875 0.2984375000000001 0.6328125 0.2984375000000001 0.6328125 0.3546875000000001 0.6671875 0.3546875000000001
3 0.6578125 0.3531250000000001 0.6375 0.3531250000000001 0.6375 0.3890625000000001 0.6578125 0.3890625000000001
2 0.63125 0.3625000000000001 0.6125 0.3625000000000001 0.6125 0.3906250000000001 0.63125 0.3906250000000001
2 0.6390625 0.38750000000000007 0.625 0.38750000000000007 0.625 0.415625 0.6390625 0.415625
2 0.615625 0.3937500000000001 0.5984375 0.3937500000000001 0.5984375 0.4296875 0.615625 0.4296875
4 0.61875 0.4453125 0.6109375 0.4453125 0.6109375 0.4609375 0.61875 0.4609375
4 0.625 0.3906250000000001 0.6171875 0.3906250000000001 0.6171875 0.40625 0.625 0.40625
4 0.7296875 0.19687500000000008 0.721875 0.19687500000000008 0.721875 0.21093750000000008 0.7296875 0.21093750000000008
2 0.88125 0.1750000000000001 0.8671875 0.1750000000000001 0.8671875 0.2078125000000001 0.88125 0.2078125000000001
2 0.2453125000000001 0.4984375 0.22812500000000008 0.4984375 0.22812500000000008 0.534375 0.2453125000000001 0.534375
1 0.6109375000000001 0.6859375 0.571875 0.6859375 0.5718750000000001 0.7671875 0.6109375000000001 0.7671875
0 0.6 0.6125 0.5875 0.6125 0.5875 0.6375 0.6 0.6375
0 0.5734375 0.64375 0.5625 0.64375 0.5625 0.665625 0.5734375 0.665625
0 0.5546875 0.678125 0.54375 0.678125 0.54375 0.7 0.5546875 0.7
0 0.5640625000000001 0.709375 0.553125 0.709375 0.5531250000000001 0.73125 0.5640625000000001 0.73125
4 0.58125 0.665625 0.5734375 0.665625 0.5734375 0.6796875 0.58125 0.6796875
4 0.5578125 0.640625 0.553125 0.640625 0.553125 0.65 0.5578125 0.65
4 0.5609375 0.653125 0.5546875 0.653125 0.5546875 0.665625 0.5609375 0.665625
4 0.56875 0.665625 0.5625 0.665625 0.5625 0.6796875 0.56875 0.6796875
4 0.5703125 0.68125 0.565625 0.68125 0.565625 0.6953125 0.5703125 0.6953125
4 0.56875 0.696875 0.5640625 0.696875 0.5640625 0.7140625 0.56875 0.7140625
4 0.546875 0.6625 0.5390625 0.6625 0.5390625 0.6765625 0.546875 0.6765625
4 0.5375 0.671875 0.5296875 0.671875 0.5296875 0.6859375 0.5375 0.6859375
4 0.5796875 0.5796875 0.5734375 0.5796875 0.5734375 0.59375 0.5796875 0.59375
2 0.703125 0.6515625 0.6875 0.6515625 0.6875 0.6859375 0.703125 0.6859375
2 0.7140625 0.6890625 0.7 0.6890625 0.7 0.71875 0.7140625 0.71875
4 0.6890625000000001 0.771875 0.6828125000000002 0.771875 0.6828125000000002 0.7875 0.6890625000000001 0.7875
0 0.7875000000000002 0.9796875 0.7765625000000002 0.9796875 0.7765625000000002 1 0.7875000000000002 1
4 0.7593750000000001 0.9140625 0.7515625000000001 0.9140625 0.7515625000000001 0.928125 0.7593750000000001 0.928125
2 0.9296875 0.0015625000000001124 0.909375 0.0015625000000001111 0.909375 0.020312500000000115 0.9296875 0.020312500000000115