2 0.4203125 0.6265625 0.4 0.6265625 0.4 0.6578125 0.4203125 0.6578125
6 0.35625000000000007 0.65625 0.3296875000000001 0.65625 0.3296875000000001 0.7 0.35625000000000007 0.7
2 0.69375 0.2296875000000001 0.6734375 0.2296875000000001 0.6734375 0.2640625000000001 0.69375 0.2640625000000001
2 0.64375 0.3203125000000001 0.625 0.3203125000000001 0.625 0.3546875000000001 0.64375 0.3546875000000001
1 0.6406250000000002 0.753125 0.5953125000000001 0.753125 0.5953125000000001 0.84375 0.6406250000000002 0.84375
2 0.4125 0.565625 0.3937500000000001 0.565625 0.3937500000000001 0.59375 0.4125 0.59375
0 0.3421875000000001 0.5140625 0.3281250000000001 0.5140625 0.3281250000000001 0.5328125 0.3421875000000001 0.5328125
2 0.18906250000000008 0.7765625 0.17187500000000008 0.7765625 0.17187500000000008 0.8078125 0.18906250000000008 0.8078125
4 0.3906250000000001 0.5859375 0.3812500000000001 0.5859375 0.3812500000000001 0.6 0.3906250000000001 0.6
0 0.23437500000000008 0.6828125 0.22031250000000008 0.6828125 0.22031250000000008 0.703125 0.23437500000000008 0.703125
2 0.3234375000000001 0.70625 0.3031250000000001 0.70625 0.3031250000000001 0.7375 0.3234375000000001 0.7375
2 0.675 0.2593750000000001 0.65625 0.2593750000000001 0.65625 0.2890625000000001 0.675 0.2890625000000001
4 0.3687500000000001 0.6140625 0.3593750000000001 0.6140625 0.3593750000000001 0.6296875 0.3687500000000001 0.6296875
2 0.3765625000000001 0.6296875 0.3546875000000001 0.6296875 0.3546875000000001 0.659375 0.3765625000000001 0.659375
2 0.6234375 0.4 0.603125 0.4 0.603125 0.4375 0.6234375 0.4375
2 0.578125 0.690625 0.5609375 0.690625 0.5609375 0.7203125 0.578125 0.7203125
2 0.565625 0.7125 0.5484375 0.7125 0.5484375000000001 0.7453125 0.5656250000000002 0.7453125
2 0.5937500000000001 0.7234375 0.575 0.7234375 0.5750000000000001 0.759375 0.5937500000000002 0.759375
2 0.559375 0.68125 0.546875 0.68125 0.546875 0.7125 0.559375 0.7125
2 0.5906250000000002 0.7515625 0.5703125000000002 0.7515625 0.5703125000000002 0.7890625 0.5906250000000002 0.7890625
4 0.6015625000000002 0.76875 0.5921875000000002 0.76875 0.5921875000000002 0.7890625 0.6015625000000002 0.7890625
1 0.590625 0.6359375 0.55625 0.6359375 0.55625 0.715625 0.590625 0.715625
2 0.7546875000000002 0.9125 0.7328125000000002 0.9125 0.7328125000000002 0.9515625 0.7546875000000002 0.9515625
2 0.7296875000000002 0.853125 0.7093750000000002 0.853125 0.7093750000000002 0.8765625 0.7296875000000002 0.8765625
4 0.553125 0.65 0.5453125 0.65 0.5453125 0.6671875 0.553125 0.6671875
4 0.54375 0.6578125 0.5375 0.6578125 0.5375 0.671875 0.54375 0.671875
4 0.5453125 0.6796875 0.5375 0.6796875 0.5375 0.696875 0.5453125 0.696875
4 0.546875 0.703125 0.5375 0.703125 0.5375 0.715625 0.546875 0.715625
4 0.5296875 0.68125 0.521875 0.68125 0.521875 0.696875 0.5296875 0.696875
4 0.55 0.69375 0.5421875 0.69375 0.5421875 0.7109375 0.55 0.7109375
4 0.5375 0.665625 0.5296875 0.665625 0.5296875 0.68125 0.5375 0.68125
4 0.5453125000000001 0.7109375 0.5375 0.7109375 0.5375000000000001 0.728125 0.5453125000000002 0.728125
4 0.5375 0.7 0.53125 0.7 0.53125 0.7140625 0.5375 0.7140625
2 0.7140625 0.2015625000000001 0.696875 0.2015625000000001 0.696875 0.2328125000000001 0.7140625 0.2328125000000001
2 0.8453125 0.11093750000000009 0.81875 0.11093750000000009 0.81875 0.14843750000000008 0.8453125 0.14843750000000008
2 0.7359375 0.004687500000000089 0.7171875 0.004687500000000087 0.7171875 0.03750000000000009 0.7359375 0.03750000000000009
0 0.6875 0.06093750000000009 0.6734375 0.06093750000000009 0.6734375 0.08437500000000009 0.6875 0.08437500000000009
0 0.671875 0.07187500000000009 0.6609375 0.07187500000000009 0.6609375 0.09687500000000009 0.671875 0.09687500000000009
2 0.20468750000000008 0.8890625 0.1843750000000001 0.8890625 0.18437500000000012 0.925 0.20468750000000008 0.925
2 0.24218750000000008 0.83125 0.2234375000000001 0.83125 0.2234375000000001 0.8625 0.24218750000000008 0.8625
2 0.2687500000000001 0.7953125 0.24375000000000008 0.7953125 0.24375000000000008 0.8359375 0.2687500000000001 0.8359375
2 0.20312500000000008 0.6671875 0.1828125000000001 0.6671875 0.1828125000000001 0.7015625 0.20312500000000008 0.7015625
2 0.3046875000000001 0.728125 0.2843750000000001 0.728125 0.2843750000000001 0.7609375 0.3046875000000001 0.7609375
2 0.2843750000000001 0.765625 0.26250000000000007 0.765625 0.26250000000000007 0.796875 0.2843750000000001 0.796875
2 0.3937500000000001 0.6015625 0.3750000000000001 0.6015625 0.3750000000000001 0.6296875 0.3937500000000001 0.6296875
4 0.37968750000000007 0.5953125 0.37187500000000007 0.5953125 0.37187500000000007 0.6109375 0.37968750000000007 0.6109375
0 0.365625 0.2984375 0.3515625 0.2984375 0.3515625 0.321875 0.365625 0.3218750000000001
2 0.22031250000000008 0.853125 0.20312500000000008 0.853125 0.20312500000000008 0.884375 0.22031250000000008 0.884375
2 0.27031250000000007 0.8421875 0.2500000000000001 0.8421875 0.2500000000000001 0.8765625 0.27031250000000007 0.8765625
2 0.4609375 0.475 0.446875 0.475 0.446875 0.5125 0.4609375 0.5125
4 0.3984375000000001 0.571875 0.3890625000000001 0.571875 0.3890625000000001 0.5859375 0.3984375000000001 0.5859375
5 0.646875 0.37187500000000007 0.625 0.37187500000000007 0.625 0.4078125 0.646875 0.4078125
2 0.5671875000000002 0.7453125 0.5515625000000002 0.7453125 0.5515625000000002 0.7765625 0.5671875000000002 0.7765625
2 0.24375000000000008 0.5 0.22812500000000008 0.5 0.22812500000000008 0.5359375 0.24375000000000008 0.5359375
4 0.3750000000000001 0.615625 0.3687500000000001 0.615625 0.3687500000000001 0.628125 0.3750000000000001 0.628125
2 0.18281250000000013 0.9140625 0.16406250000000014 0.9140625 0.16406250000000014 0.9484375 0.18281250000000013 0.9484375
2 0.6625 0.3203125000000001 0.64375 0.3203125000000001 0.64375 0.3546875000000001 0.6625 0.3546875000000001
4 0.63125 0.3609375000000001 0.621875 0.3609375000000001 0.621875 0.37968750000000007 0.63125 0.37968750000000007
2 0.6234375 0.3656250000000001 0.6046875 0.3656250000000001 0.6046875 0.3984375000000001 0.6234375 0.3984375000000001
4 0.5375 0.6765625 0.5265625 0.6765625 0.5265625 0.69375 0.5375 0.69375
0 0.6421875 0.3546875000000001 0.6296875 0.3546875000000001 0.6296875 0.3734375000000001 0.6421875 0.3734375000000001
4 0.625 0.4234375 0.6140625 0.4234375 0.6140625 0.4375 0.625 0.4375
2 0.5125 0.3734375000000001 0.4921875 0.3734375000000001 0.4921875 0.415625 0.5125 0.415625
4 0.6140625 0.44375 0.6046875 0.44375 0.6046875 0.459375 0.6140625 0.459375
4 0.6359375 0.4109375 0.6265625 0.4109375 0.6265625 0.428125 0.6359375 0.428125
4 0.6046875 0.434375 0.5953125 0.434375 0.5953125 0.4546875 0.6046875 0.4546875
4 0.7484375 0.028125000000000087 0.740625 0.028125000000000087 0.740625 0.05156250000000009 0.7484375 0.05156250000000009
2 0.17031250000000014 0.95 0.15000000000000013 0.95 0.15000000000000013 0.9859375 0.17031250000000014 0.9859375
2 0.4515625 0.6046875 0.43125 0.6046875 0.43125 0.634375 0.4515625 0.634375
2 0.6609375 0.2875000000000001 0.6421875 0.2875000000000001 0.6421875 0.3218750000000001 0.6609375 0.3218750000000001
2 0.6171875000000002 0.7921875 0.5984375000000002 0.7921875 0.5984375000000002 0.828125 0.6171875000000002 0.828125
4 0.6 0.7046875 0.590625 0.7046875 0.590625 0.7203125 0.6 0.7203125
4 0.5906250000000002 0.759375 0.5859375000000002 0.759375 0.5859375000000002 0.7703125 0.5906250000000002 0.7703125
2 0.43125 0.5859375 0.4125 0.5859375 0.4125 0.6171875 0.43125 0.6171875
2 0.6765625 0.2921875000000001 0.659375 0.2921875000000001 0.659375 0.3234375000000001 0.6765625 0.3234375000000001
2 0.3890625000000001 0.6890625 0.37187500000000007 0.6890625 0.37187500000000007 0.7140625 0.3890625000000001 0.7140625
2 0.471875 0.415625 0.4609375 0.415625 0.4609375 0.45 0.471875 0.45
2 0.446875 0.5859375 0.43125 0.5859375 0.43125 0.6140625 0.446875 0.6140625
2 0.2250000000000001 0.9421875 0.2062500000000001 0.9421875 0.2062500000000001 0.9765625 0.2250000000000001 0.9765625
2 0.1796875000000001 0.896875 0.1593750000000001 0.896875 0.1593750000000001 0.9296875 0.17968750000000014 0.9296875
2 0.3312500000000001 0.6421875 0.3125000000000001 0.6421875 0.3125000000000001 0.6765625 0.3312500000000001 0.6765625
2 0.4609375 0.5234375 0.4453125 0.5234375 0.4453125 0.5625 0.4609375 0.5625
0 0.6828125 0.13437500000000008 0.66875 0.13437500000000008 0.66875 0.1593750000000001 0.6828125 0.1593750000000001
2 0.2531250000000001 0.775 0.23437500000000008 0.775 0.23437500000000008 0.80625 0.2531250000000001 0.80625
4 0.3500000000000001 0.6453125 0.3437500000000001 0.6453125 0.3437500000000001 0.65625 0.3500000000000001 0.65625
4 0.3531250000000001 0.63125 0.3437500000000001 0.63125 0.3437500000000001 0.6421875 0.3531250000000001 0.6421875
2 0.4453125 0.27812500000000007 0.425 0.27812500000000007 0.425 0.3187500000000001 0.4453125 0.3187500000000001
2 0.7515625 0.1984375000000001 0.73125 0.1984375000000001 0.73125 0.23437500000000008 0.7515625 0.23437500000000008
2 0.7265625 0.1703125000000001 0.7109375 0.1703125000000001 0.7109375 0.2000000000000001 0.7265625 0.2000000000000001
1 0.7234375 0.25468750000000007 0.6765625 0.25468750000000007 0.6765625 0.34062500000000007 0.7234375 0.34062500000000007
2 0.74375 0.1437500000000001 0.725 0.1437500000000001 0.725 0.1781250000000001 0.74375 0.1781250000000001
4 0.6265625 0.4515625 0.6203125 0.4515625 0.6203125 0.4640625 0.6265625 0.4640625
4 0.63125 0.43125 0.6234375 0.43125 0.6234375 0.4453125 0.63125 0.4453125
4 0.6234375 0.465625 0.6171875 0.465625 0.6171875 0.478125 0.6234375 0.478125
2 0.403125 0.2953125000000001 0.384375 0.2953125000000001 0.384375 0.3375000000000001 0.403125 0.3375000000000001
0 0.759375 0.14218750000000008 0.746875 0.14218750000000008 0.746875 0.1671875000000001 0.759375 0.1671875000000001
0 0.7328125 0.24375000000000008 0.7203125 0.24375000000000008 0.7203125 0.2656250000000001 0.7328125 0.2656250000000001
4 0.2750000000000001 0.721875 0.2671875000000001 0.721875 0.2671875000000001 0.740625 0.2750000000000001 0.740625
2 0.4953125 0.4296875 0.478125 0.4296875 0.478125 0.4734375 0.4953125 0.4734375
2 0.7359375 0.1921875000000001 0.7171875 0.1921875000000001 0.7171875 0.22031250000000008 0.7359375 0.22031250000000008
4 0.6734375 0.24375000000000008 0.6671875 0.24375000000000008 0.6671875 0.2593750000000001 0.6734375 0.2593750000000001
6 0.6406250000000002 0.8375 0.6109375000000001 0.8375 0.6109375000000001 0.89375 0.6406250000000002 0.89375
2 0.6593750000000002 0.8875 0.6406250000000002 0.8875 0.6406250000000002 0.91875 0.6593750000000002 0.91875
2 0.3046875000000001 0.6890625 0.28593750000000007 0.6890625 0.28593750000000007 0.71875 0.3046875000000001 0.71875
2 0.15312500000000012 0.9703125 0.13437500000000013 0.9703125 0.13437500000000013 1 0.15312500000000012 1
4 0.33281250000000007 0.6734375 0.3234375000000001 0.6734375 0.3234375000000001 0.684375 0.33281250000000007 0.684375
2 0.4796875 0.4890625 0.4671875 0.4890625 0.4671875 0.5234375 0.4796875 0.5234375
2 0.475 0.31718750000000007 0.45625 0.31718750000000007 0.45625 0.3515625000000001 0.475 0.3515625000000001
2 0.46875 0.3515625000000001 0.453125 0.3515625000000001 0.453125 0.3859375000000001 0.46875 0.3859375000000001
4 0.6250000000000002 0.8265625 0.6187500000000001 0.8265625 0.6187500000000001 0.8375 0.6250000000000002 0.8375
4 0.3734375000000001 0.5984375 0.3671875000000001 0.5984375 0.3671875000000001 0.609375 0.3734375000000001 0.609375
4 0.6078125 0.4890625 0.6 0.4890625 0.6 0.5046875 0.6078125 0.5046875
3 0.7625 0.12031250000000009 0.7484375 0.12031250000000009 0.7484375 0.1468750000000001 0.7625 0.1468750000000001
2 0.753125 0.1671875000000001 0.7328125 0.1671875000000001 0.7328125 0.19531250000000008 0.753125 0.19531250000000008
4 0.409375 0.5515625 0.4015625 0.5515625 0.4015625 0.5609375 0.409375 0.5609375
2 0.35625000000000007 0.7296875 0.3343750000000001 0.7296875 0.3343750000000001 0.765625 0.35625000000000007 0.765625
4 0.2000000000000001 0.85 0.1906250000000001 0.85 0.1906250000000001 0.865625 0.2000000000000001 0.865625
2 0.4140625 0.3625000000000001 0.4 0.3625000000000001 0.4 0.4 0.4140625 0.4
2 0.3828125 0.13437500000000005 0.3625 0.13437500000000005 0.3625 0.17187500000000006 0.3828125 0.17187500000000006
0 0.7125 0.11250000000000009 0.6984375 0.11250000000000009 0.6984375 0.13281250000000008 0.7125 0.13281250000000008
0 0.784375 0.13281250000000008 0.76875 0.13281250000000008 0.76875 0.1625000000000001 0.784375 0.1625000000000001
4 0.753125 0.1781250000000001 0.7453125 0.1781250000000001 0.7453125 0.19687500000000008 0.753125 0.19687500000000008
0 0.7265625 0.22812500000000008 0.7171875 0.22812500000000008 0.7171875 0.2484375000000001 0.7265625 0.2484375000000001
2 0.6765625000000002 0.8796875 0.6562500000000002 0.8796875 0.6562500000000002 0.9171875 0.6765625000000002 0.9171875
2 0.6578125000000001 0.840625 0.6406250000000002 0.840625 0.6406250000000002 0.8734375 0.6578125000000001 0.8734375
4 0.6062500000000001 0.721875 0.596875 0.721875 0.596875 0.7359375 0.6062500000000002 0.7359375
2 0.403125 0.5265625 0.3843750000000001 0.5265625 0.3843750000000001 0.559375 0.403125 0.559375
4 0.3109375000000001 0.8 0.30156250000000007 0.8 0.30156250000000007 0.81875 0.3109375000000001 0.81875
2 0.796875 0.012500000000000098 0.7734375 0.012500000000000094 0.7734375 0.0437500000000001 0.796875 0.0437500000000001
4 0.6203125 0.5046875 0.6125 0.5046875 0.6125 0.5171875 0.6203125 0.5171875
4 0.6296875 0.5125 0.621875 0.5125 0.621875 0.528125 0.6296875 0.528125
4 0.6171875 0.4890625 0.6109375 0.4890625 0.6109375 0.5015625 0.6171875 0.5015625
4 0.4359375 0.48125 0.4265625 0.48125 0.4265625 0.5046875 0.4359375 0.5046875
2 0.13281250000000014 0.965625 0.11406250000000014 0.965625 0.11406250000000014 1 0.13281250000000014 1
2 0.1765625000000001 0.7125 0.15781250000000008 0.7125 0.15781250000000008 0.7515625 0.1765625000000001 0.7515625
4 0.22812500000000008 0.80625 0.21875000000000008 0.80625 0.21875000000000008 0.8203125 0.22812500000000008 0.8203125
2 0.3203125 3.807886141098801e-17 0.3015625 3.693075503678737e-17 0.3015625 0.03750000000000004 0.3203125 0.03750000000000005
2 0.3671875000000001 0.6828125 0.34843750000000007 0.6828125 0.34843750000000007 0.7171875 0.3671875000000001 0.7171875
4 0.2906250000000001 0.83125 0.2796875000000001 0.83125 0.2796875000000001 0.8453125 0.2906250000000001 0.8453125
4 0.19843750000000013 0.9734375 0.18906250000000013 0.9734375 0.18906250000000013 0.9921875 0.19843750000000013 0.9921875
4 0.2250000000000001 0.8265625 0.2156250000000001 0.8265625 0.2156250000000001 0.840625 0.2250000000000001 0.840625
4 0.19531250000000008 0.86875 0.1859375000000001 0.86875 0.1859375000000001 0.8828125 0.19531250000000008 0.8828125
4 0.1640625000000001 0.903125 0.1531250000000001 0.903125 0.15312500000000012 0.915625 0.16406250000000014 0.915625
4 0.14843750000000014 0.9328125 0.13750000000000012 0.9328125 0.13750000000000012 0.9453125 0.14843750000000014 0.9453125
4 0.36406250000000007 0.5796875 0.3578125000000001 0.5796875 0.3578125000000001 0.6 0.36406250000000007 0.6
4 0.3781250000000001 0.553125 0.3703125000000001 0.553125 0.3703125000000001 0.571875 0.3781250000000001 0.571875
4 0.3609375 0.09375000000000004 0.35 0.09375000000000004 0.35 0.11250000000000004 0.3609375 0.11250000000000004
2 0.4015625 0.057812500000000044 0.3796875 0.057812500000000044 0.3796875 0.09687500000000004 0.4015625 0.09687500000000004
2 0.4390625 0.11718750000000004 0.4203125 0.11718750000000004 0.4203125 0.15312500000000004 0.4390625 0.15312500000000004
4 0.40625 0.2000000000000001 0.396875 0.2000000000000001 0.396875 0.2234375000000001 0.40625 0.2234375000000001
4 0.4296875 0.2406250000000001 0.421875 0.2406250000000001 0.421875 0.2578125000000001 0.4296875 0.2578125000000001
0 0.5296875 0.19062500000000004 0.515625 0.19062500000000004 0.515625 0.21250000000000008 0.5296875 0.21250000000000008
4 0.759375 0.1609375000000001 0.75 0.1609375000000001 0.75 0.1781250000000001 0.759375 0.1781250000000001
4 0.75625 0.19531250000000008 0.746875 0.19531250000000008 0.746875 0.2093750000000001 0.75625 0.2093750000000001
4 0.75625 0.2171875000000001 0.746875 0.2171875000000001 0.746875 0.23437500000000008 0.75625 0.23437500000000008
4 0.6921875 0.33281250000000007 0.6859375 0.33281250000000007 0.6859375 0.34843750000000007 0.6921875 0.34843750000000007
0 0.5359375 0.4265625 0.525 0.4265625 0.525 0.453125 0.5359375 0.453125
2 0.6546875000000002 0.7453125 0.6343750000000001 0.7453125 0.6343750000000001 0.7828125 0.6546875000000002 0.7828125
4 0.3828125 0.3312500000000001 0.375 0.3312500000000001 0.375 0.34843750000000007 0.3828125 0.34843750000000007
4 0.409375 0.4375 0.4 0.4375 0.4 0.4609375 0.409375 0.4609375
4 0.6171875 0.4578125 0.609375 0.4578125 0.609375 0.4671875 0.6171875 0.4671875
4 0.65625 0.3625000000000001 0.65 0.3625000000000001 0.65 0.3750000000000001 0.65625 0.3750000000000001
4 0.3500000000000001 0.59375 0.3390625000000001 0.59375 0.3390625000000001 0.6078125 0.3500000000000001 0.6078125