4 0.021875000000000054 0.4609375 0.009375000000000055 0.4609375 0.009375000000000057 0.475 0.021875000000000054 0.475
4 0.1546875000000001 0.5625 0.1437500000000001 0.5625 0.1437500000000001 0.575 0.1546875000000001 0.575
5 0.1625000000000001 0.6625 0.12031250000000009 0.6625 0.12031250000000009 0.690625 0.1625000000000001 0.690625
5 0.1859375000000001 0.6328125 0.1453125000000001 0.6328125 0.1453125000000001 0.653125 0.1859375000000001 0.653125
5 0.11718750000000004 0.4796875 0.06718750000000007 0.4796875 0.06718750000000007 0.4984375 0.11718750000000004 0.4984375
5 0.16875000000000004 0.4734375 0.12812500000000004 0.4734375 0.12812500000000004 0.4953125 0.16875000000000004 0.4953125
5 0.14218750000000005 0.5 0.09843750000000007 0.5 0.09843750000000007 0.5140625 0.14218750000000005 0.5140625
3 0.2078125000000001 0.525 0.18906250000000005 0.525 0.18906250000000005 0.5359375 0.2078125000000001 0.5359375
3 0.23593750000000008 0.54375 0.2062500000000001 0.54375 0.2062500000000001 0.5640625 0.23593750000000008 0.5640625
1 0.32500000000000007 0.521875 0.2750000000000001 0.521875 0.2750000000000001 0.540625 0.32500000000000007 0.540625
6 0.3812500000000001 0.4671875 0.3500000000000001 0.4671875 0.3500000000000001 0.490625 0.3812500000000001 0.490625
6 0.3937500000000001 0.5359375 0.3656250000000001 0.5359375 0.3656250000000001 0.5609375 0.3937500000000001 0.5609375
5 0.3140625000000001 0.625 0.2796875000000001 0.625 0.2796875000000001 0.6453125 0.3140625000000001 0.6453125
4 0.18906250000000005 0.403125 0.17500000000000004 0.403125 0.17500000000000004 0.4171875 0.18906250000000005 0.4171875
2 0.3703125 0.28125000000000006 0.3515625 0.28125 0.3515625 0.29531250000000003 0.3703125 0.2953125000000001
2 0.5296875 0.3125000000000001 0.5171875 0.3125000000000001 0.5171875 0.3437500000000001 0.5296875 0.3437500000000001
2 0.540625 0.3109375000000001 0.53125 0.3109375000000001 0.53125 0.3421875000000001 0.540625 0.3421875000000001
2 0.5796875 0.3031250000000001 0.571875 0.3031250000000001 0.571875 0.3296875000000001 0.5796875 0.3296875000000001
2 0.5921875 0.3062500000000001 0.58125 0.3062500000000001 0.58125 0.33281250000000007 0.5921875 0.33281250000000007
6 0.525 0.6125 0.496875 0.6125 0.496875 0.63125 0.525 0.63125
3 0.565625 0.5171875 0.5453125 0.5171875 0.5453125 0.534375 0.565625 0.534375
4 0.5609375 0.4453125 0.5421875 0.4453125 0.5421875 0.4640625 0.5609375 0.4640625
5 0.63125 0.465625 0.5875 0.465625 0.5875 0.490625 0.63125 0.490625
3 0.5921875 0.58125 0.5703125 0.58125 0.5703125 0.6 0.5921875 0.6
3 0.6046875 0.615625 0.5859375 0.615625 0.5859375 0.63125 0.6046875 0.63125
4 0.609375 0.553125 0.5984375 0.553125 0.5984375 0.56875 0.609375 0.56875
2 0.734375 0.6062500000000001 0.715625 0.60625 0.715625 0.6250000000000001 0.734375 0.6250000000000002
6 0.7171875 0.5328125 0.6890625 0.5328125 0.6890625 0.5484375 0.7171875 0.5484375
2 0.7171875 0.5109375 0.696875 0.5109375 0.696875 0.5296875 0.7171875 0.5296875
4 0.7390625 0.44218750000000007 0.7234375 0.4421875 0.7234375 0.4593750000000001 0.7390625 0.4593750000000002
0 0.7765625 0.5984375000000002 0.75625 0.5984375000000002 0.75625 0.6218750000000002 0.7765625 0.6218750000000002
0 0.8484375 0.5968750000000002 0.8328125 0.5968750000000002 0.8328125 0.6171875000000002 0.8484375 0.6171875000000002
5 0.903125 0.5781250000000002 0.8609375 0.5781250000000002 0.8609375 0.6046875000000002 0.903125 0.6046875000000002
5 0.928125 0.6281250000000002 0.8875 0.6281250000000002 0.8875 0.6546875000000002 0.928125 0.6546875000000002
2 0.9609375 0.6015625000000002 0.9421875 0.6015625000000002 0.9421875 0.6187500000000001 0.9609375 0.6187500000000001
4 0.9703125 0.5781250000000002 0.9546875 0.5781250000000002 0.9546875 0.5890625000000002 0.9703125 0.5890625000000002
5 0.9671875 0.45625000000000016 0.91875 0.45625000000000016 0.91875 0.4828125000000002 0.9671875 0.4828125000000002
1 0.7046875 0.3703125000000001 0.65625 0.3703125000000001 0.65625 0.39531250000000007 0.7046875 0.39531250000000007
5 0.7640625 0.3703125000000001 0.715625 0.3703125000000001 0.715625 0.39531250000000007 0.7640625 0.39531250000000007
6 0.8765625 0.2562500000000001 0.859375 0.2562500000000001 0.859375 0.30937500000000007 0.8765625 0.30937500000000007
2 0.96875 0.3812500000000001 0.9546875 0.3812500000000001 0.9546875 0.40625000000000017 0.96875 0.40625000000000017
2 1 0.3734375000000001 0.984375 0.3734375000000001 0.984375 0.4031250000000002 1 0.4031250000000002