5 0.2500000000000001 0.6703125 0.1906250000000001 0.6703125 0.1906250000000001 0.7125 0.2500000000000001 0.7125
5 0.3187500000000001 0.659375 0.2531250000000001 0.659375 0.2531250000000001 0.69375 0.3187500000000001 0.69375
5 0.5687500000000002 0.7921875 0.5078125000000002 0.7921875 0.5078125000000002 0.84375 0.5687500000000002 0.84375
3 0.7343750000000002 0.871875 0.6984375000000002 0.871875 0.6984375000000002 0.9109375 0.7343750000000002 0.9109375
2 0.38750000000000007 0.9109375 0.3609375000000001 0.9109375 0.3609375000000001 0.9625 0.38750000000000007 0.9625
2 0.5937500000000002 0.8453125 0.5625000000000002 0.8453125 0.5625000000000002 0.8796875 0.5937500000000002 0.8796875
2 0.6296875000000002 0.846875 0.6046875000000002 0.846875 0.6046875000000002 0.88125 0.6296875000000002 0.88125
2 0.6578125000000001 0.8328125 0.6343750000000001 0.8328125 0.6343750000000001 0.878125 0.6578125000000001 0.878125
2 0.6984375000000002 0.8375 0.6734375000000001 0.8375 0.6734375000000001 0.8734375 0.6984375000000002 0.8734375
2 0.9265625 0.7671875000000001 0.9046875 0.7671875000000001 0.9046875 0.8109375 0.9265625 0.8109375
4 0.0734375000000001 0.8 0.05468750000000009 0.8 0.0546875000000001 0.8234375 0.07343750000000011 0.8234375
4 0.3734375000000001 0.6984375 0.35625000000000007 0.6984375 0.35625000000000007 0.71875 0.3734375000000001 0.71875
4 0.2890625000000001 0.778125 0.2734375000000001 0.778125 0.2734375000000001 0.8046875 0.2890625000000001 0.8046875
4 0.44531250000000017 0.8921875 0.4265625000000002 0.8921875 0.4265625000000002 0.9171875 0.44531250000000017 0.9171875
4 0.3812500000000001 0.775 0.3625000000000001 0.775 0.3625000000000001 0.8078125 0.3812500000000001 0.8078125
4 0.6187500000000001 0.746875 0.6031250000000001 0.746875 0.6031250000000001 0.775 0.6187500000000001 0.775
4 0.6656250000000001 0.796875 0.6484375000000002 0.796875 0.6484375000000002 0.8171875 0.6656250000000001 0.8171875
4 0.7625000000000002 0.7468750000000002 0.7406250000000002 0.7468750000000002 0.7406250000000002 0.7781250000000002 0.7625000000000002 0.7781250000000002
0 0.890625 0.8828125 0.8625 0.8828125 0.8625 0.9046875 0.890625 0.9046875
0 0.475 0.6234375 0.4625 0.6234375 0.4625 0.675 0.475 0.675
4 0.528125 0.3062500000000001 0.5078125 0.3062500000000001 0.5078125 0.3578125000000001 0.528125 0.3578125000000001
4 0.5140625 0.6078125 0.4984375 0.6078125 0.4984375 0.65625 0.5140625 0.65625
0 0.471875 0.471875 0.4578125 0.471875 0.4578125 0.5015625 0.471875 0.5015625
4 0.48125 0.53125 0.475 0.53125 0.475 0.5546875 0.48125 0.5546875
0 0.4859375000000002 0.78125 0.4671875000000002 0.78125 0.4671875000000002 0.8015625 0.4859375000000002 0.8015625
4 0.5953125000000001 0.7578125 0.5812500000000002 0.7578125 0.5812500000000002 0.7765625 0.5953125000000001 0.7765625
4 0.4703125000000002 0.8375 0.46093750000000017 0.8375 0.46093750000000017 0.8609375 0.4703125000000002 0.8609375
4 0.43281250000000016 0.7375 0.4187500000000002 0.7375 0.4187500000000002 0.76875 0.43281250000000016 0.76875
4 0.5265625000000002 0.7515625 0.5125000000000002 0.7515625 0.5125000000000002 0.775 0.5265625000000002 0.775