0 0.06250000000000007 0.4625 0.046875000000000056 0.4625 0.046875000000000056 0.48125 0.06250000000000007 0.48125
5 0.11875000000000005 0.4765625 0.08750000000000006 0.4765625 0.08750000000000006 0.4953125 0.11875000000000005 0.4953125
2 0.13750000000000004 0.528125 0.12343750000000005 0.528125 0.12343750000000005 0.54375 0.13750000000000004 0.54375
5 0.1531250000000001 0.6609375 0.11718750000000008 0.6609375 0.11718750000000008 0.6875 0.1531250000000001 0.6875
5 0.1781250000000001 0.63125 0.14062500000000008 0.63125 0.14062500000000008 0.6515625 0.1781250000000001 0.6515625
6 0.2140625000000001 0.4625 0.18281250000000004 0.4625 0.18281250000000004 0.4796875 0.2140625000000001 0.4796875
3 0.22031250000000008 0.521875 0.2015625000000001 0.521875 0.2015625000000001 0.540625 0.22031250000000008 0.540625
0 0.2843750000000001 0.559375 0.2671875000000001 0.559375 0.2671875000000001 0.5734375 0.2843750000000001 0.5734375
5 0.30937500000000007 0.6234375 0.2750000000000001 0.6234375 0.2750000000000001 0.6484375 0.30937500000000007 0.6484375
2 0.3656250000000001 0.5875 0.3515625000000001 0.5875 0.3515625000000001 0.6 0.3656250000000001 0.6
4 0.4203125 0.45625 0.4109375 0.45625 0.4109375 0.465625 0.4203125 0.465625
2 0.4921875 0.4875 0.4703125 0.4875 0.4703125 0.5015625 0.4921875 0.5015625
0 0.5296875 0.5578125 0.5171875 0.5578125 0.5171875 0.56875 0.5296875 0.56875
5 0.55625 0.528125 0.503125 0.528125 0.503125 0.5453125 0.55625 0.5453125
6 0.5234375 0.6140625 0.4921875 0.6140625 0.4921875 0.6328125 0.5234375 0.6328125
4 0.521875 0.603125 0.5125 0.603125 0.5125 0.6078125 0.521875 0.6078125
4 0.584375 0.6078125 0.575 0.6078125 0.575 0.6171875 0.584375 0.6171875
3 0.5953125 0.61875 0.5828125 0.61875 0.5828125 0.6296875 0.5953125 0.6296875
4 0.65 0.603125 0.64375 0.603125 0.64375 0.6078125 0.65 0.6078125
4 0.6859375 0.6015625 0.675 0.6015625 0.675 0.6078125 0.6859375 0.6078125
5 0.6375 0.54375 0.596875 0.54375 0.596875 0.5640625 0.6375 0.5640625
2 0.6390625 0.5171875 0.6234375 0.5171875 0.6234375 0.53125 0.6390625 0.53125
4 0.6546875 0.5546875 0.64375 0.5546875 0.64375 0.565625 0.6546875 0.565625
0 0.678125 0.5328125 0.6640625 0.5328125 0.6640625 0.5484375 0.678125 0.5484375
2 0.69375 0.509375 0.675 0.509375 0.675 0.5234375 0.69375 0.5234375
3 0.715625 0.584375 0.696875 0.584375 0.696875 0.5984375 0.715625 0.5984375
2 0.728125 0.6062500000000001 0.709375 0.60625 0.709375 0.6218750000000001 0.728125 0.6218750000000002
1 0.696875 0.3750000000000001 0.6515625 0.3750000000000001 0.6515625 0.3937500000000001 0.696875 0.3937500000000001
5 0.7546875 0.3750000000000001 0.7078125 0.3750000000000001 0.7078125 0.3937500000000001 0.7546875 0.3937500000000001
0 0.8390625 0.6000000000000002 0.828125 0.6000000000000002 0.828125 0.6109375000000001 0.8390625 0.6109375000000001
0 0.8578125 0.6015625000000002 0.8453125 0.6015625000000002 0.8453125 0.6140625000000002 0.8578125 0.6140625000000002
4 0.89375 0.5968750000000002 0.8828125 0.5968750000000002 0.8828125 0.6062500000000002 0.89375 0.6062500000000002
5 0.921875 0.6312500000000002 0.878125 0.6312500000000002 0.878125 0.6515625000000002 0.921875 0.6515625000000002
6 0.9640625 0.5296875000000002 0.925 0.5296875000000002 0.925 0.5484375000000001 0.9640625 0.5484375000000001
3 0.915625 0.4859375000000002 0.896875 0.4859375000000002 0.896875 0.5031250000000002 0.915625 0.5031250000000002
4 0.81875 0.3890625000000001 0.809375 0.3890625000000001 0.809375 0.3984375000000001 0.81875 0.3984375000000001
4 0.8328125 0.40937500000000016 0.8234375 0.40937500000000016 0.8234375 0.4234375000000002 0.8328125 0.4234375000000002
2 0.8890625 0.40156250000000016 0.875 0.40156250000000016 0.875 0.4203125000000002 0.8890625 0.4203125000000002
4 0.971875 0.3781250000000001 0.9578125 0.3781250000000001 0.9578125 0.3890625000000001 0.971875 0.3890625000000001
4 0.965625 0.6046875000000002 0.95625 0.6046875000000002 0.95625 0.6156250000000002 0.965625 0.6156250000000002