4 0.778125 0.5531250000000002 0.765625 0.5531250000000002 0.765625 0.5656250000000002 0.778125 0.5656250000000002
0 0.07656250000000006 0.5 0.05937500000000007 0.5 0.05937500000000007 0.515625 0.07656250000000006 0.515625
2 0.08125000000000007 0.546875 0.05156250000000007 0.546875 0.05156250000000007 0.571875 0.08125000000000007 0.571875
0 0.20781250000000004 0.3515625 0.19062500000000004 0.3515625 0.19062500000000004 0.3671875 0.2078125000000001 0.3671875
4 0.26875 0.3515625 0.2578125 0.3515625 0.2578125 0.3609375 0.26875 0.3609375
2 0.4171875 0.4015625 0.3906250000000001 0.4015625 0.3906250000000001 0.4203125 0.4171875 0.4203125
2 0.515625 0.35625000000000007 0.490625 0.35625000000000007 0.490625 0.3750000000000001 0.515625 0.3750000000000001
4 0.6125 0.3515625000000001 0.6015625 0.3515625000000001 0.6015625 0.3609375000000001 0.6125 0.3609375000000001
2 0.9953125 0.3437500000000001 0.96875 0.3437500000000001 0.96875 0.3625000000000001 0.9953125 0.3625000000000001
2 0.7953125 0.2531250000000001 0.7671875 0.2531250000000001 0.7671875 0.2734375000000001 0.7953125 0.2734375000000001
2 0.7875 0.1703125000000001 0.7609375 0.1703125000000001 0.7609375 0.1906250000000001 0.7875 0.1906250000000001
2 0.16875000000000004 0.2265625 0.14843750000000006 0.2265625 0.14843750000000006 0.265625 0.16875000000000004 0.265625
3 0.08593750000000004 0.2765625 0.06406250000000005 0.2765625 0.06406250000000005 0.340625 0.08593750000000004 0.340625
2 0.0328125 0.0015625000000000031 0.015625 0.001562500000000002 0.015625000000000003 0.0453125 0.0328125 0.0453125
4 0.015625000000000007 0.0375 0.007812500000000005 0.0375 0.007812500000000005 0.05625 0.015625000000000007 0.05625
4 0.015625000000000003 0.01875 2.296212748401287e-18 0.01875 3.444319122601931e-18 0.0375 0.015625000000000007 0.0375
4 0.007812500000000005 0.040625 4.975127621536122e-18 0.040625 5.931882933369992e-18 0.05625 0.007812500000000005 0.05625
2 0.096875 1.0907010554906114e-17 0.08125 9.950255243072244e-18 0.08125 0.031250000000000014 0.096875 0.031250000000000014
2 0.07187500000000001 0.078125 0.05625 0.078125 0.05625000000000001 0.11875 0.07187500000000002 0.11875
2 0.06250000000000003 0.128125 0.046875000000000014 0.128125 0.046875000000000014 0.1625 0.06250000000000003 0.1625
2 0.04531250000000002 0.165625 0.029687500000000023 0.165625 0.029687500000000023 0.20625 0.04531250000000002 0.20625
2 0.059375000000000025 0.184375 0.04062500000000002 0.184375 0.04062500000000003 0.228125 0.059375000000000025 0.228125
4 0.06093750000000002 0.2078125 0.05312500000000002 0.2078125 0.05312500000000002 0.2296875 0.06093750000000002 0.2296875
4 0.03593750000000003 0.240625 0.026562500000000034 0.240625 0.026562500000000034 0.253125 0.03593750000000003 0.253125
2 0.03437500000000003 0.2171875 0.01718750000000003 0.2171875 0.01718750000000003 0.2578125 0.03437500000000003 0.2578125
2 0.015625000000000035 0.2671875 3.2721031664718344e-17 0.2671875 3.530427100666979e-17 0.309375 0.015625000000000038 0.309375
2 0.040625000000000036 0.2515625 0.021875000000000033 0.2515625 0.021875000000000037 0.2953125 0.040625000000000036 0.2953125