2 0.032812500000000064 0.51875 0.023437500000000062 0.51875 0.023437500000000062 0.55625 0.032812500000000064 0.55625
2 0.2218750000000001 0.4578125 0.21093750000000008 0.4578125 0.21093750000000008 0.5046875 0.2218750000000001 0.5046875
2 0.21250000000000008 0.365625 0.2015625000000001 0.365625 0.2015625000000001 0.40625 0.21250000000000008 0.40625
2 0.2250000000000001 0.5 0.21250000000000008 0.5 0.21250000000000008 0.5328125 0.2250000000000001 0.5328125
2 0.06250000000000008 0.6234375 0.03593750000000008 0.6234375 0.03593750000000008 0.64375 0.06250000000000008 0.64375
2 0.23593750000000008 0.640625 0.2218750000000001 0.640625 0.2218750000000001 0.659375 0.23593750000000008 0.659375
2 0.2593750000000001 0.6625 0.2390625000000001 0.6625 0.2390625000000001 0.6828125 0.2593750000000001 0.6828125
2 0.17187500000000008 0.66875 0.1546875000000001 0.66875 0.1546875000000001 0.6890625 0.17187500000000008 0.6890625
2 0.3734375000000001 0.6625 0.3500000000000001 0.6625 0.3500000000000001 0.68125 0.3734375000000001 0.68125
2 0.425 0.496875 0.409375 0.496875 0.409375 0.528125 0.425 0.528125
2 0.421875 0.4515625 0.4140625 0.4515625 0.4140625 0.4859375 0.421875 0.4859375
2 0.45625 0.4171875 0.4421875 0.4171875 0.4421875 0.453125 0.45625 0.453125
2 0.4609375 0.509375 0.453125 0.509375 0.453125 0.546875 0.4609375 0.546875
2 0.4640625 0.5703125 0.45 0.5703125 0.45 0.609375 0.4640625 0.609375
2 0.4484375 0.5890625 0.434375 0.5890625 0.434375 0.6296875 0.4484375 0.6296875
2 0.4640625 0.609375 0.45 0.609375 0.45 0.6546875 0.4640625 0.6546875
2 0.45625 0.653125 0.45 0.653125 0.45 0.6890625 0.45625 0.6890625
1 0.4500000000000002 0.8375 0.4359375000000002 0.8375 0.4359375000000002 0.928125 0.4500000000000002 0.928125
2 0.3968750000000001 0.7609375 0.3859375000000001 0.7609375 0.3859375000000001 0.8 0.3968750000000001 0.8
2 0.3937500000000001 0.828125 0.37968750000000007 0.828125 0.37968750000000007 0.8546875 0.3937500000000001 0.8546875
2 0.39531250000000007 0.8546875 0.3812500000000001 0.8546875 0.3812500000000001 0.8703125 0.39531250000000007 0.8703125
2 0.39531250000000007 0.8703125 0.3812500000000001 0.8703125 0.3812500000000001 0.8921875 0.39531250000000007 0.8921875
2 0.3890625000000001 0.9296875 0.3781250000000001 0.9296875 0.3781250000000001 0.96875 0.3890625000000001 0.96875
2 0.1984375000000001 0.7109375 0.1828125000000001 0.7109375 0.1828125000000001 0.73125 0.1984375000000001 0.73125
2 0.525 0.55 0.5109375 0.55 0.5109375 0.58125 0.525 0.58125
2 0.5421875 0.503125 0.525 0.503125 0.525 0.5375 0.5421875 0.5375
2 0.540625 0.4578125 0.5203125 0.4578125 0.5203125 0.4828125 0.540625 0.4828125
2 0.5390625 0.4375 0.5203125 0.4375 0.5203125 0.459375 0.5390625 0.459375
2 0.5453125 0.4140625 0.5296875 0.4140625 0.5296875 0.440625 0.5453125 0.440625
2 0.5640625 0.440625 0.5453125 0.440625 0.5453125 0.46875 0.5640625 0.46875
2 0.5234375 0.3609375000000001 0.5125 0.3609375000000001 0.5125 0.3921875000000001 0.5234375 0.3921875000000001
2 0.5390625 0.3453125000000001 0.5203125 0.3453125000000001 0.5203125 0.37187500000000007 0.5390625 0.37187500000000007
2 0.51875 0.3968750000000001 0.509375 0.3968750000000001 0.509375 0.428125 0.51875 0.428125
2 0.521875 0.3187500000000001 0.5109375 0.3187500000000001 0.5109375 0.3656250000000001 0.521875 0.3656250000000001
2 0.5484375000000001 0.721875 0.5296875 0.721875 0.5296875000000001 0.753125 0.5484375000000001 0.753125
2 0.5312500000000001 0.7203125 0.521875 0.7203125 0.5218750000000001 0.7578125 0.5312500000000002 0.7578125
2 0.5468750000000002 0.7515625 0.5312500000000002 0.7515625 0.5312500000000002 0.7796875 0.5468750000000002 0.7796875
2 0.5296875000000002 0.8296875 0.5187500000000002 0.8296875 0.5187500000000002 0.8640625 0.5296875000000002 0.8640625
2 0.5218750000000002 0.909375 0.5109375000000002 0.909375 0.5109375000000002 0.946875 0.5218750000000002 0.946875
2 0.6171875 0.503125 0.596875 0.503125 0.596875 0.5234375 0.6171875 0.5234375
2 0.5703125000000002 0.9640625 0.5531250000000002 0.9640625 0.5531250000000002 0.98125 0.5703125000000002 0.98125
2 0.5687500000000002 0.9765625 0.5515625000000002 0.9765625 0.5515625000000002 0.996875 0.5687500000000002 0.996875
2 0.6796875 0.4953125 0.6640625 0.4953125 0.6640625 0.5203125 0.6796875 0.5203125
2 0.6921875 0.503125 0.6765625 0.503125 0.6765625 0.53125 0.6921875 0.53125
2 0.690625 0.5234375 0.6796875 0.5234375 0.6796875 0.559375 0.690625 0.559375
2 0.5203125 0.43125 0.5109375 0.43125 0.5109375 0.471875 0.5203125 0.471875
2 0.4625 0.3312500000000001 0.453125 0.3312500000000001 0.453125 0.3750000000000001 0.4625 0.3750000000000001
2 0.8171875 0.86875 0.8046875 0.86875 0.8046875 0.909375 0.8171875 0.909375
2 0.840625 0.88125 0.8265625 0.88125 0.8265625 0.9234375 0.840625 0.9234375
2 0.853125 0.8828125 0.8421875 0.8828125 0.8421875 0.9234375 0.853125 0.9234375
2 0.8078125 0.940625 0.7890625000000002 0.940625 0.7890625000000002 0.959375 0.8078125 0.959375
2 0.8109375 0.9578125 0.7875000000000002 0.9578125 0.7875000000000002 0.9765625 0.8109375 0.9765625
2 0.80625 0.9734375 0.7859375000000002 0.9734375 0.7859375000000002 1 0.80625 1
2 0.9015625 0.5156250000000002 0.88125 0.5156250000000002 0.88125 0.5406250000000001 0.9015625 0.5406250000000001
2 0.8390625 0.5109375000000002 0.8140625 0.5109375000000002 0.8140625 0.5296875000000002 0.8390625 0.5296875000000002
2 0.840625 0.4703125000000002 0.8203125 0.4703125000000002 0.8203125 0.49218750000000017 0.840625 0.49218750000000017
1 0.5234375 0.4796875 0.5078125 0.4796875 0.5078125 0.534375 0.5234375 0.534375
2 0.8703125 0.1218750000000001 0.8578125 0.1218750000000001 0.8578125 0.1593750000000001 0.8703125 0.1593750000000001
2 0.86875 0.16562500000000008 0.8546875 0.16562500000000008 0.8546875 0.2015625000000001 0.86875 0.2015625000000001
2 0.8609375 0.24218750000000008 0.8515625 0.24218750000000008 0.8515625 0.2765625000000001 0.8609375 0.2765625000000001
2 0.8484375 0.25468750000000007 0.834375 0.25468750000000007 0.834375 0.2953125000000001 0.8484375 0.2953125000000001
2 0.8296875 0.2562500000000001 0.821875 0.2562500000000001 0.821875 0.2921875000000001 0.8296875 0.2921875000000001
2 0.8140625 0.20312500000000008 0.796875 0.20312500000000008 0.796875 0.2390625000000001 0.8140625 0.2390625000000001
2 0.7125 0.26250000000000007 0.7015625 0.26250000000000007 0.7015625 0.2984375000000001 0.7125 0.2984375000000001
2 0.9234375 0.31718750000000007 0.903125 0.31718750000000007 0.903125 0.3437500000000001 0.9234375 0.3437500000000001
2 0.9890625 0.2906250000000001 0.9625 0.2906250000000001 0.9625 0.3062500000000001 0.9890625 0.3062500000000001
3 0.584375 0.2390625000000001 0.565625 0.2390625000000001 0.565625 0.2796875000000001 0.584375 0.2796875000000001
2 0.5703125 0.18750000000000008 0.553125 0.18750000000000008 0.553125 0.2140625000000001 0.5703125 0.2140625000000001
2 0.5734375 0.1671875000000001 0.553125 0.1671875000000001 0.553125 0.19531250000000008 0.5734375 0.19531250000000008
2 0.575 0.15000000000000008 0.5484375 0.15000000000000008 0.5484375 0.1687500000000001 0.575 0.1687500000000001
2 0.5765625 0.13437500000000008 0.546875 0.13437500000000008 0.546875 0.1531250000000001 0.5765625 0.1531250000000001
2 0.5703125 0.11562500000000009 0.5515625 0.11562500000000009 0.5515625 0.14062500000000008 0.5703125 0.14062500000000008
2 0.584375 0.08437500000000006 0.5640625 0.08437500000000006 0.5640625 0.10937500000000008 0.584375 0.10937500000000008
2 0.575 0.09843750000000007 0.55 0.09843750000000007 0.55 0.12656250000000008 0.575 0.12656250000000008
2 0.5921875 0.04218750000000007 0.5671875 0.042187500000000065 0.5671875 0.06093750000000007 0.5921875 0.06093750000000007
2 0.6203125 0.04062500000000008 0.596875 0.04062500000000008 0.596875 0.06093750000000007 0.6203125 0.06093750000000007
2 0.625 0.014062500000000075 0.603125 0.014062500000000071 0.603125 0.03593750000000008 0.625 0.03593750000000008
2 0.6234375 7.510529197895878e-17 0.603125 7.386151007357474e-17 0.603125 0.012500000000000075 0.6234375 0.012500000000000077
2 0.5328125 0.03750000000000007 0.5203125 0.03750000000000007 0.5203125 0.07343750000000007 0.5328125 0.07343750000000007
2 0.53125 0.16875000000000004 0.5171875 0.16875000000000004 0.5171875 0.20468750000000008 0.53125 0.20468750000000008
2 0.521875 0.2828125000000001 0.509375 0.2828125000000001 0.509375 0.32500000000000007 0.521875 0.32500000000000007
2 0.46875 0.2750000000000001 0.45625 0.2750000000000001 0.45625 0.3140625000000001 0.46875 0.3140625000000001
2 0.4359375 0.16250000000000003 0.4171875 0.16250000000000003 0.4171875 0.19062500000000004 0.4359375 0.19062500000000004
2 0.415625 0.16250000000000003 0.40625 0.16250000000000003 0.40625 0.19531250000000006 0.415625 0.19531250000000006
2 0.409375 0.14375000000000004 0.3984375 0.14375000000000004 0.3984375 0.18437500000000004 0.409375 0.18437500000000004
0 0.9890625 0.33281250000000007 0.9671875 0.33281250000000007 0.9671875 0.3515625000000001 0.9890625 0.3515625000000001
0 0.6953125 0.3031250000000001 0.678125 0.3031250000000001 0.678125 0.3265625000000001 0.6953125 0.3265625000000001
0 0.7203125 0.459375 0.7046875 0.459375 0.7046875 0.475 0.7203125 0.475
0 0.7265625 0.5046875000000001 0.7140625 0.5046875 0.7140625 0.5296875000000001 0.7265625 0.5296875000000002
0 0.5953125 0.3031250000000001 0.578125 0.3031250000000001 0.578125 0.3265625000000001 0.5953125 0.3265625000000001
0 0.5859375 0.28593750000000007 0.5765625 0.28593750000000007 0.5765625 0.3031250000000001 0.5859375 0.3031250000000001
0 0.55625 0.26250000000000007 0.540625 0.26250000000000007 0.540625 0.29375000000000007 0.55625 0.29375000000000007
0 0.51875 0.22812500000000008 0.5109375 0.22812500000000008 0.5109375 0.2593750000000001 0.51875 0.2593750000000001
0 0.5546875 0.11093750000000006 0.5421875 0.11093750000000005 0.5421875 0.13281250000000006 0.5546875 0.13281250000000008
0 0.553125 0.018750000000000065 0.54375 0.018750000000000065 0.54375 0.05937500000000007 0.553125 0.05937500000000007
0 0.575 0.01562500000000007 0.559375 0.015625000000000066 0.559375 0.040625000000000064 0.575 0.040625000000000064
0 0.5390625 0.634375 0.5328125 0.634375 0.5328125 0.6625 0.5390625 0.6625
0 0.5343750000000002 0.7765625 0.5250000000000001 0.7765625 0.5250000000000001 0.8078125 0.5343750000000002 0.8078125
0 0.5390625000000002 0.803125 0.5281250000000002 0.803125 0.5281250000000002 0.825 0.5390625000000002 0.825
0 0.5437500000000002 0.825 0.5296875000000002 0.825 0.5296875000000002 0.846875 0.5437500000000002 0.846875
0 0.5421875000000002 0.84375 0.5343750000000002 0.84375 0.5343750000000002 0.86875 0.5421875000000002 0.86875
0 0.5437500000000002 0.871875 0.5343750000000002 0.871875 0.5343750000000002 0.890625 0.5437500000000002 0.890625
0 0.5437500000000002 0.8859375 0.5343750000000002 0.8859375 0.5343750000000002 0.9109375 0.5437500000000002 0.9109375
0 0.5250000000000001 0.8625 0.5140625000000002 0.8625 0.5140625000000002 0.8859375 0.5250000000000001 0.8859375
0 0.5140625000000002 0.8671875 0.5000000000000002 0.8671875 0.5000000000000002 0.8890625 0.5140625000000002 0.8890625
0 0.5125000000000002 0.915625 0.5015625000000001 0.915625 0.5015625000000001 0.9421875 0.5125000000000002 0.9421875
0 0.5281250000000002 0.95 0.5187500000000002 0.95 0.5187500000000002 0.965625 0.5281250000000002 0.965625
0 0.5390625000000002 0.9453125 0.5265625000000002 0.9453125 0.5265625000000002 0.971875 0.5390625000000002 0.971875
0 0.5359375000000002 0.9640625 0.5171875000000001 0.9640625 0.5171875000000001 0.9984375 0.5359375000000002 0.9984375
0 0.415625 0.5734375 0.4015625 0.5734375 0.4015625 0.603125 0.415625 0.603125
0 0.3984375000000001 0.5890625 0.3859375000000001 0.5890625 0.3859375000000001 0.6078125 0.3984375000000001 0.6078125
0 0.3343750000000001 0.63125 0.31718750000000007 0.63125 0.31718750000000007 0.646875 0.3343750000000001 0.646875
0 0.39531250000000007 0.696875 0.3843750000000001 0.696875 0.3843750000000001 0.7171875 0.39531250000000007 0.7171875
0 0.039062500000000076 0.646875 0.020312500000000077 0.646875 0.02031250000000008 0.675 0.039062500000000076 0.675
4 0.07968750000000009 0.6484375 0.06093750000000009 0.6484375 0.06093750000000009 0.665625 0.07968750000000009 0.665625
4 0.07343750000000009 0.68125 0.057812500000000086 0.68125 0.057812500000000086 0.696875 0.07343750000000009 0.696875
4 0.05312500000000009 0.6828125 0.04062500000000009 0.6828125 0.04062500000000009 0.7046875 0.05312500000000009 0.7046875
4 0.021875000000000082 0.671875 0.009375000000000083 0.671875 0.009375000000000085 0.696875 0.021875000000000082 0.696875
4 0.028125000000000077 0.6453125 0.012500000000000077 0.6453125 0.01250000000000008 0.659375 0.028125000000000077 0.659375
4 0.2015625000000001 0.6625 0.1921875000000001 0.6625 0.1921875000000001 0.684375 0.2015625000000001 0.684375
4 0.1906250000000001 0.675 0.1750000000000001 0.675 0.1750000000000001 0.7046875 0.1906250000000001 0.7046875
4 0.22031250000000008 0.6234375 0.2062500000000001 0.6234375 0.2062500000000001 0.6515625 0.22031250000000008 0.6515625
4 0.22031250000000008 0.6640625 0.20312500000000008 0.6640625 0.20312500000000008 0.6796875 0.22031250000000008 0.6796875
4 0.21875000000000008 0.6875 0.20468750000000008 0.6875 0.20468750000000008 0.7015625 0.21875000000000008 0.7015625
4 0.2500000000000001 0.6765625 0.2390625000000001 0.6765625 0.2390625000000001 0.696875 0.2500000000000001 0.696875
4 0.2921875000000001 0.6671875 0.2765625000000001 0.6671875 0.2765625000000001 0.6953125 0.2921875000000001 0.6953125
4 0.3046875000000001 0.684375 0.29375000000000007 0.684375 0.29375000000000007 0.7046875 0.3046875000000001 0.7046875
3 0.3515625000000001 0.6765625 0.3296875000000001 0.6765625 0.3296875000000001 0.6953125 0.3515625000000001 0.6953125
3 0.4 0.6171875 0.3890625000000001 0.6171875 0.3890625000000001 0.6328125 0.4 0.6328125
4 0.4375 0.503125 0.4328125 0.503125 0.4328125 0.5375 0.4375 0.5375
4 0.45625 0.4671875 0.45 0.4671875 0.45 0.5015625 0.45625 0.5015625
4 0.5203125 0.6109375 0.5109375 0.6109375 0.5109375 0.646875 0.5203125 0.646875
4 0.51875 0.6671875 0.509375 0.6671875 0.509375 0.7015625 0.51875 0.7015625
4 0.5234375 0.6953125 0.509375 0.6953125 0.509375 0.721875 0.5234375 0.721875
4 0.5187500000000002 0.7609375 0.5109375000000002 0.7609375 0.5109375000000002 0.790625 0.5187500000000002 0.790625
4 0.5156250000000002 0.80625 0.5062500000000002 0.80625 0.5062500000000002 0.828125 0.5156250000000002 0.828125
4 0.4500000000000002 0.759375 0.4359375000000002 0.759375 0.4359375000000002 0.7890625 0.4500000000000002 0.7890625
4 0.44062500000000016 0.796875 0.4312500000000002 0.796875 0.4312500000000002 0.8203125 0.44062500000000016 0.8203125
4 0.4453125 0.5328125 0.4359375 0.5328125 0.4359375 0.55625 0.4453125 0.55625
4 0.4484375 0.5078125 0.4421875 0.5078125 0.4421875 0.54375 0.4484375 0.54375
4 0.4640625 0.4828125 0.4578125 0.4828125 0.4578125 0.5109375 0.4640625 0.5109375
4 0.440625 0.4171875 0.43125 0.4171875 0.43125 0.4453125 0.440625 0.4453125
2 0.434375 0.3921875000000001 0.4203125 0.3921875000000001 0.4203125 0.428125 0.434375 0.428125
2 0.10781250000000009 0.6796875 0.09218750000000009 0.6796875 0.09218750000000009 0.7015625 0.10781250000000009 0.7015625
4 0.946875 0.4937500000000002 0.928125 0.4937500000000002 0.928125 0.5218750000000002 0.946875 0.5218750000000002
4 0.6828125 0.4703125 0.675 0.4703125 0.675 0.4984375 0.6828125 0.4984375
4 0.6375 0.471875 0.6234375 0.471875 0.6234375 0.4875 0.6375 0.4875
4 0.6296875 0.48125 0.61875 0.48125 0.61875 0.5015625 0.6296875 0.5015625
4 0.4578125 0.2015625000000001 0.44375 0.2015625000000001 0.44375 0.22656250000000008 0.4578125 0.22656250000000008
4 0.453125 0.3500000000000001 0.4421875 0.3500000000000001 0.4421875 0.3750000000000001 0.453125 0.3750000000000001
4 0.4515625 0.14218750000000005 0.4421875 0.14218750000000005 0.4421875 0.17031250000000003 0.4515625 0.17031250000000003
4 0.4609375 0.13281250000000006 0.45 0.13281250000000006 0.45 0.16093750000000004 0.4609375 0.16093750000000004
4 0.728125 0.34062500000000007 0.7140625 0.34062500000000007 0.7140625 0.3656250000000001 0.728125 0.3656250000000001
4 0.775 0.4734375000000002 0.7609375 0.4734375000000002 0.7609375 0.5046875000000002 0.775 0.5046875000000002
4 0.5359375 0.546875 0.528125 0.546875 0.528125 0.571875 0.5359375 0.571875
0 0.978125 0.48750000000000016 0.9625 0.48750000000000016 0.9625 0.5093750000000001 0.978125 0.5093750000000001
2 0.3421875 0.03125000000000004 0.328125 0.03125000000000004 0.328125 0.07656250000000005 0.3421875 0.07656250000000005
2 0.3625 0.028125000000000046 0.353125 0.028125000000000046 0.353125 0.07187500000000005 0.3625 0.07187500000000005
2 0.3453125 0.09062500000000004 0.325 0.09062500000000004 0.325 0.10937500000000004 0.3453125 0.10937500000000004
2 0.315625 0.08437500000000005 0.296875 0.08437500000000005 0.296875 0.10156250000000004 0.315625 0.10156250000000004
2 0.3 0.08125000000000004 0.2796875 0.08125000000000004 0.2796875 0.10000000000000005 0.3 0.10000000000000005
2 0.234375 0.05312500000000002 0.2125 0.05312500000000002 0.2125 0.07500000000000002 0.234375 0.07500000000000002
2 0.1984375 0.04687500000000002 0.1796875 0.04687500000000002 0.1796875 0.06562500000000002 0.1984375 0.06562500000000002
2 0.2140625 0.04843750000000002 0.1984375 0.04843750000000002 0.1984375 0.07343750000000002 0.2140625 0.07343750000000002
2 0.1921875 0.07187500000000002 0.171875 0.07187500000000002 0.171875 0.09218750000000002 0.1921875 0.09218750000000002
2 0.0984375 0.01406250000000001 0.075 0.01406250000000001 0.075 0.039062500000000014 0.0984375 0.039062500000000014
2 0.043750000000000025 0.1921875 0.029687500000000023 0.1921875 0.029687500000000026 0.23125 0.04375000000000003 0.23125
2 0.04375000000000001 0.0546875 0.029687500000000012 0.0546875 0.029687500000000012 0.1 0.04375000000000001 0.1
2 0.04218750000000001 0.0953125 0.03437500000000001 0.0953125 0.03437500000000001 0.1359375 0.04218750000000001 0.1359375
2 0.23125 0.2296875 0.221875 0.2296875 0.221875 0.2640625 0.23125 0.2640625
2 0.2140625 0.28125 0.2046875 0.28125 0.2046875 0.315625 0.2140625 0.315625
0 0.45625 0.012500000000000056 0.4453125 0.012500000000000056 0.4453125 0.04062500000000006 0.45625 0.04062500000000006