5 0.2468750000000001 0.646875 0.18750000000000008 0.646875 0.18750000000000008 0.7015625 0.2468750000000001 0.7015625
5 0.30937500000000007 0.63125 0.2500000000000001 0.63125 0.2500000000000001 0.6875 0.30937500000000007 0.6875
1 0.3750000000000001 0.6796875 0.3265625000000001 0.6796875 0.3265625000000001 0.71875 0.3750000000000001 0.71875
2 0.13437500000000008 0.7125 0.1062500000000001 0.7125 0.1062500000000001 0.7609375 0.13437500000000008 0.7609375
6 0.2406250000000001 0.7 0.2234375000000001 0.7 0.2234375000000001 0.7328125 0.2406250000000001 0.7328125
2 0.2953125000000001 0.6953125 0.2687500000000001 0.6953125 0.2687500000000001 0.7265625 0.2953125000000001 0.7265625
6 0.3437500000000001 0.840625 0.2953125000000001 0.840625 0.2953125000000001 0.9 0.3437500000000001 0.9
2 0.40156250000000016 0.85 0.3812500000000001 0.85 0.3812500000000001 0.89375 0.40156250000000016 0.89375
4 0.20312500000000008 0.7765625 0.1828125000000001 0.7765625 0.1828125000000001 0.80625 0.20312500000000008 0.80625
4 0.1281250000000001 0.86875 0.10937500000000008 0.86875 0.10937500000000008 0.9046875 0.1281250000000001 0.9046875
2 0.5593750000000002 0.84375 0.5281250000000002 0.84375 0.5281250000000002 0.8890625 0.5593750000000002 0.8890625
2 0.5593750000000002 0.8 0.5343750000000002 0.8 0.5343750000000002 0.83125 0.5593750000000002 0.83125
2 0.5234375 0.471875 0.5 0.471875 0.5 0.5234375 0.5234375 0.5234375
2 0.5125 0.5453125 0.49375 0.5453125 0.49375 0.59375 0.5125 0.59375
0 0.4703125 0.21250000000000008 0.4609375 0.21250000000000008 0.4609375 0.2515625000000001 0.4703125 0.2515625000000001
4 0.5234375 0.06718750000000007 0.509375 0.06718750000000007 0.509375 0.08437500000000006 0.5234375 0.08437500000000006
4 0.4734375 0.056250000000000064 0.45625 0.056250000000000064 0.45625 0.07656250000000006 0.4734375 0.07656250000000006
4 0.4828125 0.3109375000000001 0.46875 0.3109375000000001 0.46875 0.3421875000000001 0.4828125 0.3421875000000001
4 0.4671875 0.4296875 0.4578125 0.4296875 0.4578125 0.4546875 0.4671875 0.4546875
4 0.471875 0.625 0.4640625 0.625 0.4640625 0.6609375 0.471875 0.6609375
4 0.5390625 0.696875 0.525 0.696875 0.525 0.715625 0.5390625 0.715625
2 0.4500000000000002 0.7890625 0.4312500000000002 0.7890625 0.4312500000000002 0.83125 0.4500000000000002 0.83125
4 0.5437500000000002 0.7703125 0.5281250000000002 0.7703125 0.5281250000000002 0.79375 0.5437500000000002 0.79375
3 0.6437500000000002 0.759375 0.6203125000000002 0.759375 0.6203125000000002 0.796875 0.6437500000000002 0.796875
4 0.5937500000000002 0.7515625 0.5781250000000002 0.7515625 0.5781250000000002 0.7796875 0.5937500000000002 0.7796875
4 0.6703125000000002 0.85 0.6562500000000002 0.85 0.6562500000000002 0.88125 0.6703125000000002 0.88125
2 0.7046875000000001 0.7671875 0.6765625000000002 0.7671875 0.6765625000000002 0.8 0.7046875000000001 0.8
4 0.6984375000000002 0.846875 0.6781250000000002 0.846875 0.6781250000000002 0.871875 0.6984375000000002 0.871875
2 0.7875000000000002 0.7781250000000002 0.7578125000000002 0.7781250000000002 0.7578125000000002 0.8078125 0.7875000000000002 0.8078125
4 0.809375 0.875 0.7984375000000001 0.875 0.7984375000000001 0.9046875 0.809375 0.9046875
2 0.846875 0.7781250000000002 0.821875 0.7781250000000002 0.821875 0.8140625 0.846875 0.8140625
4 0.8453125 0.88125 0.8265625 0.88125 0.8265625 0.9109375 0.8453125 0.9109375
2 1 0.8015625 0.975 0.8015625 0.975 0.8375 1 0.8375
4 0.9140625 0.7875000000000002 0.9 0.7875000000000002 0.9 0.81875 0.9140625 0.81875
2 0.3812500000000001 0.9171875 0.3578125000000001 0.9171875 0.3578125000000001 0.9359375 0.3812500000000001 0.9359375
4 0.5093750000000001 0.76875 0.4937500000000002 0.76875 0.4937500000000002 0.790625 0.5093750000000001 0.790625
4 0.46875000000000017 0.8125 0.4593750000000002 0.8125 0.4593750000000002 0.8328125 0.46875000000000017 0.8328125
4 0.965625 0.7109375000000002 0.946875 0.7109375000000002 0.946875 0.7312500000000002 0.965625 0.7312500000000002
4 0.865625 0.7062500000000002 0.8546875 0.7062500000000002 0.8546875 0.7312500000000002 0.865625 0.7312500000000002