2 0.03437500000000006 0.459375 0.004687500000000057 0.459375 0.004687500000000058 0.478125 0.03437500000000006 0.478125
0 0.06718750000000005 0.4359375 0.045312500000000054 0.4359375 0.045312500000000054 0.45625 0.06718750000000007 0.45625
0 0.01406250000000007 0.5484375 6.716422289073765e-17 0.5484375 6.850368032730508e-17 0.5703125 0.014062500000000071 0.5703125
4 0.03750000000000007 0.53125 0.026562500000000065 0.53125 0.026562500000000065 0.5453125 0.03750000000000007 0.5453125
4 0.040625000000000064 0.553125 0.026562500000000065 0.553125 0.026562500000000065 0.5703125 0.040625000000000064 0.5703125
4 0.07812500000000007 0.5625 0.06093750000000007 0.5625 0.06093750000000007 0.5734375 0.07812500000000007 0.5734375
4 0.1218750000000001 0.55625 0.11093750000000009 0.55625 0.11093750000000009 0.56875 0.1218750000000001 0.56875
4 0.15000000000000008 0.5359375 0.13437500000000005 0.5359375 0.13437500000000008 0.5515625 0.15000000000000008 0.5515625
4 0.1468750000000001 0.55 0.1359375000000001 0.55 0.1359375000000001 0.5640625 0.1468750000000001 0.5640625
4 0.18906250000000008 0.546875 0.1765625000000001 0.546875 0.1765625000000001 0.5671875 0.18906250000000008 0.5671875
4 0.2406250000000001 0.5390625 0.2250000000000001 0.5390625 0.2250000000000001 0.5546875 0.2406250000000001 0.5546875
4 0.2562500000000001 0.5328125 0.2453125000000001 0.5328125 0.2453125000000001 0.5484375 0.2562500000000001 0.5484375
4 0.28593750000000007 0.5484375 0.2734375000000001 0.5484375 0.2734375000000001 0.5625 0.28593750000000007 0.5625
4 0.14062500000000006 0.4421875 0.12656250000000005 0.4421875 0.12656250000000005 0.4546875 0.14062500000000006 0.4546875
4 0.12968750000000004 0.428125 0.11562500000000005 0.428125 0.11562500000000005 0.4421875 0.12968750000000004 0.4421875
4 0.16875000000000004 0.425 0.15468750000000003 0.425 0.15468750000000003 0.4390625 0.16875000000000004 0.4390625
4 0.18750000000000006 0.4390625 0.17656250000000004 0.4390625 0.17656250000000004 0.4546875 0.18750000000000006 0.4546875
4 0.21093750000000008 0.428125 0.19687500000000005 0.428125 0.19687500000000005 0.4421875 0.21093750000000008 0.4421875
6 0.2390625000000001 0.4484375 0.18906250000000005 0.4484375 0.18906250000000005 0.484375 0.2390625000000001 0.484375
1 0.3234375000000001 0.5140625 0.2734375000000001 0.5140625 0.2734375000000001 0.5453125 0.3234375000000001 0.5453125
4 0.31718750000000007 0.446875 0.30156250000000007 0.446875 0.30156250000000007 0.4609375 0.31718750000000007 0.4609375
4 0.3500000000000001 0.51875 0.3375000000000001 0.51875 0.3375000000000001 0.5421875 0.3500000000000001 0.5421875
4 0.3937500000000001 0.5359375 0.3828125000000001 0.5359375 0.3828125000000001 0.5515625 0.3937500000000001 0.5515625
0 0.3515625000000001 0.4171875 0.3312500000000001 0.4171875 0.3312500000000001 0.4515625 0.3515625000000001 0.4515625
4 0.425 0.4328125 0.4125 0.4328125 0.4125 0.45 0.425 0.45
4 0.446875 0.4125 0.4328125 0.4125 0.4328125 0.4265625 0.446875 0.4265625
4 0.4453125 0.4515625 0.4328125 0.4515625 0.4328125 0.4703125 0.4453125 0.4703125
4 0.4765625 0.4265625 0.4609375 0.4265625 0.4609375 0.45 0.4765625 0.45
4 0.4953125 0.415625 0.484375 0.415625 0.484375 0.4375 0.4953125 0.4375
4 0.4421875 0.55 0.4265625 0.55 0.4265625 0.571875 0.4421875 0.571875
4 0.4515625 0.5359375 0.440625 0.5359375 0.440625 0.553125 0.4515625 0.553125
4 0.4796875 0.5328125 0.4671875 0.5328125 0.4671875 0.54375 0.4796875 0.54375
4 0.4796875 0.5453125 0.4640625 0.5453125 0.4640625 0.5546875 0.4796875 0.5546875
0 0.3921875000000001 0.5546875 0.3734375000000001 0.5546875 0.3734375000000001 0.575 0.3921875000000001 0.575
2 0.421875 0.5140625 0.39531250000000007 0.5140625 0.39531250000000007 0.534375 0.421875 0.534375
2 0.4671875 0.5171875 0.4453125 0.5171875 0.4453125 0.5328125 0.4671875 0.5328125
4 0.5109375 0.515625 0.5015625 0.515625 0.5015625 0.5328125 0.5109375 0.5328125
4 0.5359375 0.5203125 0.5265625 0.5203125 0.5265625 0.53125 0.5359375 0.53125
0 0.55 0.5296875 0.5359375 0.5296875 0.5359375 0.5453125 0.55 0.5453125
0 0.65625 0.5328125 0.640625 0.5328125 0.640625 0.55 0.65625 0.55
4 0.565625 0.53125 0.5546875 0.53125 0.5546875 0.5421875 0.565625 0.5421875
4 0.565625 0.54375 0.5546875 0.54375 0.5546875 0.553125 0.565625 0.553125
4 0.578125 0.5515625 0.5703125 0.5515625 0.5703125 0.5609375 0.578125 0.5609375
4 0.5921875 0.5375 0.5828125 0.5375 0.5828125 0.5453125 0.5921875 0.5453125
4 0.6 0.5453125 0.5859375 0.5453125 0.5859375 0.5578125 0.6 0.5578125
4 0.628125 0.5484375 0.615625 0.5484375 0.615625 0.559375 0.628125 0.559375
4 0.6265625 0.5203125 0.615625 0.5203125 0.615625 0.5359375 0.6265625 0.5359375
6 0.6015625 0.509375 0.575 0.509375 0.575 0.53125 0.6015625 0.53125
4 0.5625 0.45 0.5515625 0.45 0.5515625 0.4609375 0.5625 0.4609375
4 0.5875 0.4171875 0.5765625 0.4171875 0.5765625 0.43125 0.5875 0.43125
4 0.6640625 0.44375 0.65 0.44375 0.65 0.4578125 0.6640625 0.4578125
4 0.6625 0.409375 0.65 0.409375 0.65 0.41875 0.6625 0.41875
4 0.684375 0.440625 0.6734375 0.440625 0.6734375 0.4546875 0.684375 0.4546875
0 0.6625 0.4203125 0.64375 0.4203125 0.64375 0.4390625 0.6625 0.4390625
0 0.734375 0.41875000000000007 0.7171875 0.41875 0.7171875 0.43437500000000007 0.734375 0.4343750000000002
0 0.7640625 0.5343750000000002 0.746875 0.5343750000000002 0.746875 0.5515625000000002 0.7640625 0.5515625000000002
4 0.709375 0.5453125 0.6984375 0.5453125 0.6984375 0.5609375 0.709375 0.5609375
4 0.734375 0.5015625000000001 0.7234375 0.5015625 0.7234375 0.5203125000000001 0.734375 0.5203125000000002
4 0.74375 0.5187500000000002 0.7328125 0.5187500000000002 0.7328125 0.5328125000000001 0.74375 0.5328125000000001
4 0.7515625 0.5531250000000002 0.7375 0.5531250000000002 0.7375 0.5656250000000002 0.7515625 0.5656250000000002
4 0.825 0.4312500000000002 0.8109375 0.4312500000000002 0.8109375 0.4500000000000002 0.825 0.4500000000000002
4 0.8453125 0.5062500000000002 0.8296875 0.5062500000000002 0.8296875 0.5203125000000002 0.8453125 0.5203125000000002
4 0.8234375 0.5296875000000002 0.8140625 0.5296875000000002 0.8140625 0.5453125000000002 0.8234375 0.5453125000000002
4 0.8140625 0.5406250000000001 0.803125 0.5406250000000001 0.803125 0.5531250000000002 0.8140625 0.5531250000000002
4 0.896875 0.5453125000000002 0.88125 0.5453125000000002 0.88125 0.5562500000000001 0.896875 0.5562500000000001
4 0.921875 0.5218750000000002 0.9125 0.5218750000000002 0.9125 0.5359375000000002 0.921875 0.5359375000000002
4 0.8984375 0.43281250000000016 0.884375 0.43281250000000016 0.884375 0.45312500000000017 0.8984375 0.45312500000000017
4 0.9375 0.4468750000000002 0.9265625 0.4468750000000002 0.9265625 0.46093750000000017 0.9375 0.46093750000000017
4 0.984375 0.3937500000000001 0.96875 0.3937500000000001 0.96875 0.4046875000000002 0.984375 0.4046875000000002
4 0.984375 0.4109375000000002 0.96875 0.4109375000000002 0.96875 0.4359375000000002 0.984375 0.4359375000000002
4 0.9796875 0.4046875000000002 0.9671875 0.4046875000000002 0.9671875 0.41718750000000016 0.9796875 0.41718750000000016
4 0.99375 0.5468750000000002 0.978125 0.5468750000000002 0.978125 0.5625000000000002 0.99375 0.5625000000000002
0 0.9546875 0.4265625000000002 0.934375 0.4265625000000002 0.934375 0.4421875000000002 0.9546875 0.4421875000000002
4 0.09218750000000006 0.440625 0.07187500000000005 0.440625 0.07187500000000005 0.4671875 0.09218750000000006 0.4671875
4 0.65625 0.51875 0.640625 0.51875 0.640625 0.5375 0.65625 0.5375
0 0.5484375 0.553125 0.525 0.553125 0.525 0.571875 0.5484375 0.571875
4 0.6234375 0.4578125 0.6125 0.4578125 0.6125 0.471875 0.6234375 0.471875