1 0.2562500000000001 0.634375 0.2000000000000001 0.634375 0.2000000000000001 0.6609375 0.2562500000000001 0.6609375
1 0.3109375000000001 0.6296875 0.2578125000000001 0.6296875 0.2578125000000001 0.6578125 0.3109375000000001 0.6578125
2 0.03281250000000009 0.696875 0.010937500000000086 0.696875 0.010937500000000088 0.715625 0.03281250000000009 0.715625
2 0.0750000000000001 0.6890625 0.05312500000000009 0.6890625 0.05312500000000009 0.7078125 0.0750000000000001 0.7078125
0 0.1312500000000001 0.6796875 0.11562500000000009 0.6796875 0.11562500000000009 0.696875 0.1312500000000001 0.696875
0 0.06562500000000009 0.75 0.04687500000000009 0.75 0.04687500000000009 0.7640625 0.06562500000000009 0.7640625
4 0.057812500000000086 0.775 0.0437500000000001 0.775 0.0437500000000001 0.784375 0.057812500000000086 0.784375
1 0.0890625000000001 0.8140625 0.0296875000000001 0.8140625 0.0296875000000001 0.8453125 0.08906250000000011 0.8453125
4 0.06718750000000011 0.8859375 0.05468750000000011 0.8859375 0.05468750000000011 0.89375 0.06718750000000011 0.89375
4 0.12031250000000013 0.9234375 0.11093750000000013 0.9234375 0.11093750000000013 0.934375 0.12031250000000013 0.934375
0 0.15468750000000014 0.921875 0.13906250000000014 0.921875 0.13906250000000014 0.9390625 0.15468750000000014 0.9390625
3 0.16562500000000008 0.84375 0.1390625000000001 0.84375 0.1390625000000001 0.8640625 0.16562500000000008 0.8640625
2 0.2515625000000001 0.7484375 0.2328125000000001 0.7484375 0.2328125000000001 0.76875 0.2515625000000001 0.76875
4 0.28593750000000007 0.7671875 0.2750000000000001 0.7671875 0.2750000000000001 0.778125 0.28593750000000007 0.778125
4 0.31718750000000007 0.8578125 0.3062500000000001 0.8578125 0.3062500000000001 0.8703125 0.31718750000000007 0.8703125
2 0.3671875000000001 0.7796875 0.3468750000000001 0.7796875 0.3468750000000001 0.7984375 0.3671875000000001 0.7984375
4 0.409375 0.65625 0.3984375000000001 0.65625 0.3984375000000001 0.6671875 0.409375 0.6671875
2 0.4578125000000002 0.890625 0.4359375000000002 0.890625 0.4359375000000002 0.9125 0.4578125000000002 0.9125
2 0.48437500000000017 0.8578125 0.4625000000000002 0.8578125 0.4625000000000002 0.878125 0.48437500000000017 0.878125
3 0.5390625000000002 0.8671875 0.5203125000000002 0.8671875 0.5203125000000002 0.8890625 0.5390625000000002 0.8890625
2 0.5234375000000002 0.8 0.5125000000000002 0.8 0.5125000000000002 0.840625 0.5234375000000002 0.840625
4 0.47968750000000016 0.76875 0.4734375000000002 0.76875 0.4734375000000002 0.7890625 0.47968750000000016 0.7890625
2 0.5343750000000002 0.7515625 0.5171875000000001 0.7515625 0.5171875000000001 0.7859375 0.5343750000000002 0.7859375
4 0.5812500000000002 0.7609375 0.5703125000000002 0.7609375 0.5703125000000002 0.771875 0.5812500000000002 0.771875
4 0.6015625000000002 0.753125 0.5921875000000002 0.753125 0.5921875000000002 0.7640625 0.6015625000000002 0.7640625
4 0.553125 0.684375 0.5453125 0.684375 0.5453125 0.7015625 0.553125 0.7015625
2 0.53125 0.6046875 0.5203125 0.6046875 0.5203125 0.64375 0.53125 0.64375
4 0.4875 0.55 0.48125 0.55 0.48125 0.56875 0.4875 0.56875
4 0.53125 0.4953125 0.525 0.4953125 0.525 0.515625 0.53125 0.515625
2 0.5296875 0.30937500000000007 0.51875 0.30937500000000007 0.51875 0.3546875000000001 0.5296875 0.3546875000000001
4 0.5375 0.2562500000000001 0.53125 0.2562500000000001 0.53125 0.2765625000000001 0.5375 0.2765625000000001
2 0.5296875 0.15468750000000003 0.51875 0.15468750000000003 0.51875 0.19843750000000004 0.5296875 0.19843750000000004
4 0.484375 0.08281250000000007 0.478125 0.08281250000000007 0.478125 0.10312500000000005 0.484375 0.10312500000000005
4 0.5796875 0.6484375 0.56875 0.6484375 0.56875 0.659375 0.5796875 0.659375
4 0.6421875 0.6765625 0.63125 0.6765625 0.63125 0.684375 0.6421875 0.684375
5 0.6203125000000002 0.8453125 0.5906250000000002 0.8453125 0.5906250000000002 0.8734375 0.6203125000000002 0.8734375
0 0.6593750000000002 0.8875 0.6453125000000002 0.8875 0.6453125000000002 0.903125 0.6593750000000002 0.903125
4 0.7078125000000002 0.8390625 0.6984375000000002 0.8390625 0.6984375000000002 0.85 0.7078125000000002 0.85
4 0.7750000000000001 0.8453125 0.7609375000000002 0.8453125 0.7609375000000002 0.85625 0.7750000000000001 0.85625
4 0.83125 0.8453125 0.8171875 0.8453125 0.8171875 0.8578125 0.83125 0.8578125
2 0.7765625000000002 0.871875 0.7531250000000002 0.871875 0.7531250000000002 0.89375 0.7765625000000002 0.89375
2 0.85625 0.875 0.8328125 0.875 0.8328125 0.8921875 0.85625 0.8921875
3 0.8921875 0.85 0.8625 0.85 0.8625 0.8734375 0.8921875 0.8734375
2 0.9453125 0.8453125 0.921875 0.8453125 0.921875 0.8671875 0.9453125 0.8671875
2 0.928125 0.7828125000000001 0.903125 0.7828125000000001 0.903125 0.80625 0.928125 0.80625
4 0.7359375 0.6734375000000001 0.7265625 0.6734375000000001 0.7265625 0.6843750000000002 0.7359375 0.6843750000000002
4 0.7546875 0.6750000000000002 0.74375 0.6750000000000002 0.74375 0.6843750000000002 0.7546875 0.6843750000000002
4 0.7515625 0.6968750000000001 0.740625 0.6968750000000001 0.740625 0.7062500000000002 0.7515625 0.7062500000000002
4 0.7984375 0.7109375000000002 0.7875 0.7109375000000002 0.7875 0.7218750000000002 0.7984375 0.7218750000000002
0 0.821875 0.6968750000000001 0.80625 0.6968750000000001 0.80625 0.7109375000000002 0.821875 0.7109375000000002
4 0.928125 0.7062500000000002 0.91875 0.7062500000000002 0.91875 0.7171875000000002 0.928125 0.7171875000000002
4 0.8375 0.7265625000000002 0.8296875 0.7265625000000002 0.8296875 0.7359375000000001 0.8375 0.7359375000000001