2 0.28593750000000007 0.5890625 0.27031250000000007 0.5890625 0.27031250000000007 0.6046875 0.28593750000000007 0.6046875
2 0.36875 0.28437500000000004 0.35 0.284375 0.35 0.2984375 0.36875 0.2984375000000001
2 0.425 0.2453125000000001 0.4125 0.2453125000000001 0.4125 0.2671875000000001 0.425 0.2671875000000001
2 0.4171875 0.2093750000000001 0.4015625 0.2093750000000001 0.4015625 0.22812500000000008 0.4171875 0.22812500000000008
2 0.5296875 0.3125000000000001 0.51875 0.3125000000000001 0.51875 0.3437500000000001 0.5296875 0.3437500000000001
2 0.5390625 0.30937500000000007 0.53125 0.30937500000000007 0.53125 0.3437500000000001 0.5390625 0.3437500000000001
2 0.5796875 0.3031250000000001 0.571875 0.3031250000000001 0.571875 0.33281250000000007 0.5796875 0.33281250000000007
2 0.590625 0.3062500000000001 0.58125 0.3062500000000001 0.58125 0.3312500000000001 0.590625 0.3312500000000001
2 0.9890625 0.8609375 0.978125 0.8609375 0.978125 0.8859375 0.9890625 0.8859375
2 0.9734375 0.8921875 0.9640625 0.8921875 0.9640625 0.9203125 0.9734375 0.9203125
2 0.7421875 0.6437500000000002 0.734375 0.6437500000000002 0.734375 0.6671875000000002 0.7421875 0.6671875000000002
6 0.9265625 0.6296875000000002 0.8859375 0.6296875000000002 0.8859375 0.6500000000000001 0.9265625 0.6500000000000001
5 0.759375 0.37187500000000007 0.7140625 0.37187500000000007 0.7140625 0.3921875000000001 0.759375 0.3921875000000001
6 0.7015625 0.3750000000000001 0.6609375 0.3750000000000001 0.6609375 0.3937500000000001 0.7015625 0.3937500000000001
6 0.3140625000000001 0.628125 0.2828125000000001 0.628125 0.2828125000000001 0.6484375 0.3140625000000001 0.6484375
6 0.18750000000000008 0.634375 0.14843750000000008 0.634375 0.14843750000000008 0.653125 0.18750000000000008 0.653125
6 0.1625000000000001 0.6640625 0.12343750000000009 0.6640625 0.12343750000000009 0.6890625 0.1625000000000001 0.6890625
4 0.56875 0.2734375000000001 0.5640625 0.2734375000000001 0.5640625 0.2875000000000001 0.56875 0.2875000000000001
3 0.7875000000000002 0.846875 0.7656250000000002 0.846875 0.7656250000000002 0.8640625 0.7875000000000002 0.8640625
3 0.7406250000000002 0.8828125 0.7312500000000002 0.8828125 0.7312500000000002 0.9171875 0.7406250000000002 0.9171875
4 0.5453125 0.2718750000000001 0.5421875 0.2718750000000001 0.5421875 0.28593750000000007 0.5453125 0.28593750000000007
4 0.5609375 0.28593750000000007 0.5578125 0.28593750000000007 0.5578125 0.3000000000000001 0.5609375 0.3000000000000001
4 0.5890625 0.2734375000000001 0.584375 0.2734375000000001 0.584375 0.2890625000000001 0.5890625 0.2890625000000001
4 0.5984375 0.2968750000000001 0.5953125 0.2968750000000001 0.5953125 0.3125000000000001 0.5984375 0.3125000000000001
4 0.5875 0.2328125000000001 0.584375 0.2328125000000001 0.584375 0.2468750000000001 0.5875 0.2468750000000001
4 0.553125 0.2218750000000001 0.55 0.2218750000000001 0.55 0.2312500000000001 0.553125 0.2312500000000001
4 0.5609375 0.22031250000000008 0.55625 0.22031250000000008 0.55625 0.2328125000000001 0.5609375 0.2328125000000001
4 0.6015625 0.23437500000000008 0.5984375 0.23437500000000008 0.5984375 0.2468750000000001 0.6015625 0.2468750000000001
4 0.5375 0.2718750000000001 0.5328125 0.2718750000000001 0.5328125 0.28593750000000007 0.5375 0.28593750000000007
4 0.4328125 0.2687500000000001 0.428125 0.2687500000000001 0.428125 0.2828125000000001 0.4328125 0.2828125000000001
4 0.59375 0.23437500000000008 0.5890625 0.23437500000000008 0.5890625 0.2484375000000001 0.59375 0.2484375000000001
4 0.55 0.2718750000000001 0.546875 0.2718750000000001 0.546875 0.28593750000000007 0.55 0.28593750000000007
4 0.5578125 0.2890625000000001 0.5546875 0.2890625000000001 0.5546875 0.30156250000000007 0.5578125 0.30156250000000007
4 0.565625 0.2890625000000001 0.5625 0.2890625000000001 0.5625 0.30156250000000007 0.565625 0.30156250000000007
2 0.5640625 0.3968750000000001 0.5453125 0.3968750000000001 0.5453125 0.4125 0.5640625 0.4125
0 0.85 0.6375000000000002 0.834375 0.6375000000000002 0.834375 0.6531250000000002 0.85 0.6531250000000002
6 0.528125 0.6140625 0.5 0.6140625 0.5 0.634375 0.528125 0.634375
2 0.7015625 0.6359375 0.696875 0.6359375 0.696875 0.6609375 0.7015625 0.6609375
2 0.696875 0.61875 0.690625 0.61875 0.690625 0.64375 0.696875 0.64375
2 0.6875 0.625 0.68125 0.625 0.68125 0.646875 0.6875 0.646875
2 0.6953125 0.646875 0.6890625 0.646875 0.6890625 0.6671875 0.6953125 0.6671875
4 0.83125 0.6109375000000001 0.821875 0.6109375000000001 0.821875 0.6203125000000002 0.83125 0.6203125000000002
2 0.515625 0.2562500000000001 0.5015625 0.2562500000000001 0.5015625 0.2796875000000001 0.515625 0.2796875000000001
2 0.8875 0.46406250000000016 0.871875 0.46406250000000016 0.871875 0.4781250000000002 0.8875 0.4781250000000002
1 0.7078125 0.4078125 0.6765625 0.4078125 0.6765625 0.428125 0.7078125 0.428125
0 0.846875 0.5984375000000002 0.834375 0.5984375000000002 0.834375 0.6078125000000002 0.846875 0.6078125000000002
2 0.8890625 0.4000000000000002 0.8703125 0.4000000000000002 0.8703125 0.41406250000000017 0.8890625 0.41406250000000017
0 0.43125 0.6078125 0.415625 0.6078125 0.415625 0.6234375 0.43125 0.6234375
2 0.8765625 0.5109375000000002 0.859375 0.5109375000000002 0.859375 0.5281250000000002 0.8765625 0.5281250000000002
4 0.7703125 0.44843750000000016 0.7609375 0.44843750000000016 0.7609375 0.4578125000000002 0.7703125 0.4578125000000002
3 0.15625000000000006 0.48125 0.13281250000000006 0.48125 0.13281250000000006 0.496875 0.15625000000000006 0.496875
6 0.12343750000000005 0.4609375 0.08593750000000007 0.4609375 0.08593750000000007 0.48125 0.12343750000000005 0.48125
4 0.2640625000000001 0.6140625 0.2531250000000001 0.6140625 0.2531250000000001 0.6234375 0.2640625000000001 0.6234375
2 1 0.9125 0.9921875 0.9125 0.9921875 0.9359375 1 0.9359375
2 0.85625 0.4812500000000002 0.840625 0.4812500000000002 0.840625 0.4968750000000002 0.85625 0.4968750000000002
2 0.65 0.5484375 0.6359375 0.5484375 0.6359375 0.5640625 0.65 0.5640625
2 0.521875 0.596875 0.5078125 0.596875 0.5078125 0.609375 0.521875 0.609375
3 0.6078125 0.6 0.5875 0.6 0.5875 0.6109375 0.6078125 0.6109375
5 0.3046875000000001 0.5421875 0.2593750000000001 0.5421875 0.2593750000000001 0.5640625 0.3046875000000001 0.5640625
6 0.8734375 0.8703125 0.8609375 0.8703125 0.8609375 0.9078125 0.8734375 0.9078125
2 0.2500000000000001 0.5875 0.23437500000000008 0.5875 0.23437500000000008 0.6046875 0.2500000000000001 0.6046875
4 0.1906250000000001 0.5640625 0.18125000000000008 0.5640625 0.18125000000000008 0.578125 0.1906250000000001 0.578125