0 0.07968750000000009 0.6515625 0.06406250000000009 0.6515625 0.06406250000000009 0.6671875 0.07968750000000009 0.6671875
0 0.2812500000000001 0.7390625 0.2656250000000001 0.7390625 0.2656250000000001 0.7546875 0.2812500000000001 0.7546875
4 0.565625 0.4296875 0.553125 0.4296875 0.553125 0.453125 0.565625 0.453125
2 0.5828125 0.484375 0.565625 0.484375 0.565625 0.5109375 0.5828125 0.5109375
2 0.3125 0.2359375 0.2921875 0.2359375 0.2921875 0.25625 0.3125 0.25625
2 0.2250000000000001 0.4 0.2062500000000001 0.4 0.2062500000000001 0.4234375 0.2250000000000001 0.4234375
4 0.625 0.6546875 0.615625 0.6546875 0.615625 0.675 0.625 0.675
4 0.515625 0.4015625 0.50625 0.4015625 0.50625 0.4203125 0.515625 0.4203125
0 0.759375 0.4906250000000002 0.75 0.4906250000000002 0.75 0.5093750000000001 0.759375 0.5093750000000001
0 0.7796875 0.40937500000000016 0.76875 0.40937500000000016 0.76875 0.4343750000000002 0.7796875 0.4343750000000002
0 0.5375 0.4984375 0.525 0.4984375 0.525 0.521875 0.5375 0.521875
4 0.1906250000000001 0.6578125 0.17968750000000008 0.6578125 0.17968750000000008 0.6734375 0.1906250000000001 0.6734375
3 0.2078125000000001 0.753125 0.1937500000000001 0.753125 0.1937500000000001 0.775 0.2078125000000001 0.775
4 0.61875 0.37187500000000007 0.6078125 0.37187500000000007 0.6078125 0.38750000000000007 0.61875 0.38750000000000007
0 0.728125 0.1625000000000001 0.7140625 0.1625000000000001 0.7140625 0.1828125000000001 0.728125 0.1828125000000001
4 0.08906250000000009 0.7578125 0.07656250000000009 0.7578125 0.07656250000000009 0.771875 0.08906250000000009 0.771875
4 0.6203125 0.6765625 0.6109375 0.6765625 0.6109375 0.6953125 0.6203125 0.6953125
4 0.490625 0.3921875000000001 0.48125 0.3921875000000001 0.48125 0.409375 0.490625 0.409375
3 0.609375 0.5875 0.59375 0.5875 0.59375 0.60625 0.609375 0.60625
4 0.7875 0.3000000000000001 0.7734375 0.3000000000000001 0.7734375 0.32500000000000007 0.7875 0.32500000000000007
2 0.18125 0.115625 0.1609375 0.115625 0.1609375 0.14375 0.18125 0.14375
0 0.36406250000000007 0.5296875 0.3515625000000001 0.5296875 0.3515625000000001 0.5484375 0.36406250000000007 0.5484375
2 0.3074263353966177 0.5386778575201234 0.30041635 0.5264393062500001 0.2791975833533823 0.5385929706048767 0.28620756875 0.5508315218750001
2 0.53125 0.59375 0.5109375 0.59375 0.5109375 0.609375 0.53125 0.609375
0 0.2921875000000001 0.553125 0.2765625000000001 0.553125 0.2765625000000001 0.5671875 0.2921875000000001 0.5671875
0 0.27812500000000007 0.6015625 0.2656250000000001 0.6015625 0.2656250000000001 0.6203125 0.27812500000000007 0.6203125
0 0.6515625 0.2906250000000001 0.640625 0.2906250000000001 0.640625 0.3109375000000001 0.6515625 0.3109375000000001
0 0.39531250000000007 0.5515625 0.3812500000000001 0.5515625 0.3812500000000001 0.5640625 0.39531250000000007 0.5640625
0 0.5578125 0.66875 0.546875 0.66875 0.546875 0.6890625 0.5578125 0.6890625
4 0.5515625 0.4125 0.540625 0.4125 0.540625 0.425 0.5515625 0.425
0 0.3390625 0.3078125 0.325 0.3078125 0.325 0.3265625 0.3390625 0.3265625
4 0.5203125 0.64375 0.5109375 0.64375 0.5109375 0.659375 0.5203125 0.659375
0 0.821875 0.2015625000000001 0.8078125 0.2015625000000001 0.8078125 0.22031250000000008 0.821875 0.22031250000000008
0 0.23593750000000008 0.5796875 0.2218750000000001 0.5796875 0.2218750000000001 0.5984375 0.23593750000000008 0.5984375
0 0.2906250000000001 0.4640625 0.27812500000000007 0.4640625 0.27812500000000007 0.4796875 0.2906250000000001 0.4796875
0 0.596875 0.634375 0.5859375 0.634375 0.5859375 0.65625 0.596875 0.65625
3 0.7000000000000002 0.815625 0.6828125000000002 0.815625 0.6828125000000002 0.8453125 0.7000000000000002 0.8453125
4 0.5609375 0.6078125 0.5515625 0.6078125 0.5515625 0.621875 0.5609375 0.621875
4 0.8921875 0.10468750000000009 0.8828125 0.10468750000000009 0.8828125 0.12031250000000009 0.8921875 0.12031250000000009
0 0.8734375 0.10781250000000009 0.8609375 0.10781250000000009 0.8609375 0.1281250000000001 0.8734375 0.1281250000000001
4 0.6007791812420532 0.45428731303047787 0.5903847180805074 0.4499398875333762 0.5813370134009543 0.4715724682528985 0.5917314765625001 0.47591989375000016
4 0.3609375000000001 0.5578125 0.3515625000000001 0.5578125 0.3515625000000001 0.571875 0.3609375000000001 0.571875
2 0.36264174223979795 0.36162337856063537 0.3368315687500001 0.3377016437500001 0.3259792974138581 0.34941061921358807 0.3517894709036559 0.37333235402422327
0 0.600109614623939 0.34843191376955696 0.5922519780117829 0.34166951745466034 0.5730441477628438 0.3639882552476035 0.5809017843750001 0.3707506515625001
4 0.521875 0.4140625 0.5140625 0.4140625 0.5140625 0.4296875 0.521875 0.4296875
0 0.24218750000000008 0.5609375 0.2312500000000001 0.5609375 0.2312500000000001 0.575 0.24218750000000008 0.575
4 0.0453125000000001 0.771875 0.0359375000000001 0.771875 0.0359375000000001 0.79375 0.0453125000000001 0.79375
4 0.7609375 0.3062500000000001 0.753125 0.3062500000000001 0.753125 0.3265625000000001 0.7609375 0.3265625000000001
0 0.4046875 0.515625 0.3937500000000001 0.515625 0.3937500000000001 0.5359375 0.4046875 0.5359375
4 0.5796875 0.640625 0.571875 0.640625 0.571875 0.6578125 0.5796875 0.6578125
4 0.7890625 0.7031250000000002 0.7765625 0.7031250000000002 0.7765625 0.7234375000000002 0.7890625 0.7234375000000002
4 0.846875 0.9171875 0.8375 0.9171875 0.8375 0.9328125 0.846875 0.9328125
2 0.2875000000000001 0.41875 0.2687500000000001 0.41875 0.2687500000000001 0.4390625 0.2875000000000001 0.4390625
0 0.03125000000000008 0.6734375 0.012500000000000084 0.6734375 0.012500000000000084 0.690625 0.03125000000000009 0.690625
4 0.7609375 0.3656250000000001 0.75 0.3656250000000001 0.75 0.3812500000000001 0.7609375 0.3812500000000001
4 0.2296875 0.20625 0.21875 0.20625 0.21875 0.2265625 0.2296875 0.2265625
4 0.215625 0.209375 0.20625 0.209375 0.20625 0.2296875 0.215625 0.2296875
0 0.8755793815308175 0.9808505426382267 0.8541593828125003 0.9548615187500001 0.8447854453801179 0.9625874621579085 0.8662054440984353 0.988576486046135
4 0.8296875 0.7671875000000001 0.81875 0.7671875000000001 0.81875 0.7906250000000001 0.8296875 0.7906250000000001
0 0.8875 0.809375 0.878125 0.809375 0.878125 0.8234375 0.8875 0.8234375
2 0.48125 0.4328125 0.4625 0.4328125 0.4625 0.4546875 0.48125 0.4546875
0 0.02187500000000009 0.7046875 0.001562500000000086 0.7046875 0.001562500000000087 0.71875 0.02187500000000009 0.71875
4 0.14062500000000008 0.6703125 0.12500000000000008 0.6703125 0.12500000000000008 0.68125 0.14062500000000008 0.68125
3 0.0609375000000001 0.803125 0.0359375000000001 0.803125 0.0359375000000001 0.828125 0.06093750000000011 0.828125
0 0.3843750000000001 0.528125 0.3687500000000001 0.528125 0.3687500000000001 0.5421875 0.3843750000000001 0.5421875
0 0.3968750000000001 0.534375 0.3812500000000001 0.534375 0.3812500000000001 0.5515625 0.3968750000000001 0.5515625
4 0.603125 0.6671875 0.590625 0.6671875 0.590625 0.6796875 0.603125 0.6796875
2 0.8828125 0.8171875 0.8609375 0.8171875 0.8609375 0.8453125 0.8828125 0.8453125
4 0.9453125 0.884375 0.9328125 0.884375 0.9328125 0.9046875 0.9453125 0.9046875
4 0.8265625 0.7359375000000001 0.8140625 0.7359375000000001 0.8140625 0.7625000000000002 0.8265625 0.7625000000000002
0 0.8046875 0.7312500000000002 0.7921875000000002 0.7312500000000002 0.7921875000000002 0.7500000000000002 0.8046875 0.7500000000000002
3 0.6921875 0.4921875 0.6703125 0.4921875 0.6703125 0.5328125 0.6921875 0.5328125
0 0.665625 0.640625 0.6515625 0.640625 0.6515625 0.659375 0.665625 0.659375
4 0.63125 0.5484375 0.621875 0.5484375 0.621875 0.565625 0.63125 0.565625
0 0.3531250000000001 0.5140625 0.3437500000000001 0.5140625 0.3437500000000001 0.5390625 0.3531250000000001 0.5390625
4 0.19531250000000003 0.18125000000000002 0.18125 0.18125 0.18125000000000002 0.19531250000000003 0.19531250000000006 0.19531250000000006
4 0.171875 0.1515625 0.15625 0.1515625 0.15625 0.16875 0.171875 0.16875
0 0.35625000000000007 0.4859375 0.3421875000000001 0.4859375 0.3421875000000001 0.5 0.35625000000000007 0.5
4 0.12500000000000008 0.6796875 0.11562500000000009 0.6796875 0.11562500000000009 0.696875 0.12500000000000008 0.696875
4 0.15781250000000002 0.165625 0.1453125 0.165625 0.1453125 0.1828125 0.15781250000000005 0.1828125
4 0.5703125 0.6046875 0.5640625 0.6046875 0.5640625 0.6203125 0.5703125 0.6203125
4 0.5859375 0.3828125000000001 0.575 0.3828125000000001 0.575 0.3984375000000001 0.5859375 0.3984375000000001
0 0.634375 0.3421875000000001 0.6203125 0.3421875000000001 0.6203125 0.3625000000000001 0.634375 0.3625000000000001
2 0.9328125 0.015625000000000114 0.9140625 0.01562500000000011 0.9140625 0.04843750000000011 0.9328125 0.04843750000000011
0 0.80625 0.2531250000000001 0.7921875 0.2531250000000001 0.7921875 0.27031250000000007 0.80625 0.27031250000000007
4 0.775 0.6734375000000001 0.765625 0.6734375000000001 0.765625 0.6937500000000002 0.775 0.6937500000000002
0 0.58125 0.6984375 0.5625 0.6984375 0.5625 0.71875 0.58125 0.71875
4 0.659375 0.7203125 0.64375 0.7203125 0.64375 0.7390625 0.6593750000000002 0.7390625
0 0.5890625 0.5890625 0.575 0.5890625 0.575 0.6046875 0.5890625 0.6046875
0 0.815625 0.7218750000000002 0.803125 0.7218750000000002 0.803125 0.7406250000000002 0.815625 0.7406250000000002
2 0.8125 0.86875 0.7921875000000002 0.86875 0.7921875000000002 0.9 0.8125 0.9
2 0.7656250000000002 0.846875 0.7406250000000002 0.846875 0.7406250000000002 0.8765625 0.7656250000000002 0.8765625
4 0.8359375 0.93125 0.821875 0.93125 0.821875 0.9421875 0.8359375 0.9421875
2 0.9859375 0.9390625 0.9609375 0.9390625 0.9609375 0.975 0.9859375 0.975
4 0.6078125 0.4484375 0.5953125 0.4484375 0.5953125 0.465625 0.6078125 0.465625
4 0.4765625 0.6265625 0.4578125 0.6265625 0.4578125 0.640625 0.4765625 0.640625
4 0.859375 0.8078125 0.85 0.8078125 0.85 0.828125 0.859375 0.828125
4 0.8515625 0.7859375000000002 0.8375 0.7859375000000002 0.8375 0.8046875 0.8515625 0.8046875
2 0.475 0.4015625 0.4515625 0.4015625 0.4515625 0.421875 0.475 0.421875
4 0.4609375 0.3843750000000001 0.45 0.3843750000000001 0.45 0.3984375000000001 0.4609375 0.3984375000000001
0 0.3140625 0.2734375 0.2921875 0.2734375 0.2921875 0.2953125 0.3140625 0.2953125
0 0.2671875 0.2609375 0.253125 0.2609375 0.253125 0.2796875 0.2671875 0.2796875
4 0.2796875 0.25625 0.2703125 0.25625 0.2703125 0.271875 0.2796875 0.271875
2 0.2515625 0.253125 0.23125 0.253125 0.23125 0.2796875 0.2515625 0.2796875
4 0.2546875 0.2359375 0.24375 0.2359375 0.24375 0.253125 0.2546875 0.253125
4 0.2390625 0.23125 0.228125 0.23125 0.228125 0.25 0.2390625 0.25
6 0.19375000000000003 0.296875 0.15312500000000004 0.296875 0.15312500000000004 0.3421875 0.19375000000000003 0.3421875
4 0.16093750000000004 0.321875 0.14531250000000004 0.321875 0.14531250000000004 0.340625 0.16093750000000004 0.340625
4 0.11718750000000004 0.25 0.10000000000000005 0.25 0.10000000000000005 0.2734375 0.11718750000000004 0.2734375
4 0.23593750000000008 0.3703125 0.22656250000000008 0.3703125 0.22656250000000008 0.390625 0.23593750000000008 0.390625
4 0.2296875000000001 0.3875 0.2218750000000001 0.3875 0.2218750000000001 0.4046875 0.2296875000000001 0.4046875
0 0.215625 0.3390625 0.2 0.3390625 0.2 0.3625 0.215625 0.3625
3 0.37187500000000007 0.4640625 0.3468750000000001 0.4640625 0.3468750000000001 0.49375 0.37187500000000007 0.49375
4 0.409375 0.540625 0.3984375000000001 0.540625 0.3984375000000001 0.55 0.409375 0.55
4 0.475 0.453125 0.46875 0.453125 0.46875 0.4765625 0.475 0.4765625
4 0.4984375 0.465625 0.490625 0.465625 0.490625 0.4890625 0.4984375 0.4890625
2 0.5046875 0.4296875 0.484375 0.4296875 0.484375 0.453125 0.5046875 0.453125
2 0.5109375 0.44375 0.496875 0.44375 0.496875 0.4640625 0.5109375 0.4640625
0 0.515625 0.4625 0.5015625 0.4625 0.5015625 0.478125 0.515625 0.478125
2 0.5390625 0.440625 0.5140625 0.440625 0.5140625 0.4609375 0.5390625 0.4609375
2 0.540625 0.4703125 0.5171875 0.4703125 0.5171875 0.4953125 0.540625 0.4953125
2 0.5203125 0.4796875 0.503125 0.4796875 0.503125 0.521875 0.5203125 0.521875
2 0.5625 0.48125 0.5421875 0.48125 0.5421875 0.515625 0.5625 0.515625
3 0.5765625 0.459375 0.55625 0.459375 0.55625 0.4796875 0.5765625 0.4796875
4 0.5328125 0.43125 0.5203125 0.43125 0.5203125 0.4453125 0.5328125 0.4453125
0 0.5546875 0.4265625 0.5390625 0.4265625 0.5390625 0.446875 0.5546875 0.446875
2 0.5984375 0.403125 0.575 0.403125 0.575 0.4265625 0.5984375 0.4265625
2 0.609375 0.4796875 0.5890625 0.4796875 0.5890625 0.515625 0.609375 0.515625
2 0.621875 0.471875 0.6046875 0.471875 0.6046875 0.5015625 0.621875 0.5015625
3 0.525 0.528125 0.5078125 0.528125 0.5078125 0.5734375 0.525 0.5734375
3 0.590625 0.6078125 0.5734375 0.6078125 0.5734375 0.61875 0.590625 0.61875
0 0.5734375 0.625 0.559375 0.625 0.559375 0.6359375 0.5734375 0.6359375
0 0.5890625 0.625 0.575 0.625 0.575 0.640625 0.5890625 0.640625
2 0.603125 0.6765625 0.5828125 0.6765625 0.5828125 0.6984375 0.603125 0.6984375
0 0.609375 0.7046875 0.5953125 0.7046875 0.5953125 0.725 0.609375 0.725
3 0.678125 0.675 0.659375 0.675 0.659375 0.6984375 0.678125 0.6984375
4 0.6640625000000002 0.753125 0.6500000000000001 0.753125 0.6500000000000001 0.76875 0.6640625000000002 0.76875
3 0.7015625000000002 0.7765625 0.6828125000000002 0.7765625 0.6828125000000002 0.796875 0.7015625000000002 0.796875
4 0.7140625000000002 0.809375 0.7046875000000001 0.809375 0.7046875000000001 0.8265625 0.7140625000000002 0.8265625
4 0.7046875000000001 0.7984375 0.6937500000000002 0.7984375 0.6937500000000002 0.8109375 0.7046875000000001 0.8109375
4 0.7546875000000002 0.8203125 0.7343750000000002 0.8203125 0.7343750000000002 0.84375 0.7546875000000002 0.84375
3 0.7234375 0.3937500000000001 0.709375 0.3937500000000001 0.709375 0.43125 0.7234375 0.43125
4 0.7359375 0.43437500000000007 0.7203125 0.434375 0.7203125 0.4562500000000001 0.7359375 0.45625000000000016
0 0.74375 0.46093750000000017 0.7296875 0.46093750000000017 0.7296875 0.4828125000000002 0.74375 0.4828125000000002
0 0.7671875 0.40625000000000017 0.7515625 0.40625000000000017 0.7515625 0.4359375000000002 0.7671875 0.4359375000000002
0 0.753125 0.34843750000000007 0.74375 0.34843750000000007 0.74375 0.3734375000000001 0.753125 0.3734375000000001
4 0.765625 0.3828125000000001 0.7515625 0.3828125000000001 0.7515625 0.4000000000000002 0.765625 0.4000000000000002
0 0.79375 0.2515625000000001 0.7796875 0.2515625000000001 0.7796875 0.27812500000000007 0.79375 0.27812500000000007
0 0.6859375 0.30156250000000007 0.6640625 0.30156250000000007 0.6640625 0.3218750000000001 0.6859375 0.3218750000000001
0 0.678125 0.2515625000000001 0.65625 0.2515625000000001 0.65625 0.2671875000000001 0.678125 0.2671875000000001
0 0.6359375 0.2765625000000001 0.625 0.2765625000000001 0.625 0.2984375000000001 0.6359375 0.2984375000000001
0 0.6234375 0.2640625000000001 0.6125 0.2640625000000001 0.6125 0.28593750000000007 0.6234375 0.28593750000000007
2 0.9 0.03750000000000011 0.88125 0.03750000000000011 0.88125 0.08281250000000011 0.9 0.08281250000000011
4 0.9109375 0.02968750000000011 0.9 0.02968750000000011 0.9 0.05937500000000011 0.9109375 0.05937500000000011
4 0.84375 0.1937500000000001 0.825 0.1937500000000001 0.825 0.2171875000000001 0.84375 0.2171875000000001
4 0.8296875 0.2078125000000001 0.8171875 0.2078125000000001 0.8171875 0.22656250000000008 0.8296875 0.22656250000000008
3 0.3125000000000001 0.58125 0.2984375000000001 0.58125 0.2984375000000001 0.6015625 0.3125000000000001 0.6015625
4 0.31718750000000007 0.6078125 0.3031250000000001 0.6078125 0.3031250000000001 0.615625 0.31718750000000007 0.615625
0 0.36406250000000007 0.5984375 0.3468750000000001 0.5984375 0.3468750000000001 0.625 0.36406250000000007 0.625
4 0.3375000000000001 0.65625 0.3218750000000001 0.65625 0.3218750000000001 0.6703125 0.3375000000000001 0.6703125
4 0.4109375 0.625 0.4 0.625 0.4 0.646875 0.4109375 0.646875
4 0.4234375 0.6359375 0.4046875 0.6359375 0.4046875 0.6578125 0.4234375 0.6578125
3 0.428125 0.36406250000000007 0.3843750000000001 0.36406250000000007 0.3843750000000001 0.4140625 0.428125 0.4140625
1 0.578125 0.6203125 0.515625 0.6203125 0.515625 0.684375 0.578125 0.684375
2 0.7125 0.590625 0.690625 0.590625 0.690625 0.6375 0.7125 0.6375
2 0.7296875 0.6125 0.7140625 0.6125 0.7140625 0.6609375000000001 0.7296875 0.6609375000000002
3 0.8734375 0.7625000000000002 0.846875 0.7625000000000002 0.846875 0.7968750000000002 0.8734375 0.7968750000000002