0 0.021875000000000068 0.5375 0.006250000000000066 0.5375 0.006250000000000066 0.55 0.021875000000000068 0.55
0 0.06250000000000007 0.5453125 0.04687500000000007 0.5453125 0.04687500000000007 0.559375 0.06250000000000007 0.559375
0 0.15781250000000008 0.53125 0.15156250000000004 0.53125 0.15156250000000007 0.55625 0.15781250000000008 0.55625
2 0.13593750000000004 0.4265625 0.11250000000000004 0.4265625 0.11250000000000004 0.4453125 0.13593750000000004 0.4453125
0 0.053125000000000054 0.45 0.037500000000000054 0.45 0.037500000000000054 0.4671875 0.05312500000000007 0.4671875
4 0.08125000000000006 0.4421875 0.07187500000000005 0.4421875 0.07187500000000005 0.4578125 0.08125000000000007 0.4578125
4 0.06718750000000007 0.5125 0.056250000000000064 0.5125 0.056250000000000064 0.528125 0.06718750000000007 0.528125
4 0.12500000000000006 0.5265625 0.11406250000000004 0.5265625 0.11406250000000004 0.5421875 0.12500000000000006 0.5421875
5 0.2890625 0.2859375 0.275 0.2859375 0.275 0.3265625 0.2890625 0.3265625
2 0.28593750000000007 0.371875 0.2750000000000001 0.371875 0.2750000000000001 0.4046875 0.28593750000000007 0.4046875
2 0.27656250000000004 0.3375 0.2578125 0.3375 0.25781250000000006 0.3796875 0.2765625000000001 0.3796875
2 0.3187500000000001 0.421875 0.30937500000000007 0.421875 0.30937500000000007 0.45625 0.3187500000000001 0.45625
2 0.3140625 0.30625 0.3 0.30625 0.3 0.3421875 0.3140625 0.3421875
2 0.3265625 0.275 0.3171875 0.275 0.3171875 0.3140625 0.3265625 0.3140625
2 0.3234375 0.09062500000000004 0.3109375 0.09062500000000004 0.3109375 0.12343750000000005 0.3234375 0.12343750000000005
2 0.3109375 0.10937500000000004 0.296875 0.10937500000000004 0.296875 0.15312500000000004 0.3109375 0.15312500000000004
5 0.2765625 0.18437500000000004 0.265625 0.18437500000000004 0.265625 0.2234375 0.2765625 0.2234375
5 0.2890625 0.2140625 0.278125 0.2140625 0.278125 0.2484375 0.2890625 0.2484375
2 0.265625 0.2203125 0.25625 0.2203125 0.25625 0.246875 0.265625 0.246875
4 0.2625 0.15468750000000003 0.253125 0.15468750000000003 0.253125 0.17812500000000003 0.2625 0.17812500000000003
4 0.26875 0.06250000000000003 0.2578125 0.06250000000000003 0.2578125 0.08593750000000003 0.26875 0.08593750000000003
2 0.3203125 3.846156353572156e-17 0.3078125 3.769615928625447e-17 0.3078125 0.014062500000000039 0.3203125 0.014062500000000039
4 0.33125 0.16406250000000006 0.321875 0.16406250000000006 0.321875 0.18437500000000004 0.33125 0.18437500000000004
4 0.3375 0.18750000000000006 0.33125 0.18750000000000006 0.33125 0.2046875 0.3375 0.2046875
4 0.384375 0.13281250000000006 0.378125 0.13281250000000006 0.378125 0.15156250000000004 0.384375 0.15156250000000004
4 0.18125000000000005 0.446875 0.17187500000000006 0.446875 0.17187500000000006 0.45625 0.18125000000000005 0.45625
4 0.18437500000000004 0.4734375 0.17656250000000004 0.4734375 0.17656250000000004 0.484375 0.18437500000000004 0.484375
2 0.2296875000000001 0.4421875 0.2062500000000001 0.4421875 0.2062500000000001 0.4640625 0.2296875000000001 0.4640625
2 0.22812500000000008 0.4796875 0.20468750000000008 0.4796875 0.20468750000000008 0.5015625 0.22812500000000008 0.5015625
4 0.1703125000000001 0.5671875 0.1625000000000001 0.5671875 0.1625000000000001 0.584375 0.1703125000000001 0.584375
4 0.1546875000000001 0.5734375 0.14218750000000008 0.5734375 0.14218750000000008 0.5921875 0.1546875000000001 0.5921875
4 0.15000000000000008 0.540625 0.14375000000000004 0.540625 0.14375000000000007 0.5515625 0.15000000000000008 0.5515625
4 0.16250000000000006 0.5390625 0.15781250000000005 0.5390625 0.15781250000000008 0.55 0.1625000000000001 0.55
4 0.14218750000000008 0.5625 0.13281250000000008 0.5625 0.13281250000000008 0.578125 0.14218750000000008 0.578125
4 0.1453125000000001 0.59375 0.1359375000000001 0.59375 0.1359375000000001 0.609375 0.1453125000000001 0.609375
4 0.2531250000000001 0.64375 0.2468750000000001 0.64375 0.2468750000000001 0.665625 0.2531250000000001 0.665625
4 0.2156250000000001 0.8265625 0.2078125000000001 0.8265625 0.2078125000000001 0.8515625 0.2156250000000001 0.8515625
4 0.2500000000000001 0.8421875 0.24375000000000008 0.8421875 0.24375000000000008 0.8609375 0.2500000000000001 0.8609375
4 0.2593750000000001 0.88125 0.2484375000000001 0.88125 0.2484375000000001 0.9015625 0.2593750000000001 0.9015625
4 0.2500000000000001 0.91875 0.24375000000000008 0.91875 0.24375000000000008 0.9375 0.2500000000000001 0.9375
2 0.19843750000000013 0.959375 0.17812500000000014 0.959375 0.17812500000000014 0.978125 0.19843750000000013 0.978125
4 0.18593750000000014 0.94375 0.17500000000000013 0.94375 0.17500000000000013 0.9578125 0.18593750000000014 0.9578125
6 0.2093750000000001 0.965625 0.19687500000000013 0.965625 0.19687500000000013 1 0.2093750000000001 1
2 0.22812500000000008 0.9609375 0.22031250000000008 0.9609375 0.22031250000000008 0.990625 0.22812500000000008 0.990625
2 0.2312500000000001 0.8015625 0.2218750000000001 0.8015625 0.2218750000000001 0.828125 0.2312500000000001 0.828125
2 0.2234375000000001 0.728125 0.2140625000000001 0.728125 0.2140625000000001 0.7515625 0.2234375000000001 0.7515625
2 0.22656250000000008 0.765625 0.22031250000000008 0.765625 0.22031250000000008 0.796875 0.22656250000000008 0.796875
4 0.22656250000000008 0.74375 0.2218750000000001 0.74375 0.2218750000000001 0.759375 0.22656250000000008 0.759375
0 0.2234375000000001 0.6828125 0.21250000000000008 0.6828125 0.21250000000000008 0.703125 0.2234375000000001 0.703125
4 0.2234375000000001 0.7015625 0.2156250000000001 0.7015625 0.2156250000000001 0.7171875 0.2234375000000001 0.7171875
2 0.2234375000000001 0.64375 0.2140625000000001 0.64375 0.2140625000000001 0.678125 0.2234375000000001 0.678125
0 0.21875000000000008 0.6203125 0.2093750000000001 0.6203125 0.2093750000000001 0.640625 0.21875000000000008 0.640625
0 0.2234375000000001 0.6046875 0.2156250000000001 0.6046875 0.2156250000000001 0.6265625 0.2234375000000001 0.6265625
2 0.2328125000000001 0.60625 0.2234375000000001 0.60625 0.2234375000000001 0.640625 0.2328125000000001 0.640625
2 0.23437500000000008 0.640625 0.22812500000000008 0.640625 0.22812500000000008 0.6703125 0.23437500000000008 0.6703125
0 0.2328125000000001 0.675 0.2250000000000001 0.675 0.2250000000000001 0.696875 0.2328125000000001 0.696875
4 0.2171875000000001 0.5984375 0.2078125000000001 0.5984375 0.2078125000000001 0.6203125 0.2171875000000001 0.6203125
4 0.20468750000000008 0.6703125 0.1984375000000001 0.6703125 0.1984375000000001 0.68125 0.20468750000000008 0.68125
4 0.3125000000000001 0.671875 0.3062500000000001 0.671875 0.3062500000000001 0.6890625 0.3125000000000001 0.6890625
4 0.4578125 0.56875 0.4484375 0.56875 0.4484375 0.58125 0.4578125 0.58125
4 0.4296875 0.5640625 0.415625 0.5640625 0.415625 0.5703125 0.4296875 0.5703125
4 0.4109375 0.5625 0.403125 0.5625 0.403125 0.5765625 0.4109375 0.5765625
4 0.4 0.5484375 0.3937500000000001 0.5484375 0.3937500000000001 0.5578125 0.4 0.5578125
4 0.4265625 0.4625 0.41875 0.4625 0.41875 0.471875 0.4265625 0.471875
4 0.4734375 0.459375 0.4640625 0.459375 0.4640625 0.46875 0.4734375 0.46875
4 0.53125 0.459375 0.5203125 0.459375 0.5203125 0.4734375 0.53125 0.4734375
2 0.490625 0.46875 0.475 0.46875 0.475 0.4828125 0.490625 0.4828125
2 0.4296875 0.5265625 0.4109375 0.5265625 0.4109375 0.540625 0.4296875 0.540625
2 0.44375 0.53125 0.428125 0.53125 0.428125 0.5453125 0.44375 0.5453125
2 0.4453125 0.5453125 0.4265625 0.5453125 0.4265625 0.5625 0.4453125 0.5625
0 0.4203125 0.54375 0.40625 0.54375 0.40625 0.5578125 0.4203125 0.5578125
4 0.3625000000000001 0.534375 0.3515625000000001 0.534375 0.3515625000000001 0.5484375 0.3625000000000001 0.5484375
4 0.36406250000000007 0.4765625 0.3546875000000001 0.4765625 0.3546875000000001 0.490625 0.36406250000000007 0.490625
0 0.3625000000000001 0.459375 0.3500000000000001 0.459375 0.3500000000000001 0.475 0.3625000000000001 0.475
2 0.3531250000000001 0.6703125 0.3453125000000001 0.6703125 0.3453125000000001 0.70625 0.3531250000000001 0.70625
2 0.3671875000000001 0.7109375 0.3531250000000001 0.7109375 0.3531250000000001 0.7453125 0.3671875000000001 0.7453125
3 0.3531250000000001 0.74375 0.3453125000000001 0.74375 0.3453125000000001 0.7640625 0.3531250000000001 0.7640625
2 0.31718750000000007 0.7578125 0.3078125000000001 0.7578125 0.3078125000000001 0.7953125 0.31718750000000007 0.7953125
3 0.32500000000000007 0.8015625 0.3156250000000001 0.8015625 0.3156250000000001 0.8234375 0.32500000000000007 0.8234375
4 0.3593750000000001 0.9640625 0.3515625000000001 0.9640625 0.3515625000000001 0.9796875 0.3593750000000001 0.9796875
4 0.3515625000000001 0.965625 0.34062500000000007 0.965625 0.34062500000000007 0.984375 0.3515625000000001 0.984375
5 0.37187500000000007 0.7921875 0.35625000000000007 0.7921875 0.35625000000000007 0.8578125 0.37187500000000007 0.8578125
0 0.37968750000000007 0.8046875 0.3734375000000001 0.8046875 0.3734375000000001 0.8296875 0.37968750000000007 0.8296875
2 0.3546875000000001 0.803125 0.3453125000000001 0.803125 0.3453125000000001 0.8359375 0.3546875000000001 0.8359375
2 0.1828125000000001 0.8640625 0.1687500000000001 0.8640625 0.1687500000000001 0.875 0.1828125000000001 0.875
3 0.1312500000000001 0.7375 0.12031250000000009 0.7375 0.12031250000000009 0.759375 0.1312500000000001 0.759375
2 0.1312500000000001 0.7890625 0.12031250000000009 0.7890625 0.12031250000000009 0.8140625 0.1312500000000001 0.8140625
4 0.009375000000000052 0.4140625 5.070803152719509e-17 0.4140625 5.128208471429541e-17 0.4234375 0.009375000000000053 0.4234375
2 0.13281250000000006 0.28125 0.11718750000000004 0.28125 0.11718750000000004 0.303125 0.13281250000000006 0.303125
6 0.11406250000000004 0.340625 0.08281250000000004 0.340625 0.08281250000000004 0.3625 0.11406250000000004 0.3625
0 0.2328125000000001 0.3875 0.2218750000000001 0.3875 0.2218750000000001 0.4015625 0.2328125000000001 0.4015625
4 0.2375000000000001 0.384375 0.22656250000000008 0.384375 0.22656250000000008 0.3984375 0.2375000000000001 0.3984375
2 0.365625 0.27656250000000004 0.35625 0.2765625 0.35625 0.30937500000000007 0.365625 0.30937500000000007
2 0.3765625 0.2968750000000001 0.3671875 0.2968750000000001 0.3671875 0.3281250000000001 0.3765625 0.3281250000000001
2 0.36875 0.31875000000000003 0.359375 0.31875 0.359375 0.34843750000000007 0.36875 0.34843750000000007
2 0.378125 0.3312500000000001 0.3671875 0.3312500000000001 0.3671875 0.3625000000000001 0.378125 0.3625000000000001
2 0.359375 0.3234375 0.35 0.3234375 0.35 0.3546875 0.359375 0.3546875
0 0.3875 0.3375000000000001 0.378125 0.3375000000000001 0.378125 0.3609375000000001 0.3875 0.3609375000000001
0 0.3765625000000001 0.3750000000000001 0.3656250000000001 0.3750000000000001 0.3656250000000001 0.3921875000000001 0.3765625000000001 0.3921875000000001
2 0.36406250000000007 0.36875 0.3546875000000001 0.36875 0.3546875000000001 0.39843750000000006 0.36406250000000007 0.3984375000000001
4 0.37031250000000004 0.3609375 0.3609375 0.3609375 0.3609375 0.37968750000000007 0.3703125000000001 0.37968750000000007
4 0.3546875 0.30625 0.3484375 0.30625 0.3484375 0.321875 0.3546875 0.321875
3 0.35625 0.28125 0.35 0.28125 0.35 0.30625 0.35625 0.30625
0 0.43125 0.34062500000000007 0.421875 0.34062500000000007 0.421875 0.3593750000000001 0.43125 0.3593750000000001
2 0.4140625 0.3812500000000001 0.4 0.3812500000000001 0.4 0.4078125 0.4140625 0.4078125
0 0.39531250000000007 0.3921875000000001 0.3859375000000001 0.3921875000000001 0.3859375000000001 0.4109375 0.39531250000000007 0.4109375
2 0.38750000000000007 0.4875 0.3687500000000001 0.4875 0.3687500000000001 0.4984375 0.38750000000000007 0.4984375
0 0.3828125000000001 0.4609375 0.37187500000000007 0.4609375 0.37187500000000007 0.4703125 0.3828125000000001 0.4703125
4 0.3703125000000001 0.44375 0.3656250000000001 0.44375 0.3656250000000001 0.453125 0.3703125000000001 0.453125
4 0.3468750000000001 0.5015625 0.34062500000000007 0.5015625 0.34062500000000007 0.5171875 0.3468750000000001 0.5171875
4 0.34843750000000007 0.6 0.3375000000000001 0.6 0.3375000000000001 0.6109375 0.34843750000000007 0.6109375
4 0.3453125000000001 0.565625 0.34062500000000007 0.565625 0.34062500000000007 0.571875 0.3453125000000001 0.571875
0 0.3937500000000001 0.4484375 0.3843750000000001 0.4484375 0.3843750000000001 0.465625 0.3937500000000001 0.465625
2 0.409375 0.4640625 0.3921875000000001 0.4640625 0.3921875000000001 0.478125 0.409375 0.478125
2 0.43125 0.4796875 0.4125 0.4796875 0.4125 0.4984375 0.43125 0.4984375
2 0.4609375 0.515625 0.446875 0.515625 0.446875 0.528125 0.4609375 0.528125
2 0.48125 0.509375 0.4609375 0.509375 0.4609375 0.5234375 0.48125 0.5234375
2 0.4640625 0.53125 0.446875 0.53125 0.446875 0.5453125 0.4640625 0.5453125
2 0.459375 0.5421875 0.4453125 0.5421875 0.4453125 0.5609375 0.459375 0.5609375
2 0.4828125 0.546875 0.4625 0.546875 0.4625 0.5625 0.4828125 0.5625
2 0.4828125 0.53125 0.4671875 0.53125 0.4671875 0.546875 0.4828125 0.546875
2 0.5 0.5140625 0.48125 0.5140625 0.48125 0.528125 0.5 0.528125
2 0.509375 0.5296875 0.4890625 0.5296875 0.4890625 0.54375 0.509375 0.54375
2 0.4984375 0.54375 0.4828125 0.54375 0.4828125 0.5578125 0.4984375 0.5578125
2 0.5234375 0.53125 0.5078125 0.53125 0.5078125 0.5421875 0.5234375 0.5421875
2 0.51875 0.5109375 0.5015625 0.5109375 0.5015625 0.5296875 0.51875 0.5296875
2 0.534375 0.50625 0.51875 0.50625 0.51875 0.5234375 0.534375 0.5234375
2 0.5453125 0.5296875 0.525 0.5296875 0.525 0.5421875 0.5453125 0.5421875
2 0.5609375 0.5046875 0.5421875 0.5046875 0.5421875 0.5234375 0.5609375 0.5234375
2 0.5625 0.525 0.546875 0.525 0.546875 0.5453125 0.5625 0.5453125
2 0.5859375 0.4984375 0.5671875 0.4984375 0.5671875 0.5171875 0.5859375 0.5171875
2 0.5859375 0.5203125 0.565625 0.5203125 0.565625 0.540625 0.5859375 0.540625
2 0.603125 0.5046875 0.584375 0.5046875 0.584375 0.5203125 0.603125 0.5203125
2 0.6046875 0.5234375 0.5859375 0.5234375 0.5859375 0.5390625 0.6046875 0.5390625
6 0.6453125 0.496875 0.6140625 0.496875 0.6140625 0.51875 0.6453125 0.51875
3 0.6328125 0.525 0.615625 0.525 0.615625 0.5359375 0.6328125 0.5359375
0 0.609375 0.55625 0.59375 0.55625 0.59375 0.565625 0.609375 0.565625
0 0.5125 0.553125 0.5 0.553125 0.5 0.5578125 0.5125 0.5578125
2 0.5359375 0.546875 0.5203125 0.546875 0.5203125 0.5609375 0.5359375 0.5609375
4 0.4875 0.5625 0.4765625 0.5625 0.4765625 0.575 0.4875 0.575
3 0.6078125 0.43125 0.58125 0.43125 0.58125 0.4453125 0.6078125 0.4453125
2 0.5796875 0.4609375 0.5640625 0.4609375 0.5640625 0.475 0.5796875 0.475
2 0.6421875 0.46875 0.6234375 0.46875 0.6234375 0.484375 0.6421875 0.484375
0 0.6875 0.4265625 0.6765625 0.4265625 0.6765625 0.4375 0.6875 0.4375
4 0.71875 0.453125 0.703125 0.453125 0.703125 0.4609375 0.71875 0.4609375
4 0.5828125 0.4328125 0.575 0.4328125 0.575 0.4484375 0.5828125 0.4484375
4 0.6796875 0.4171875 0.671875 0.4171875 0.671875 0.4265625 0.6796875 0.4265625
4 0.7625 0.42968750000000017 0.75625 0.42968750000000017 0.75625 0.44062500000000016 0.7625 0.44062500000000016
0 0.7265625 0.4687500000000001 0.7109375 0.46875 0.7109375 0.4796875000000001 0.7265625 0.47968750000000016
4 0.684375 0.540625 0.6734375 0.540625 0.6734375 0.546875 0.684375 0.546875
2 0.76875 0.4125000000000002 0.746875 0.4125000000000002 0.746875 0.4281250000000002 0.76875 0.4281250000000002
2 0.8359375 0.46093750000000017 0.8171875 0.46093750000000017 0.8171875 0.47656250000000017 0.8359375 0.47656250000000017
2 0.8640625 0.4187500000000002 0.846875 0.4187500000000002 0.846875 0.4343750000000002 0.8640625 0.4343750000000002
2 0.8828125 0.44531250000000017 0.8703125 0.44531250000000017 0.8703125 0.4671875000000002 0.8828125 0.4671875000000002
2 0.9078125 0.4546875000000002 0.8890625 0.4546875000000002 0.8890625 0.4781250000000002 0.9078125 0.4781250000000002
2 0.9296875 0.3968750000000001 0.9140625 0.3968750000000001 0.9140625 0.41406250000000017 0.9296875 0.41406250000000017
0 0.934375 0.4343750000000002 0.91875 0.4343750000000002 0.91875 0.4593750000000002 0.934375 0.4593750000000002
4 0.90625 0.4390625000000002 0.9 0.4390625000000002 0.9 0.4515625000000002 0.90625 0.4515625000000002
4 0.884375 0.4312500000000002 0.878125 0.4312500000000002 0.878125 0.4421875000000002 0.884375 0.4421875000000002
4 0.8515625 0.43750000000000017 0.8453125 0.43750000000000017 0.8453125 0.45625000000000016 0.8515625 0.45625000000000016
1 0.996875 0.12500000000000014 0.9421875 0.12500000000000014 0.9421875 0.14687500000000014 0.996875 0.14687500000000014
1 0.8859375 0.1218750000000001 0.8359375 0.1218750000000001 0.8359375 0.1453125000000001 0.8859375 0.1453125000000001
1 0.8890625 0.14062500000000008 0.8421875 0.14062500000000008 0.8421875 0.1703125000000001 0.8890625 0.1703125000000001
1 0.8953125 0.17343750000000008 0.8375 0.17343750000000008 0.8375 0.18906250000000008 0.8953125 0.18906250000000008
1 0.8828125 0.1843750000000001 0.8375 0.1843750000000001 0.8375 0.21875000000000008 0.8828125 0.21875000000000008
1 0.890625 0.2062500000000001 0.8390625 0.2062500000000001 0.8390625 0.2375000000000001 0.890625 0.2375000000000001
1 0.884375 0.23437500000000008 0.8359375 0.23437500000000008 0.8359375 0.25468750000000007 0.884375 0.25468750000000007
1 0.871875 0.2515625000000001 0.8359375 0.2515625000000001 0.8359375 0.28593750000000007 0.871875 0.28593750000000007
1 0.8734375 0.2843750000000001 0.8453125 0.2843750000000001 0.8453125 0.3031250000000001 0.8734375 0.3031250000000001
1 0.875 0.30156250000000007 0.834375 0.30156250000000007 0.834375 0.31718750000000007 0.875 0.31718750000000007
2 0.8578125 0.32500000000000007 0.8375 0.32500000000000007 0.8375 0.3453125000000001 0.8578125 0.3453125000000001
1 0.996875 0.15000000000000013 0.940625 0.15000000000000013 0.940625 0.17500000000000013 0.996875 0.17500000000000013
1 0.9953125 0.16875000000000012 0.9421875 0.16875000000000012 0.9421875 0.19375000000000014 0.9953125 0.19375000000000014
1 0.9921875 0.18593750000000014 0.9375 0.18593750000000014 0.9375 0.2171875000000001 0.9921875 0.2171875000000001
1 0.99375 0.2078125000000001 0.9375 0.2078125000000001 0.9375 0.2375000000000001 0.99375 0.2375000000000001
1 0.990625 0.23437500000000008 0.9421875 0.23437500000000008 0.9421875 0.2593750000000001 0.990625 0.2593750000000001
1 0.9921875 0.2562500000000001 0.9421875 0.2562500000000001 0.9421875 0.2828125000000001 0.9921875 0.2828125000000001
1 0.9890625 0.2765625000000001 0.940625 0.2765625000000001 0.940625 0.3062500000000001 0.9890625 0.3062500000000001
1 0.9890625 0.2921875000000001 0.934375 0.2921875000000001 0.934375 0.3296875000000001 0.9890625 0.3296875000000001