2 0.3484375 0.07187500000000005 0.328125 0.07187500000000005 0.328125 0.11250000000000004 0.3484375 0.11250000000000004
2 0.3796875 0.10625000000000004 0.3640625 0.10625000000000004 0.3640625 0.14218750000000005 0.3796875 0.14218750000000005
2 0.3625 0.10625000000000004 0.34375 0.10625000000000004 0.34375 0.14531250000000004 0.3625 0.14531250000000004
2 0.378125 0.14218750000000005 0.3609375 0.14218750000000005 0.3609375 0.17968750000000006 0.378125 0.17968750000000006
2 0.39375 0.13906250000000003 0.3765625 0.13906250000000003 0.3765625 0.17968750000000006 0.39375 0.17968750000000006
2 0.396875 0.17656250000000004 0.3796875 0.17656250000000004 0.3796875 0.2156250000000001 0.396875 0.2156250000000001
2 0.4234375 0.16562500000000005 0.4046875 0.16562500000000005 0.4046875 0.2093750000000001 0.4234375 0.2093750000000001
2 0.409375 0.17343750000000005 0.3921875 0.17343750000000005 0.3921875 0.21250000000000008 0.409375 0.21250000000000008
2 0.4203125 0.2250000000000001 0.4 0.2250000000000001 0.4 0.2609375000000001 0.4203125 0.2609375000000001
2 0.43125 0.2140625000000001 0.4109375 0.2140625000000001 0.4109375 0.2531250000000001 0.43125 0.2531250000000001
2 0.440625 0.2578125000000001 0.4203125 0.2578125000000001 0.4203125 0.2984375000000001 0.440625 0.2984375000000001
3 0.465625 0.2312500000000001 0.4453125 0.2312500000000001 0.4453125 0.27031250000000007 0.465625 0.27031250000000007
0 0.4421875 0.2218750000000001 0.43125 0.2218750000000001 0.43125 0.2453125000000001 0.4421875 0.2453125000000001
4 0.45 0.27031250000000007 0.44375 0.27031250000000007 0.44375 0.28593750000000007 0.45 0.28593750000000007
4 0.446875 0.27031250000000007 0.4390625 0.27031250000000007 0.4390625 0.28593750000000007 0.446875 0.28593750000000007
4 0.459375 0.2953125000000001 0.4515625 0.2953125000000001 0.4515625 0.3140625000000001 0.459375 0.3140625000000001
2 0.4546875 0.3031250000000001 0.4375 0.3031250000000001 0.4375 0.3375000000000001 0.4546875 0.3375000000000001
4 0.434375 0.3593750000000001 0.428125 0.3593750000000001 0.428125 0.3812500000000001 0.434375 0.3812500000000001
0 0.36875 0.26406250000000003 0.35625 0.2640625 0.35625 0.28906250000000006 0.36875 0.2890625000000001
2 0.4109375 0.51875 0.3906250000000001 0.51875 0.3906250000000001 0.55625 0.4109375 0.55625
4 0.3468750000000001 0.6 0.34062500000000007 0.6 0.34062500000000007 0.6140625 0.3468750000000001 0.6140625
2 0.3765625000000001 0.6234375 0.3546875000000001 0.6234375 0.3546875000000001 0.6578125 0.3765625000000001 0.6578125
6 0.35625000000000007 0.6515625 0.3296875000000001 0.6515625 0.3296875000000001 0.69375 0.35625000000000007 0.69375
2 0.2906250000000001 0.7375 0.2718750000000001 0.7375 0.2718750000000001 0.7734375 0.2906250000000001 0.7734375
2 0.2015625000000001 0.8765625 0.1765625000000001 0.8765625 0.17656250000000012 0.909375 0.2015625000000001 0.909375
2 0.2296875000000001 0.83125 0.2093750000000001 0.83125 0.2093750000000001 0.875 0.2296875000000001 0.875
4 0.2328125000000001 0.8 0.2234375000000001 0.8 0.2234375000000001 0.8125 0.2328125000000001 0.8125
2 0.3750000000000001 0.571875 0.35625000000000007 0.571875 0.35625000000000007 0.6046875 0.3750000000000001 0.6046875
2 0.39531250000000007 0.5953125 0.3734375000000001 0.5953125 0.3734375000000001 0.6265625 0.39531250000000007 0.6265625
2 0.5265625 0.4171875 0.50625 0.4171875 0.50625 0.4453125 0.5265625 0.4453125
4 0.6578125 0.20312500000000008 0.65 0.20312500000000008 0.65 0.22031250000000008 0.6578125 0.22031250000000008
4 0.6234375 0.471875 0.6125 0.471875 0.6125 0.48125 0.6234375 0.48125
4 0.575 0.496875 0.5625 0.496875 0.5625 0.5109375 0.575 0.5109375
4 0.6296875 0.5140625 0.621875 0.5140625 0.621875 0.5328125 0.6296875 0.5328125
2 0.5890625 0.54375 0.5703125 0.54375 0.5703125 0.571875 0.5890625 0.571875
4 0.5890625 0.4859375 0.5796875 0.4859375 0.5796875 0.5 0.5890625 0.5
4 0.640625 0.534375 0.63125 0.534375 0.63125 0.553125 0.640625 0.553125
4 0.6453125 0.4515625 0.634375 0.4515625 0.634375 0.4625 0.6453125 0.4625
4 0.665625 0.34843750000000007 0.6578125 0.34843750000000007 0.6578125 0.3625000000000001 0.665625 0.3625000000000001
4 0.6515625 0.34062500000000007 0.6453125 0.34062500000000007 0.6453125 0.3515625000000001 0.6515625 0.3515625000000001
4 0.6390625 0.3421875000000001 0.6296875 0.3421875000000001 0.6296875 0.3515625000000001 0.6390625 0.3515625000000001
4 0.6671875 0.3359375000000001 0.659375 0.3359375000000001 0.659375 0.3468750000000001 0.6671875 0.3468750000000001
4 0.6765625 0.3281250000000001 0.6671875 0.3281250000000001 0.6671875 0.3390625000000001 0.6765625 0.3390625000000001
4 0.6859375 0.3203125000000001 0.678125 0.3203125000000001 0.678125 0.3312500000000001 0.6859375 0.3312500000000001
4 0.6765625 0.3421875000000001 0.66875 0.3421875000000001 0.66875 0.3515625000000001 0.6765625 0.3515625000000001
4 0.684375 0.3296875000000001 0.6765625 0.3296875000000001 0.6765625 0.3421875000000001 0.684375 0.3421875000000001
4 0.6953125 0.3187500000000001 0.6890625 0.3187500000000001 0.6890625 0.3296875000000001 0.6953125 0.3296875000000001
4 0.69375 0.3296875000000001 0.684375 0.3296875000000001 0.684375 0.3437500000000001 0.69375 0.3437500000000001
4 0.7234375 0.3109375000000001 0.7140625 0.3109375000000001 0.7140625 0.3234375000000001 0.7234375 0.3234375000000001
4 0.703125 0.3046875000000001 0.696875 0.3046875000000001 0.696875 0.3156250000000001 0.703125 0.3156250000000001
4 0.709375 0.29375000000000007 0.7015625 0.29375000000000007 0.7015625 0.3046875000000001 0.709375 0.3046875000000001
4 0.7171875 0.3031250000000001 0.7078125 0.3031250000000001 0.7078125 0.3140625000000001 0.7171875 0.3140625000000001
4 0.7171875 0.2812500000000001 0.7109375 0.2812500000000001 0.7109375 0.2921875000000001 0.7171875 0.2921875000000001
4 0.725 0.29375000000000007 0.7171875 0.29375000000000007 0.7171875 0.3031250000000001 0.725 0.3031250000000001
4 0.725 0.2812500000000001 0.71875 0.2812500000000001 0.71875 0.2921875000000001 0.725 0.2921875000000001
4 0.7234375 0.2687500000000001 0.7171875 0.2687500000000001 0.7171875 0.2796875000000001 0.7234375 0.2796875000000001
4 0.73125 0.2640625000000001 0.725 0.2640625000000001 0.725 0.2750000000000001 0.73125 0.2750000000000001
4 0.7390625 0.2515625000000001 0.7328125 0.2515625000000001 0.7328125 0.2609375000000001 0.7390625 0.2609375000000001
4 0.7171875 0.2921875000000001 0.7078125 0.2921875000000001 0.7078125 0.3046875000000001 0.7171875 0.3046875000000001
4 0.69375 0.2828125000000001 0.6859375 0.2828125000000001 0.6859375 0.29375000000000007 0.69375 0.29375000000000007
4 0.6515625 0.3546875000000001 0.64375 0.3546875000000001 0.64375 0.3687500000000001 0.6515625 0.3687500000000001
4 0.684375 0.2765625000000001 0.6765625 0.2765625000000001 0.6765625 0.2906250000000001 0.684375 0.2906250000000001
4 0.7234375 0.2171875000000001 0.7140625 0.2171875000000001 0.7140625 0.23437500000000008 0.7234375 0.23437500000000008
4 0.75625 0.18906250000000008 0.746875 0.18906250000000008 0.746875 0.20312500000000008 0.75625 0.20312500000000008
4 0.815625 0.0468750000000001 0.80625 0.0468750000000001 0.80625 0.05625000000000009 0.815625 0.05625000000000009
2 0.853125 1.0323389814687454e-16 0.8328125 1.019901162414905e-16 0.8328125 0.0281250000000001 0.853125 0.0281250000000001
2 0.840625 0.0250000000000001 0.8203125 0.0250000000000001 0.8203125 0.05625000000000011 0.840625 0.05625000000000011
2 0.8359375 0.05468750000000011 0.8171875 0.05468750000000011 0.8171875 0.08906250000000011 0.8359375 0.08906250000000011
2 0.8390625 0.08593750000000011 0.8203125 0.08593750000000011 0.8203125 0.11718750000000008 0.8390625 0.11718750000000008
2 0.8140625 0.08437500000000009 0.7984375 0.08437500000000009 0.7984375 0.10937500000000008 0.8140625 0.10937500000000008
2 0.7984375 0.07968750000000009 0.78125 0.07968750000000009 0.78125 0.10937500000000008 0.7984375 0.10937500000000008
2 0.7828125 0.10781250000000009 0.7625 0.10781250000000009 0.7625 0.14218750000000008 0.7828125 0.14218750000000008
2 0.7859375 0.1296875000000001 0.765625 0.1296875000000001 0.765625 0.1609375000000001 0.7859375 0.1609375000000001
2 0.8078125 0.12343750000000009 0.7875 0.12343750000000009 0.7875 0.16406250000000008 0.8078125 0.16406250000000008
2 0.846875 0.12656250000000008 0.8203125 0.12656250000000008 0.8203125 0.1625000000000001 0.846875 0.1625000000000001
2 0.7875 0.1546875000000001 0.76875 0.1546875000000001 0.76875 0.1828125000000001 0.7875 0.1828125000000001
2 0.753125 0.1468750000000001 0.7296875 0.1468750000000001 0.7296875 0.1781250000000001 0.753125 0.1781250000000001
2 0.7625 0.1609375000000001 0.7453125 0.1609375000000001 0.7453125 0.1906250000000001 0.7625 0.1906250000000001
2 0.7234375 0.1937500000000001 0.7046875 0.1937500000000001 0.7046875 0.21875000000000008 0.7234375 0.21875000000000008
2 0.759375 0.08125000000000009 0.7390625 0.08125000000000009 0.7390625 0.11562500000000009 0.759375 0.11562500000000009
2 0.70625 0.2218750000000001 0.6859375 0.2218750000000001 0.6859375 0.2531250000000001 0.70625 0.2531250000000001
2 0.740625 0.1906250000000001 0.7234375 0.1906250000000001 0.7234375 0.22031250000000008 0.740625 0.22031250000000008
2 0.75625 0.2156250000000001 0.7390625 0.2156250000000001 0.7390625 0.24375000000000008 0.75625 0.24375000000000008
2 0.7390625 0.2328125000000001 0.71875 0.2328125000000001 0.71875 0.2562500000000001 0.7390625 0.2562500000000001
2 0.7203125 0.25468750000000007 0.703125 0.25468750000000007 0.703125 0.27812500000000007 0.7203125 0.27812500000000007
2 0.684375 0.2531250000000001 0.66875 0.2531250000000001 0.66875 0.2828125000000001 0.684375 0.2828125000000001
2 0.6828125 0.2968750000000001 0.6625 0.2968750000000001 0.6625 0.3281250000000001 0.6828125 0.3281250000000001
2 0.7046875 0.2875000000000001 0.6875 0.2875000000000001 0.6875 0.3140625000000001 0.7046875 0.3140625000000001
2 0.6578125 0.3062500000000001 0.6390625 0.3062500000000001 0.6390625 0.3375000000000001 0.6578125 0.3375000000000001
2 0.65625 0.37187500000000007 0.6375 0.37187500000000007 0.6375 0.4015625 0.65625 0.4015625
2 0.584375 0.440625 0.5671875 0.440625 0.5671875 0.4671875 0.584375 0.4671875
2 0.58125 0.46875 0.5609375 0.46875 0.5609375 0.49375 0.58125 0.49375
2 0.5515625 0.4578125 0.53125 0.4578125 0.53125 0.48125 0.5515625 0.48125
1 0.590625 0.64375 0.5546875 0.64375 0.5546875 0.7203125 0.590625 0.7203125
2 0.6703125000000002 0.7265625 0.6484375000000002 0.7265625 0.6484375000000002 0.771875 0.6703125000000002 0.771875
2 0.5828125000000001 0.7 0.5625 0.7 0.5625000000000001 0.74375 0.5828125000000002 0.74375
2 0.7546875000000002 0.91875 0.7296875000000002 0.91875 0.7296875000000002 0.9546875 0.7546875000000002 0.9546875
4 0.5078125 0.571875 0.496875 0.571875 0.496875 0.5859375 0.5078125 0.5859375
4 0.5578125 0.5515625 0.5453125 0.5515625 0.5453125 0.571875 0.5578125 0.571875
4 0.4828125 0.5796875 0.475 0.5796875 0.475 0.6 0.4828125 0.6
0 0.6875 0.0750000000000001 0.675 0.0750000000000001 0.675 0.09375000000000008 0.6875 0.09375000000000008
0 0.675 0.08437500000000009 0.6640625 0.08437500000000009 0.6640625 0.1062500000000001 0.675 0.1062500000000001
2 0.7390625 0.017187500000000088 0.7171875 0.017187500000000088 0.7171875 0.04843750000000009 0.7390625 0.04843750000000009
0 0.8140625 0.05156250000000009 0.8015625 0.05156250000000009 0.8015625 0.07656250000000009 0.8140625 0.07656250000000009
0 0.79375 0.11093750000000009 0.7828125 0.11093750000000009 0.7828125 0.13281250000000008 0.79375 0.13281250000000008
0 0.815625 0.10781250000000009 0.8015625 0.10781250000000009 0.8015625 0.12500000000000008 0.815625 0.12500000000000008
2 0.85625 0.05156250000000011 0.8390625 0.05156250000000011 0.8390625 0.0796875000000001 0.85625 0.0796875000000001
0 0.771875 0.1843750000000001 0.7578125 0.1843750000000001 0.7578125 0.2078125000000001 0.771875 0.2078125000000001
1 0.640625 0.3515625000000001 0.596875 0.3515625000000001 0.596875 0.440625 0.640625 0.440625
0 0.4046875 0.14375000000000004 0.390625 0.14375000000000004 0.390625 0.16562500000000005 0.4046875 0.16562500000000005
2 0.3875 0.2140625000000001 0.3671875 0.2140625000000001 0.3671875 0.2593750000000001 0.3875 0.2593750000000001
4 0.5453125 0.6625 0.5359375 0.6625 0.5359375 0.68125 0.5453125 0.68125
4 0.5546875 0.65625 0.5453125 0.65625 0.5453125 0.6765625 0.5546875 0.6765625
0 0.475 0.4046875 0.4609375 0.4046875 0.4609375 0.4296875 0.475 0.4296875
2 0.8765625 1.0610416408237614e-16 0.85625 1.0486038217699211e-16 0.85625 0.026562500000000107 0.8765625 0.02656250000000011
2 0.6515625 0.2484375000000001 0.63125 0.2484375000000001 0.63125 0.2828125000000001 0.6515625 0.2828125000000001
2 0.4109375 0.559375 0.3921875000000001 0.559375 0.3921875000000001 0.5875 0.4109375 0.5875
2 0.4015625 0.2968750000000001 0.3859375 0.2968750000000001 0.3859375 0.34062500000000007 0.4015625 0.34062500000000007
2 0.35 0.042187500000000044 0.33125 0.042187500000000044 0.33125 0.07656250000000005 0.35 0.07656250000000005
2 0.3671875 0.06875000000000005 0.3484375 0.06875000000000005 0.3484375 0.10312500000000005 0.3671875 0.10312500000000005
2 0.39375 0.09843750000000004 0.375 0.09843750000000004 0.375 0.13437500000000005 0.39375 0.13437500000000005
0 0.3437500000000001 0.5109375 0.3281250000000001 0.5109375 0.3281250000000001 0.5296875 0.3437500000000001 0.5296875
2 0.2468750000000001 0.4984375 0.2296875000000001 0.4984375 0.2296875000000001 0.5359375 0.2468750000000001 0.5359375
0 0.23437500000000008 0.6625 0.21875000000000008 0.6625 0.21875000000000008 0.6875 0.23437500000000008 0.6875
4 0.23593750000000008 0.78125 0.2250000000000001 0.78125 0.2250000000000001 0.7953125 0.23593750000000008 0.7953125
2 0.5609375 0.6859375 0.5453125 0.6859375 0.5453125 0.7171875 0.5609375 0.7171875
4 0.653125 0.1906250000000001 0.64375 0.1906250000000001 0.64375 0.2093750000000001 0.653125 0.2093750000000001
2 0.696875 0.1687500000000001 0.671875 0.1687500000000001 0.671875 0.20312500000000008 0.696875 0.20312500000000008
2 0.88125 0.018750000000000107 0.859375 0.018750000000000107 0.859375 0.05312500000000011 0.88125 0.05312500000000011
2 0.453125 0.2000000000000001 0.4328125 0.2000000000000001 0.4328125 0.2312500000000001 0.453125 0.2312500000000001
4 0.43125 0.18906250000000005 0.421875 0.18906250000000005 0.421875 0.2093750000000001 0.43125 0.2093750000000001
4 0.4234375 0.17343750000000005 0.415625 0.17343750000000005 0.415625 0.18906250000000005 0.4234375 0.18906250000000005
4 0.55625 0.2000000000000001 0.5453125 0.2000000000000001 0.5453125 0.2140625000000001 0.55625 0.2140625000000001
4 0.5546875 0.484375 0.54375 0.484375 0.54375 0.503125 0.5546875 0.503125
2 0.371875 0.04687500000000004 0.3515625 0.04687500000000004 0.3515625 0.08125000000000004 0.371875 0.08125000000000004
0 0.3828125 0.059375000000000046 0.3703125 0.059375000000000046 0.3703125 0.08281250000000004 0.3828125 0.08281250000000004
4 0.32500000000000007 0.64375 0.3156250000000001 0.64375 0.3156250000000001 0.6578125 0.32500000000000007 0.6578125
2 0.21093750000000008 0.8328125 0.1906250000000001 0.8328125 0.1906250000000001 0.8640625 0.21093750000000008 0.8640625
2 0.13593750000000013 0.9515625 0.11250000000000013 0.9515625 0.11250000000000013 0.98125 0.13593750000000013 0.98125
2 0.6265625 0.2140625000000001 0.6046875 0.2140625000000001 0.6046875 0.2406250000000001 0.6265625 0.2406250000000001
4 0.60625 0.3296875000000001 0.596875 0.3296875000000001 0.596875 0.3437500000000001 0.60625 0.3437500000000001
0 0.5828125 0.21093750000000008 0.565625 0.21093750000000008 0.565625 0.2312500000000001 0.5828125 0.2312500000000001
4 0.415625 0.36406250000000007 0.40625 0.36406250000000007 0.40625 0.3843750000000001 0.415625 0.3843750000000001
2 0.33125 0.001562500000000039 0.30625 0.0015625000000000374 0.30625 0.051562500000000046 0.33125 0.051562500000000046
4 0.4734375 0.5671875 0.4640625 0.5671875 0.4640625 0.5828125 0.4734375 0.5828125
4 0.5109375 0.4671875 0.5 0.4671875 0.5 0.48125 0.5109375 0.48125
4 0.5484375 0.5375 0.5375 0.5375 0.5375 0.5515625 0.5484375 0.5515625
4 0.51875 0.453125 0.5078125 0.453125 0.5078125 0.46875 0.51875 0.46875
0 0.5984375 0.496875 0.584375 0.496875 0.584375 0.5140625 0.5984375 0.5140625
4 0.596875 0.475 0.5859375 0.475 0.5859375 0.4890625 0.596875 0.4890625
4 0.6046875 0.540625 0.596875 0.540625 0.596875 0.5546875 0.6046875 0.5546875
4 0.61875 0.5234375 0.6078125 0.5234375 0.6078125 0.540625 0.61875 0.540625
4 0.5484375 0.43125 0.5375 0.43125 0.5375 0.446875 0.5484375 0.446875
2 0.6531250000000002 0.875 0.6359375000000002 0.875 0.6359375000000002 0.9234375 0.6531250000000002 0.9234375
4 0.6359375000000002 0.90625 0.6265625000000001 0.90625 0.6265625000000001 0.921875 0.6359375000000002 0.921875
4 0.6296875000000002 0.8375 0.6187500000000001 0.8375 0.6187500000000001 0.8515625 0.6296875000000002 0.8515625
4 0.5359375 0.6796875 0.525 0.6796875 0.525 0.6984375 0.5359375 0.6984375
4 0.5375 0.665625 0.528125 0.665625 0.528125 0.6859375 0.5375 0.6859375
4 0.3906250000000001 0.584375 0.3812500000000001 0.584375 0.3812500000000001 0.596875 0.3906250000000001 0.596875
2 0.2640625000000001 0.784375 0.24375000000000008 0.784375 0.24375000000000008 0.821875 0.2640625000000001 0.821875
4 0.16875000000000012 0.90625 0.1593750000000001 0.90625 0.1593750000000001 0.9234375 0.16875000000000012 0.9234375
2 0.1812500000000001 0.86875 0.1593750000000001 0.86875 0.1593750000000001 0.9078125 0.18125000000000013 0.9078125
2 0.2609375000000001 0.7453125 0.2406250000000001 0.7453125 0.2406250000000001 0.7828125 0.2609375000000001 0.7828125
0 0.2906250000000001 0.70625 0.27812500000000007 0.70625 0.27812500000000007 0.721875 0.2906250000000001 0.721875
4 0.3203125000000001 0.6859375 0.3109375000000001 0.6859375 0.3109375000000001 0.7 0.3203125000000001 0.7
4 0.7515625 0.24375000000000008 0.7421875 0.24375000000000008 0.7421875 0.25468750000000007 0.7515625 0.25468750000000007
4 0.75 0.0671875000000001 0.740625 0.0671875000000001 0.740625 0.08125000000000009 0.75 0.08125000000000009
2 0.93125 1.1289712679639661e-16 0.9125 1.1174902042219599e-16 0.9125 0.03125000000000011 0.93125 0.03125000000000011
2 0.4046875 0.04062500000000004 0.3828125 0.04062500000000004 0.3828125 0.08281250000000004 0.4046875 0.08281250000000004
0 0.6 0.45625 0.5875 0.45625 0.5875 0.4796875 0.6 0.4796875
4 0.625 0.54375 0.61875 0.54375 0.61875 0.5578125 0.625 0.5578125
2 0.7265625 0.1296875000000001 0.7046875 0.1296875000000001 0.7046875 0.1625000000000001 0.7265625 0.1625000000000001
4 0.7109375 0.12343750000000009 0.703125 0.12343750000000009 0.703125 0.1375000000000001 0.7109375 0.1375000000000001
0 0.75 0.20312500000000008 0.7390625 0.20312500000000008 0.7390625 0.2218750000000001 0.75 0.2218750000000001
0 0.771875 0.2250000000000001 0.7578125 0.2250000000000001 0.7578125 0.2484375000000001 0.771875 0.2484375000000001
4 0.525 0.18906250000000005 0.5125 0.18906250000000005 0.5125 0.2078125000000001 0.525 0.2078125000000001
2 0.3515625 0.0046875000000000415 0.3296875 0.004687500000000041 0.3296875 0.043750000000000046 0.3515625 0.043750000000000046
2 0.3078125 0.039062500000000035 0.2890625 0.039062500000000035 0.2890625 0.07343750000000004 0.3078125 0.07343750000000004
4 0.3296875 0.06562500000000004 0.3234375 0.06562500000000004 0.3234375 0.08125000000000004 0.3296875 0.08125000000000004
4 0.3375 0.05468750000000004 0.33125 0.05468750000000004 0.33125 0.06718750000000004 0.3375 0.06718750000000004
4 0.4109375 0.3265625000000001 0.4046875 0.3265625000000001 0.4046875 0.3453125000000001 0.4109375 0.3453125000000001
4 0.4359375 0.3234375000000001 0.4296875 0.3234375000000001 0.4296875 0.34062500000000007 0.4359375 0.34062500000000007
4 0.44375 0.3656250000000001 0.434375 0.3656250000000001 0.434375 0.3859375000000001 0.44375 0.3859375000000001
4 0.4609375 0.3625000000000001 0.4515625 0.3625000000000001 0.4515625 0.3781250000000001 0.4609375 0.3781250000000001
4 0.4140625 0.4 0.4078125 0.4 0.4078125 0.41875 0.4140625 0.41875
4 0.40625 0.4109375 0.3968750000000001 0.4109375 0.3968750000000001 0.4296875 0.40625 0.4296875
4 0.4140625 0.4234375 0.40625 0.4234375 0.40625 0.4390625 0.4140625 0.4390625
4 0.4140625 0.4578125 0.4078125 0.4578125 0.4078125 0.4796875 0.4140625 0.4796875
4 0.490625 0.4015625 0.48125 0.4015625 0.48125 0.4203125 0.490625 0.4203125
2 0.409375 0.4953125 0.4 0.4953125 0.4 0.5140625 0.409375 0.5140625
4 0.39531250000000007 0.5203125 0.38750000000000007 0.5203125 0.38750000000000007 0.534375 0.39531250000000007 0.534375
4 0.33281250000000007 0.6140625 0.3234375000000001 0.6140625 0.3234375000000001 0.6328125 0.33281250000000007 0.6328125
4 0.3437500000000001 0.6203125 0.3312500000000001 0.6203125 0.3312500000000001 0.6328125 0.3437500000000001 0.6328125
2 0.3140625000000001 0.7078125 0.2953125000000001 0.7078125 0.2953125000000001 0.7375 0.3140625000000001 0.7375
4 0.3515625000000001 0.7140625 0.3421875000000001 0.7140625 0.3421875000000001 0.734375 0.3515625000000001 0.734375
4 0.3750000000000001 0.6703125 0.3656250000000001 0.6703125 0.3656250000000001 0.6875 0.3750000000000001 0.6875
2 0.5984375000000002 0.7359375 0.5765625000000002 0.7359375 0.5765625000000002 0.775 0.5984375000000002 0.775
2 0.6875000000000002 0.7859375 0.6671875000000002 0.7859375 0.6671875000000002 0.8203125 0.6875000000000002 0.8203125
2 0.6968750000000001 0.828125 0.6718750000000002 0.828125 0.6718750000000002 0.8625 0.6968750000000001 0.8625