0 0.571875 0.3703125000000001 0.5578125 0.3703125000000001 0.5578125 0.3843750000000001 0.571875 0.3843750000000001
4 0.540625 0.4640625 0.53125 0.4640625 0.53125 0.4765625 0.540625 0.4765625
4 0.515625 0.4140625 0.50625 0.4140625 0.50625 0.4234375 0.515625 0.4234375
4 0.465625 0.3859375000000001 0.45625 0.3859375000000001 0.45625 0.3968750000000001 0.465625 0.3968750000000001
4 0.4546875 0.4171875 0.44375 0.4171875 0.44375 0.4296875 0.4546875 0.4296875
4 0.5953125 0.55 0.5859375 0.55 0.5859375 0.5640625 0.5953125 0.5640625
4 0.5453125 0.5640625 0.5359375 0.5640625 0.5359375 0.578125 0.5453125 0.578125
4 0.5140625 0.5453125 0.5046875 0.5453125 0.5046875 0.55625 0.5140625 0.55625
0 0.5671875 0.640625 0.559375 0.640625 0.559375 0.6609375 0.5671875 0.6609375
0 0.584375 0.65 0.578125 0.65 0.578125 0.671875 0.584375 0.671875
0 0.5687500000000002 0.7625 0.5625000000000002 0.7625 0.5625000000000002 0.7859375 0.5687500000000002 0.7859375
2 0.5734375 0.7078125 0.5671875 0.7078125 0.5671875000000001 0.7375 0.5734375000000002 0.7375
2 0.5765625 0.6359375 0.5671875 0.6359375 0.5671875 0.6671875 0.5765625 0.6671875
2 0.5765625 0.66875 0.5671875 0.66875 0.5671875 0.6984375 0.5765625 0.6984375
2 0.5859375 0.6734375 0.5796875 0.6734375 0.5796875 0.6984375 0.5859375 0.6984375
2 0.56875 0.6703125 0.559375 0.6703125 0.559375 0.69375 0.56875 0.69375
2 0.5656250000000002 0.7296875 0.5578125000000002 0.7296875 0.5578125000000002 0.7640625 0.5656250000000002 0.7640625
2 0.5828125000000002 0.740625 0.5750000000000002 0.740625 0.5750000000000002 0.771875 0.5828125000000002 0.771875
2 0.5718750000000001 0.796875 0.5625000000000002 0.796875 0.5625000000000002 0.83125 0.5718750000000001 0.83125
2 0.5812500000000002 0.8140625 0.5734375000000002 0.8140625 0.5734375000000002 0.846875 0.5812500000000002 0.846875
4 0.5796875000000001 0.7765625 0.5718750000000001 0.7765625 0.5718750000000001 0.8015625 0.5796875000000001 0.8015625
4 0.6890625 0.5515625 0.6796875 0.5515625 0.6796875 0.5578125 0.6890625 0.5578125
4 0.740625 0.5546875000000002 0.73125 0.5546875000000002 0.73125 0.5640625000000001 0.740625 0.5640625000000001
4 0.6796875 0.5609375 0.6703125 0.5609375 0.6703125 0.5703125 0.6796875 0.5703125
4 0.68125 0.553125 0.671875 0.553125 0.671875 0.5609375 0.68125 0.5609375
4 0.68125 0.5375 0.671875 0.5375 0.671875 0.5453125 0.68125 0.5453125
4 0.6796875 0.5109375 0.66875 0.5109375 0.66875 0.5171875 0.6796875 0.5171875
2 0.6875 0.521875 0.6703125 0.521875 0.6703125 0.5359375 0.6875 0.5359375
2 0.725 0.5296875 0.703125 0.5296875 0.703125 0.5453125 0.725 0.5453125
2 0.74375 0.5328125000000001 0.728125 0.5328125000000001 0.728125 0.5468750000000002 0.74375 0.5468750000000002
2 0.2578125000000001 0.5796875 0.2375000000000001 0.5796875 0.2375000000000001 0.5953125 0.2578125000000001 0.5953125
0 0.21093750000000006 0.3625 0.19843750000000004 0.3625 0.19843750000000004 0.3859375 0.21093750000000008 0.3859375
2 0.23125 0.328125 0.221875 0.328125 0.221875 0.3578125 0.23125 0.3578125
4 0.26250000000000007 0.40625 0.2531250000000001 0.40625 0.2531250000000001 0.425 0.26250000000000007 0.425
4 0.2796875000000001 0.4203125 0.2687500000000001 0.4203125 0.2687500000000001 0.4359375 0.2796875000000001 0.4359375
2 0.93125 0.48437500000000017 0.9125 0.48437500000000017 0.9125 0.5046875000000002 0.93125 0.5046875000000002
2 0.834375 0.34062500000000007 0.81875 0.34062500000000007 0.81875 0.35625000000000007 0.834375 0.35625000000000007
2 0.7859375 0.3281250000000001 0.775 0.3281250000000001 0.775 0.3546875000000001 0.7859375 0.3546875000000001
4 0.978125 0.3515625000000001 0.96875 0.3515625000000001 0.96875 0.3625000000000001 0.978125 0.3625000000000001
4 0.9875 0.37187500000000007 0.9765625 0.37187500000000007 0.9765625 0.3812500000000001 0.9875 0.3812500000000001
4 0.9921875 0.3515625000000001 0.98125 0.3515625000000001 0.98125 0.3609375000000001 0.9921875 0.3609375000000001
4 0.9578125 0.5156250000000002 0.9484375 0.5156250000000002 0.9484375 0.5234375000000002 0.9578125 0.5234375000000002
4 0.9109375 0.5250000000000001 0.8984375 0.5250000000000001 0.8984375 0.5359375000000002 0.9109375 0.5359375000000002
4 0.68125 0.425 0.6703125 0.425 0.6703125 0.4359375 0.68125 0.4359375
4 0.9640625 0.5265625000000002 0.9546875 0.5265625000000002 0.9546875 0.5343750000000002 0.9640625 0.5343750000000002
4 0.9921875 0.3593750000000001 0.98125 0.3593750000000001 0.98125 0.3671875000000001 0.9921875 0.3671875000000001
4 0.7453125 0.38750000000000007 0.7359375 0.38750000000000007 0.7359375 0.3937500000000001 0.7453125 0.3937500000000001
2 0.2 0.28125 0.19062500000000004 0.28125 0.19062500000000004 0.309375 0.2 0.309375
4 0.17656250000000004 0.3828125 0.16875000000000004 0.3828125 0.16875000000000004 0.39375 0.17656250000000004 0.39375
4 0.19218750000000004 0.3515625 0.18437500000000004 0.3515625 0.18437500000000004 0.3625 0.19218750000000004 0.3625
4 0.6890625 0.5421875 0.6828125 0.5421875 0.6828125 0.55 0.6890625 0.55
4 0.6875 0.534375 0.6796875 0.534375 0.6796875 0.5421875 0.6875 0.5421875
4 0.68125 0.5453125 0.671875 0.5453125 0.671875 0.553125 0.68125 0.553125