4 0.010937500000000046 0.36875 4.5158850718558645e-17 0.36875 4.592425496802574e-17 0.38125 0.010937500000000048 0.38125
4 0.017187500000000043 0.3296875 0.00312500000000004 0.3296875 0.003125000000000041 0.340625 0.017187500000000043 0.340625
4 0.028125000000000032 0.3046875 0.014062500000000039 0.3046875 0.014062500000000039 0.3140625 0.028125000000000032 0.3140625
4 0.039062500000000035 0.2921875 0.021875000000000033 0.2921875 0.021875000000000037 0.303125 0.039062500000000035 0.303125
4 0.05468750000000004 0.3453125 0.04062500000000004 0.3453125 0.04062500000000004 0.35625 0.05468750000000004 0.35625
4 0.04062500000000004 0.36875 0.026562500000000044 0.36875 0.026562500000000044 0.3796875 0.04062500000000004 0.3796875
4 0.06093750000000005 0.3703125 0.04531250000000005 0.3703125 0.04531250000000005 0.38125 0.06093750000000005 0.38125
4 0.07656250000000005 0.3578125 0.06406250000000005 0.3578125 0.06406250000000005 0.36875 0.07656250000000005 0.36875
4 0.09531250000000005 0.3875 0.07968750000000005 0.3875 0.07968750000000005 0.3984375 0.09531250000000005 0.3984375
4 0.11406250000000004 0.346875 0.10156250000000004 0.346875 0.10156250000000004 0.3609375 0.11406250000000004 0.3609375
4 0.09218750000000005 0.3109375 0.07812500000000004 0.3109375 0.07812500000000004 0.3203125 0.09218750000000005 0.3203125
4 0.12500000000000006 0.29375 0.11250000000000004 0.29375 0.11250000000000004 0.303125 0.12500000000000006 0.303125
4 0.12968750000000004 0.3125 0.11718750000000004 0.3125 0.11718750000000004 0.3234375 0.12968750000000004 0.3234375
4 0.14687500000000003 0.3046875 0.13281250000000006 0.3046875 0.13281250000000006 0.315625 0.14687500000000003 0.315625
4 0.13125000000000003 0.3765625 0.11718750000000004 0.3765625 0.11718750000000004 0.3875 0.13125000000000003 0.3875
4 0.15937500000000004 0.3484375 0.14687500000000003 0.3484375 0.14687500000000003 0.3609375 0.15937500000000004 0.3609375
4 0.18437500000000004 0.346875 0.16875000000000004 0.346875 0.16875000000000004 0.359375 0.18437500000000004 0.359375
4 0.19531250000000006 0.378125 0.18281250000000004 0.378125 0.18281250000000004 0.3875 0.19531250000000006 0.3875
4 0.12031250000000004 0.453125 0.10781250000000005 0.453125 0.10781250000000005 0.4640625 0.12031250000000004 0.4640625
3 0.12812500000000004 0.46875 0.10625000000000004 0.46875 0.10625000000000004 0.484375 0.12812500000000004 0.484375
4 0.21093750000000008 0.396875 0.19687500000000005 0.396875 0.19687500000000005 0.4078125 0.21093750000000008 0.4078125
4 0.21875000000000008 0.384375 0.2062500000000001 0.384375 0.2062500000000001 0.39375 0.21875000000000008 0.39375
4 0.23125 0.346875 0.2203125 0.346875 0.2203125 0.3578125 0.23125 0.3578125
3 0.23750000000000004 0.3625 0.21875 0.3625 0.21875000000000006 0.3765625 0.2375000000000001 0.3765625
4 0.2015625 0.3171875 0.18750000000000006 0.3171875 0.18750000000000006 0.3265625 0.2015625 0.3265625
4 0.18125000000000005 0.303125 0.16718750000000004 0.303125 0.16718750000000004 0.3125 0.18125000000000005 0.3125
4 0.2562500000000001 0.38125 0.2406250000000001 0.38125 0.2406250000000001 0.390625 0.2562500000000001 0.390625
4 0.2593750000000001 0.3953125 0.2453125000000001 0.3953125 0.2453125000000001 0.40625 0.2593750000000001 0.40625
4 0.275 0.30625 0.2640625 0.30625 0.2640625 0.3171875 0.275 0.3171875
4 0.3171875 0.34375 0.303125 0.34375 0.303125 0.3546875 0.3171875 0.3546875
4 0.3140625 0.3046875 0.3015625 0.3046875 0.3015625 0.3140625 0.3140625 0.3140625
4 0.3265625 0.3125 0.315625 0.3125 0.315625 0.3234375 0.3265625 0.3234375
4 0.3578125 0.3140625 0.3453125 0.3140625 0.3453125 0.3234375 0.3578125 0.3234375
4 0.3734375000000001 0.38281250000000006 0.3593750000000001 0.3828125 0.3593750000000001 0.39531250000000007 0.3734375000000001 0.39531250000000007
4 0.3890625000000001 0.3765625000000001 0.3765625000000001 0.3765625000000001 0.3765625000000001 0.38750000000000007 0.3890625000000001 0.38750000000000007
4 0.3703125000000001 0.39687500000000003 0.35625000000000007 0.396875 0.35625000000000007 0.4078125 0.3703125000000001 0.4078125
4 0.38750000000000007 0.403125 0.3734375000000001 0.403125 0.3734375000000001 0.4125 0.38750000000000007 0.4125
4 0.4046875 0.34843750000000007 0.3953125 0.34843750000000007 0.3953125 0.3593750000000001 0.4046875 0.3593750000000001
4 0.409375 0.3625000000000001 0.3953125 0.3625000000000001 0.39531250000000007 0.3703125000000001 0.409375 0.3703125000000001
4 0.409375 0.3703125000000001 0.39531250000000007 0.3703125000000001 0.39531250000000007 0.3812500000000001 0.409375 0.3812500000000001
4 0.41875 0.37968750000000007 0.4078125 0.37968750000000007 0.4078125 0.3906250000000001 0.41875 0.3906250000000001
4 0.415625 0.3937500000000001 0.4046875 0.3937500000000001 0.4046875 0.4046875 0.415625 0.4046875
4 0.4171875 0.4046875 0.40625 0.4046875 0.40625 0.415625 0.4171875 0.415625
4 0.45625 0.3437500000000001 0.4453125 0.3437500000000001 0.4453125 0.3546875000000001 0.45625 0.3546875000000001
4 0.4515625 0.35625000000000007 0.440625 0.35625000000000007 0.440625 0.3656250000000001 0.4515625 0.3656250000000001
4 0.446875 0.3906250000000001 0.434375 0.3906250000000001 0.434375 0.4015625 0.446875 0.4015625
4 0.5125 0.35625000000000007 0.5 0.35625000000000007 0.5 0.3687500000000001 0.5125 0.3687500000000001
4 0.496875 0.3734375000000001 0.4859375 0.3734375000000001 0.4859375 0.38750000000000007 0.496875 0.38750000000000007
4 0.496875 0.3968750000000001 0.484375 0.3968750000000001 0.484375 0.4078125 0.496875 0.4078125
4 0.5296875 0.3859375000000001 0.5171875 0.3859375000000001 0.5171875 0.3984375000000001 0.5296875 0.3984375000000001
4 0.55 0.3984375000000001 0.5375 0.3984375000000001 0.5375 0.4109375 0.55 0.4109375
4 0.56875 0.3781250000000001 0.55625 0.3781250000000001 0.55625 0.38750000000000007 0.56875 0.38750000000000007
4 0.56875 0.3500000000000001 0.55625 0.3500000000000001 0.55625 0.3609375000000001 0.56875 0.3609375000000001
4 0.559375 0.3125000000000001 0.546875 0.3125000000000001 0.546875 0.3218750000000001 0.559375 0.3218750000000001
4 0.63125 0.3531250000000001 0.6203125 0.3531250000000001 0.6203125 0.36406250000000007 0.63125 0.36406250000000007
4 0.628125 0.3890625000000001 0.615625 0.3890625000000001 0.615625 0.403125 0.628125 0.403125
4 0.603125 0.471875 0.590625 0.471875 0.590625 0.4828125 0.603125 0.4828125
4 0.678125 0.3468750000000001 0.6671875 0.3468750000000001 0.6671875 0.3578125000000001 0.678125 0.3578125000000001
4 0.6921875 0.35625000000000007 0.6828125 0.35625000000000007 0.6828125 0.3671875000000001 0.6921875 0.3671875000000001
4 0.69375 0.3734375000000001 0.6828125 0.3734375000000001 0.6828125 0.38750000000000007 0.69375 0.38750000000000007
4 0.728125 0.3843750000000001 0.7171875 0.3843750000000001 0.7171875 0.39531250000000007 0.728125 0.39531250000000007
4 0.7359375 0.3968750000000001 0.725 0.3968750000000001 0.725 0.4078125000000001 0.7359375 0.4078125000000002
4 0.7484375 0.3593750000000001 0.7359375 0.3593750000000001 0.7359375 0.3703125000000001 0.7484375 0.3703125000000001
4 0.790625 0.3609375000000001 0.7796875 0.3609375000000001 0.7796875 0.37187500000000007 0.790625 0.37187500000000007
4 0.7984375 0.34843750000000007 0.7875 0.34843750000000007 0.7875 0.3578125000000001 0.7984375 0.3578125000000001
4 0.8109375 0.37187500000000007 0.8 0.37187500000000007 0.8 0.3812500000000001 0.8109375 0.3812500000000001
4 0.8109375 0.3843750000000001 0.8 0.3843750000000001 0.8 0.3968750000000001 0.8109375 0.3968750000000001
4 0.83125 0.34062500000000007 0.8203125 0.34062500000000007 0.8203125 0.3500000000000001 0.83125 0.3500000000000001
4 0.8328125 0.35625000000000007 0.8203125 0.35625000000000007 0.8203125 0.3687500000000001 0.8328125 0.3687500000000001
4 0.809375 0.3187500000000001 0.7984375 0.3187500000000001 0.7984375 0.3281250000000001 0.809375 0.3281250000000001
4 0.890625 0.3390625000000001 0.8796875 0.3390625000000001 0.8796875 0.3500000000000001 0.890625 0.3500000000000001
4 0.8890625 0.37187500000000007 0.875 0.37187500000000007 0.875 0.3812500000000001 0.8890625 0.3812500000000001
4 0.8953125 0.3890625000000001 0.8828125 0.3890625000000001 0.8828125 0.3984375000000001 0.8953125 0.3984375000000001
4 0.7921875 0.4812500000000002 0.7796875 0.4812500000000002 0.7796875 0.4906250000000002 0.7921875 0.4906250000000002
0 0.734375 0.4687500000000001 0.7171875 0.46875 0.7171875 0.4859375000000001 0.734375 0.4859375000000002
4 0.9265625 0.3703125000000001 0.915625 0.3703125000000001 0.915625 0.3812500000000001 0.9265625 0.3812500000000001
4 0.9546875 0.3656250000000001 0.94375 0.3656250000000001 0.94375 0.3781250000000001 0.9546875 0.3781250000000001
4 0.94375 0.3828125000000001 0.9328125 0.3828125000000001 0.9328125 0.3921875000000001 0.94375 0.3921875000000001
4 0.96875 0.37968750000000007 0.9578125 0.37968750000000007 0.9578125 0.3906250000000001 0.96875 0.3906250000000001
4 0.9859375 0.3546875000000001 0.9734375 0.3546875000000001 0.9734375 0.3671875000000001 0.9859375 0.3671875000000001
4 0.996875 0.3421875000000001 0.984375 0.3421875000000001 0.984375 0.3500000000000001 0.996875 0.3500000000000001
4 0.7578125 0.5156250000000002 0.7484375 0.5156250000000002 0.7484375 0.5265625000000002 0.7578125 0.5265625000000002
4 0.825 0.5218750000000002 0.8125 0.5218750000000002 0.8125 0.5328125000000001 0.825 0.5328125000000001
4 0.840625 0.5078125000000002 0.828125 0.5078125000000002 0.828125 0.5187500000000002 0.840625 0.5187500000000002
4 0.725 0.5234375 0.7140625 0.5234375 0.7140625 0.5328125 0.725 0.5328125
4 0.7125 0.5234375 0.7046875 0.5234375 0.7046875 0.5359375 0.7125 0.5359375
4 0.7 0.53125 0.6875 0.53125 0.6875 0.540625 0.7 0.540625
0 0.6875 0.5453125 0.6734375 0.5453125 0.6734375 0.5609375 0.6875 0.5609375
0 0.7265625 0.5359375000000001 0.7109375 0.5359375 0.7109375 0.55 0.7265625 0.5500000000000002
0 0.646875 0.5234375 0.63125 0.5234375 0.63125 0.540625 0.646875 0.540625
0 0.4828125 0.53125 0.4703125 0.53125 0.4703125 0.54375 0.4828125 0.54375
0 0.4625 0.5328125 0.4484375 0.5328125 0.4484375 0.5515625 0.4625 0.5515625
0 0.446875 0.5296875 0.434375 0.5296875 0.434375 0.559375 0.446875 0.559375
0 0.434375 0.5171875 0.421875 0.5171875 0.421875 0.5328125 0.434375 0.5328125
4 0.5140625 0.5140625 0.5078125 0.5140625 0.5078125 0.5328125 0.5140625 0.5328125
4 0.5203125 0.5171875 0.515625 0.5171875 0.515625 0.5375 0.5203125 0.5375
4 0.5515625 0.5296875 0.5453125 0.5296875 0.5453125 0.546875 0.5515625 0.546875
4 0.5234375 0.5875 0.5171875 0.5875 0.5171875 0.60625 0.5234375 0.60625
4 0.525 0.65625 0.51875 0.65625 0.51875 0.6734375 0.525 0.6734375
4 0.521875 0.634375 0.515625 0.634375 0.515625 0.6515625 0.521875 0.6515625
4 0.5109375 0.703125 0.50625 0.703125 0.50625 0.721875 0.5109375 0.721875
4 0.5171875 0.703125 0.5109375 0.703125 0.5109375 0.721875 0.5171875 0.721875
0 0.5406250000000001 0.7125 0.525 0.7125 0.5250000000000001 0.7328125 0.5406250000000001 0.7328125
0 0.5234375000000002 0.7515625 0.5140625000000002 0.7515625 0.5140625000000002 0.7765625 0.5234375000000002 0.7765625
4 0.5000000000000002 0.765625 0.49218750000000017 0.765625 0.49218750000000017 0.78125 0.5000000000000002 0.78125
4 0.49531250000000016 0.79375 0.4890625000000002 0.79375 0.4890625000000002 0.8125 0.49531250000000016 0.8125
4 0.4968750000000002 0.821875 0.4890625000000002 0.821875 0.4890625000000002 0.840625 0.4968750000000002 0.840625
4 0.4625000000000002 0.815625 0.45312500000000017 0.815625 0.45312500000000017 0.834375 0.4625000000000002 0.834375
0 0.45625000000000016 0.7328125 0.44531250000000017 0.7328125 0.44531250000000017 0.759375 0.45625000000000016 0.759375
4 0.8140625 0.2375000000000001 0.80625 0.2375000000000001 0.80625 0.2484375000000001 0.8140625 0.2484375000000001
4 0.7421875 0.28593750000000007 0.73125 0.28593750000000007 0.73125 0.2953125000000001 0.7421875 0.2953125000000001
4 0.6796875 0.3109375000000001 0.66875 0.3109375000000001 0.66875 0.3234375000000001 0.6796875 0.3234375000000001
0 0.6375 0.3078125000000001 0.621875 0.3078125000000001 0.621875 0.3234375000000001 0.6375 0.3234375000000001
4 0.615625 0.3218750000000001 0.6046875 0.3218750000000001 0.6046875 0.33281250000000007 0.615625 0.33281250000000007
0 0.509375 0.2750000000000001 0.49375 0.2750000000000001 0.49375 0.2921875000000001 0.509375 0.2921875000000001
0 0.4984375 0.2953125000000001 0.4828125 0.2953125000000001 0.4828125 0.3109375000000001 0.4984375 0.3109375000000001
0 0.471875 0.3046875000000001 0.4578125 0.3046875000000001 0.4578125 0.3218750000000001 0.471875 0.3218750000000001
0 0.15937500000000004 0.275 0.14375000000000004 0.275 0.14375000000000004 0.2921875 0.15937500000000004 0.2921875
0 0.225 0.278125 0.2109375 0.278125 0.2109375 0.2921875 0.225 0.2921875
0 0.15156250000000004 0.228125 0.14218750000000005 0.228125 0.14218750000000005 0.2546875 0.15156250000000004 0.2546875
0 0.12968750000000004 0.3359375 0.11875000000000005 0.3359375 0.11875000000000005 0.346875 0.12968750000000004 0.346875
0 0.046875000000000056 0.425 0.03281250000000006 0.425 0.03281250000000006 0.4359375 0.046875000000000056 0.4359375
0 0.023437500000000035 0.265625 0.0015625000000000326 0.265625 0.0015625000000000337 0.28125 0.023437500000000035 0.28125
4 0.12031250000000004 0.503125 0.10937500000000004 0.503125 0.10937500000000004 0.5140625 0.12031250000000004 0.5140625
4 0.12343750000000005 0.515625 0.11093750000000005 0.515625 0.11093750000000005 0.528125 0.12343750000000005 0.528125
4 0.07187500000000006 0.51875 0.06093750000000007 0.51875 0.06093750000000007 0.5296875 0.07187500000000006 0.5296875
4 0.06093750000000007 0.5234375 0.050000000000000065 0.5234375 0.050000000000000065 0.5375 0.06093750000000007 0.5375
4 0.018750000000000065 0.509375 0.004687500000000062 0.509375 0.004687500000000063 0.521875 0.018750000000000065 0.521875
0 0.34843750000000007 0.55 0.33281250000000007 0.55 0.33281250000000007 0.5671875 0.34843750000000007 0.5671875
0 0.3515625000000001 0.56875 0.3390625000000001 0.56875 0.3390625000000001 0.5890625 0.3515625000000001 0.5890625
0 0.3625000000000001 0.5640625 0.3531250000000001 0.5640625 0.3531250000000001 0.59375 0.3625000000000001 0.59375
0 0.3625000000000001 0.5140625 0.3468750000000001 0.5140625 0.3468750000000001 0.5296875 0.3625000000000001 0.5296875
0 0.4671875 0.6734375 0.45625 0.6734375 0.45625 0.7015625 0.4671875 0.7015625
0 0.4859375000000002 0.86875 0.4781250000000002 0.86875 0.4781250000000002 0.8984375 0.4859375000000002 0.8984375
4 0.4750000000000002 0.8890625 0.46875000000000017 0.8890625 0.46875000000000017 0.90625 0.4750000000000002 0.90625
4 0.45312500000000017 0.865625 0.4468750000000002 0.865625 0.4468750000000002 0.8875 0.45312500000000017 0.8875
4 0.4546875000000002 0.8875 0.44843750000000016 0.8875 0.44843750000000016 0.9046875 0.4546875000000002 0.9046875
4 0.4671875000000002 0.9765625 0.46093750000000017 0.9765625 0.46093750000000017 0.99375 0.4671875000000002 0.99375
4 0.5046875 0.4828125 0.4921875 0.4828125 0.4921875 0.49375 0.5046875 0.49375
4 0.33281250000000007 0.475 0.3187500000000001 0.475 0.3187500000000001 0.490625 0.33281250000000007 0.490625
0 0.20312500000000008 0.5046875 0.18593750000000003 0.5046875 0.18593750000000003 0.521875 0.20312500000000008 0.521875
3 0.04531250000000005 0.3796875 0.018750000000000044 0.3796875 0.018750000000000048 0.4 0.04531250000000005 0.4
2 0.39375 0.3156250000000001 0.3703125 0.3156250000000001 0.3703125 0.33281250000000007 0.39375 0.33281250000000007
0 0.540625 0.51875 0.525 0.51875 0.525 0.5390625 0.540625 0.5390625
0 0.534375 0.6 0.5234375 0.6 0.5234375 0.625 0.534375 0.625
4 0.5890625 0.6046875 0.5796875 0.6046875 0.5796875 0.621875 0.5890625 0.621875