6 0.2609375000000001 0.6921875 0.2250000000000001 0.6921875 0.2250000000000001 0.7171875 0.2609375000000001 0.7171875
6 0.11718750000000008 0.6859375 0.07187500000000009 0.6859375 0.07187500000000009 0.7109375 0.11718750000000008 0.7109375
6 0.10468750000000009 0.5890625 0.05937500000000007 0.5890625 0.05937500000000007 0.6140625 0.10468750000000009 0.6140625
2 0.3109375000000001 0.6953125 0.2921875000000001 0.6953125 0.2921875000000001 0.7109375 0.3109375000000001 0.7109375
2 0.3359375000000001 0.7140625 0.3187500000000001 0.7140625 0.3187500000000001 0.728125 0.3359375000000001 0.728125
2 0.29375000000000007 0.5875 0.2750000000000001 0.5875 0.2750000000000001 0.6078125 0.29375000000000007 0.6078125
2 0.3156250000000001 0.5890625 0.2968750000000001 0.5890625 0.2968750000000001 0.6046875 0.3156250000000001 0.6046875
2 0.3437500000000001 0.4171875 0.3296875000000001 0.4171875 0.3296875000000001 0.43125 0.3437500000000001 0.43125
2 0.3453125000000001 0.4359375 0.3312500000000001 0.4359375 0.3312500000000001 0.446875 0.3453125000000001 0.446875
3 0.2812500000000001 0.5046875 0.2593750000000001 0.5046875 0.2593750000000001 0.5234375 0.2812500000000001 0.5234375
5 0.5515625 0.6875 0.490625 0.6875 0.490625 0.715625 0.5515625 0.715625
5 0.4234375 0.6890625 0.3625000000000001 0.6890625 0.3625000000000001 0.7140625 0.4234375 0.7140625
3 0.1609375000000001 0.7703125 0.1375000000000001 0.7703125 0.1375000000000001 0.7875 0.1609375000000001 0.7875
0 0.34843750000000007 0.8109375 0.3343750000000001 0.8109375 0.3343750000000001 0.8265625 0.34843750000000007 0.8265625
6 0.02187500000000007 0.5875 0.003125000000000072 0.5875 0.0031250000000000735 0.6109375 0.02187500000000007 0.6109375
6 0.01875000000000009 0.715625 8.763878656398247e-17 0.715625 8.87868929381831e-17 0.734375 0.01875000000000009 0.734375
6 0.5359375 0.525 0.5171875 0.525 0.5171875 0.59375 0.5359375 0.59375
6 0.5171875 0.525 0.5 0.525 0.5 0.578125 0.5171875 0.578125
6 0.7875 0.6906250000000002 0.7359375 0.6906250000000002 0.7359375 0.7109375000000002 0.7875 0.7109375000000002
6 0.540625 0.11406250000000004 0.5234375 0.11406250000000004 0.5234375 0.18437500000000004 0.540625 0.18437500000000004
6 0.5078125000000002 0.821875 0.4812500000000002 0.821875 0.4812500000000002 0.8390625 0.5078125000000002 0.8390625
2 0.6296875 0.7078125 0.6109375 0.7078125 0.6109375 0.7234375 0.6296875 0.7234375
2 0.6984375000000002 0.8546875 0.6812500000000001 0.8546875 0.6812500000000001 0.871875 0.6984375000000002 0.871875
2 0.6734375000000001 0.7171875 0.653125 0.7171875 0.6531250000000001 0.7328125 0.6734375000000001 0.7328125
2 0.7203125000000001 0.715625 0.6984375 0.715625 0.6984375 0.7328125 0.7203125000000001 0.7328125
2 0.775 0.6234375000000002 0.759375 0.6234375000000002 0.759375 0.6390625000000002 0.775 0.6390625000000002
2 0.8546875 0.6218750000000002 0.8359375 0.6218750000000002 0.8359375 0.6375000000000002 0.8546875 0.6375000000000002
2 0.9125 0.5578125000000002 0.8953125 0.5578125000000002 0.8953125 0.5703125000000002 0.9125 0.5703125000000002
2 0.8671875 0.5093750000000001 0.859375 0.5093750000000001 0.859375 0.5390625000000002 0.8671875 0.5390625000000002
2 0.68125 0.5921875 0.6671875 0.5921875 0.6671875 0.60625 0.68125 0.60625
2 0.6203125 0.5828125 0.603125 0.5828125 0.603125 0.6015625 0.6203125 0.6015625
2 0.553125 0.5625 0.540625 0.5625 0.540625 0.584375 0.553125 0.584375
2 0.5265625 0.590625 0.5109375 0.590625 0.5109375 0.6125 0.5265625 0.6125
2 0.5890625 0.715625 0.56875 0.715625 0.5687500000000001 0.7359375 0.5890625000000002 0.7359375
2 0.9109375 0.46875000000000017 0.903125 0.46875000000000017 0.903125 0.49531250000000016 0.9109375 0.49531250000000016
2 0.9765625 0.5937500000000002 0.9578125 0.5937500000000002 0.9578125 0.6093750000000002 0.9765625 0.6093750000000002
3 0.7921875 0.5937500000000002 0.771875 0.5937500000000002 0.771875 0.6078125000000002 0.7921875 0.6078125000000002
3 0.7968750000000001 0.7218750000000002 0.775 0.7218750000000002 0.7750000000000001 0.7375000000000002 0.7968750000000002 0.7375000000000002
5 0.8890625 0.7156250000000002 0.8234375 0.7156250000000002 0.8234375 0.7406250000000002 0.8890625 0.7406250000000002
2 0.4484375 0.03437500000000006 0.4390625 0.03437500000000006 0.4390625 0.06093750000000005 0.4484375 0.06093750000000005
2 0.4375 0.028125000000000056 0.43125 0.028125000000000056 0.43125 0.059375000000000046 0.4375 0.059375000000000046
2 0.453125 0.16875000000000004 0.4375 0.16875000000000004 0.4375 0.18906250000000005 0.453125 0.18906250000000005
2 0.4359375 0.18281250000000004 0.421875 0.18281250000000004 0.421875 0.20312500000000008 0.4359375 0.20312500000000008
2 0.4796875 0.17812500000000003 0.4703125 0.17812500000000003 0.4703125 0.2093750000000001 0.4796875 0.2093750000000001
2 0.4671875 0.2218750000000001 0.45625 0.2218750000000001 0.45625 0.2515625000000001 0.4671875 0.2515625000000001
2 0.4546875 0.23437500000000008 0.4359375 0.23437500000000008 0.4359375 0.25468750000000007 0.4546875 0.25468750000000007
2 0.453125 0.26250000000000007 0.4375 0.26250000000000007 0.4375 0.2828125000000001 0.453125 0.2828125000000001
2 0.4484375 0.2796875000000001 0.4328125 0.2796875000000001 0.4328125 0.30156250000000007 0.4484375 0.30156250000000007
2 0.45625 0.30937500000000007 0.446875 0.30937500000000007 0.446875 0.33281250000000007 0.45625 0.33281250000000007
2 0.5453125 0.3390625000000001 0.5359375 0.3390625000000001 0.5359375 0.37187500000000007 0.5453125 0.37187500000000007
2 0.5359375 0.36406250000000007 0.5265625 0.36406250000000007 0.5265625 0.3937500000000001 0.5359375 0.3937500000000001
2 0.5078125 0.3546875000000001 0.4984375 0.3546875000000001 0.4984375 0.3859375000000001 0.5078125 0.3859375000000001
2 0.4796875 0.3890625000000001 0.46875 0.3890625000000001 0.46875 0.41875 0.4796875 0.41875
3 0.4609375 0.3437500000000001 0.4515625 0.3437500000000001 0.4515625 0.3812500000000001 0.4609375 0.3812500000000001
3 0.540625 0.4125 0.5296875 0.4125 0.5296875 0.45 0.540625 0.45
3 0.5984375 0.671875 0.58125 0.671875 0.58125 0.6890625 0.5984375 0.6890625
3 0.5421875 0.6453125 0.5203125 0.6453125 0.5203125 0.6765625 0.5421875 0.6765625
6 0.465625 0.596875 0.4296875 0.596875 0.4296875 0.6375 0.465625 0.6375
0 0.4515625 0.5359375 0.4421875 0.5359375 0.4421875 0.553125 0.4515625 0.553125
0 0.44375 0.484375 0.4328125 0.484375 0.4328125 0.49375 0.44375 0.49375
0 0.45625 0.4984375 0.446875 0.4984375 0.446875 0.5140625 0.45625 0.5140625
0 0.45625 0.4828125 0.4453125 0.4828125 0.4453125 0.4984375 0.45625 0.4984375
0 0.509375 0.16406250000000006 0.5015625 0.16406250000000006 0.5015625 0.18750000000000006 0.509375 0.18750000000000006
0 0.4546875 0.19062500000000004 0.4453125 0.19062500000000004 0.4453125 0.2062500000000001 0.4546875 0.2062500000000001
2 0.44375 0.15156250000000004 0.4265625 0.15156250000000004 0.4265625 0.16250000000000003 0.44375 0.16250000000000003
0 0.715625 0.6703125 0.7046875 0.6703125 0.7046875 0.6828125 0.715625 0.6828125
2 0.5140625000000001 0.7234375 0.5 0.7234375 0.5000000000000001 0.734375 0.5140625000000002 0.734375
0 0.440625 0.678125 0.43125 0.678125 0.43125 0.6859375 0.440625 0.6859375
6 0.4406250000000001 0.715625 0.4046875 0.715625 0.4046875000000001 0.7359375 0.44062500000000016 0.7359375
1 0.3906250000000001 0.715625 0.3453125000000001 0.715625 0.3453125000000001 0.7375 0.3906250000000001 0.7375
6 0.3500000000000001 0.6734375 0.3140625000000001 0.6734375 0.3140625000000001 0.6953125 0.3500000000000001 0.6953125
4 0.020312500000000077 0.6203125 0.010937500000000076 0.6203125 0.010937500000000076 0.6296875 0.020312500000000077 0.6296875
4 0.1531250000000001 0.828125 0.1437500000000001 0.828125 0.1437500000000001 0.834375 0.1531250000000001 0.834375
4 0.3859375000000001 0.8171875 0.3765625000000001 0.8171875 0.3765625000000001 0.8234375 0.3859375000000001 0.8234375
4 0.6406250000000002 0.8265625 0.6343750000000001 0.8265625 0.6343750000000001 0.834375 0.6406250000000002 0.834375
4 0.6781250000000002 0.8046875 0.6687500000000002 0.8046875 0.6687500000000002 0.8125 0.6781250000000002 0.8125
4 0.6796875000000002 0.8296875 0.6734375000000001 0.8296875 0.6734375000000001 0.8390625 0.6796875000000002 0.8390625
4 0.7859375000000002 0.8375 0.7781250000000002 0.8375 0.7781250000000002 0.84375 0.7859375000000002 0.84375
4 0.9453125 0.825 0.9359375 0.825 0.9359375 0.83125 0.9453125 0.83125
4 0.9796875 0.8421875 0.96875 0.8421875 0.96875 0.85 0.9796875 0.85
4 0.9921875 0.6656250000000001 0.984375 0.6656250000000001 0.984375 0.6734375000000001 0.9921875 0.6734375000000001
4 0.9984375 0.6750000000000002 0.990625 0.6750000000000002 0.990625 0.6796875000000002 0.9984375 0.6796875000000002
4 0.953125 0.6312500000000002 0.9453125 0.6312500000000002 0.9453125 0.6406250000000002 0.953125 0.6406250000000002
4 0.7640625 0.6656250000000001 0.7578125 0.6656250000000001 0.7578125 0.6718750000000002 0.7640625 0.6718750000000002
4 0.73125 0.6609375000000001 0.725 0.6609375 0.725 0.6671875 0.73125 0.6671875000000002
4 0.7578125 0.7140625000000002 0.75 0.7140625000000002 0.75 0.7234375000000002 0.7578125 0.7234375000000002
4 0.565625 0.68125 0.5578125 0.68125 0.5578125 0.6875 0.565625 0.6875
4 0.6203125 0.6296875 0.6140625 0.6296875 0.6140625 0.6359375 0.6203125 0.6359375
4 0.4828125 0.471875 0.4734375 0.471875 0.4734375 0.4875 0.4828125 0.4875
0 0.546875 0.5421875 0.5375 0.5421875 0.5375 0.5578125 0.546875 0.5578125
6 0.23593750000000008 0.7953125 0.19687500000000008 0.7953125 0.19687500000000008 0.8171875 0.23593750000000008 0.8171875
6 0.3921875000000001 0.6546875 0.3609375000000001 0.6546875 0.3609375000000001 0.6765625 0.3921875000000001 0.6765625