2 0.6171875000000002 0.8265625 0.6093750000000002 0.8265625 0.6093750000000002 0.8609375 0.6171875000000002 0.8609375
2 0.5671875000000002 0.734375 0.5593750000000002 0.734375 0.5593750000000002 0.765625 0.5671875000000002 0.765625
2 0.5843750000000002 0.7421875 0.5765625000000002 0.7421875 0.5765625000000002 0.775 0.5843750000000002 0.775
2 0.5859375000000001 0.7078125 0.578125 0.7078125 0.5781250000000001 0.7390625 0.5859375000000002 0.7390625
2 0.5765625000000001 0.709375 0.56875 0.709375 0.5687500000000001 0.7375 0.5765625000000002 0.7375
2 0.578125 0.6390625 0.5703125 0.6390625 0.5703125 0.66875 0.578125 0.66875
2 0.5875 0.6765625 0.5796875 0.6765625 0.5796875 0.7015625 0.5875 0.7015625
2 0.5796875 0.6671875 0.5703125 0.6671875 0.5703125 0.703125 0.5796875 0.703125
2 0.5703125 0.6671875 0.5625 0.6671875 0.5625 0.696875 0.5703125 0.696875
0 0.5875 0.65 0.5796875 0.65 0.5796875 0.675 0.5875 0.675
4 0.55 0.646875 0.5421875 0.646875 0.5421875 0.6625 0.55 0.6625
4 0.5625 0.65 0.5578125 0.65 0.5578125 0.665625 0.5625 0.665625
4 0.55625 0.6453125 0.5515625 0.6453125 0.5515625 0.665625 0.55625 0.665625
4 0.56875 0.7015625 0.5625 0.7015625 0.5625 0.715625 0.56875 0.715625
4 0.5734375000000002 0.7421875 0.5687500000000002 0.7421875 0.5687500000000002 0.7609375 0.5734375000000002 0.7609375
0 0.5703125000000002 0.765625 0.5625000000000002 0.765625 0.5625000000000002 0.7890625 0.5703125000000002 0.7890625
4 0.55625 0.603125 0.55 0.603125 0.55 0.615625 0.55625 0.615625
4 0.5484375 0.6015625 0.540625 0.6015625 0.540625 0.6171875 0.5484375 0.6171875
2 0.63125 0.4625 0.6203125 0.4625 0.6203125 0.4921875 0.63125 0.4921875
4 0.565625 0.4015625 0.55625 0.4015625 0.55625 0.4109375 0.565625 0.4109375
4 0.546875 0.3937500000000001 0.5375 0.3937500000000001 0.5375 0.403125 0.546875 0.403125
4 0.565625 0.3937500000000001 0.5578125 0.3937500000000001 0.5578125 0.4 0.565625 0.4
0 0.575 0.3703125000000001 0.5609375 0.3703125000000001 0.5609375 0.3828125000000001 0.575 0.3828125000000001
0 0.5125 0.4453125 0.4984375 0.4453125 0.4984375 0.4578125 0.5125 0.4578125
2 0.7296875 0.5281250000000001 0.7140625 0.528125 0.7140625 0.5484375000000001 0.7296875 0.5484375000000001
2 0.6890625 0.5234375 0.6734375 0.5234375 0.6734375 0.5375 0.6890625 0.5375
2 0.809375 0.5484375000000001 0.790625 0.5484375000000001 0.790625 0.5593750000000002 0.809375 0.5593750000000002
4 0.825 0.5281250000000002 0.815625 0.5281250000000002 0.815625 0.5375000000000002 0.825 0.5375000000000002
4 0.690625 0.5453125 0.6828125 0.5453125 0.6828125 0.5515625 0.690625 0.5515625
4 0.6890625 0.55625 0.6796875 0.55625 0.6796875 0.5625 0.6890625 0.5625
4 0.684375 0.5484375 0.6765625 0.5484375 0.6765625 0.553125 0.684375 0.553125
4 0.690625 0.5390625 0.6828125 0.5390625 0.6828125 0.5453125 0.690625 0.5453125
4 0.684375 0.5390625 0.675 0.5390625 0.675 0.5453125 0.684375 0.5453125
4 0.68125 0.5125 0.671875 0.5125 0.671875 0.51875 0.68125 0.51875
4 0.9515625 0.39531250000000007 0.9421875 0.39531250000000007 0.9421875 0.40625000000000017 0.9515625 0.40625000000000017
2 0.9765625 0.3500000000000001 0.9546875 0.3500000000000001 0.9546875 0.3656250000000001 0.9765625 0.3656250000000001
2 0.3921875000000001 0.575 0.37187500000000007 0.575 0.37187500000000007 0.5921875 0.3921875000000001 0.5921875
0 0.7109375 0.5078125 0.6953125 0.5078125 0.6953125 0.5265625 0.7109375 0.5265625
2 0.8421875 0.34062500000000007 0.8203125 0.34062500000000007 0.8203125 0.3625000000000001 0.8421875 0.3625000000000001
2 0.7890625 0.3265625000000001 0.778125 0.3265625000000001 0.778125 0.3531250000000001 0.7890625 0.3531250000000001
2 0.203125 0.28125 0.19218750000000004 0.28125 0.19218750000000004 0.3125 0.203125 0.3125
4 0.25468750000000007 0.6078125 0.24375000000000008 0.6078125 0.24375000000000008 0.6171875 0.25468750000000007 0.6171875
4 0.2234375000000001 0.575 0.21250000000000008 0.575 0.21250000000000008 0.5828125 0.2234375000000001 0.5828125
4 0.12500000000000006 0.5421875 0.11406250000000004 0.5421875 0.11406250000000007 0.546875 0.12500000000000008 0.546875
4 0.24375 0.14375000000000004 0.2390625 0.14375000000000004 0.2390625 0.15937500000000004 0.24375 0.15937500000000004