4 0.04375000000000007 0.53125 0.028125000000000067 0.53125 0.028125000000000067 0.5453125 0.04375000000000007 0.5453125
4 0.026562500000000065 0.521875 0.015625000000000066 0.521875 0.015625000000000066 0.53125 0.026562500000000065 0.53125
4 0.06718750000000007 0.525 0.05156250000000007 0.525 0.05156250000000007 0.5359375 0.06718750000000007 0.5359375
4 0.06406250000000006 0.55 0.05312500000000007 0.55 0.05312500000000007 0.5640625 0.06406250000000006 0.5640625
4 0.07812500000000007 0.553125 0.06718750000000007 0.553125 0.06718750000000007 0.565625 0.07812500000000007 0.565625
4 0.10312500000000009 0.546875 0.09218750000000006 0.546875 0.09218750000000006 0.5609375 0.10312500000000009 0.5609375
4 0.1625000000000001 0.5453125 0.1515625000000001 0.5453125 0.1515625000000001 0.5609375 0.1625000000000001 0.5609375
4 0.1703125000000001 0.5578125 0.1593750000000001 0.5578125 0.1593750000000001 0.571875 0.1703125000000001 0.571875
4 0.19531250000000006 0.540625 0.18281250000000004 0.540625 0.18281250000000007 0.559375 0.19531250000000008 0.559375
4 0.22812500000000008 0.54375 0.2140625000000001 0.54375 0.2140625000000001 0.559375 0.22812500000000008 0.559375
4 0.2093750000000001 0.5625 0.1984375000000001 0.5625 0.1984375000000001 0.5765625 0.2093750000000001 0.5765625
4 0.19062500000000004 0.44375 0.17968750000000006 0.44375 0.17968750000000006 0.4546875 0.19062500000000004 0.4546875
4 0.2218750000000001 0.4484375 0.2062500000000001 0.4484375 0.2062500000000001 0.4640625 0.2218750000000001 0.4640625
4 0.14843750000000006 0.4421875 0.13437500000000005 0.4421875 0.13437500000000005 0.45625 0.14843750000000006 0.45625
4 0.09375000000000007 0.4609375 0.07968750000000006 0.4609375 0.07968750000000006 0.4765625 0.09375000000000007 0.4765625
0 0.10781250000000005 0.425 0.08906250000000004 0.425 0.08906250000000004 0.4421875 0.10781250000000005 0.4421875
0 0.09531250000000005 0.44375 0.07343750000000004 0.44375 0.07343750000000006 0.459375 0.09531250000000006 0.459375
0 0.025000000000000067 0.5375 0.007812500000000066 0.5375 0.007812500000000066 0.5546875 0.025000000000000067 0.5546875
0 0.1312500000000001 0.55 0.11562500000000009 0.55 0.11562500000000009 0.5625 0.1312500000000001 0.5625
0 0.17812500000000003 0.425 0.15468750000000003 0.425 0.15468750000000003 0.44375 0.17812500000000003 0.44375
0 0.28593750000000007 0.428125 0.27031250000000007 0.428125 0.27031250000000007 0.4390625 0.28593750000000007 0.4390625
4 0.2921875000000001 0.4421875 0.2765625000000001 0.4421875 0.2765625000000001 0.4609375 0.2921875000000001 0.4609375
4 0.33281250000000007 0.4359375 0.3203125000000001 0.4359375 0.3203125000000001 0.446875 0.33281250000000007 0.446875
4 0.3578125000000001 0.415625 0.3437500000000001 0.415625 0.3437500000000001 0.4296875 0.3578125000000001 0.4296875
4 0.3828125000000001 0.425 0.3687500000000001 0.425 0.3687500000000001 0.4375 0.3828125000000001 0.4375
4 0.3687500000000001 0.51875 0.3546875000000001 0.51875 0.3546875000000001 0.5296875 0.3687500000000001 0.5296875
4 0.3468750000000001 0.5234375 0.3343750000000001 0.5234375 0.3343750000000001 0.534375 0.3468750000000001 0.534375
4 0.3218750000000001 0.528125 0.3109375000000001 0.528125 0.3109375000000001 0.54375 0.3218750000000001 0.54375
4 0.3421875000000001 0.5421875 0.3281250000000001 0.5421875 0.3281250000000001 0.5578125 0.3421875000000001 0.5578125
4 0.3375000000000001 0.5609375 0.32500000000000007 0.5609375 0.32500000000000007 0.571875 0.3375000000000001 0.571875
4 0.409375 0.5390625 0.3968750000000001 0.5390625 0.3968750000000001 0.553125 0.409375 0.553125
4 0.4328125 0.41875 0.41875 0.41875 0.41875 0.4328125 0.4328125 0.4328125
4 0.4703125 0.434375 0.459375 0.434375 0.459375 0.4484375 0.4703125 0.4484375
4 0.4609375 0.5390625 0.446875 0.5390625 0.446875 0.553125 0.4609375 0.553125
4 0.4546875 0.5578125 0.4421875 0.5578125 0.4421875 0.5734375 0.4546875 0.5734375
4 0.4828125 0.534375 0.471875 0.534375 0.471875 0.5453125 0.4828125 0.5453125
4 0.525 0.5390625 0.5140625 0.5390625 0.5140625 0.553125 0.525 0.553125
4 0.5375 0.5328125 0.5265625 0.5328125 0.5265625 0.546875 0.5375 0.546875
4 0.5609375 0.5421875 0.55 0.5421875 0.55 0.5578125 0.5609375 0.5578125
4 0.5796875 0.5359375 0.5671875 0.5359375 0.5671875 0.55 0.5796875 0.55
4 0.5828125 0.5546875 0.571875 0.5546875 0.571875 0.56875 0.5828125 0.56875
4 0.546875 0.425 0.534375 0.425 0.534375 0.4390625 0.546875 0.4390625
4 0.5375 0.409375 0.5203125 0.409375 0.5203125 0.4234375 0.5375 0.4234375
4 0.59375 0.4171875 0.5828125 0.4171875 0.5828125 0.428125 0.59375 0.428125
6 0.646875 0.5109375 0.5859375 0.5109375 0.5859375 0.540625 0.646875 0.540625
4 0.615625 0.54375 0.6 0.54375 0.6 0.559375 0.615625 0.559375
4 0.6484375 0.446875 0.634375 0.446875 0.634375 0.465625 0.6484375 0.465625
4 0.64375 0.4296875 0.6328125 0.4296875 0.6328125 0.440625 0.64375 0.440625
4 0.684375 0.5328125 0.671875 0.5328125 0.671875 0.546875 0.684375 0.546875
4 0.6734375 0.5453125 0.6578125 0.5453125 0.6578125 0.55625 0.6734375 0.55625
4 0.6765625 0.5546875 0.6609375 0.5546875 0.6609375 0.565625 0.6765625 0.565625
4 0.75 0.5515625000000002 0.734375 0.5515625000000002 0.734375 0.5609375000000002 0.75 0.5609375000000002
4 0.775 0.5390625000000002 0.7609375 0.5390625000000002 0.7609375 0.5531250000000002 0.775 0.5531250000000002
4 0.7828125 0.5234375000000002 0.7671875 0.5234375000000002 0.7671875 0.5406250000000001 0.7828125 0.5406250000000001
4 0.7546875 0.4390625000000002 0.7390625 0.4390625000000002 0.7390625 0.4500000000000002 0.7546875 0.4500000000000002
4 0.7140625 0.4203125 0.7 0.4203125 0.7 0.4359375 0.7140625 0.4359375
4 0.8015625 0.4078125000000002 0.7875 0.4078125000000002 0.7875 0.4203125000000002 0.8015625 0.4203125000000002
4 0.8109375 0.5156250000000002 0.7953125 0.5156250000000002 0.7953125 0.5359375000000002 0.8109375 0.5359375000000002
4 0.803125 0.5406250000000001 0.7890625 0.5406250000000001 0.7890625 0.5562500000000001 0.803125 0.5562500000000001
4 0.8796875 0.5343750000000002 0.8640625 0.5343750000000002 0.8640625 0.5484375000000001 0.8796875 0.5484375000000001
4 0.915625 0.5390625000000002 0.9015625 0.5390625000000002 0.9015625 0.5546875000000002 0.915625 0.5546875000000002
0 0.846875 0.43750000000000017 0.8296875 0.43750000000000017 0.8296875 0.4546875000000002 0.846875 0.4546875000000002
0 0.8296875 0.4203125000000002 0.8109375 0.4203125000000002 0.8109375 0.44062500000000016 0.8296875 0.44062500000000016
4 0.9265625 0.40625000000000017 0.9109375 0.40625000000000017 0.9109375 0.41718750000000016 0.9265625 0.41718750000000016
4 0.9859375 0.4187500000000002 0.971875 0.4187500000000002 0.971875 0.4343750000000002 0.9859375 0.4343750000000002
4 0.9921875 0.5234375000000002 0.9765625 0.5234375000000002 0.9765625 0.5343750000000002 0.9921875 0.5343750000000002
4 0.9828125 0.5500000000000002 0.96875 0.5500000000000002 0.96875 0.5640625000000001 0.9828125 0.5640625000000001
2 0.971875 0.5062500000000002 0.9390625 0.5062500000000002 0.9390625 0.5312500000000002 0.971875 0.5312500000000002
2 0.896875 0.4125000000000002 0.8671875 0.4125000000000002 0.8671875 0.43281250000000016 0.896875 0.43281250000000016
6 0.93125 0.4312500000000002 0.8875 0.4312500000000002 0.8875 0.4656250000000002 0.93125 0.4656250000000002
2 0.8625 0.5062500000000002 0.834375 0.5062500000000002 0.834375 0.5265625000000002 0.8625 0.5265625000000002
6 0.2671875000000001 0.5171875 0.23593750000000008 0.5171875 0.23593750000000008 0.5515625 0.2671875000000001 0.5515625
0 0.048437500000000064 0.5515625 0.029687500000000068 0.5515625 0.029687500000000068 0.571875 0.048437500000000064 0.571875
4 0.06250000000000007 0.565625 0.050000000000000065 0.565625 0.050000000000000065 0.5796875 0.06250000000000007 0.5796875
6 0.5234375 0.5109375 0.49375 0.5109375 0.49375 0.5359375 0.5234375 0.5359375