2 0.7453125 0.4453125000000001 0.71875 0.4453125 0.71875 0.4718750000000001 0.7453125 0.47187500000000016
4 0.628125 0.4484375 0.6109375 0.4484375 0.6109375 0.4703125 0.628125 0.4703125
4 0.696875 0.4234375 0.684375 0.4234375 0.684375 0.446875 0.696875 0.446875
4 0.48125 0.490625 0.471875 0.490625 0.471875 0.515625 0.48125 0.515625
1 0.5109375 0.3906250000000001 0.4703125 0.3906250000000001 0.4703125 0.475 0.5109375 0.475
4 0.5015625 0.50625 0.4890625 0.50625 0.4890625 0.5359375 0.5015625 0.5359375
4 0.4609375 0.4921875 0.4515625 0.4921875 0.4515625 0.5140625 0.4609375 0.5140625
4 0.45625 0.5453125 0.4484375 0.5453125 0.4484375 0.5640625 0.45625 0.5640625
4 0.484375 0.56875 0.475 0.56875 0.475 0.59375 0.484375 0.59375
4 0.478125 0.534375 0.471875 0.534375 0.471875 0.5546875 0.478125 0.5546875
0 0.4890625 0.5203125 0.4765625 0.5203125 0.4765625 0.5484375 0.4890625 0.5484375
0 0.4703125 0.509375 0.459375 0.509375 0.459375 0.5375 0.4703125 0.5375
0 0.459375 0.6 0.4453125 0.6 0.4453125 0.63125 0.459375 0.63125
0 0.4703125 0.5453125 0.4609375 0.5453125 0.4609375 0.5734375 0.4703125 0.5734375
4 0.79375 0.4781250000000002 0.7796875 0.4781250000000002 0.7796875 0.49531250000000016 0.79375 0.49531250000000016
4 0.753125 0.4156250000000002 0.7453125 0.4156250000000002 0.7453125 0.43750000000000017 0.753125 0.43750000000000017
4 0.759375 0.3656250000000001 0.7546875 0.3656250000000001 0.7546875 0.3812500000000001 0.759375 0.3812500000000001
4 0.8875 0.37187500000000007 0.8765625 0.37187500000000007 0.8765625 0.3968750000000001 0.8875 0.3968750000000001
4 0.815625 0.36406250000000007 0.80625 0.36406250000000007 0.80625 0.3843750000000001 0.815625 0.3843750000000001
4 0.7765625 0.37187500000000007 0.7703125 0.37187500000000007 0.7703125 0.3921875000000001 0.7765625 0.3921875000000001
4 0.8 0.4156250000000002 0.79375 0.4156250000000002 0.79375 0.43750000000000017 0.8 0.43750000000000017
4 0.8171875 0.4156250000000002 0.8109375 0.4156250000000002 0.8109375 0.4359375000000002 0.8171875 0.4359375000000002
4 0.8515625 0.4125000000000002 0.8453125 0.4125000000000002 0.8453125 0.43281250000000016 0.8515625 0.43281250000000016
4 0.875 0.4109375000000002 0.86875 0.4109375000000002 0.86875 0.4312500000000002 0.875 0.4312500000000002
0 0.85 0.4703125000000002 0.83125 0.4703125000000002 0.83125 0.49218750000000017 0.85 0.49218750000000017
4 0.85 0.3687500000000001 0.8421875 0.3687500000000001 0.8421875 0.3859375000000001 0.85 0.3859375000000001
4 0.865625 0.3687500000000001 0.85625 0.3687500000000001 0.85625 0.3890625000000001 0.865625 0.3890625000000001
0 0.896875 0.45625000000000016 0.8796875 0.45625000000000016 0.8796875 0.4781250000000002 0.896875 0.4781250000000002
0 0.9703125 0.5640625000000001 0.9484375 0.5640625000000001 0.9484375 0.5828125000000002 0.9703125 0.5828125000000002
0 0.6453125 0.5046875 0.63125 0.5046875 0.63125 0.525 0.6453125 0.525
0 0.63125 0.5828125 0.6125 0.5828125 0.6125 0.5984375 0.63125 0.5984375
0 0.7765625 0.6265625000000001 0.765625 0.6265625000000001 0.765625 0.6593750000000002 0.7765625 0.6593750000000002
0 0.79375 0.6265625000000001 0.7828125 0.6265625000000001 0.7828125 0.6593750000000002 0.79375 0.6593750000000002
0 0.7125 0.5421875 0.6921875 0.5421875 0.6921875 0.5640625 0.7125 0.5640625
0 0.6859375 0.575 0.6671875 0.575 0.6671875 0.5875 0.6859375 0.5875
4 0.784375 0.6453125000000002 0.7765625 0.6453125000000002 0.7765625 0.6718750000000002 0.784375 0.6718750000000002
4 0.7125 0.625 0.696875 0.625 0.696875 0.6359375 0.7125 0.6359375
4 0.7109375 0.6359375 0.7 0.6359375 0.7 0.64375 0.7109375 0.64375
4 0.7125 0.65 0.6984375 0.65 0.6984375 0.659375 0.7125 0.659375
4 0.7421875 0.6453125000000002 0.728125 0.6453125000000002 0.728125 0.6593750000000002 0.7421875 0.6593750000000002
4 0.7390625 0.6640625000000002 0.728125 0.6640625000000002 0.728125 0.6750000000000002 0.7390625 0.6750000000000002
2 0.740625 0.6781250000000001 0.7203125 0.678125 0.7203125 0.7203125000000001 0.740625 0.7203125000000001
2 0.7187500000000002 0.7859375 0.6921875000000002 0.7859375 0.6921875000000002 0.828125 0.7187500000000002 0.828125
2 0.909375 0.5093750000000001 0.8890625 0.5093750000000001 0.8890625 0.5375000000000002 0.909375 0.5375000000000002
2 0.94375 0.46875000000000017 0.9140625 0.46875000000000017 0.9140625 0.5000000000000002 0.94375 0.5000000000000002
2 0.9015625 0.5640625000000001 0.88125 0.5640625000000001 0.88125 0.5937500000000002 0.9015625 0.5937500000000002
2 0.834375 0.49218750000000017 0.8140625 0.49218750000000017 0.8140625 0.5140625000000002 0.834375 0.5140625000000002
4 0.8734375 0.5734375000000002 0.859375 0.5734375000000002 0.859375 0.5890625000000002 0.8734375 0.5890625000000002
4 0.86875 0.5921875000000002 0.8578125 0.5921875000000002 0.8578125 0.6062500000000002 0.86875 0.6062500000000002
4 0.93125 0.5687500000000002 0.9203125 0.5687500000000002 0.9203125 0.5828125000000002 0.93125 0.5828125000000002
4 0.940625 0.5859375000000002 0.9296875 0.5859375000000002 0.9296875 0.6000000000000002 0.940625 0.6000000000000002
0 0.978125 0.6015625000000002 0.95625 0.6015625000000002 0.95625 0.6234375000000002 0.978125 0.6234375000000002
0 0.65625 0.5296875 0.6375 0.5296875 0.6375 0.5421875 0.65625 0.5421875
2 0.6375 0.5203125 0.6109375 0.5203125 0.6109375 0.5375 0.6375 0.5375
2 0.6359375 0.54375 0.6140625 0.54375 0.6140625 0.559375 0.6359375 0.559375
2 0.6578125 0.546875 0.6390625 0.546875 0.6390625 0.5609375 0.6578125 0.5609375
2 0.690625 0.5296875 0.6671875 0.5296875 0.6671875 0.5515625 0.690625 0.5515625
2 0.6640625 0.565625 0.6453125 0.565625 0.6453125 0.5765625 0.6640625 0.5765625
4 0.6578125 0.503125 0.6484375 0.503125 0.6484375 0.5203125 0.6578125 0.5203125
4 0.6671875 0.5 0.659375 0.5 0.659375 0.51875 0.6671875 0.51875
4 0.621875 0.50625 0.609375 0.50625 0.609375 0.5171875 0.621875 0.5171875
4 0.6203125 0.5609375 0.6109375 0.5609375 0.6109375 0.571875 0.6203125 0.571875
4 0.6328125 0.5609375 0.625 0.5609375 0.625 0.5703125 0.6328125 0.5703125
4 0.6390625 0.5828125 0.6296875 0.5828125 0.6296875 0.5984375 0.6390625 0.5984375
4 0.5078125000000002 0.7265625 0.4984375000000002 0.7265625 0.4984375000000002 0.746875 0.5078125000000002 0.746875
0 0.51875 0.6796875 0.503125 0.6796875 0.503125 0.709375 0.51875 0.709375
0 0.4640625 0.6375 0.453125 0.6375 0.453125 0.6625 0.4640625 0.6625
0 0.4515625 0.64375 0.440625 0.64375 0.440625 0.6703125 0.4515625 0.6703125
0 0.4640625 0.6671875 0.4578125 0.6671875 0.4578125 0.6953125 0.4640625 0.6953125
0 0.478125 0.6875 0.4671875 0.6875 0.4671875 0.715625 0.478125 0.715625
0 0.4406250000000001 0.7203125 0.4296875 0.7203125 0.4296875000000001 0.753125 0.44062500000000016 0.753125
0 0.4625000000000001 0.709375 0.4546875 0.709375 0.4546875000000001 0.734375 0.4625000000000002 0.734375
0 0.4500000000000002 0.7890625 0.43750000000000017 0.7890625 0.43750000000000017 0.8125 0.4500000000000002 0.8125
0 0.4718750000000001 0.7234375 0.4625 0.7234375 0.4625000000000001 0.7546875 0.47187500000000016 0.7546875
0 0.4625000000000002 0.790625 0.4515625000000002 0.790625 0.4515625000000002 0.821875 0.4625000000000002 0.821875
0 0.4390625000000002 0.8046875 0.42968750000000017 0.8046875 0.42968750000000017 0.8328125 0.4390625000000002 0.8328125
0 0.4515625000000002 0.8140625 0.44531250000000017 0.8140625 0.44531250000000017 0.8375 0.4515625000000002 0.8375
2 0.4703125000000002 0.8109375 0.45625000000000016 0.8109375 0.45625000000000016 0.853125 0.4703125000000002 0.853125
0 0.484375 0.64375 0.46875 0.64375 0.46875 0.675 0.484375 0.675
4 0.4375 0.6625 0.4296875 0.6625 0.4296875 0.6890625 0.4375 0.6890625
4 0.45625 0.6734375 0.45 0.6734375 0.45 0.696875 0.45625 0.696875
4 0.45 0.6828125 0.44375 0.6828125 0.44375 0.7 0.45 0.7
4 0.4531250000000001 0.709375 0.4453125 0.709375 0.4453125000000001 0.7359375 0.45312500000000017 0.7359375
4 0.4468750000000002 0.7546875 0.4390625000000002 0.7546875 0.4390625000000002 0.775 0.4468750000000002 0.775
4 0.803125 0.3703125000000001 0.7953125 0.3703125000000001 0.7953125 0.3921875000000001 0.803125 0.3921875000000001
4 0.17656250000000007 0.540625 0.16718750000000004 0.540625 0.16718750000000007 0.5578125 0.1765625000000001 0.5578125
4 0.24218750000000008 0.5578125 0.22812500000000008 0.5578125 0.22812500000000008 0.5734375 0.24218750000000008 0.5734375
4 0.21093750000000008 0.5828125 0.19531250000000008 0.5828125 0.19531250000000008 0.6 0.21093750000000008 0.6
4 0.2734375000000001 0.6078125 0.2593750000000001 0.6078125 0.2593750000000001 0.625 0.2734375000000001 0.625
0 0.15156250000000007 0.54375 0.13437500000000005 0.54375 0.13437500000000008 0.5640625 0.1515625000000001 0.5640625
0 0.1859375000000001 0.5609375 0.16562500000000008 0.5609375 0.16562500000000008 0.5859375 0.1859375000000001 0.5859375
2 0.19531250000000008 0.6 0.17343750000000008 0.6 0.17343750000000008 0.6296875 0.19531250000000008 0.6296875
2 0.08750000000000006 0.54375 0.06406250000000006 0.54375 0.06406250000000006 0.5640625 0.08750000000000006 0.5640625
2 0.042187500000000065 0.5296875 0.020312500000000067 0.5296875 0.020312500000000067 0.546875 0.042187500000000065 0.546875
2 0.06250000000000007 0.54375 0.04531250000000007 0.54375 0.04531250000000007 0.559375 0.06250000000000007 0.559375
2 0.050000000000000065 0.5609375 0.03750000000000007 0.5609375 0.03750000000000007 0.5890625 0.050000000000000065 0.5890625
2 0.06250000000000007 0.565625 0.05156250000000007 0.565625 0.05156250000000007 0.5921875 0.06250000000000007 0.5921875
2 0.10312500000000009 0.5671875 0.08125000000000007 0.5671875 0.08125000000000007 0.5890625 0.10312500000000009 0.5890625
2 0.10937500000000008 0.634375 0.08750000000000006 0.634375 0.08750000000000008 0.665625 0.10937500000000008 0.665625
2 0.10312500000000009 0.6671875 0.08125000000000009 0.6671875 0.08125000000000009 0.7015625 0.10312500000000009 0.7015625
2 0.09687500000000009 0.70625 0.08125000000000009 0.70625 0.08125000000000009 0.7453125 0.09687500000000009 0.7453125
4 0.04687500000000004 0.3515625 0.03125000000000004 0.3515625 0.03125000000000004 0.371875 0.04687500000000004 0.371875
4 0.2156250000000001 0.4078125 0.2000000000000001 0.4078125 0.2000000000000001 0.4234375 0.2156250000000001 0.4234375
4 0.2640625000000001 0.4453125 0.2468750000000001 0.4453125 0.2468750000000001 0.4671875 0.2640625000000001 0.4671875
2 0.3468750000000001 0.478125 0.31718750000000007 0.478125 0.31718750000000007 0.5015625 0.3468750000000001 0.5015625
2 0.3828125000000001 0.4453125 0.3546875000000001 0.4453125 0.3546875000000001 0.46875 0.3828125000000001 0.46875
2 0.4 0.4734375 0.3765625000000001 0.4734375 0.3765625000000001 0.4875 0.4 0.4875
2 0.4046875 0.4921875 0.37968750000000007 0.4921875 0.37968750000000007 0.5109375 0.4046875 0.5109375
0 0.43125 0.4015625 0.4125 0.4015625 0.4125 0.4203125 0.43125 0.4203125
4 0.39531250000000007 0.3703125000000001 0.38750000000000007 0.3703125000000001 0.38750000000000007 0.3937500000000001 0.39531250000000007 0.3937500000000001
4 0.4046875 0.3703125000000001 0.4 0.3703125000000001 0.4 0.3937500000000001 0.4046875 0.3937500000000001
4 0.41875 0.3671875000000001 0.4140625 0.3671875000000001 0.4140625 0.3906250000000001 0.41875 0.3906250000000001
4 0.428125 0.3671875000000001 0.425 0.3671875000000001 0.425 0.3906250000000001 0.428125 0.3906250000000001
4 0.4375 0.36406250000000007 0.43125 0.36406250000000007 0.43125 0.3828125000000001 0.4375 0.3828125000000001
4 0.4265625 0.3375000000000001 0.415625 0.3375000000000001 0.415625 0.3531250000000001 0.4265625 0.3531250000000001
4 0.4421875 0.3187500000000001 0.43125 0.3187500000000001 0.43125 0.33281250000000007 0.4421875 0.33281250000000007
4 0.4640625 0.2812500000000001 0.453125 0.2812500000000001 0.453125 0.2921875000000001 0.4640625 0.2921875000000001
4 0.4546875 0.2968750000000001 0.4453125 0.2968750000000001 0.4453125 0.30937500000000007 0.4546875 0.30937500000000007
4 0.471875 0.29375000000000007 0.4625 0.29375000000000007 0.4625 0.3031250000000001 0.471875 0.3031250000000001
4 0.459375 0.32500000000000007 0.446875 0.32500000000000007 0.446875 0.3375000000000001 0.459375 0.3375000000000001
4 0.4453125 0.3421875000000001 0.4375 0.3421875000000001 0.4375 0.3546875000000001 0.4453125 0.3546875000000001
4 0.459375 0.3390625000000001 0.45 0.3390625000000001 0.45 0.3515625000000001 0.459375 0.3515625000000001
0 0.4796875 0.30156250000000007 0.4671875 0.30156250000000007 0.4671875 0.3234375000000001 0.4796875 0.3234375000000001
4 0.5234375 0.3625000000000001 0.515625 0.3625000000000001 0.515625 0.3812500000000001 0.5234375 0.3812500000000001
2 0.5015625 0.17500000000000004 0.4875 0.17500000000000004 0.4875 0.2093750000000001 0.5015625 0.2093750000000001
4 0.4890625 0.2078125000000001 0.478125 0.2078125000000001 0.478125 0.21875000000000008 0.4890625 0.21875000000000008
4 0.4859375 0.22031250000000008 0.4765625 0.22031250000000008 0.4765625 0.2296875000000001 0.4859375 0.2296875000000001
4 0.471875 0.24375000000000008 0.4609375 0.24375000000000008 0.4609375 0.2562500000000001 0.471875 0.2562500000000001
4 0.46875 0.2640625000000001 0.459375 0.2640625000000001 0.459375 0.2734375000000001 0.46875 0.2734375000000001
0 0.540625 0.08750000000000006 0.528125 0.08750000000000006 0.528125 0.12187500000000004 0.540625 0.12187500000000004
2 0.5234375 0.08906250000000007 0.509375 0.08906250000000007 0.509375 0.12656250000000005 0.5234375 0.12656250000000005
1 0.55625 0.22656250000000008 0.5265625 0.22656250000000008 0.5265625 0.3343750000000001 0.55625 0.3343750000000001
1 0.578125 0.10156250000000008 0.5484375 0.10156250000000008 0.5484375 0.21093750000000008 0.578125 0.21093750000000008
2 0.61875 0.09062500000000007 0.6046875 0.09062500000000007 0.6046875 0.12656250000000008 0.61875 0.12656250000000008
6 0.60625 0.10000000000000009 0.58125 0.10000000000000009 0.58125 0.17968750000000008 0.60625 0.17968750000000008
6 0.596875 0.1828125000000001 0.5625 0.1828125000000001 0.5625 0.25468750000000007 0.596875 0.25468750000000007
6 0.571875 0.2531250000000001 0.5421875 0.2531250000000001 0.5421875 0.3468750000000001 0.571875 0.3468750000000001
0 0.5875 0.2406250000000001 0.578125 0.2406250000000001 0.578125 0.2687500000000001 0.5875 0.2687500000000001
0 0.5765625 0.2687500000000001 0.5671875 0.2687500000000001 0.5671875 0.2953125000000001 0.5765625 0.2953125000000001
0 0.575 0.3078125000000001 0.5640625 0.3078125000000001 0.5640625 0.33281250000000007 0.575 0.33281250000000007
4 0.584375 0.3234375000000001 0.5796875 0.3234375000000001 0.5796875 0.3453125000000001 0.584375 0.3453125000000001
4 0.5640625 0.3375000000000001 0.559375 0.3375000000000001 0.559375 0.3515625000000001 0.5640625 0.3515625000000001
4 0.5640625 0.3218750000000001 0.559375 0.3218750000000001 0.559375 0.3375000000000001 0.5640625 0.3375000000000001
4 0.590625 0.2953125000000001 0.584375 0.2953125000000001 0.584375 0.3109375000000001 0.590625 0.3109375000000001
4 0.6046875 0.3437500000000001 0.596875 0.3437500000000001 0.596875 0.3531250000000001 0.6046875 0.3531250000000001
4 0.60625 0.3593750000000001 0.5984375 0.3593750000000001 0.5984375 0.3750000000000001 0.60625 0.3750000000000001
0 0.5828125 0.3593750000000001 0.56875 0.3593750000000001 0.56875 0.3828125000000001 0.5828125 0.3828125000000001
4 0.6125 0.3765625000000001 0.60625 0.3765625000000001 0.60625 0.3859375000000001 0.6125 0.3859375000000001
4 0.6140625 0.3453125000000001 0.6046875 0.3453125000000001 0.6046875 0.35625000000000007 0.6140625 0.35625000000000007
4 0.6125 0.35625000000000007 0.60625 0.35625000000000007 0.60625 0.3671875000000001 0.6125 0.3671875000000001
4 0.61875 0.3937500000000001 0.6125 0.3937500000000001 0.6125 0.4046875 0.61875 0.4046875
4 0.590625 0.459375 0.58125 0.459375 0.58125 0.46875 0.590625 0.46875
6 0.6265625 0.023437500000000076 0.5921875 0.023437500000000073 0.5921875 0.09843750000000007 0.6265625 0.09843750000000007