4 0.021875 0.001562500000000002 0.0109375 0.0015625000000000014 0.010937500000000001 0.021875 0.021875 0.021875
2 0.020312500000000008 0.025 0.0015625000000000027 0.025 0.0015625000000000055 0.06875 0.02031250000000001 0.06875
3 0.07812500000000004 0.2953125 0.050000000000000044 0.2953125 0.050000000000000044 0.365625 0.07812500000000004 0.365625
2 0.15937500000000004 0.24375 0.13906250000000003 0.24375 0.13906250000000003 0.2875 0.15937500000000004 0.2875
3 0.14531250000000004 0.4625 0.11250000000000004 0.4625 0.11250000000000004 0.4859375 0.14531250000000004 0.4859375
0 0.19843750000000004 0.3703125 0.18281250000000004 0.3703125 0.18281250000000004 0.384375 0.19843750000000004 0.384375
4 0.20468750000000008 0.4 0.19375000000000003 0.4 0.19375000000000003 0.4125 0.20468750000000008 0.4125
2 0.23593750000000008 0.4640625 0.21250000000000008 0.4640625 0.21250000000000008 0.4859375 0.23593750000000008 0.4859375
4 0.2609375000000001 0.3640625 0.2484375000000001 0.3640625 0.2484375000000001 0.3734375 0.2609375000000001 0.3734375
2 0.28593750000000007 0.4359375 0.2593750000000001 0.4359375 0.2593750000000001 0.45625 0.28593750000000007 0.45625
4 0.2843750000000001 0.4125 0.2750000000000001 0.4125 0.2750000000000001 0.4265625 0.2843750000000001 0.4265625
4 0.36406250000000007 0.40625 0.3531250000000001 0.40625 0.3531250000000001 0.4171875 0.36406250000000007 0.4171875
3 0.35625000000000007 0.425 0.3359375000000001 0.425 0.3359375000000001 0.44375 0.35625000000000007 0.44375
2 0.3546875000000001 0.45 0.32500000000000007 0.45 0.32500000000000007 0.4734375 0.3546875000000001 0.4734375
2 0.4296875 0.453125 0.40625 0.453125 0.40625 0.4734375 0.4296875 0.4734375
2 0.4578125 0.4265625 0.4359375 0.4265625 0.4359375 0.4453125 0.4578125 0.4453125
4 0.4609375 0.3968750000000001 0.4484375 0.3968750000000001 0.4484375 0.4078125 0.4609375 0.4078125
0 0.490625 0.4125 0.475 0.4125 0.475 0.43125 0.490625 0.43125
2 0.5078125 0.3578125000000001 0.4828125 0.3578125000000001 0.4828125 0.37968750000000007 0.5078125 0.37968750000000007
2 0.53125 0.44375 0.5015625 0.44375 0.5015625 0.465625 0.53125 0.465625
4 0.571875 0.3750000000000001 0.5609375 0.3750000000000001 0.5609375 0.38750000000000007 0.571875 0.38750000000000007
4 0.6078125 0.4203125 0.596875 0.4203125 0.596875 0.4328125 0.6078125 0.4328125
2 0.6484375 0.403125 0.61875 0.403125 0.61875 0.4265625 0.6484375 0.4265625
2 0.6421875 0.4359375 0.615625 0.4359375 0.615625 0.4609375 0.6421875 0.4609375
2 0.6953125 0.4265625 0.671875 0.4265625 0.671875 0.4484375 0.6953125 0.4484375
2 0.759375 0.4078125000000002 0.7359375 0.4078125000000002 0.7359375 0.4312500000000002 0.759375 0.4312500000000002
2 0.8359375 0.4156250000000002 0.8109375 0.4156250000000002 0.8109375 0.4359375000000002 0.8359375 0.4359375000000002
4 0.8578125 0.4281250000000002 0.846875 0.4281250000000002 0.846875 0.4437500000000002 0.8578125 0.4437500000000002
4 0.8125 0.3968750000000001 0.7984375 0.3968750000000001 0.7984375 0.4109375000000002 0.8125 0.4109375000000002
4 0.8234375 0.37187500000000007 0.8109375 0.37187500000000007 0.8109375 0.3828125000000001 0.8234375 0.3828125000000001
2 0.7875 0.2390625000000001 0.7625 0.2390625000000001 0.7625 0.2640625000000001 0.7875 0.2640625000000001
2 0.778125 0.15781250000000008 0.753125 0.15781250000000008 0.753125 0.18125000000000008 0.778125 0.18125000000000008
2 0.909375 0.3281250000000001 0.8828125 0.3281250000000001 0.8828125 0.3500000000000001 0.909375 0.3500000000000001
0 0.9265625 0.5062500000000002 0.90625 0.5062500000000002 0.90625 0.5250000000000001 0.9265625 0.5250000000000001
2 0.778125 0.4781250000000002 0.753125 0.4781250000000002 0.753125 0.4984375000000002 0.778125 0.4984375000000002
2 0.678125 0.53125 0.65 0.53125 0.65 0.55625 0.678125 0.55625
2 0.596875 0.4828125 0.5703125 0.4828125 0.5703125 0.50625 0.596875 0.50625
4 0.484375 0.5234375 0.4703125 0.5234375 0.4703125 0.540625 0.484375 0.540625
0 0.2218750000000001 0.5328125 0.20468750000000008 0.5328125 0.20468750000000008 0.5484375 0.2218750000000001 0.5484375
4 0.24375000000000008 0.5546875 0.2312500000000001 0.5546875 0.2312500000000001 0.56875 0.24375000000000008 0.56875
6 0.2453125000000001 0.5703125 0.20468750000000008 0.5703125 0.20468750000000008 0.5984375 0.2453125000000001 0.5984375
0 0.14062500000000008 0.5640625 0.1218750000000001 0.5640625 0.1218750000000001 0.58125 0.14062500000000008 0.58125
2 0.09062500000000007 0.54375 0.06562500000000007 0.54375 0.06562500000000007 0.5625 0.09062500000000007 0.5625
2 0.07031250000000007 0.525 0.04687500000000007 0.525 0.04687500000000007 0.54375 0.07031250000000007 0.54375
2 0.04687500000000007 0.525 0.018750000000000065 0.525 0.018750000000000065 0.5484375 0.04687500000000007 0.5484375
2 0.06406250000000006 0.55 0.03906250000000007 0.55 0.03906250000000007 0.5671875 0.06406250000000006 0.5671875
4 0.04375000000000007 0.5765625 0.029687500000000068 0.5765625 0.029687500000000068 0.5875 0.04375000000000007 0.5875
4 0.03593750000000007 0.5671875 0.020312500000000074 0.5671875 0.020312500000000074 0.578125 0.03593750000000007 0.578125
4 0.034375000000000065 0.5578125 0.015625000000000066 0.5578125 0.01562500000000007 0.56875 0.034375000000000065 0.56875