2 0.434375 0.5 0.41875 0.5 0.41875 0.534375 0.434375 0.534375
2 0.4421875 0.465625 0.4203125 0.465625 0.4203125 0.5 0.4421875 0.5
0 0.5953125 0.4453125 0.578125 0.4453125 0.578125 0.465625 0.5953125 0.465625
0 0.34843750000000007 0.5046875 0.33281250000000007 0.5046875 0.33281250000000007 0.53125 0.34843750000000007 0.53125
0 0.3734375000000001 0.5375 0.3578125000000001 0.5375 0.3578125000000001 0.5609375 0.3734375000000001 0.5609375
0 0.4140625 0.7 0.3984375000000001 0.7 0.3984375000000001 0.7234375 0.4140625 0.7234375
0 0.3218750000000001 0.684375 0.3078125000000001 0.684375 0.3078125000000001 0.7140625 0.3218750000000001 0.7140625
0 0.3937500000000001 0.46875 0.37968750000000007 0.46875 0.37968750000000007 0.4984375 0.3937500000000001 0.4984375
0 0.6359375 0.4453125 0.6203125 0.4453125 0.6203125 0.46875 0.6359375 0.46875
0 0.7812500000000002 0.953125 0.7609375000000002 0.953125 0.7609375000000002 0.9765625 0.7812500000000002 0.9765625
2 0.7765625 0.6546875000000002 0.75625 0.6546875000000002 0.75625 0.7000000000000002 0.7765625 0.7000000000000002
0 0.7421875 0.1625000000000001 0.7265625 0.1625000000000001 0.7265625 0.18750000000000008 0.7421875 0.18750000000000008
2 0.2453125 0.17031250000000003 0.21875 0.17031250000000003 0.21875 0.2015625 0.2453125 0.2015625
4 0.2359375 0.10937500000000004 0.2125 0.10937500000000004 0.2125 0.14843750000000006 0.2359375 0.14843750000000006
2 0.3296875 0.11093750000000005 0.309375 0.11093750000000005 0.309375 0.14687500000000003 0.3296875 0.14687500000000003
2 0.33281250000000007 0.3671875 0.3203125000000001 0.3671875 0.3203125000000001 0.4078125 0.33281250000000007 0.4078125
2 0.2687500000000001 0.8921875 0.2500000000000001 0.8921875 0.2500000000000001 0.940625 0.2687500000000001 0.940625
2 0.8421875 0.9375 0.81875 0.9375 0.81875 0.9703125 0.8421875 0.9703125
3 0.825 0.3109375000000001 0.796875 0.3109375000000001 0.796875 0.3531250000000001 0.825 0.3531250000000001
3 0.75 0.3703125000000001 0.71875 0.3703125000000001 0.71875 0.4093750000000001 0.75 0.40937500000000016
3 0.6875 0.415625 0.6515625 0.415625 0.6515625 0.4578125 0.6875 0.4578125
3 0.7421875 0.6546875000000001 0.7140625 0.6546875 0.7140625 0.6984375 0.7421875 0.6984375000000002
3 0.7171875 0.6109375 0.69375 0.6109375 0.69375 0.6515625 0.7171875 0.6515625
4 0.81875 0.1312500000000001 0.8078125 0.1312500000000001 0.8078125 0.1531250000000001 0.81875 0.1531250000000001
4 0.6703125 0.3625000000000001 0.6578125 0.3625000000000001 0.6578125 0.3812500000000001 0.6703125 0.3812500000000001
4 0.6390625 0.24375000000000008 0.61875 0.24375000000000008 0.61875 0.2671875000000001 0.6390625 0.2671875000000001
4 0.65 0.35625000000000007 0.6359375 0.35625000000000007 0.6359375 0.3812500000000001 0.65 0.3812500000000001
4 0.778125 0.0671875000000001 0.759375 0.0671875000000001 0.759375 0.08437500000000009 0.778125 0.08437500000000009
4 0.7312500000000002 0.7921875 0.7203125000000001 0.7921875 0.7203125000000001 0.8125 0.7312500000000002 0.8125
4 0.7250000000000002 0.7609375 0.7109375000000002 0.7609375 0.7109375000000002 0.7828125 0.7250000000000002 0.7828125
4 0.7578125000000002 0.8015625 0.7453125000000002 0.8015625 0.7453125000000002 0.8265625 0.7578125000000002 0.8265625
4 0.7859375000000002 0.8515625 0.7703125000000002 0.8515625 0.7703125000000002 0.878125 0.7859375000000002 0.878125
4 0.7031250000000002 0.8578125 0.6875000000000002 0.8578125 0.6875000000000002 0.8765625 0.7031250000000002 0.8765625
4 0.6703125000000002 0.8140625 0.6531250000000002 0.8140625 0.6531250000000002 0.8359375 0.6703125000000002 0.8359375
2 0.5296875 0.2531250000000001 0.5046875 0.2531250000000001 0.5046875 0.2906250000000001 0.5296875 0.2906250000000001
2 0.5640625 0.2312500000000001 0.5390625 0.2312500000000001 0.5390625 0.26250000000000007 0.5640625 0.26250000000000007
2 0.6703125 0.1359375000000001 0.646875 0.1359375000000001 0.646875 0.1593750000000001 0.6703125 0.1593750000000001
3 0.265625 0.21875 0.24375 0.21875 0.24375 0.25 0.265625 0.25
3 0.203125 0.18281250000000002 0.17812500000000003 0.1828125 0.17812500000000003 0.2234375 0.203125 0.2234375
6 0.2046875 0.2234375 0.17812500000000003 0.2234375 0.17812500000000003 0.2796875 0.2046875 0.2796875
3 0.221875 0.228125 0.2015625 0.228125 0.2015625 0.26875 0.221875 0.26875
2 0.88125 0.2687500000000001 0.8515625 0.2687500000000001 0.8515625 0.3046875000000001 0.88125 0.3046875000000001
4 0.2328125000000001 0.9453125 0.22031250000000008 0.9453125 0.22031250000000008 0.965625 0.2328125000000001 0.965625
4 0.2484375000000001 0.909375 0.2375000000000001 0.909375 0.2375000000000001 0.9375 0.2484375000000001 0.9375
4 0.2296875000000001 0.9796875 0.2171875000000001 0.9796875 0.2171875000000001 1 0.2296875000000001 1
4 0.2765625000000001 0.971875 0.2656250000000001 0.971875 0.2656250000000001 0.9921875 0.2765625000000001 0.9921875
4 0.3375000000000001 0.85625 0.32500000000000007 0.85625 0.32500000000000007 0.878125 0.3375000000000001 0.878125
2 0.3343750000000001 0.8984375 0.3187500000000001 0.8984375 0.3187500000000001 0.934375 0.3343750000000001 0.934375
4 0.3218750000000001 0.6484375 0.3125000000000001 0.6484375 0.3125000000000001 0.66875 0.3218750000000001 0.66875
4 0.3546875000000001 0.5515625 0.3437500000000001 0.5515625 0.3437500000000001 0.575 0.3546875000000001 0.575
4 0.3421875000000001 0.5875 0.33281250000000007 0.5875 0.33281250000000007 0.6078125 0.3421875000000001 0.6078125
4 0.3296875000000001 0.5640625 0.3203125000000001 0.5640625 0.3203125000000001 0.584375 0.3296875000000001 0.584375
4 0.3109375000000001 0.5734375 0.3031250000000001 0.5734375 0.3031250000000001 0.596875 0.3109375000000001 0.596875
4 0.3140625000000001 0.6390625 0.3046875000000001 0.6390625 0.3046875000000001 0.659375 0.3140625000000001 0.659375
4 0.3843750000000001 0.6671875 0.3734375000000001 0.6671875 0.3734375000000001 0.6859375 0.3843750000000001 0.6859375
4 0.3750000000000001 0.6921875 0.3656250000000001 0.6921875 0.3656250000000001 0.709375 0.3750000000000001 0.709375
4 0.3765625000000001 0.721875 0.3671875000000001 0.721875 0.3671875000000001 0.7390625 0.3765625000000001 0.7390625
4 0.4109375000000002 0.73125 0.4000000000000002 0.73125 0.4000000000000002 0.7421875 0.4109375000000002 0.7421875
4 0.3687500000000001 0.5875 0.3593750000000001 0.5875 0.3593750000000001 0.603125 0.3687500000000001 0.603125
4 0.4078125 0.5625 0.39531250000000007 0.5625 0.39531250000000007 0.578125 0.4078125 0.578125
4 0.3890625000000001 0.5015625 0.37968750000000007 0.5015625 0.37968750000000007 0.5234375 0.3890625000000001 0.5234375
4 0.4234375 0.528125 0.4125 0.528125 0.4125 0.55 0.4234375 0.55
4 0.3578125000000001 0.434375 0.34843750000000007 0.434375 0.34843750000000007 0.459375 0.3578125000000001 0.459375
4 0.3203125000000001 0.44375 0.3078125000000001 0.44375 0.3078125000000001 0.4578125 0.3203125000000001 0.4578125
4 0.3765625000000001 0.4140625 0.3671875000000001 0.4140625 0.3671875000000001 0.4328125 0.3765625000000001 0.4328125
4 0.4015625 0.4484375 0.3921875000000001 0.4484375 0.3921875000000001 0.4703125 0.4015625 0.4703125
4 0.4921875 0.6390625 0.478125 0.6390625 0.478125 0.65 0.4921875 0.65
4 0.5328125 0.640625 0.5234375 0.640625 0.5234375 0.6546875 0.5328125 0.6546875
4 0.55625 0.65 0.54375 0.65 0.54375 0.6671875 0.55625 0.6671875
4 0.525 0.5484375 0.5171875 0.5484375 0.5171875 0.5625 0.525 0.5625
4 0.5140625 0.5140625 0.5046875 0.5140625 0.5046875 0.528125 0.5140625 0.528125
4 0.490625 0.5203125 0.478125 0.5203125 0.478125 0.5375 0.490625 0.5375
4 0.465625 0.5421875 0.453125 0.5421875 0.453125 0.5578125 0.465625 0.5578125
4 0.48125 0.5765625 0.4671875 0.5765625 0.4671875 0.5859375 0.48125 0.5859375
4 0.4828125 0.48125 0.4703125 0.48125 0.4703125 0.496875 0.4828125 0.496875
4 0.4890625 0.49375 0.478125 0.49375 0.478125 0.5140625 0.4890625 0.5140625
4 0.50625 0.459375 0.496875 0.459375 0.496875 0.4796875 0.50625 0.4796875
4 0.5296875 0.459375 0.5171875 0.459375 0.5171875 0.478125 0.5296875 0.478125
4 0.55 0.4234375 0.5421875 0.4234375 0.5421875 0.44375 0.55 0.44375
4 0.584375 0.4296875 0.571875 0.4296875 0.571875 0.4484375 0.584375 0.4484375
4 0.5921875 0.4671875 0.5828125 0.4671875 0.5828125 0.48125 0.5921875 0.48125
4 0.5125 0.4453125 0.4984375 0.4453125 0.4984375 0.4578125 0.5125 0.4578125
4 0.453125 0.5140625 0.44375 0.5140625 0.44375 0.53125 0.453125 0.53125
4 0.45 0.415625 0.4390625 0.415625 0.4390625 0.434375 0.45 0.434375
4 0.465625 0.4171875 0.4546875 0.4171875 0.4546875 0.4328125 0.465625 0.4328125
4 0.4453125 0.4015625 0.4359375 0.4015625 0.4359375 0.415625 0.4453125 0.415625
4 0.4375 0.3578125000000001 0.428125 0.3578125000000001 0.428125 0.3765625000000001 0.4375 0.3765625000000001
4 0.4640625 0.3609375000000001 0.4484375 0.3609375000000001 0.4484375 0.3765625000000001 0.4640625 0.3765625000000001
4 0.4890625 0.2921875000000001 0.4796875 0.2921875000000001 0.4796875 0.3078125000000001 0.4890625 0.3078125000000001
4 0.415625 0.3265625000000001 0.40625 0.3265625000000001 0.40625 0.3468750000000001 0.415625 0.3468750000000001
4 0.403125 0.3218750000000001 0.39375 0.3218750000000001 0.39375 0.3421875000000001 0.403125 0.3421875000000001
4 0.378125 0.3203125000000001 0.36875 0.3203125000000001 0.36875 0.3437500000000001 0.378125 0.3437500000000001
4 0.3859375 0.2843750000000001 0.375 0.2843750000000001 0.375 0.3062500000000001 0.3859375 0.3062500000000001
4 0.3375 0.19531250000000006 0.328125 0.19531250000000006 0.328125 0.2140625 0.3375 0.2140625
4 0.371875 0.21875000000000006 0.3625 0.21875 0.3625 0.23437500000000006 0.371875 0.23437500000000008
4 0.3890625 0.2406250000000001 0.38125 0.2406250000000001 0.38125 0.26250000000000007 0.3890625 0.26250000000000007
4 0.4125 0.2531250000000001 0.403125 0.2531250000000001 0.403125 0.2734375000000001 0.4125 0.2734375000000001
4 0.41875 0.2640625000000001 0.4078125 0.2640625000000001 0.4078125 0.28593750000000007 0.41875 0.28593750000000007
4 0.3734375 0.23593750000000005 0.3625 0.2359375 0.3625 0.2515625 0.3734375 0.2515625000000001
4 0.365625 0.24218750000000006 0.3515625 0.2421875 0.3515625 0.26093750000000004 0.365625 0.2609375000000001
2 0.4140625 0.12343750000000005 0.3921875 0.12343750000000005 0.3921875 0.16406250000000006 0.4140625 0.16406250000000006
4 0.253125 0.031250000000000035 0.2390625 0.031250000000000035 0.2390625 0.057812500000000024 0.253125 0.057812500000000024
2 0.7671875 0.6109375000000001 0.746875 0.6109375000000001 0.746875 0.6515625000000002 0.7671875 0.6515625000000002
2 0.8609375 0.36406250000000007 0.834375 0.36406250000000007 0.834375 0.41406250000000017 0.8609375 0.41406250000000017
2 0.7359375000000001 0.9453125 0.7078125000000002 0.9453125 0.7078125000000002 0.9765625 0.7359375000000001 0.9765625
6 0.5859375000000002 0.9203125 0.5406250000000001 0.9203125 0.5406250000000001 0.9859375 0.5859375000000002 0.9859375
3 0.628125 0.4765625 0.6109375 0.4765625 0.6109375 0.503125 0.628125 0.503125
3 0.6375 0.5265625 0.621875 0.5265625 0.621875 0.5578125 0.6375 0.5578125
4 0.628125 0.6140625 0.6125 0.6140625 0.6125 0.634375 0.628125 0.634375
4 0.59375 0.675 0.584375 0.675 0.584375 0.6953125 0.59375 0.6953125
4 0.6140625 0.6703125 0.603125 0.6703125 0.603125 0.6859375 0.6140625 0.6859375
4 0.659375 0.66875 0.646875 0.66875 0.646875 0.684375 0.659375 0.684375
4 0.628125 0.715625 0.615625 0.715625 0.6156250000000001 0.7359375 0.6281250000000002 0.7359375
4 0.6187500000000001 0.7390625 0.6046875000000002 0.7390625 0.6046875000000002 0.7578125 0.6187500000000001 0.7578125
4 0.596875 0.725 0.58125 0.725 0.58125 0.7453125 0.5968750000000002 0.7453125
4 0.5703125 0.6875 0.559375 0.6875 0.559375 0.7078125 0.5703125 0.7078125
3 0.5328125 0.6859375 0.503125 0.6859375 0.503125 0.721875 0.5328125 0.721875
4 0.7265625000000002 0.8890625 0.7171875000000002 0.8890625 0.7171875000000002 0.9109375 0.7265625000000002 0.9109375
4 0.7140625000000002 0.921875 0.7015625000000002 0.921875 0.7015625000000002 0.9375 0.7140625000000002 0.9375
4 0.7328125000000002 0.925 0.7250000000000002 0.925 0.7250000000000002 0.946875 0.7328125000000002 0.946875
4 0.7390625000000002 0.9140625 0.7312500000000002 0.9140625 0.7312500000000002 0.9296875 0.7390625000000002 0.9296875
4 0.8125 0.9640625 0.7984375000000001 0.9640625 0.7984375000000001 0.99375 0.8125 0.99375
4 0.8375 0.9171875 0.8265625 0.9171875 0.8265625 0.9375 0.8375 0.9375
4 0.7718750000000002 0.7921875000000002 0.7640625000000002 0.7921875000000002 0.7640625000000002 0.8125 0.7718750000000002 0.8125
4 0.8328125 0.4906250000000002 0.8234375 0.4906250000000002 0.8234375 0.5171875000000001 0.8328125 0.5171875000000001
4 0.6875 0.1703125000000001 0.675 0.1703125000000001 0.675 0.1843750000000001 0.6875 0.1843750000000001
4 0.7 0.20312500000000008 0.6859375 0.20312500000000008 0.6859375 0.21875000000000008 0.7 0.21875000000000008
4 0.6796875 0.1828125000000001 0.665625 0.1828125000000001 0.665625 0.2015625000000001 0.6796875 0.2015625000000001
4 0.590625 0.2609375000000001 0.5796875 0.2609375000000001 0.5796875 0.2812500000000001 0.590625 0.2812500000000001
4 0.9125 0.01875000000000011 0.896875 0.01875000000000011 0.896875 0.04062500000000011 0.9125 0.04062500000000011
4 0.9640625 0.2562500000000001 0.9484375 0.2562500000000001 0.9484375 0.2812500000000001 0.9640625 0.2812500000000001
2 0.63125 0.1375000000000001 0.615625 0.1375000000000001 0.615625 0.1828125000000001 0.63125 0.1828125000000001
3 0.884375 0.3062500000000001 0.8515625 0.3062500000000001 0.8515625 0.3656250000000001 0.884375 0.3656250000000001
3 0.8546875 0.2843750000000001 0.8234375 0.2843750000000001 0.8234375 0.3312500000000001 0.8546875 0.3312500000000001
3 0.696875 0.565625 0.6734375 0.565625 0.6734375 0.60625 0.696875 0.60625
3 0.6765625 0.546875 0.65625 0.546875 0.65625 0.58125 0.6765625 0.58125
3 0.8375 0.4187500000000002 0.809375 0.4187500000000002 0.809375 0.48437500000000017 0.8375 0.48437500000000017
3 0.8140625 0.48750000000000016 0.796875 0.48750000000000016 0.796875 0.5203125000000002 0.8140625 0.5203125000000002
3 0.28593750000000007 0.6578125 0.27031250000000007 0.6578125 0.27031250000000007 0.6875 0.28593750000000007 0.6875
4 0.2531250000000001 0.7765625 0.2453125000000001 0.7765625 0.2453125000000001 0.8 0.2531250000000001 0.8
4 0.2515625000000001 0.753125 0.24218750000000008 0.753125 0.24218750000000008 0.7609375 0.2515625000000001 0.7609375
4 0.23437500000000008 0.8171875 0.2218750000000001 0.8171875 0.2218750000000001 0.8265625 0.23437500000000008 0.8265625
4 0.2296875000000001 0.8328125 0.22031250000000008 0.8328125 0.22031250000000008 0.8421875 0.2296875000000001 0.8421875
4 0.2390625000000001 0.796875 0.2296875000000001 0.796875 0.2296875000000001 0.809375 0.2390625000000001 0.809375
4 0.2296875 0.2234375 0.21875 0.2234375 0.21875 0.234375 0.2296875 0.234375
4 0.2390625 0.2328125 0.2296875 0.2328125 0.2296875 0.2484375 0.2390625 0.2484375
4 0.2453125 0.23125 0.2390625 0.23125 0.2390625 0.246875 0.2453125 0.246875
4 0.3484375 0.028125000000000046 0.3375 0.028125000000000046 0.3375 0.04687500000000004 0.3484375 0.04687500000000004
4 0.3484375 0.004687500000000042 0.3390625 0.0046875000000000415 0.3390625 0.020312500000000042 0.3484375 0.020312500000000046
4 0.3578125 0.03906250000000004 0.3484375 0.03906250000000004 0.3484375 0.057812500000000044 0.3578125 0.057812500000000044
4 0.3671875 0.050000000000000044 0.35625 0.050000000000000044 0.35625 0.06875000000000005 0.3671875 0.06875000000000005
4 0.375 0.06718750000000004 0.365625 0.06718750000000004 0.365625 0.08281250000000004 0.375 0.08281250000000004
4 0.38125 0.07031250000000004 0.371875 0.07031250000000004 0.371875 0.08750000000000005 0.38125 0.08750000000000005
4 0.3921875 0.09531250000000005 0.3859375 0.09531250000000005 0.3859375 0.11562500000000005 0.3921875 0.11562500000000005
4 0.3859375 0.10625000000000004 0.3796875 0.10625000000000004 0.3796875 0.12187500000000004 0.3859375 0.12187500000000004
4 0.375 0.11718750000000004 0.36875 0.11718750000000004 0.36875 0.13593750000000004 0.375 0.13593750000000004
4 0.3828125 0.09218750000000005 0.375 0.09218750000000005 0.375 0.10781250000000005 0.3828125 0.10781250000000005
4 0.38125 0.10781250000000005 0.375 0.10781250000000005 0.375 0.12500000000000006 0.38125 0.12500000000000006
4 0.3671875 0.08750000000000005 0.3609375 0.08750000000000005 0.3609375 0.10156250000000004 0.3671875 0.10156250000000004
4 0.3625 0.07812500000000004 0.35625 0.07812500000000004 0.35625 0.09375000000000004 0.3625 0.09375000000000004
4 0.3484375 0.06093750000000005 0.3375 0.06093750000000005 0.3375 0.07656250000000005 0.3484375 0.07656250000000005
4 0.334375 0.04843750000000004 0.3265625 0.04843750000000004 0.3265625 0.06718750000000004 0.334375 0.06718750000000004
4 0.3296875 0.06250000000000004 0.3203125 0.06250000000000004 0.3203125 0.07187500000000005 0.3296875 0.07187500000000005
4 0.325 0.06875000000000005 0.3140625 0.06875000000000005 0.3140625 0.07968750000000005 0.325 0.07968750000000005
4 0.315625 0.07656250000000005 0.3078125 0.07656250000000005 0.3078125 0.09062500000000004 0.315625 0.09062500000000004
4 0.3234375 0.08593750000000004 0.3140625 0.08593750000000004 0.3140625 0.10312500000000005 0.3234375 0.10312500000000005
4 0.334375 0.07031250000000004 0.328125 0.07031250000000004 0.328125 0.08593750000000004 0.334375 0.08593750000000004
4 0.328125 0.08906250000000004 0.321875 0.08906250000000004 0.321875 0.10468750000000004 0.328125 0.10468750000000004
4 0.34375 0.09218750000000005 0.3375 0.09218750000000005 0.3375 0.11093750000000005 0.34375 0.11093750000000005
4 0.3484375 0.10156250000000004 0.3421875 0.10156250000000004 0.3421875 0.11718750000000004 0.3484375 0.11718750000000004
4 0.3546875 0.09531250000000005 0.3484375 0.09531250000000005 0.3484375 0.11093750000000005 0.3546875 0.11093750000000005
4 0.3625 0.10781250000000005 0.35625 0.10781250000000005 0.35625 0.12187500000000004 0.3625 0.12187500000000004
4 0.371875 0.10781250000000005 0.3640625 0.10781250000000005 0.3640625 0.12187500000000004 0.371875 0.12187500000000004
4 0.38125 0.12968750000000004 0.375 0.12968750000000004 0.375 0.14687500000000003 0.38125 0.14687500000000003
4 0.3453125 0.11562500000000005 0.3359375 0.11562500000000005 0.3359375 0.13281250000000006 0.3453125 0.13281250000000006
4 0.3515625 0.12968750000000004 0.34375 0.12968750000000004 0.34375 0.14531250000000004 0.3515625 0.14531250000000004
3 0.6 0.603125 0.5796875 0.603125 0.5796875 0.640625 0.6 0.640625
3 0.7140625 0.4 0.684375 0.4 0.684375 0.4375 0.7140625 0.4375
3 0.6421875 0.4875 0.61875 0.4875 0.61875 0.51875 0.6421875 0.51875
3 0.728125 0.628125 0.7046875 0.628125 0.7046875 0.6640625000000001 0.728125 0.6640625000000002
4 0.7796875000000002 0.7359375000000001 0.7703125000000002 0.7359375000000001 0.7703125000000002 0.7515625000000001 0.7796875000000002 0.7515625000000001
4 0.7765625000000002 0.7640625000000002 0.7656250000000002 0.7640625000000002 0.7656250000000002 0.7765625000000002 0.7765625000000002 0.7765625000000002
4 0.7859375000000001 0.7187500000000002 0.7765625 0.7187500000000002 0.7765625 0.7296875000000002 0.7859375000000002 0.7296875000000002
4 0.7828125000000001 0.7312500000000002 0.7734375000000002 0.7312500000000002 0.7734375000000002 0.7375000000000002 0.7828125000000001 0.7375000000000002
4 0.7953125 0.5390625000000002 0.784375 0.5390625000000002 0.784375 0.5500000000000002 0.7953125 0.5500000000000002
4 0.790625 0.5453125000000002 0.778125 0.5453125000000002 0.778125 0.5578125000000002 0.790625 0.5578125000000002
4 0.784375 0.5562500000000001 0.771875 0.5562500000000001 0.771875 0.5671875000000002 0.784375 0.5671875000000002
4 0.7796875 0.5734375000000002 0.7671875 0.5734375000000002 0.7671875 0.5843750000000002 0.7796875 0.5843750000000002
4 0.83125 0.5937500000000002 0.8203125 0.5937500000000002 0.8203125 0.6062500000000002 0.83125 0.6062500000000002
4 0.8140625 0.6390625000000002 0.803125 0.6390625000000002 0.803125 0.6500000000000001 0.8140625 0.6500000000000001
4 0.809375 0.6500000000000001 0.8 0.6500000000000001 0.8 0.6609375000000002 0.809375 0.6609375000000002
4 0.8078125 0.6640625000000002 0.796875 0.6640625000000002 0.796875 0.6765625000000002 0.8078125 0.6765625000000002
4 0.803125 0.6734375000000001 0.79375 0.6734375000000001 0.79375 0.6906250000000002 0.803125 0.6906250000000002
4 0.8 0.5171875000000001 0.790625 0.5171875000000001 0.790625 0.5265625000000002 0.8 0.5265625000000002
4 0.8734375 0.4812500000000002 0.8609375 0.4812500000000002 0.8609375 0.49531250000000016 0.8734375 0.49531250000000016
4 0.871875 0.4625000000000002 0.8625 0.4625000000000002 0.8625 0.4781250000000002 0.871875 0.4781250000000002
4 0.896875 0.4281250000000002 0.8859375 0.4281250000000002 0.8859375 0.4390625000000002 0.896875 0.4390625000000002
4 0.8984375 0.4187500000000002 0.8875 0.4187500000000002 0.8875 0.42968750000000017 0.8984375 0.42968750000000017
4 0.909375 0.3859375000000001 0.9 0.3859375000000001 0.9 0.4031250000000002 0.909375 0.4031250000000002
4 0.9 0.13437500000000008 0.8875 0.13437500000000008 0.8875 0.14843750000000008 0.9 0.14843750000000008
4 0.6453125 0.1218750000000001 0.6375 0.1218750000000001 0.6375 0.14218750000000008 0.6453125 0.14218750000000008
4 0.6515625 0.11718750000000008 0.646875 0.11718750000000008 0.646875 0.1359375000000001 0.6515625 0.1359375000000001
4 0.6578125 0.11562500000000009 0.653125 0.11562500000000009 0.653125 0.13437500000000008 0.6578125 0.13437500000000008
4 0.6640625 0.11562500000000009 0.659375 0.11562500000000009 0.659375 0.1312500000000001 0.6640625 0.1312500000000001
4 0.6703125 0.1140625000000001 0.665625 0.1140625000000001 0.665625 0.1296875000000001 0.6703125 0.1296875000000001
4 0.684375 0.1218750000000001 0.675 0.1218750000000001 0.675 0.1359375000000001 0.684375 0.1359375000000001
4 0.6859375 0.10156250000000008 0.678125 0.10156250000000008 0.678125 0.11562500000000009 0.6859375 0.11562500000000009
4 0.696875 0.09531250000000009 0.690625 0.09531250000000009 0.690625 0.11562500000000009 0.696875 0.11562500000000009
4 0.6921875 0.09687500000000009 0.6875 0.09687500000000009 0.6875 0.11562500000000009 0.6921875 0.11562500000000009
4 0.6796875 0.10312500000000009 0.6734375 0.10312500000000009 0.6734375 0.1218750000000001 0.6796875 0.1218750000000001
4 0.6734375 0.11093750000000009 0.66875 0.11093750000000009 0.66875 0.1281250000000001 0.6734375 0.1281250000000001
4 0.6140625 0.12031250000000009 0.60625 0.12031250000000009 0.60625 0.14218750000000008 0.6140625 0.14218750000000008
4 0.615625 0.1468750000000001 0.6078125 0.1468750000000001 0.6078125 0.1671875000000001 0.615625 0.1671875000000001
4 0.60625 0.1609375000000001 0.6015625 0.1609375000000001 0.6015625 0.18125000000000008 0.60625 0.18125000000000008
4 0.5578125 0.1750000000000001 0.553125 0.1750000000000001 0.553125 0.1921875000000001 0.5578125 0.1921875000000001
4 0.5671875 0.1921875000000001 0.559375 0.1921875000000001 0.559375 0.21093750000000008 0.5671875 0.21093750000000008
4 0.55625 0.2015625000000001 0.55 0.2015625000000001 0.55 0.2171875000000001 0.55625 0.2171875000000001
4 0.553125 0.1781250000000001 0.5453125 0.1781250000000001 0.5453125 0.19687500000000008 0.553125 0.19687500000000008
6 0.0953125 8.993499931238374e-18 0.0515625 6.31458505810354e-18 0.0515625 0.06250000000000001 0.0953125 0.06250000000000003
4 0.4765625 0.27031250000000007 0.4703125 0.27031250000000007 0.4703125 0.2875000000000001 0.4765625 0.2875000000000001
4 0.4828125 0.2671875000000001 0.478125 0.2671875000000001 0.478125 0.2843750000000001 0.4828125 0.2843750000000001
4 0.5203125 0.2375000000000001 0.5109375 0.2375000000000001 0.5109375 0.2531250000000001 0.5203125 0.2531250000000001
3 0.534375 0.19843750000000004 0.5109375 0.19843750000000004 0.5109375 0.2328125000000001 0.534375 0.2328125000000001
4 0.39375 0.18125000000000005 0.384375 0.18125000000000005 0.384375 0.19687500000000005 0.39375 0.19687500000000005
4 0.4671875 0.2687500000000001 0.4609375 0.2687500000000001 0.4609375 0.2843750000000001 0.4671875 0.2843750000000001