2 0.02187500000000001 0.03125 0.003125000000000004 0.03125 0.003125000000000007 0.0796875 0.021875000000000012 0.0796875
4 0.021875000000000002 0.007812500000000003 0.0125 0.007812500000000003 0.012500000000000002 0.0265625 0.021875000000000006 0.0265625
2 0.16093750000000004 0.24375 0.13750000000000004 0.24375 0.13750000000000004 0.2890625 0.16093750000000004 0.2890625
5 0.08125000000000004 0.3015625 0.05312500000000005 0.3015625 0.05312500000000005 0.3765625 0.08125000000000004 0.3765625
0 0.20312500000000008 0.3703125 0.18281250000000004 0.3703125 0.18281250000000004 0.3921875 0.20312500000000008 0.3921875
2 0.3265625000000001 0.5328125 0.2953125000000001 0.5328125 0.2953125000000001 0.5609375 0.3265625000000001 0.5609375
2 0.4875 0.5359375 0.4625 0.5359375 0.4625 0.5609375 0.4875 0.5609375
2 0.15937500000000004 0.509375 0.12812500000000004 0.509375 0.12812500000000004 0.534375 0.15937500000000004 0.534375
2 0.11875000000000005 0.5109375 0.09843750000000007 0.5109375 0.09843750000000007 0.534375 0.11875000000000005 0.534375
2 0.09843750000000007 0.51875 0.07500000000000007 0.51875 0.07500000000000007 0.540625 0.09843750000000007 0.540625
0 0.040625000000000064 0.5109375 0.02031250000000006 0.5109375 0.020312500000000063 0.5328125 0.040625000000000064 0.5328125
2 0.04531250000000007 0.5328125 0.021875000000000068 0.5328125 0.021875000000000068 0.5546875 0.04531250000000007 0.5546875
2 0.07187500000000006 0.5125 0.04687500000000007 0.5125 0.04687500000000007 0.53125 0.07187500000000006 0.53125
2 0.07500000000000007 0.55 0.05312500000000007 0.55 0.05312500000000007 0.56875 0.07500000000000007 0.56875
2 0.11718750000000008 0.546875 0.09375000000000007 0.546875 0.09375000000000007 0.5703125 0.11718750000000008 0.5703125
2 0.15468750000000006 0.540625 0.13125000000000003 0.540625 0.13125000000000006 0.5625 0.1546875000000001 0.5625
2 0.18437500000000007 0.5375 0.15937500000000004 0.5375 0.15937500000000007 0.5625 0.1843750000000001 0.5625
2 0.1437500000000001 0.5640625 0.12343750000000009 0.5640625 0.12343750000000009 0.5859375 0.1437500000000001 0.5859375
2 0.10000000000000009 0.5703125 0.07500000000000007 0.5703125 0.07500000000000007 0.59375 0.10000000000000009 0.59375
0 0.12031250000000009 0.58125 0.10156250000000008 0.58125 0.10156250000000008 0.60625 0.12031250000000009 0.60625
0 0.012500000000000072 0.578125 7.079989307570636e-17 0.578125 7.175664838754022e-17 0.59375 0.012500000000000072 0.59375
4 0.03750000000000007 0.5765625 0.025000000000000067 0.5765625 0.025000000000000067 0.5875 0.03750000000000007 0.5875
2 0.509375 0.3593750000000001 0.484375 0.3593750000000001 0.484375 0.3843750000000001 0.509375 0.3843750000000001
3 0.9125 0.3234375000000001 0.8828125 0.3234375000000001 0.8828125 0.34843750000000007 0.9125 0.34843750000000007
3 0.99375 0.3203125000000001 0.96875 0.3203125000000001 0.96875 0.3437500000000001 0.99375 0.3437500000000001
2 0.790625 0.2390625000000001 0.7625 0.2390625000000001 0.7625 0.2640625000000001 0.790625 0.2640625000000001
2 0.78125 0.15781250000000008 0.7515625 0.15781250000000008 0.7515625 0.1859375000000001 0.78125 0.1859375000000001
2 0.18593750000000003 0.5078125 0.16093750000000004 0.5078125 0.16093750000000004 0.5328125 0.18593750000000003 0.5328125
4 0.6140625 0.5359375 0.6 0.5359375 0.6 0.5515625 0.6140625 0.5515625
2 0.6453125 0.43125 0.61875 0.43125 0.61875 0.4578125 0.6453125 0.4578125
2 0.04375000000000003 0.246875 0.023437500000000028 0.246875 0.02343750000000003 0.29375 0.04375000000000003 0.29375
2 0.05625 0.009375000000000005 0.0359375 0.009375000000000005 0.035937500000000004 0.05625 0.05625 0.05625
4 0.415625 0.425 0.4015625 0.425 0.4015625 0.44375 0.415625 0.44375
4 0.31718750000000007 0.440625 0.3046875000000001 0.440625 0.3046875000000001 0.4515625 0.31718750000000007 0.4515625
2 0.8328125 0.41406250000000017 0.80625 0.41406250000000017 0.80625 0.43750000000000017 0.8328125 0.43750000000000017
2 1 0.40625000000000017 0.98125 0.40625000000000017 0.98125 0.42968750000000017 1 0.42968750000000017
2 0.2156250000000001 0.525 0.18906250000000005 0.525 0.18906250000000008 0.55 0.2156250000000001 0.55
2 0.2062500000000001 0.5609375 0.17968750000000008 0.5609375 0.17968750000000008 0.58125 0.2062500000000001 0.58125
0 0.2656250000000001 0.5765625 0.2500000000000001 0.5765625 0.2500000000000001 0.5953125 0.2656250000000001 0.5953125
4 0.02812500000000001 0.1015625 0.012500000000000011 0.1015625 0.012500000000000015 0.1296875 0.02812500000000001 0.1296875
4 0.7484375 0.3937500000000001 0.734375 0.3937500000000001 0.734375 0.40937500000000016 0.7484375 0.40937500000000016
4 0.5703125 0.3343750000000001 0.5578125 0.3343750000000001 0.5578125 0.34843750000000007 0.5703125 0.34843750000000007