2 0.050000000000000114 0.9453125 0.03125000000000011 0.9453125 0.03125000000000012 0.9734375 0.050000000000000114 0.9734375
2 0.10156250000000008 0.8515625 0.08593750000000011 0.8515625 0.08593750000000011 0.8859375 0.10156250000000008 0.8859375
2 0.14843750000000008 0.8484375 0.12656250000000008 0.8484375 0.12656250000000008 0.88125 0.14843750000000008 0.88125
2 0.2156250000000001 0.95625 0.19687500000000013 0.95625 0.19687500000000013 0.9953125 0.2156250000000001 0.9953125
2 0.2375000000000001 0.934375 0.21875000000000008 0.934375 0.21875000000000008 0.9703125 0.2375000000000001 0.9703125
2 0.2000000000000001 0.7734375 0.1781250000000001 0.7734375 0.1781250000000001 0.8046875 0.2000000000000001 0.8046875
2 0.26250000000000007 0.69375 0.24218750000000008 0.69375 0.24218750000000008 0.7296875 0.26250000000000007 0.7296875
2 0.33281250000000007 0.8140625 0.3140625000000001 0.8140625 0.3140625000000001 0.840625 0.33281250000000007 0.840625
2 0.3062500000000001 0.6453125 0.28593750000000007 0.6453125 0.28593750000000007 0.6703125 0.3062500000000001 0.6703125
2 0.3203125000000001 0.6265625 0.3046875000000001 0.6265625 0.3046875000000001 0.6546875 0.3203125000000001 0.6546875
2 0.3390625000000001 0.60625 0.3203125000000001 0.60625 0.3203125000000001 0.6328125 0.3390625000000001 0.6328125
2 0.3343750000000001 0.5953125 0.3187500000000001 0.5953125 0.3187500000000001 0.6234375 0.3343750000000001 0.6234375
2 0.3515625000000001 0.5828125 0.3359375000000001 0.5828125 0.3359375000000001 0.6125 0.3515625000000001 0.6125
2 0.4109375 0.521875 0.3937500000000001 0.521875 0.3937500000000001 0.5484375 0.4109375 0.5484375
2 0.3921875000000001 0.4171875 0.3781250000000001 0.4171875 0.3781250000000001 0.4515625 0.3921875000000001 0.4515625
2 0.359375 0.2859375 0.34375 0.2859375 0.34375 0.325 0.359375 0.325
2 0.3375 0.303125 0.3234375 0.303125 0.3234375 0.3328125 0.3375 0.3328125
2 0.33125 3.951399437873882e-17 0.3140625 3.846156353572156e-17 0.3140625 0.023437500000000038 0.33125 0.023437500000000038
2 0.3453125 4.1236153940039786e-17 0.328125 4.0183723097022526e-17 0.328125 0.02187500000000004 0.3453125 0.021875000000000044
2 0.425 0.2515625000000001 0.40625 0.2515625000000001 0.40625 0.2765625000000001 0.425 0.2765625000000001
2 0.4328125 0.24218750000000008 0.415625 0.24218750000000008 0.415625 0.27031250000000007 0.4328125 0.27031250000000007
2 0.4359375 0.2734375000000001 0.4171875 0.2734375000000001 0.4171875 0.3062500000000001 0.4359375 0.3062500000000001
2 0.446875 0.2718750000000001 0.4265625 0.2718750000000001 0.4265625 0.3046875000000001 0.446875 0.3046875000000001
2 0.5296875 0.3921875000000001 0.509375 0.3921875000000001 0.509375 0.4140625 0.5296875 0.4140625
2 0.5734375 0.4296875 0.553125 0.4296875 0.553125 0.4578125 0.5734375 0.4578125
2 0.6125 0.34843750000000007 0.5953125 0.34843750000000007 0.5953125 0.3671875000000001 0.6125 0.3671875000000001
2 0.5921875 0.1843750000000001 0.5765625 0.1843750000000001 0.5765625 0.2171875000000001 0.5921875 0.2171875000000001
2 0.5609375 0.2078125000000001 0.5484375 0.2078125000000001 0.5484375 0.24218750000000008 0.5609375 0.24218750000000008
2 0.575 0.1218750000000001 0.559375 0.1218750000000001 0.559375 0.1546875000000001 0.575 0.1546875000000001
2 0.5625 0.03906250000000007 0.5515625 0.03906250000000007 0.5515625 0.07031250000000007 0.5625 0.07031250000000007
2 0.603125 0.05156250000000007 0.584375 0.05156250000000007 0.584375 0.07812500000000007 0.603125 0.07812500000000007
2 0.6515625 0.30156250000000007 0.63125 0.30156250000000007 0.63125 0.3265625000000001 0.6515625 0.3265625000000001
2 0.65 0.3421875000000001 0.63125 0.3421875000000001 0.63125 0.3656250000000001 0.65 0.3656250000000001
2 0.8015625 0.1531250000000001 0.7921875 0.1531250000000001 0.7921875 0.18906250000000008 0.8015625 0.18906250000000008
2 0.81875 0.1671875000000001 0.8 0.1671875000000001 0.8 0.1937500000000001 0.81875 0.1937500000000001
2 0.8296875 0.1296875000000001 0.81875 0.1296875000000001 0.81875 0.1687500000000001 0.8296875 0.1687500000000001
2 0.821875 0.19531250000000008 0.8046875 0.19531250000000008 0.8046875 0.21875000000000008 0.821875 0.21875000000000008
2 0.8453125 0.2234375000000001 0.8234375 0.2234375000000001 0.8234375 0.2593750000000001 0.8453125 0.2593750000000001
2 0.878125 0.07343750000000011 0.8640625 0.07343750000000011 0.8640625 0.1062500000000001 0.878125 0.1062500000000001
2 0.9484375 1.1500198848243113e-16 0.9296875 1.1385388210823048e-16 0.9296875 0.03125000000000011 0.9484375 0.03125000000000011
2 0.95625 0.19843750000000013 0.9375 0.19843750000000013 0.9375 0.2250000000000001 0.95625 0.2250000000000001
2 0.9484375 0.19843750000000013 0.928125 0.19843750000000013 0.928125 0.2390625000000001 0.9484375 0.2390625000000001
2 0.9390625 0.22031250000000008 0.91875 0.22031250000000008 0.91875 0.2515625000000001 0.9390625 0.2515625000000001
2 0.8140625 0.25468750000000007 0.79375 0.25468750000000007 0.79375 0.2843750000000001 0.8140625 0.2843750000000001
2 0.7984375 0.2750000000000001 0.7796875 0.2750000000000001 0.7796875 0.30937500000000007 0.7984375 0.30937500000000007
2 0.7578125 0.30156250000000007 0.7421875 0.30156250000000007 0.7421875 0.3234375000000001 0.7578125 0.3234375000000001
2 0.7640625 0.31718750000000007 0.7484375 0.31718750000000007 0.7484375 0.3421875000000001 0.7640625 0.3421875000000001
2 0.740625 0.3187500000000001 0.7203125 0.3187500000000001 0.7203125 0.34843750000000007 0.740625 0.34843750000000007
2 0.75 0.3359375000000001 0.73125 0.3359375000000001 0.73125 0.35625000000000007 0.75 0.35625000000000007
2 0.7203125 0.3437500000000001 0.7015625 0.3437500000000001 0.7015625 0.37187500000000007 0.7203125 0.37187500000000007
2 0.734375 0.3500000000000001 0.7171875 0.3500000000000001 0.7171875 0.3781250000000001 0.734375 0.3781250000000001
2 0.7484375 0.3515625000000001 0.728125 0.3515625000000001 0.728125 0.3765625000000001 0.7484375 0.3765625000000001
2 0.7171875 0.3687500000000001 0.6984375 0.3687500000000001 0.6984375 0.4 0.7171875 0.4
2 0.6890625 0.3765625000000001 0.6734375 0.3765625000000001 0.6734375 0.4015625 0.6890625 0.4015625
2 0.690625 0.3921875000000001 0.675 0.3921875000000001 0.675 0.421875 0.690625 0.421875
2 0.6765625 0.3968750000000001 0.65625 0.3968750000000001 0.65625 0.43125 0.6765625 0.43125
2 0.728125 0.5609375000000001 0.7125 0.5609375 0.7125 0.5906250000000001 0.728125 0.5906250000000002
2 0.8046875 0.7156250000000002 0.78125 0.7156250000000002 0.7812500000000001 0.7468750000000002 0.8046875 0.7468750000000002
2 0.871875 0.7406250000000002 0.85625 0.7406250000000002 0.85625 0.7671875000000001 0.871875 0.7671875000000001
2 0.8859375 0.7406250000000002 0.8703125 0.7406250000000002 0.8703125 0.7828125000000001 0.8859375 0.7828125000000001
2 0.9125 0.7671875000000001 0.8984375 0.7671875000000001 0.8984375 0.7968750000000002 0.9125 0.7968750000000002
2 0.9484375 0.8140625 0.9296875 0.8140625 0.9296875 0.8421875 0.9484375 0.8421875
2 0.9671875 0.85625 0.95 0.85625 0.95 0.8765625 0.9671875 0.8765625
2 0.9796875 0.871875 0.9609375 0.871875 0.9609375 0.89375 0.9796875 0.89375
2 0.9890625 0.896875 0.9671875 0.896875 0.9671875 0.9234375 0.9890625 0.9234375
2 0.915625 0.9421875 0.8953125 0.9421875 0.8953125 0.96875 0.915625 0.96875
2 0.8984375 0.921875 0.88125 0.921875 0.88125 0.953125 0.8984375 0.953125
2 0.8828125 0.903125 0.8640625 0.903125 0.8640625 0.9296875 0.8828125 0.9296875
2 0.8796875 0.915625 0.8609375 0.915625 0.8609375 0.946875 0.8796875 0.946875
2 0.865625 0.8859375 0.846875 0.8859375 0.846875 0.9125 0.865625 0.9125
2 0.853125 0.9015625 0.8359375 0.9015625 0.8359375 0.921875 0.853125 0.921875
2 0.846875 0.8625 0.8296875 0.8625 0.8296875 0.89375 0.846875 0.89375
2 0.8375 0.88125 0.8171875 0.88125 0.8171875 0.903125 0.8375 0.903125
2 0.8296875 0.853125 0.8078125 0.853125 0.8078125 0.8796875 0.8296875 0.8796875
2 0.8140625 0.859375 0.7968750000000002 0.859375 0.7968750000000002 0.8828125 0.8140625 0.8828125
2 0.803125 0.83125 0.7843750000000002 0.83125 0.7843750000000002 0.85625 0.803125 0.85625
2 0.809375 0.8203125 0.7890625000000002 0.8203125 0.7890625000000002 0.84375 0.809375 0.84375
2 0.7750000000000001 0.7937500000000002 0.7531250000000002 0.7937500000000002 0.7531250000000002 0.81875 0.7750000000000001 0.81875
2 0.7750000000000001 0.8140625 0.7562500000000002 0.8140625 0.7562500000000002 0.840625 0.7750000000000001 0.840625
2 0.7375000000000002 0.7968750000000001 0.7187500000000002 0.796875 0.7187500000000002 0.8171875 0.7375000000000002 0.8171875
2 0.7000000000000002 0.73125 0.6796875000000002 0.73125 0.6796875000000002 0.75 0.7000000000000002 0.75
2 0.6671875 0.7125 0.6484375 0.7125 0.6484375000000001 0.73125 0.6671875000000002 0.73125
2 0.6578125000000001 0.7234375 0.6390625 0.7234375 0.6390625000000001 0.7421875 0.6578125000000001 0.7421875
2 0.6687500000000002 0.7484375 0.6500000000000001 0.7484375 0.6500000000000001 0.7671875 0.6687500000000002 0.7671875
2 0.6312500000000001 0.7078125 0.609375 0.7078125 0.6093750000000001 0.73125 0.6312500000000002 0.73125
2 0.6203125 0.68125 0.6 0.68125 0.6 0.7109375 0.6203125 0.7109375
2 0.5890625 0.66875 0.56875 0.66875 0.56875 0.6921875 0.5890625 0.6921875
2 0.5875 0.6984375 0.5671875 0.6984375 0.5671875 0.7234375 0.5875 0.7234375
2 0.5640625000000001 0.76875 0.5437500000000002 0.76875 0.5437500000000002 0.79375 0.5640625000000001 0.79375
2 0.5890625 0.559375 0.578125 0.559375 0.578125 0.5984375 0.5890625 0.5984375
2 0.509375 0.625 0.4890625 0.625 0.4890625 0.6546875 0.509375 0.6546875
2 0.37187500000000007 0.93125 0.3546875000000001 0.93125 0.3546875000000001 0.95625 0.37187500000000007 0.95625
2 0.3781250000000001 0.95 0.36406250000000007 0.95 0.36406250000000007 0.9734375 0.3781250000000001 0.9734375
2 0.3343750000000001 0.9421875 0.3156250000000001 0.9421875 0.3156250000000001 0.965625 0.3343750000000001 0.965625
2 0.3421875000000001 0.9734375 0.3265625000000001 0.9734375 0.3265625000000001 0.9984375 0.3421875000000001 0.9984375
4 0.06250000000000011 0.865625 0.05468750000000011 0.865625 0.05468750000000011 0.884375 0.06250000000000011 0.884375
4 0.057812500000000114 0.853125 0.0484375000000001 0.853125 0.048437500000000105 0.8703125 0.057812500000000114 0.8703125
4 0.08125000000000011 0.840625 0.07500000000000011 0.840625 0.07500000000000011 0.8578125 0.08125000000000011 0.8578125
4 0.08593750000000011 0.8359375 0.07812500000000011 0.8359375 0.07812500000000011 0.85625 0.08593750000000011 0.85625
4 0.08906250000000011 0.834375 0.08281250000000011 0.834375 0.08281250000000011 0.85 0.08906250000000011 0.85
4 0.0953125000000001 0.8328125 0.0875000000000001 0.8328125 0.0875000000000001 0.846875 0.0953125000000001 0.846875
4 0.0875000000000001 0.91875 0.07656250000000012 0.91875 0.07656250000000012 0.9375 0.0875000000000001 0.9375
4 0.11562500000000009 0.875 0.10468750000000009 0.875 0.10468750000000009 0.89375 0.11562500000000009 0.89375
4 0.13437500000000008 0.828125 0.12343750000000009 0.828125 0.12343750000000009 0.8453125 0.13437500000000008 0.8453125
4 0.31718750000000007 0.6546875 0.3078125000000001 0.6546875 0.3078125000000001 0.665625 0.31718750000000007 0.665625
4 0.3125000000000001 0.621875 0.3046875000000001 0.621875 0.3046875000000001 0.6375 0.3125000000000001 0.6375
4 0.3203125000000001 0.6046875 0.3109375000000001 0.6046875 0.3109375000000001 0.61875 0.3203125000000001 0.61875
4 0.3375000000000001 0.571875 0.3281250000000001 0.571875 0.3281250000000001 0.5890625 0.3375000000000001 0.5890625
4 0.3687500000000001 0.51875 0.3593750000000001 0.51875 0.3593750000000001 0.534375 0.3687500000000001 0.534375
4 0.4046875 0.4796875 0.39531250000000007 0.4796875 0.39531250000000007 0.503125 0.4046875 0.503125
4 0.3734375000000001 0.3765625000000001 0.3656250000000001 0.3765625000000001 0.3656250000000001 0.3984375000000001 0.3734375000000001 0.3984375000000001
4 0.3359375 0.284375 0.33125 0.284375 0.33125 0.30625 0.3359375 0.30625
4 0.3484375 0.321875 0.3390625 0.321875 0.3390625 0.340625 0.3484375 0.340625
4 0.340625 0.2453125 0.33125 0.2453125 0.33125 0.2640625 0.340625 0.2640625
4 0.2765625 0.10312500000000005 0.2671875 0.10312500000000005 0.2671875 0.12187500000000004 0.2765625 0.12187500000000004
4 0.2625 0.09062500000000002 0.253125 0.09062500000000002 0.253125 0.11093750000000005 0.2625 0.11093750000000005
4 0.3390625 0.04531250000000005 0.3296875 0.04531250000000005 0.3296875 0.06562500000000004 0.3390625 0.06562500000000004
4 0.36875 0.11250000000000004 0.359375 0.11250000000000004 0.359375 0.13437500000000005 0.36875 0.13437500000000005
4 0.3734375 0.06875000000000005 0.36875 0.06875000000000005 0.36875 0.08593750000000004 0.3734375 0.08593750000000004
4 0.3921875 0.12031250000000004 0.384375 0.12031250000000004 0.384375 0.13593750000000004 0.3921875 0.13593750000000004
4 0.4 0.12343750000000005 0.390625 0.12343750000000005 0.390625 0.13437500000000005 0.4 0.13437500000000005
4 0.4015625 0.13125000000000003 0.3953125 0.13125000000000003 0.3953125 0.14062500000000006 0.4015625 0.14062500000000006
4 0.4 0.14531250000000004 0.390625 0.14531250000000004 0.390625 0.15468750000000003 0.4 0.15468750000000003
4 0.4046875 0.13281250000000006 0.3984375 0.13281250000000006 0.3984375 0.14843750000000006 0.4046875 0.14843750000000006
4 0.4140625 0.12812500000000004 0.4046875 0.12812500000000004 0.4046875 0.14062500000000006 0.4140625 0.14062500000000006
4 0.4140625 0.14843750000000006 0.4 0.14843750000000006 0.4 0.16093750000000004 0.4140625 0.16093750000000004
4 0.415625 0.15156250000000004 0.409375 0.15156250000000004 0.409375 0.16718750000000004 0.415625 0.16718750000000004
4 0.421875 0.14687500000000003 0.415625 0.14687500000000003 0.415625 0.16562500000000005 0.421875 0.16562500000000005
4 0.4265625 0.15312500000000004 0.4171875 0.15312500000000004 0.4171875 0.16562500000000005 0.4265625 0.16562500000000005
4 0.41875 0.16250000000000003 0.4109375 0.16250000000000003 0.4109375 0.17812500000000003 0.41875 0.17812500000000003
4 0.421875 0.17187500000000006 0.4140625 0.17187500000000006 0.4140625 0.18281250000000004 0.421875 0.18281250000000004
4 0.428125 0.16718750000000004 0.4203125 0.16718750000000004 0.4203125 0.17968750000000006 0.428125 0.17968750000000006
4 0.4359375 0.17187500000000006 0.4265625 0.17187500000000006 0.4265625 0.18593750000000003 0.4359375 0.18593750000000003
4 0.440625 0.18281250000000004 0.43125 0.18281250000000004 0.43125 0.19375000000000003 0.440625 0.19375000000000003
4 0.4453125 0.19218750000000004 0.4359375 0.19218750000000004 0.4359375 0.2000000000000001 0.4453125 0.2000000000000001
4 0.4421875 0.2578125000000001 0.434375 0.2578125000000001 0.434375 0.2750000000000001 0.4421875 0.2750000000000001
4 0.45 0.31718750000000007 0.440625 0.31718750000000007 0.440625 0.3343750000000001 0.45 0.3343750000000001
4 0.5109375 0.3515625000000001 0.5015625 0.3515625000000001 0.5015625 0.3703125000000001 0.5109375 0.3703125000000001
4 0.5078125 0.3296875000000001 0.496875 0.3296875000000001 0.496875 0.34062500000000007 0.5078125 0.34062500000000007
4 0.4796875 0.4 0.4671875 0.4 0.4671875 0.41875 0.4796875 0.41875
4 0.55625 0.3421875000000001 0.5453125 0.3421875000000001 0.5453125 0.3609375000000001 0.55625 0.3609375000000001
4 0.578125 0.3359375000000001 0.56875 0.3359375000000001 0.56875 0.35625000000000007 0.578125 0.35625000000000007
4 0.590625 0.30937500000000007 0.58125 0.30937500000000007 0.58125 0.3296875000000001 0.590625 0.3296875000000001
4 0.5875 0.2328125000000001 0.578125 0.2328125000000001 0.578125 0.2484375000000001 0.5875 0.2484375000000001
4 0.5984375 0.22812500000000008 0.584375 0.22812500000000008 0.584375 0.2468750000000001 0.5984375 0.2468750000000001
4 0.7359375 0.2750000000000001 0.7234375 0.2750000000000001 0.7234375 0.2890625000000001 0.7359375 0.2890625000000001
4 0.7921875 0.2218750000000001 0.78125 0.2218750000000001 0.78125 0.23593750000000008 0.7921875 0.23593750000000008
4 0.784375 0.20468750000000008 0.7765625 0.20468750000000008 0.7765625 0.21875000000000008 0.784375 0.21875000000000008
4 0.7546875 0.2156250000000001 0.7453125 0.2156250000000001 0.7453125 0.23437500000000008 0.7546875 0.23437500000000008
4 0.771875 0.20468750000000008 0.7640625 0.20468750000000008 0.7640625 0.21875000000000008 0.771875 0.21875000000000008
4 0.8421875 0.17343750000000008 0.8296875 0.17343750000000008 0.8296875 0.1921875000000001 0.8421875 0.1921875000000001
4 0.85625 0.1390625000000001 0.8453125 0.1390625000000001 0.8453125 0.15781250000000008 0.85625 0.15781250000000008
4 0.75625 0.3421875000000001 0.746875 0.3421875000000001 0.746875 0.35625000000000007 0.75625 0.35625000000000007
4 0.746875 0.3218750000000001 0.740625 0.3218750000000001 0.740625 0.3375000000000001 0.746875 0.3375000000000001
4 0.7421875 0.3734375000000001 0.734375 0.3734375000000001 0.734375 0.38750000000000007 0.7421875 0.38750000000000007
4 0.728125 0.3703125000000001 0.71875 0.3703125000000001 0.71875 0.3765625000000001 0.728125 0.3765625000000001
4 0.7328125 0.37187500000000007 0.725 0.37187500000000007 0.725 0.3843750000000001 0.7328125 0.3843750000000001
4 0.721875 0.3812500000000001 0.7140625 0.3812500000000001 0.7140625 0.3843750000000001 0.721875 0.3843750000000001
4 0.7265625 0.3828125000000001 0.7171875 0.3828125000000001 0.7171875 0.3890625000000001 0.7265625 0.3890625000000001
4 0.7203125 0.3906250000000001 0.7125 0.3906250000000001 0.7125 0.3968750000000001 0.7203125 0.3968750000000001
4 0.7171875 0.3859375000000001 0.70625 0.3859375000000001 0.70625 0.39531250000000007 0.7171875 0.39531250000000007
4 0.709375 0.4015625 0.7015625 0.4015625 0.7015625 0.4125 0.709375 0.4125
4 0.6984375 0.3937500000000001 0.6921875 0.3937500000000001 0.6921875 0.4046875 0.6984375 0.4046875
4 0.7015625 0.4015625 0.6921875 0.4015625 0.6921875 0.415625 0.7015625 0.415625
4 0.69375 0.4078125 0.684375 0.4078125 0.684375 0.41875 0.69375 0.41875
4 0.684375 0.4140625 0.6765625 0.4140625 0.6765625 0.428125 0.684375 0.428125
4 0.6859375 0.41875 0.678125 0.41875 0.678125 0.434375 0.6859375 0.434375
4 0.6859375 0.4390625 0.6796875 0.4390625 0.6796875 0.4484375 0.6859375 0.4484375
4 0.678125 0.4546875 0.66875 0.4546875 0.66875 0.4671875 0.678125 0.4671875
4 0.6859375 0.503125 0.6828125 0.503125 0.6828125 0.5171875 0.6859375 0.5171875
4 0.7578125 0.6562500000000002 0.7484375 0.6562500000000002 0.7484375 0.6671875000000002 0.7578125 0.6671875000000002
4 0.81875 0.7109375000000002 0.8125 0.7109375000000002 0.8125 0.7250000000000002 0.81875 0.7250000000000002
4 0.821875 0.7125000000000001 0.8171875 0.7125000000000001 0.8171875 0.7296875000000002 0.821875 0.7296875000000002
4 0.8265625 0.7187500000000002 0.821875 0.7187500000000002 0.821875 0.7328125000000002 0.8265625 0.7328125000000002
4 0.8390625 0.7406250000000002 0.8328125 0.7406250000000002 0.8328125 0.7515625000000001 0.8390625 0.7515625000000001
4 0.834375 0.7281250000000001 0.8296875 0.7281250000000001 0.8296875 0.7421875000000002 0.834375 0.7421875000000002
4 0.8453125 0.7343750000000002 0.840625 0.7343750000000002 0.840625 0.7484375000000002 0.8453125 0.7484375000000002
4 0.8515625 0.7421875000000002 0.8453125 0.7421875000000002 0.8453125 0.7578125000000002 0.8515625 0.7578125000000002
4 0.85625 0.7468750000000002 0.85 0.7468750000000002 0.85 0.7625000000000002 0.85625 0.7625000000000002
4 0.85 0.7687500000000002 0.8390625 0.7687500000000002 0.8390625 0.7843750000000002 0.85 0.7843750000000002
4 0.9125 0.7906250000000001 0.90625 0.7906250000000001 0.90625 0.80625 0.9125 0.80625
4 0.9234375 0.81875 0.915625 0.81875 0.915625 0.834375 0.9234375 0.834375
4 0.9765625 0.8625 0.9671875 0.8625 0.9671875 0.8734375 0.9765625 0.8734375
4 0.984375 0.853125 0.9734375 0.853125 0.9734375 0.8640625 0.984375 0.8640625
4 0.9734375 0.8890625 0.959375 0.8890625 0.959375 0.9 0.9734375 0.9
4 0.984375 0.871875 0.9796875 0.871875 0.9796875 0.8890625 0.984375 0.8890625
4 0.978125 0.925 0.9671875 0.925 0.9671875 0.940625 0.978125 0.940625
4 0.84375 0.8875 0.834375 0.8875 0.834375 0.9 0.84375 0.9
4 0.8359375 0.878125 0.8265625 0.878125 0.8265625 0.8921875 0.8359375 0.8921875
4 0.8421875 0.9109375 0.834375 0.9109375 0.834375 0.921875 0.8421875 0.921875
4 0.8375 0.9015625 0.828125 0.9015625 0.828125 0.9171875 0.8375 0.9171875
4 0.828125 0.890625 0.81875 0.890625 0.81875 0.9078125 0.828125 0.9078125
4 0.8203125 0.8890625 0.8109375 0.8890625 0.8109375 0.903125 0.8203125 0.903125
4 0.8109375 0.8765625 0.803125 0.8765625 0.803125 0.8875 0.8109375 0.8875
4 0.8125 0.890625 0.80625 0.890625 0.80625 0.903125 0.8125 0.903125
4 0.6968750000000001 0.7515625 0.6843750000000002 0.7515625 0.6843750000000002 0.7640625 0.6968750000000001 0.7640625
4 0.6859375000000002 0.7546875 0.6750000000000002 0.7546875 0.6750000000000002 0.7703125 0.6859375000000002 0.7703125
4 0.6828125000000002 0.7640625 0.6734375000000001 0.7640625 0.6734375000000001 0.7765625 0.6828125000000002 0.7765625
4 0.6703125000000002 0.7390625 0.6625000000000002 0.7390625 0.6625000000000002 0.75 0.6703125000000002 0.75
4 0.6328125000000002 0.73125 0.6234375000000002 0.73125 0.6234375000000002 0.740625 0.6328125000000002 0.740625
4 0.6390625 0.690625 0.6265625 0.690625 0.6265625 0.7046875 0.6390625 0.7046875
4 0.5828125 0.6890625 0.575 0.6890625 0.575 0.7 0.5828125 0.7
4 0.5828125 0.65625 0.5765625 0.65625 0.5765625 0.671875 0.5828125 0.671875
4 0.47968750000000016 0.7671875 0.4656250000000002 0.7671875 0.4656250000000002 0.7890625 0.47968750000000016 0.7890625
4 0.47656250000000017 0.8046875 0.4625000000000002 0.8046875 0.4625000000000002 0.8234375 0.47656250000000017 0.8234375
4 0.48125 0.615625 0.4703125 0.615625 0.4703125 0.63125 0.48125 0.63125
4 0.4609375 0.590625 0.446875 0.590625 0.446875 0.60625 0.4609375 0.60625
4 0.45 0.553125 0.4421875 0.553125 0.4421875 0.5765625 0.45 0.5765625
4 0.459375 0.565625 0.4484375 0.565625 0.4484375 0.5859375 0.459375 0.5859375
4 0.3968750000000001 0.7265625 0.3843750000000001 0.7265625 0.3843750000000001 0.7421875 0.3968750000000001 0.7421875
4 0.3671875000000001 0.740625 0.3515625000000001 0.740625 0.3515625000000001 0.7609375 0.3671875000000001 0.7609375
4 0.3671875000000001 0.79375 0.3546875000000001 0.79375 0.3546875000000001 0.8046875 0.3671875000000001 0.8046875
4 0.4203125000000002 0.8625 0.40937500000000016 0.8625 0.40937500000000016 0.878125 0.4203125000000002 0.878125
4 0.4203125000000002 0.878125 0.4078125000000002 0.878125 0.4078125000000002 0.8890625 0.4203125000000002 0.8890625
4 0.3000000000000001 0.8484375 0.29375000000000007 0.8484375 0.29375000000000007 0.8640625 0.3000000000000001 0.8640625
4 0.2640625000000001 0.9 0.25468750000000007 0.9 0.25468750000000007 0.9171875 0.2640625000000001 0.9171875
0 0.3515625000000001 0.4296875 0.3390625000000001 0.4296875 0.3390625000000001 0.459375 0.3515625000000001 0.459375
0 0.11718750000000008 0.8453125 0.0953125000000001 0.8453125 0.0953125000000001 0.8703125 0.11718750000000008 0.8703125
0 0.054687500000000125 0.975 0.029687500000000124 0.975 0.029687500000000124 1 0.05468750000000013 1
0 0.4031250000000002 0.771875 0.3843750000000001 0.771875 0.3843750000000001 0.7921875 0.4031250000000002 0.7921875
0 0.3437500000000001 0.5765625 0.3265625000000001 0.5765625 0.3265625000000001 0.5984375 0.3437500000000001 0.5984375
0 0.30156250000000007 0.603125 0.2828125000000001 0.603125 0.2828125000000001 0.6234375 0.30156250000000007 0.6234375
0 0.56875 0.66875 0.5515625 0.66875 0.5515625 0.6875 0.56875 0.6875
0 0.4328125 0.30156250000000007 0.41875 0.30156250000000007 0.41875 0.3203125000000001 0.4328125 0.3203125000000001
0 0.4296875 0.22031250000000008 0.415625 0.22031250000000008 0.415625 0.23593750000000008 0.4296875 0.23593750000000008
0 0.5796875 0.3140625000000001 0.571875 0.3140625000000001 0.571875 0.3390625000000001 0.5796875 0.3390625000000001
0 0.609375 0.27031250000000007 0.596875 0.27031250000000007 0.596875 0.2984375000000001 0.609375 0.2984375000000001
0 0.6109375 0.2484375000000001 0.596875 0.2484375000000001 0.596875 0.2718750000000001 0.6109375 0.2718750000000001
0 0.6828125 0.2984375000000001 0.665625 0.2984375000000001 0.665625 0.3140625000000001 0.6828125 0.3140625000000001
0 0.671875 0.425 0.659375 0.425 0.659375 0.4484375 0.671875 0.4484375
0 0.678125 0.428125 0.66875 0.428125 0.66875 0.45625 0.678125 0.45625
0 0.7015625 0.37187500000000007 0.690625 0.37187500000000007 0.690625 0.3906250000000001 0.7015625 0.3906250000000001
0 0.7140625 0.26250000000000007 0.703125 0.26250000000000007 0.703125 0.2875000000000001 0.7140625 0.2875000000000001
0 0.7703125 0.32500000000000007 0.75625 0.32500000000000007 0.75625 0.3437500000000001 0.7703125 0.3437500000000001
0 0.9046875 0.18750000000000008 0.8890625 0.18750000000000008 0.8890625 0.21093750000000008 0.9046875 0.21093750000000008
0 0.7453125 0.6515625000000002 0.7328125 0.6515625000000002 0.7328125 0.6734375000000001 0.7453125 0.6734375000000001
0 0.7375 0.6453125000000001 0.7234375 0.6453125 0.7234375 0.6687500000000001 0.7375 0.6687500000000002
0 0.7640625 0.6468750000000002 0.75 0.6468750000000002 0.75 0.6640625000000002 0.7640625 0.6640625000000002
0 0.8765625 0.7562500000000002 0.8671875 0.7562500000000002 0.8671875 0.7812500000000002 0.8765625 0.7812500000000002
0 0.903125 0.7656250000000002 0.8890625 0.7656250000000002 0.8890625 0.7906250000000001 0.903125 0.7906250000000001
0 0.7875000000000002 0.81875 0.7718750000000002 0.81875 0.7718750000000002 0.840625 0.7875000000000002 0.840625
3 0.353125 0.017187500000000043 0.3296875 0.01718750000000004 0.3296875 0.06406250000000005 0.353125 0.06406250000000005
3 0.8390625 0.9046875 0.8125 0.9046875 0.8125 0.934375 0.8390625 0.934375
3 0.3578125000000001 0.603125 0.3390625000000001 0.603125 0.3390625000000001 0.6375 0.3578125000000001 0.6375
1 0.3343750000000001 0.5640625 0.2843750000000001 0.5640625 0.2843750000000001 0.640625 0.3343750000000001 0.640625
1 0.575 0.5984375 0.5203125 0.5984375 0.5203125 0.6515625 0.575 0.6515625
1 0.7640625000000002 0.7312500000000001 0.7093750000000002 0.73125 0.7093750000000002 0.7906250000000001 0.7640625000000002 0.7906250000000001
1 0.7546875000000002 0.7546875000000001 0.6968750000000001 0.7546875 0.6968750000000001 0.8125 0.7546875000000002 0.8125
1 0.80625 0.7734375000000002 0.7625000000000002 0.7734375000000002 0.7625000000000002 0.821875 0.80625 0.821875
1 0.6296875 0.4609375 0.5859375 0.4609375 0.5859375 0.5296875 0.6296875 0.5296875
1 0.4765625 0.2609375000000001 0.4421875 0.2609375000000001 0.4421875 0.3203125000000001 0.4765625 0.3203125000000001