6 0.1296875000000001 0.8203125 0.08125000000000011 0.8203125 0.08125000000000011 0.859375 0.1296875000000001 0.859375
4 0.12656250000000008 0.7484375 0.10781250000000009 0.7484375 0.10781250000000009 0.771875 0.12656250000000008 0.771875
4 0.015625000000000104 0.859375 0.0015625000000001055 0.859375 0.0015625000000001066 0.8796875 0.015625000000000104 0.8796875
4 0.14843750000000014 0.9234375 0.13281250000000014 0.9234375 0.13281250000000014 0.9453125 0.14843750000000014 0.9453125
4 0.19375000000000012 0.890625 0.1781250000000001 0.890625 0.17812500000000012 0.9171875 0.19375000000000014 0.9171875
4 0.23593750000000008 0.8546875 0.2171875000000001 0.8546875 0.2171875000000001 0.8875 0.23593750000000008 0.8875
4 0.3843750000000001 0.74375 0.3687500000000001 0.74375 0.3687500000000001 0.7640625 0.3843750000000001 0.7640625
4 0.4078125000000002 0.784375 0.3890625000000001 0.784375 0.3890625000000001 0.8078125 0.4078125000000002 0.8078125
4 0.4000000000000002 0.8796875 0.3812500000000001 0.8796875 0.3812500000000001 0.909375 0.4000000000000002 0.909375
4 0.48750000000000016 0.7515625 0.4671875000000002 0.7515625 0.4671875000000002 0.775 0.48750000000000016 0.775
4 0.48125 0.5265625 0.465625 0.5265625 0.465625 0.55625 0.48125 0.55625
4 0.5 0.6171875 0.4859375 0.6171875 0.4859375 0.64375 0.5 0.64375
4 0.503125 0.659375 0.4921875 0.659375 0.4921875 0.6890625 0.503125 0.6890625
4 0.5265625 0.571875 0.5171875 0.571875 0.5171875 0.6015625 0.5265625 0.6015625
4 0.5421875 0.6046875 0.5328125 0.6046875 0.5328125 0.628125 0.5421875 0.628125
4 0.5156250000000002 0.8875 0.5000000000000002 0.8875 0.5000000000000002 0.9125 0.5156250000000002 0.9125
4 0.5625000000000002 0.8078125 0.5406250000000001 0.8078125 0.5406250000000001 0.8328125 0.5625000000000002 0.8328125
4 0.10937500000000014 0.915625 0.08906250000000011 0.915625 0.08906250000000011 0.9421875 0.10937500000000014 0.9421875
2 0.08437500000000012 0.846875 0.057812500000000114 0.846875 0.057812500000000114 0.88125 0.08437500000000012 0.88125
2 0.09218750000000012 0.896875 0.06875000000000012 0.896875 0.06875000000000012 0.9234375 0.09218750000000012 0.9234375
2 0.3812500000000001 0.7703125 0.35625000000000007 0.7703125 0.35625000000000007 0.8015625 0.3812500000000001 0.8015625
2 0.5359375 0.3312500000000001 0.5171875 0.3312500000000001 0.5171875 0.3812500000000001 0.5359375 0.3812500000000001
2 0.44843750000000016 0.7765625 0.41718750000000016 0.7765625 0.41718750000000016 0.8109375 0.44843750000000016 0.8109375
2 0.48750000000000016 0.825 0.4593750000000002 0.825 0.4593750000000002 0.8640625 0.48750000000000016 0.8640625
2 0.5234375000000002 0.8234375 0.5046875000000002 0.8234375 0.5046875000000002 0.871875 0.5234375000000002 0.871875
2 0.7296875000000002 0.7921875 0.6984375000000002 0.7921875 0.6984375000000002 0.8234375 0.7296875000000002 0.8234375
2 0.9546875 0.8640625 0.921875 0.8640625 0.921875 0.8984375 0.9546875 0.8984375
4 0.9140625 0.7640625000000002 0.89375 0.7640625000000002 0.89375 0.7953125000000002 0.9140625 0.7953125000000002
4 0.6343750000000001 0.896875 0.6171875000000002 0.896875 0.6171875000000002 0.9171875 0.6343750000000001 0.9171875
4 0.86875 0.89375 0.85 0.89375 0.85 0.9140625 0.86875 0.9140625
3 0.8421875 0.6890625000000001 0.8078125 0.6890625000000001 0.8078125 0.7203125000000001 0.8421875 0.7203125000000001
2 0.7609375 0.6671875000000002 0.740625 0.6671875000000002 0.740625 0.6859375000000002 0.7609375 0.6859375000000002
4 0.6546875000000002 0.7734375 0.6328125000000002 0.7734375 0.6328125000000002 0.8015625 0.6546875000000002 0.8015625
4 0.6031250000000001 0.7265625 0.5859375000000002 0.7265625 0.5859375000000002 0.753125 0.6031250000000001 0.753125
4 1 0.7718750000000002 0.98125 0.7718750000000002 0.98125 0.7968750000000002 1 0.7968750000000002